   0.0000000e+00   4.6900000e-04
   3.3444816e-03   7.2142702e-03
   6.6889632e-03   1.0153345e-02
   1.0033445e-02   1.2375109e-02
   1.3377926e-02   1.4220181e-02
   1.6722408e-02   1.5821197e-02
   2.0066890e-02   1.7246526e-02
   2.3411371e-02   1.8536987e-02
   2.6755853e-02   1.9719308e-02
   3.0100334e-02   2.0812150e-02
   3.3444816e-02   2.1829165e-02
   3.6789298e-02   2.2780713e-02
   4.0133779e-02   2.3674884e-02
   4.3478261e-02   2.4518143e-02
   4.6822742e-02   2.5315760e-02
   5.0167224e-02   2.6072099e-02
   5.3511706e-02   2.6790829e-02
   5.6856187e-02   2.7475068e-02
   6.0200669e-02   2.8127496e-02
   6.3545151e-02   2.8750437e-02
   6.6889632e-02   2.9345925e-02
   7.0234114e-02   2.9915752e-02
   7.3578595e-02   3.0461507e-02
   7.6923077e-02   3.0984608e-02
   8.0267559e-02   3.1486329e-02
   8.3612040e-02   3.1967819e-02
   8.6956522e-02   3.2430116e-02
   9.0301003e-02   3.2874169e-02
   9.3645485e-02   3.3300841e-02
   9.6989967e-02   3.3710926e-02
   1.0033445e-01   3.4105152e-02
   1.0367893e-01   3.4484194e-02
   1.0702341e-01   3.4848673e-02
   1.1036789e-01   3.5199168e-02
   1.1371237e-01   3.5536216e-02
   1.1705686e-01   3.5860320e-02
   1.2040134e-01   3.6171949e-02
   1.2374582e-01   3.6471542e-02
   1.2709030e-01   3.6759511e-02
   1.3043478e-01   3.7036245e-02
   1.3377926e-01   3.7302108e-02
   1.3712375e-01   3.7557448e-02
   1.4046823e-01   3.7802589e-02
   1.4381271e-01   3.8037840e-02
   1.4715719e-01   3.8263496e-02
   1.5050167e-01   3.8479834e-02
   1.5384615e-01   3.8687119e-02
   1.5719064e-01   3.8885603e-02
   1.6053512e-01   3.9075527e-02
   1.6387960e-01   3.9257120e-02
   1.6722408e-01   3.9430602e-02
   1.7056856e-01   3.9596182e-02
   1.7391304e-01   3.9754061e-02
   1.7725753e-01   3.9904433e-02
   1.8060201e-01   4.0047481e-02
   1.8394649e-01   4.0183385e-02
   1.8729097e-01   4.0312313e-02
   1.9063545e-01   4.0434432e-02
   1.9397993e-01   4.0549898e-02
   1.9732441e-01   4.0658865e-02
   2.0066890e-01   4.0761480e-02
   2.0401338e-01   4.0857884e-02
   2.0735786e-01   4.0948215e-02
   2.1070234e-01   4.1032606e-02
   2.1404682e-01   4.1111184e-02
   2.1739130e-01   4.1184074e-02
   2.2073579e-01   4.1251396e-02
   2.2408027e-01   4.1313267e-02
   2.2742475e-01   4.1369799e-02
   2.3076923e-01   4.1421102e-02
   2.3411371e-01   4.1467282e-02
   2.3745819e-01   4.1508443e-02
   2.4080268e-01   4.1544685e-02
   2.4414716e-01   4.1576106e-02
   2.4749164e-01   4.1602800e-02
   2.5083612e-01   4.1624860e-02
   2.5418060e-01   4.1642376e-02
   2.5752508e-01   4.1655435e-02
   2.6086957e-01   4.1664122e-02
   2.6421405e-01   4.1668521e-02
   2.6755853e-01   4.1668712e-02
   2.7090301e-01   4.1664775e-02
   2.7424749e-01   4.1656787e-02
   2.7759197e-01   4.1644823e-02
   2.8093645e-01   4.1628956e-02
   2.8428094e-01   4.1609258e-02
   2.8762542e-01   4.1585800e-02
   2.9096990e-01   4.1558650e-02
   2.9431438e-01   4.1527874e-02
   2.9765886e-01   4.1493539e-02
   3.0100334e-01   4.1455708e-02
   3.0434783e-01   4.1414444e-02
   3.0769231e-01   4.1369808e-02
   3.1103679e-01   4.1321861e-02
   3.1438127e-01   4.1270661e-02
   3.1772575e-01   4.1216265e-02
   3.2107023e-01   4.1158731e-02
   3.2441472e-01   4.1098113e-02
   3.2775920e-01   4.1034465e-02
   3.3110368e-01   4.0967840e-02
   3.3444816e-01   4.0898291e-02
   3.3779264e-01   4.0825868e-02
   3.4113712e-01   4.0750621e-02
   3.4448161e-01   4.0672599e-02
   3.4782609e-01   4.0591850e-02
   3.5117057e-01   4.0508422e-02
   3.5451505e-01   4.0422360e-02
   3.5785953e-01   4.0333711e-02
   3.6120401e-01   4.0242517e-02
   3.6454849e-01   4.0148824e-02
   3.6789298e-01   4.0052674e-02
   3.7123746e-01   3.9954108e-02
   3.7458194e-01   3.9853170e-02
   3.7792642e-01   3.9749898e-02
   3.8127090e-01   3.9644333e-02
   3.8461538e-01   3.9536513e-02
   3.8795987e-01   3.9426479e-02
   3.9130435e-01   3.9314266e-02
   3.9464883e-01   3.9199912e-02
   3.9799331e-01   3.9083454e-02
   4.0133779e-01   3.8964927e-02
   4.0468227e-01   3.8844366e-02
   4.0802676e-01   3.8721806e-02
   4.1137124e-01   3.8597280e-02
   4.1471572e-01   3.8470823e-02
   4.1806020e-01   3.8342466e-02
   4.2140468e-01   3.8212242e-02
   4.2474916e-01   3.8080182e-02
   4.2809365e-01   3.7946317e-02
   4.3143813e-01   3.7810678e-02
   4.3478261e-01   3.7673294e-02
   4.3812709e-01   3.7534196e-02
   4.4147157e-01   3.7393410e-02
   4.4481605e-01   3.7250967e-02
   4.4816054e-01   3.7106894e-02
   4.5150502e-01   3.6961218e-02
   4.5484950e-01   3.6813966e-02
   4.5819398e-01   3.6665164e-02
   4.6153846e-01   3.6514838e-02
   4.6488294e-01   3.6363014e-02
   4.6822742e-01   3.6209716e-02
   4.7157191e-01   3.6054969e-02
   4.7491639e-01   3.5898797e-02
   4.7826087e-01   3.5741223e-02
   4.8160535e-01   3.5582271e-02
   4.8494983e-01   3.5421963e-02
   4.8829431e-01   3.5260321e-02
   4.9163880e-01   3.5097368e-02
   4.9498328e-01   3.4933125e-02
   4.9832776e-01   3.4767612e-02
   5.0167224e-01   3.4600850e-02
   5.0501672e-01   3.4432860e-02
   5.0836120e-01   3.4263661e-02
   5.1170569e-01   3.4093272e-02
   5.1505017e-01   3.3921713e-02
   5.1839465e-01   3.3749001e-02
   5.2173913e-01   3.3575156e-02
   5.2508361e-01   3.3400195e-02
   5.2842809e-01   3.3224135e-02
   5.3177258e-01   3.3046994e-02
   5.3511706e-01   3.2868787e-02
   5.3846154e-01   3.2689532e-02
   5.4180602e-01   3.2509243e-02
   5.4515050e-01   3.2327938e-02
   5.4849498e-01   3.2145630e-02
   5.5183946e-01   3.1962335e-02
   5.5518395e-01   3.1778067e-02
   5.5852843e-01   3.1592840e-02
   5.6187291e-01   3.1406669e-02
   5.6521739e-01   3.1219565e-02
   5.6856187e-01   3.1031543e-02
   5.7190635e-01   3.0842615e-02
   5.7525084e-01   3.0652793e-02
   5.7859532e-01   3.0462090e-02
   5.8193980e-01   3.0270516e-02
   5.8528428e-01   3.0078084e-02
   5.8862876e-01   2.9884804e-02
   5.9197324e-01   2.9690687e-02
   5.9531773e-01   2.9495744e-02
   5.9866221e-01   2.9299983e-02
   6.0200669e-01   2.9103416e-02
   6.0535117e-01   2.8906050e-02
   6.0869565e-01   2.8707896e-02
   6.1204013e-01   2.8508961e-02
   6.1538462e-01   2.8309255e-02
   6.1872910e-01   2.8108785e-02
   6.2207358e-01   2.7907559e-02
   6.2541806e-01   2.7705584e-02
   6.2876254e-01   2.7502867e-02
   6.3210702e-01   2.7299415e-02
   6.3545151e-01   2.7095234e-02
   6.3879599e-01   2.6890331e-02
   6.4214047e-01   2.6684711e-02
   6.4548495e-01   2.6478380e-02
   6.4882943e-01   2.6271343e-02
   6.5217391e-01   2.6063604e-02
   6.5551839e-01   2.5855169e-02
   6.5886288e-01   2.5646040e-02
   6.6220736e-01   2.5436224e-02
   6.6555184e-01   2.5225722e-02
   6.6889632e-01   2.5014538e-02
   6.7224080e-01   2.4802676e-02
   6.7558528e-01   2.4590137e-02
   6.7892977e-01   2.4376924e-02
   6.8227425e-01   2.4163040e-02
   6.8561873e-01   2.3948486e-02
   6.8896321e-01   2.3733263e-02
   6.9230769e-01   2.3517372e-02
   6.9565217e-01   2.3300815e-02
   6.9899666e-01   2.3083592e-02
   7.0234114e-01   2.2865703e-02
   7.0568562e-01   2.2647148e-02
   7.0903010e-01   2.2427927e-02
   7.1237458e-01   2.2208039e-02
   7.1571906e-01   2.1987483e-02
   7.1906355e-01   2.1766257e-02
   7.2240803e-01   2.1544361e-02
   7.2575251e-01   2.1321792e-02
   7.2909699e-01   2.1098548e-02
   7.3244147e-01   2.0874627e-02
   7.3578595e-01   2.0650026e-02
   7.3913043e-01   2.0424742e-02
   7.4247492e-01   2.0198771e-02
   7.4581940e-01   1.9972109e-02
   7.4916388e-01   1.9744754e-02
   7.5250836e-01   1.9516700e-02
   7.5585284e-01   1.9287943e-02
   7.5919732e-01   1.9058478e-02
   7.6254181e-01   1.8828300e-02
   7.6588629e-01   1.8597403e-02
   7.6923077e-01   1.8365782e-02
   7.7257525e-01   1.8133431e-02
   7.7591973e-01   1.7900343e-02
   7.7926421e-01   1.7666512e-02
   7.8260870e-01   1.7431931e-02
   7.8595318e-01   1.7196591e-02
   7.8929766e-01   1.6960487e-02
   7.9264214e-01   1.6723610e-02
   7.9598662e-01   1.6485952e-02
   7.9933110e-01   1.6247505e-02
   8.0267559e-01   1.6008259e-02
   8.0602007e-01   1.5768207e-02
   8.0936455e-01   1.5527337e-02
   8.1270903e-01   1.5285642e-02
   8.1605351e-01   1.5043111e-02
   8.1939799e-01   1.4799733e-02
   8.2274247e-01   1.4555499e-02
   8.2608696e-01   1.4310397e-02
   8.2943144e-01   1.4064416e-02
   8.3277592e-01   1.3817546e-02
   8.3612040e-01   1.3569774e-02
   8.3946488e-01   1.3321088e-02
   8.4280936e-01   1.3071476e-02
   8.4615385e-01   1.2820925e-02
   8.4949833e-01   1.2569424e-02
   8.5284281e-01   1.2316957e-02
   8.5618729e-01   1.2063513e-02
   8.5953177e-01   1.1809076e-02
   8.6287625e-01   1.1553634e-02
   8.6622074e-01   1.1297171e-02
   8.6956522e-01   1.1039674e-02
   8.7290970e-01   1.0781126e-02
   8.7625418e-01   1.0521513e-02
   8.7959866e-01   1.0260820e-02
   8.8294314e-01   9.9990295e-03
   8.8628763e-01   9.7361265e-03
   8.8963211e-01   9.4720943e-03
   8.9297659e-01   9.2069160e-03
   8.9632107e-01   8.9405747e-03
   8.9966555e-01   8.6730529e-03
   9.0301003e-01   8.4043330e-03
   9.0635452e-01   8.1343970e-03
   9.0969900e-01   7.8632267e-03
   9.1304348e-01   7.5908034e-03
   9.1638796e-01   7.3171084e-03
   9.1973244e-01   7.0421224e-03
   9.2307692e-01   6.7658259e-03
   9.2642140e-01   6.4881993e-03
   9.2976589e-01   6.2092224e-03
   9.3311037e-01   5.9288748e-03
   9.3645485e-01   5.6471358e-03
   9.3979933e-01   5.3639845e-03
   9.4314381e-01   5.0793996e-03
   9.4648829e-01   4.7933595e-03
   9.4983278e-01   4.5058422e-03
   9.5317726e-01   4.2168256e-03
   9.5652174e-01   3.9262871e-03
   9.5986622e-01   3.6342040e-03
   9.6321070e-01   3.3405531e-03
   9.6655518e-01   3.0453110e-03
   9.6989967e-01   2.7484539e-03
   9.7324415e-01   2.4499579e-03
   9.7658863e-01   2.1497985e-03
   9.7993311e-01   1.8479511e-03
   9.8327759e-01   1.5443909e-03
   9.8662207e-01   1.2390923e-03
   9.8996656e-01   9.3203005e-04
   9.9331104e-01   6.2317807e-04
   9.9665552e-01   3.1251023e-04
   1.0000000e+00   0.0000000e+00
   1.0000000e+00   0.0000000e+00
   9.9665552e-01   5.1948354e-07
   9.9331104e-01  -5.1272377e-07
   9.8996656e-01  -3.0338169e-06
   9.8662207e-01  -6.9820720e-06
   9.8327759e-01  -1.2296841e-05
   9.7993311e-01  -1.8918547e-05
   9.7658863e-01  -2.6788680e-05
   9.7324415e-01  -3.5849790e-05
   9.6989967e-01  -4.6045485e-05
   9.6655518e-01  -5.7320423e-05
   9.6321070e-01  -6.9620309e-05
   9.5986622e-01  -8.2891889e-05
   9.5652174e-01  -9.7082946e-05
   9.5317726e-01  -1.1214229e-04
   9.4983278e-01  -1.2801977e-04
   9.4648829e-01  -1.4466624e-04
   9.4314381e-01  -1.6203358e-04
   9.3979933e-01  -1.8007467e-04
   9.3645485e-01  -1.9874342e-04
   9.3311037e-01  -2.1799470e-04
   9.2976589e-01  -2.3778442e-04
   9.2642140e-01  -2.5806945e-04
   9.2307692e-01  -2.7880766e-04
   9.1973244e-01  -2.9995788e-04
   9.1638796e-01  -3.2147993e-04
   9.1304348e-01  -3.4333461e-04
   9.0969900e-01  -3.6548366e-04
   9.0635452e-01  -3.8788979e-04
   9.0301003e-01  -4.1051665e-04
   8.9966555e-01  -4.3332887e-04
   8.9632107e-01  -4.5629198e-04
   8.9297659e-01  -4.7937247e-04
   8.8963211e-01  -5.0253776e-04
   8.8628763e-01  -5.2575619e-04
   8.8294314e-01  -5.4899702e-04
   8.7959866e-01  -5.7223044e-04
   8.7625418e-01  -5.9542752e-04
   8.7290970e-01  -6.1856025e-04
   8.6956522e-01  -6.4160152e-04
   8.6622074e-01  -6.6452511e-04
   8.6287625e-01  -6.8730568e-04
   8.5953177e-01  -7.0991877e-04
   8.5618729e-01  -7.3234081e-04
   8.5284281e-01  -7.5454907e-04
   8.4949833e-01  -7.7652171e-04
   8.4615385e-01  -7.9823774e-04
   8.4280936e-01  -8.1967701e-04
   8.3946488e-01  -8.4082024e-04
   8.3612040e-01  -8.6164895e-04
   8.3277592e-01  -8.8214553e-04
   8.2943144e-01  -9.0229318e-04
   8.2608696e-01  -9.2207593e-04
   8.2274247e-01  -9.4147862e-04
   8.1939799e-01  -9.6048690e-04
   8.1605351e-01  -9.7908722e-04
   8.1270903e-01  -9.9726683e-04
   8.0936455e-01  -1.0150138e-03
   8.0602007e-01  -1.0323169e-03
   8.0267559e-01  -1.0491657e-03
   7.9933110e-01  -1.0655508e-03
   7.9598662e-01  -1.0814630e-03
   7.9264214e-01  -1.0968945e-03
   7.8929766e-01  -1.1118378e-03
   7.8595318e-01  -1.1262863e-03
   7.8260870e-01  -1.1402343e-03
   7.7926421e-01  -1.1536764e-03
   7.7591973e-01  -1.1666084e-03
   7.7257525e-01  -1.1790266e-03
   7.6923077e-01  -1.1909280e-03
   7.6588629e-01  -1.2023104e-03
   7.6254181e-01  -1.2131721e-03
   7.5919732e-01  -1.2235124e-03
   7.5585284e-01  -1.2333310e-03
   7.5250836e-01  -1.2426285e-03
   7.4916388e-01  -1.2514060e-03
   7.4581940e-01  -1.2596653e-03
   7.4247492e-01  -1.2674091e-03
   7.3913043e-01  -1.2746404e-03
   7.3578595e-01  -1.2813629e-03
   7.3244147e-01  -1.2875813e-03
   7.2909699e-01  -1.2933005e-03
   7.2575251e-01  -1.2985262e-03
   7.2240803e-01  -1.3032647e-03
   7.1906355e-01  -1.3075230e-03
   7.1571906e-01  -1.3113085e-03
   7.1237458e-01  -1.3146294e-03
   7.0903010e-01  -1.3174944e-03
   7.0568562e-01  -1.3199127e-03
   7.0234114e-01  -1.3218942e-03
   6.9899666e-01  -1.3234493e-03
   6.9565217e-01  -1.3245891e-03
   6.9230769e-01  -1.3253249e-03
   6.8896321e-01  -1.3256689e-03
   6.8561873e-01  -1.3256336e-03
   6.8227425e-01  -1.3252322e-03
   6.7892977e-01  -1.3244783e-03
   6.7558528e-01  -1.3233861e-03
   6.7224080e-01  -1.3219702e-03
   6.6889632e-01  -1.3202458e-03
   6.6555184e-01  -1.3182283e-03
   6.6220736e-01  -1.3159341e-03
   6.5886288e-01  -1.3133796e-03
   6.5551839e-01  -1.3105819e-03
   6.5217391e-01  -1.3075584e-03
   6.4882943e-01  -1.3043270e-03
   6.4548495e-01  -1.3009062e-03
   6.4214047e-01  -1.2973147e-03
   6.3879599e-01  -1.2935717e-03
   6.3545151e-01  -1.2896967e-03
   6.3210702e-01  -1.2857099e-03
   6.2876254e-01  -1.2816315e-03
   6.2541806e-01  -1.2774825e-03
   6.2207358e-01  -1.2732838e-03
   6.1872910e-01  -1.2690571e-03
   6.1538462e-01  -1.2648241e-03
   6.1204013e-01  -1.2606071e-03
   6.0869565e-01  -1.2564286e-03
   6.0535117e-01  -1.2523115e-03
   6.0200669e-01  -1.2482789e-03
   5.9866221e-01  -1.2443544e-03
   5.9531773e-01  -1.2405616e-03
   5.9197324e-01  -1.2369247e-03
   5.8862876e-01  -1.2334680e-03
   5.8528428e-01  -1.2302160e-03
   5.8193980e-01  -1.2271937e-03
   5.7859532e-01  -1.2244261e-03
   5.7525084e-01  -1.2219385e-03
   5.7190635e-01  -1.2197565e-03
   5.6856187e-01  -1.2179059e-03
   5.6521739e-01  -1.2164125e-03
   5.6187291e-01  -1.2153026e-03
   5.5852843e-01  -1.2146025e-03
   5.5518395e-01  -1.2143386e-03
   5.5183946e-01  -1.2145377e-03
   5.4849498e-01  -1.2152265e-03
   5.4515050e-01  -1.2164318e-03
   5.4180602e-01  -1.2181809e-03
   5.3846154e-01  -1.2205008e-03
   5.3511706e-01  -1.2234187e-03
   5.3177258e-01  -1.2269621e-03
   5.2842809e-01  -1.2311582e-03
   5.2508361e-01  -1.2360347e-03
   5.2173913e-01  -1.2416189e-03
   5.1839465e-01  -1.2479384e-03
   5.1505017e-01  -1.2550209e-03
   5.1170569e-01  -1.2628937e-03
   5.0836120e-01  -1.2715846e-03
   5.0501672e-01  -1.2811211e-03
   5.0167224e-01  -1.2915306e-03
   4.9832776e-01  -1.3028407e-03
   4.9498328e-01  -1.3150786e-03
   4.9163880e-01  -1.3282719e-03
   4.8829431e-01  -1.3424476e-03
   4.8494983e-01  -1.3576329e-03
   4.8160535e-01  -1.3738548e-03
   4.7826087e-01  -1.3911402e-03
   4.7491639e-01  -1.4095158e-03
   4.7157191e-01  -1.4290082e-03
   4.6822742e-01  -1.4496436e-03
   4.6488294e-01  -1.4714483e-03
   4.6153846e-01  -1.4944482e-03
   4.5819398e-01  -1.5186690e-03
   4.5484950e-01  -1.5441363e-03
   4.5150502e-01  -1.5708751e-03
   4.4816054e-01  -1.5989104e-03
   4.4481605e-01  -1.6282667e-03
   4.4147157e-01  -1.6589685e-03
   4.3812709e-01  -1.6910396e-03
   4.3478261e-01  -1.7245035e-03
   4.3143813e-01  -1.7593836e-03
   4.2809365e-01  -1.7957026e-03
   4.2474916e-01  -1.8334828e-03
   4.2140468e-01  -1.8727463e-03
   4.1806020e-01  -1.9135145e-03
   4.1471572e-01  -1.9558085e-03
   4.1137124e-01  -1.9996486e-03
   4.0802676e-01  -2.0450549e-03
   4.0468227e-01  -2.0920469e-03
   4.0133779e-01  -2.1406433e-03
   3.9799331e-01  -2.1908624e-03
   3.9464883e-01  -2.2427219e-03
   3.9130435e-01  -2.2962387e-03
   3.8795987e-01  -2.3514292e-03
   3.8461538e-01  -2.4083090e-03
   3.8127090e-01  -2.4668931e-03
   3.7792642e-01  -2.5271955e-03
   3.7458194e-01  -2.5892296e-03
   3.7123746e-01  -2.6530081e-03
   3.6789298e-01  -2.7185427e-03
   3.6454849e-01  -2.7858442e-03
   3.6120401e-01  -2.8549227e-03
   3.5785953e-01  -2.9257872e-03
   3.5451505e-01  -2.9984458e-03
   3.5117057e-01  -3.0729056e-03
   3.4782609e-01  -3.1491728e-03
   3.4448161e-01  -3.2272523e-03
   3.4113712e-01  -3.3071480e-03
   3.3779264e-01  -3.3888629e-03
   3.3444816e-01  -3.4723985e-03
   3.3110368e-01  -3.5577552e-03
   3.2775920e-01  -3.6449322e-03
   3.2441472e-01  -3.7339275e-03
   3.2107023e-01  -3.8247374e-03
   3.1772575e-01  -3.9173574e-03
   3.1438127e-01  -4.0117810e-03
   3.1103679e-01  -4.1080006e-03
   3.0769231e-01  -4.2060069e-03
   3.0434783e-01  -4.3057891e-03
   3.0100334e-01  -4.4073349e-03
   2.9765886e-01  -4.5106301e-03
   2.9431438e-01  -4.6156589e-03
   2.9096990e-01  -4.7224037e-03
   2.8762542e-01  -4.8308450e-03
   2.8428094e-01  -4.9409615e-03
   2.8093645e-01  -5.0527298e-03
   2.7759197e-01  -5.1661246e-03
   2.7424749e-01  -5.2811185e-03
   2.7090301e-01  -5.3976816e-03
   2.6755853e-01  -5.5157822e-03
   2.6421405e-01  -5.6353860e-03
   2.6086957e-01  -5.7564563e-03
   2.5752508e-01  -5.8789540e-03
   2.5418060e-01  -6.0028374e-03
   2.5083612e-01  -6.1280619e-03
   2.4749164e-01  -6.2545805e-03
   2.4414716e-01  -6.3823430e-03
   2.4080268e-01  -6.5112964e-03
   2.3745819e-01  -6.6413845e-03
   2.3411371e-01  -6.7725479e-03
   2.3076923e-01  -6.9047240e-03
   2.2742475e-01  -7.0378466e-03
   2.2408027e-01  -7.1718460e-03
   2.2073579e-01  -7.3066485e-03
   2.1739130e-01  -7.4421769e-03
   2.1404682e-01  -7.5783496e-03
   2.1070234e-01  -7.7150810e-03
   2.0735786e-01  -7.8522811e-03
   2.0401338e-01  -7.9898552e-03
   2.0066890e-01  -8.1277037e-03
   1.9732441e-01  -8.2657224e-03
   1.9397993e-01  -8.4038016e-03
   1.9063545e-01  -8.5418260e-03
   1.8729097e-01  -8.6796749e-03
   1.8394649e-01  -8.8172215e-03
   1.8060201e-01  -8.9543326e-03
   1.7725753e-01  -9.0908686e-03
   1.7391304e-01  -9.2266826e-03
   1.7056856e-01  -9.3616210e-03
   1.6722408e-01  -9.4955219e-03
   1.6387960e-01  -9.6282157e-03
   1.6053512e-01  -9.7595242e-03
   1.5719064e-01  -9.8892600e-03
   1.5384615e-01  -1.0017226e-02
   1.5050167e-01  -1.0143216e-02
   1.4715719e-01  -1.0267012e-02
   1.4381271e-01  -1.0388384e-02
   1.4046823e-01  -1.0507091e-02
   1.3712375e-01  -1.0622879e-02
   1.3377926e-01  -1.0735480e-02
   1.3043478e-01  -1.0844610e-02
   1.2709030e-01  -1.0949970e-02
   1.2374582e-01  -1.1051245e-02
   1.2040134e-01  -1.1148098e-02
   1.1705686e-01  -1.1240176e-02
   1.1371237e-01  -1.1327102e-02
   1.1036789e-01  -1.1408476e-02
   1.0702341e-01  -1.1483872e-02
   1.0367893e-01  -1.1552837e-02
   1.0033445e-01  -1.1614886e-02
   9.6989967e-02  -1.1669501e-02
   9.3645485e-02  -1.1716128e-02
   9.0301003e-02  -1.1754168e-02
   8.6956522e-02  -1.1782979e-02
   8.3612040e-02  -1.1801867e-02
   8.0267559e-02  -1.1810079e-02
   7.6923077e-02  -1.1806798e-02
   7.3578595e-02  -1.1791132e-02
   7.0234114e-02  -1.1762105e-02
   6.6889632e-02  -1.1718640e-02
   6.3545151e-02  -1.1659550e-02
   6.0200669e-02  -1.1583514e-02
   5.6856187e-02  -1.1489054e-02
   5.3511706e-02  -1.1374506e-02
   5.0167224e-02  -1.1237980e-02
   4.6822742e-02  -1.1077313e-02
   4.3478261e-02  -1.0889999e-02
   4.0133779e-02  -1.0673108e-02
   3.6789298e-02  -1.0423161e-02
   3.3444816e-02  -1.0135962e-02
   3.0100334e-02  -9.8063504e-03
   2.6755853e-02  -9.4278361e-03
   2.3411371e-02  -8.9920133e-03
   2.0066890e-02  -8.4875974e-03
   1.6722408e-02  -7.8987074e-03
   1.3377926e-02  -7.2015151e-03
   1.0033445e-02  -6.3568015e-03
   6.6889632e-03  -5.2897942e-03
   3.3444816e-03  -3.8118118e-03
   0.0000000e+00   4.6900000e-04
