   0.0000000e+00  -1.7800000e-04
   3.3444816e-03   8.1951220e-03
   6.6889632e-03   1.1605529e-02
   1.0033445e-02   1.4231203e-02
   1.3377926e-02   1.6450523e-02
   1.6722408e-02   1.8409509e-02
   2.0066890e-02   2.0182743e-02
   2.3411371e-02   2.1814329e-02
   2.6755853e-02   2.3332862e-02
   3.0100334e-02   2.4758102e-02
   3.3444816e-02   2.6104358e-02
   3.6789298e-02   2.7382372e-02
   4.0133779e-02   2.8600439e-02
   4.3478261e-02   2.9765120e-02
   4.6822742e-02   3.0881703e-02
   5.0167224e-02   3.1954520e-02
   5.3511706e-02   3.2987171e-02
   5.6856187e-02   3.3982688e-02
   6.0200669e-02   3.4943644e-02
   6.3545151e-02   3.5872253e-02
   6.6889632e-02   3.6770430e-02
   7.0234114e-02   3.7639847e-02
   7.3578595e-02   3.8481974e-02
   7.6923077e-02   3.9298110e-02
   8.0267559e-02   4.0089415e-02
   8.3612040e-02   4.0856925e-02
   8.6956522e-02   4.1601572e-02
   9.0301003e-02   4.2324200e-02
   9.3645485e-02   4.3025576e-02
   9.6989967e-02   4.3706399e-02
   1.0033445e-01   4.4367311e-02
   1.0367893e-01   4.5008902e-02
   1.0702341e-01   4.5631718e-02
   1.1036789e-01   4.6236262e-02
   1.1371237e-01   4.6823007e-02
   1.1705686e-01   4.7392391e-02
   1.2040134e-01   4.7944825e-02
   1.2374582e-01   4.8480696e-02
   1.2709030e-01   4.9000367e-02
   1.3043478e-01   4.9504184e-02
   1.3377926e-01   4.9992472e-02
   1.3712375e-01   5.0465541e-02
   1.4046823e-01   5.0923687e-02
   1.4381271e-01   5.1367192e-02
   1.4715719e-01   5.1796326e-02
   1.5050167e-01   5.2211348e-02
   1.5384615e-01   5.2612508e-02
   1.5719064e-01   5.3000046e-02
   1.6053512e-01   5.3374194e-02
   1.6387960e-01   5.3735176e-02
   1.6722408e-01   5.4083210e-02
   1.7056856e-01   5.4418507e-02
   1.7391304e-01   5.4741273e-02
   1.7725753e-01   5.5051707e-02
   1.8060201e-01   5.5350006e-02
   1.8394649e-01   5.5636358e-02
   1.8729097e-01   5.5910952e-02
   1.9063545e-01   5.6173969e-02
   1.9397993e-01   5.6425588e-02
   1.9732441e-01   5.6665985e-02
   2.0066890e-01   5.6895333e-02
   2.0401338e-01   5.7113800e-02
   2.0735786e-01   5.7321556e-02
   2.1070234e-01   5.7518762e-02
   2.1404682e-01   5.7705583e-02
   2.1739130e-01   5.7882177e-02
   2.2073579e-01   5.8048704e-02
   2.2408027e-01   5.8205318e-02
   2.2742475e-01   5.8352174e-02
   2.3076923e-01   5.8489425e-02
   2.3411371e-01   5.8617222e-02
   2.3745819e-01   5.8735713e-02
   2.4080268e-01   5.8845047e-02
   2.4414716e-01   5.8945370e-02
   2.4749164e-01   5.9036828e-02
   2.5083612e-01   5.9119565e-02
   2.5418060e-01   5.9193722e-02
   2.5752508e-01   5.9259443e-02
   2.6086957e-01   5.9316867e-02
   2.6421405e-01   5.9366134e-02
   2.6755853e-01   5.9407382e-02
   2.7090301e-01   5.9440748e-02
   2.7424749e-01   5.9466369e-02
   2.7759197e-01   5.9484381e-02
   2.8093645e-01   5.9494917e-02
   2.8428094e-01   5.9498112e-02
   2.8762542e-01   5.9494098e-02
   2.9096990e-01   5.9483006e-02
   2.9431438e-01   5.9464968e-02
   2.9765886e-01   5.9440114e-02
   3.0100334e-01   5.9408573e-02
   3.0434783e-01   5.9370472e-02
   3.0769231e-01   5.9325941e-02
   3.1103679e-01   5.9275104e-02
   3.1438127e-01   5.9218089e-02
   3.1772575e-01   5.9155019e-02
   3.2107023e-01   5.9086019e-02
   3.2441472e-01   5.9011213e-02
   3.2775920e-01   5.8930722e-02
   3.3110368e-01   5.8844668e-02
   3.3444816e-01   5.8753172e-02
   3.3779264e-01   5.8656354e-02
   3.4113712e-01   5.8554332e-02
   3.4448161e-01   5.8447225e-02
   3.4782609e-01   5.8335150e-02
   3.5117057e-01   5.8218223e-02
   3.5451505e-01   5.8096559e-02
   3.5785953e-01   5.7970273e-02
   3.6120401e-01   5.7839479e-02
   3.6454849e-01   5.7704288e-02
   3.6789298e-01   5.7564814e-02
   3.7123746e-01   5.7421166e-02
   3.7458194e-01   5.7273455e-02
   3.7792642e-01   5.7121789e-02
   3.8127090e-01   5.6966275e-02
   3.8461538e-01   5.6807022e-02
   3.8795987e-01   5.6644133e-02
   3.9130435e-01   5.6477716e-02
   3.9464883e-01   5.6307872e-02
   3.9799331e-01   5.6134705e-02
   4.0133779e-01   5.5958316e-02
   4.0468227e-01   5.5778806e-02
   4.0802676e-01   5.5596275e-02
   4.1137124e-01   5.5410820e-02
   4.1471572e-01   5.5222538e-02
   4.1806020e-01   5.5031527e-02
   4.2140468e-01   5.4837880e-02
   4.2474916e-01   5.4641692e-02
   4.2809365e-01   5.4443054e-02
   4.3143813e-01   5.4242059e-02
   4.3478261e-01   5.4038797e-02
   4.3812709e-01   5.3833356e-02
   4.4147157e-01   5.3625824e-02
   4.4481605e-01   5.3416288e-02
   4.4816054e-01   5.3204832e-02
   4.5150502e-01   5.2991541e-02
   4.5484950e-01   5.2776496e-02
   4.5819398e-01   5.2559780e-02
   4.6153846e-01   5.2341473e-02
   4.6488294e-01   5.2121651e-02
   4.6822742e-01   5.1900394e-02
   4.7157191e-01   5.1677777e-02
   4.7491639e-01   5.1453873e-02
   4.7826087e-01   5.1228756e-02
   4.8160535e-01   5.1002498e-02
   4.8494983e-01   5.0775169e-02
   4.8829431e-01   5.0546837e-02
   4.9163880e-01   5.0317569e-02
   4.9498328e-01   5.0087432e-02
   4.9832776e-01   4.9856489e-02
   5.0167224e-01   4.9624803e-02
   5.0501672e-01   4.9392435e-02
   5.0836120e-01   4.9159445e-02
   5.1170569e-01   4.8925890e-02
   5.1505017e-01   4.8691828e-02
   5.1839465e-01   4.8457312e-02
   5.2173913e-01   4.8222397e-02
   5.2508361e-01   4.7987133e-02
   5.2842809e-01   4.7751571e-02
   5.3177258e-01   4.7515759e-02
   5.3511706e-01   4.7279743e-02
   5.3846154e-01   4.7043568e-02
   5.4180602e-01   4.6807279e-02
   5.4515050e-01   4.6570915e-02
   5.4849498e-01   4.6334517e-02
   5.5183946e-01   4.6098123e-02
   5.5518395e-01   4.5861768e-02
   5.5852843e-01   4.5625489e-02
   5.6187291e-01   4.5389316e-02
   5.6521739e-01   4.5153281e-02
   5.6856187e-01   4.4917413e-02
   5.7190635e-01   4.4681739e-02
   5.7525084e-01   4.4446285e-02
   5.7859532e-01   4.4211074e-02
   5.8193980e-01   4.3976127e-02
   5.8528428e-01   4.3741464e-02
   5.8862876e-01   4.3507103e-02
   5.9197324e-01   4.3273059e-02
   5.9531773e-01   4.3039347e-02
   5.9866221e-01   4.2805979e-02
   6.0200669e-01   4.2572964e-02
   6.0535117e-01   4.2340310e-02
   6.0869565e-01   4.2108024e-02
   6.1204013e-01   4.1876109e-02
   6.1538462e-01   4.1644567e-02
   6.1872910e-01   4.1413398e-02
   6.2207358e-01   4.1182601e-02
   6.2541806e-01   4.0952169e-02
   6.2876254e-01   4.0722099e-02
   6.3210702e-01   4.0492380e-02
   6.3545151e-01   4.0263002e-02
   6.3879599e-01   4.0033953e-02
   6.4214047e-01   3.9805218e-02
   6.4548495e-01   3.9576780e-02
   6.4882943e-01   3.9348620e-02
   6.5217391e-01   3.9120716e-02
   6.5551839e-01   3.8893044e-02
   6.5886288e-01   3.8665580e-02
   6.6220736e-01   3.8438296e-02
   6.6555184e-01   3.8211160e-02
   6.6889632e-01   3.7984141e-02
   6.7224080e-01   3.7757204e-02
   6.7558528e-01   3.7530312e-02
   6.7892977e-01   3.7303425e-02
   6.8227425e-01   3.7076502e-02
   6.8561873e-01   3.6849500e-02
   6.8896321e-01   3.6622372e-02
   6.9230769e-01   3.6395069e-02
   6.9565217e-01   3.6167540e-02
   6.9899666e-01   3.5939733e-02
   7.0234114e-01   3.5711592e-02
   7.0568562e-01   3.5483057e-02
   7.0903010e-01   3.5254070e-02
   7.1237458e-01   3.5024567e-02
   7.1571906e-01   3.4794483e-02
   7.1906355e-01   3.4563749e-02
   7.2240803e-01   3.4332296e-02
   7.2575251e-01   3.4100052e-02
   7.2909699e-01   3.3866940e-02
   7.3244147e-01   3.3632883e-02
   7.3578595e-01   3.3397801e-02
   7.3913043e-01   3.3161612e-02
   7.4247492e-01   3.2924229e-02
   7.4581940e-01   3.2685566e-02
   7.4916388e-01   3.2445531e-02
   7.5250836e-01   3.2204032e-02
   7.5585284e-01   3.1960973e-02
   7.5919732e-01   3.1716256e-02
   7.6254181e-01   3.1469780e-02
   7.6588629e-01   3.1221443e-02
   7.6923077e-01   3.0971137e-02
   7.7257525e-01   3.0718755e-02
   7.7591973e-01   3.0464185e-02
   7.7926421e-01   3.0207313e-02
   7.8260870e-01   2.9948022e-02
   7.8595318e-01   2.9686193e-02
   7.8929766e-01   2.9421704e-02
   7.9264214e-01   2.9154430e-02
   7.9598662e-01   2.8884243e-02
   7.9933110e-01   2.8611014e-02
   8.0267559e-01   2.8334610e-02
   8.0602007e-01   2.8054893e-02
   8.0936455e-01   2.7771727e-02
   8.1270903e-01   2.7484969e-02
   8.1605351e-01   2.7194476e-02
   8.1939799e-01   2.6900100e-02
   8.2274247e-01   2.6601691e-02
   8.2608696e-01   2.6299098e-02
   8.2943144e-01   2.5992164e-02
   8.3277592e-01   2.5680731e-02
   8.3612040e-01   2.5364638e-02
   8.3946488e-01   2.5043720e-02
   8.4280936e-01   2.4717812e-02
   8.4615385e-01   2.4386742e-02
   8.4949833e-01   2.4050338e-02
   8.5284281e-01   2.3708425e-02
   8.5618729e-01   2.3360823e-02
   8.5953177e-01   2.3007351e-02
   8.6287625e-01   2.2647824e-02
   8.6622074e-01   2.2282055e-02
   8.6956522e-01   2.1909854e-02
   8.7290970e-01   2.1531025e-02
   8.7625418e-01   2.1145374e-02
   8.7959866e-01   2.0752700e-02
   8.8294314e-01   2.0352800e-02
   8.8628763e-01   1.9945470e-02
   8.8963211e-01   1.9530500e-02
   8.9297659e-01   1.9107678e-02
   8.9632107e-01   1.8676790e-02
   8.9966555e-01   1.8237618e-02
   9.0301003e-01   1.7789941e-02
   9.0635452e-01   1.7333534e-02
   9.0969900e-01   1.6868170e-02
   9.1304348e-01   1.6393619e-02
   9.1638796e-01   1.5909648e-02
   9.1973244e-01   1.5416019e-02
   9.2307692e-01   1.4912492e-02
   9.2642140e-01   1.4398826e-02
   9.2976589e-01   1.3874773e-02
   9.3311037e-01   1.3340084e-02
   9.3645485e-01   1.2794507e-02
   9.3979933e-01   1.2237786e-02
   9.4314381e-01   1.1669661e-02
   9.4648829e-01   1.1089871e-02
   9.4983278e-01   1.0498149e-02
   9.5317726e-01   9.8942281e-03
   9.5652174e-01   9.2778351e-03
   9.5986622e-01   8.6486948e-03
   9.6321070e-01   8.0065288e-03
   9.6655518e-01   7.3510551e-03
   9.6989967e-01   6.6819885e-03
   9.7324415e-01   5.9990405e-03
   9.7658863e-01   5.3019192e-03
   9.7993311e-01   4.5903295e-03
   9.8327759e-01   3.8639728e-03
   9.8662207e-01   3.1225472e-03
   9.8996656e-01   2.3657475e-03
   9.9331104e-01   1.5932650e-03
   9.9665552e-01   8.0478761e-04
   1.0000000e+00   0.0000000e+00
   1.0000000e+00   0.0000000e+00
   9.9665552e-01   5.0963005e-04
   9.9331104e-01   1.0035141e-03
   9.8996656e-01   1.4819131e-03
   9.8662207e-01   1.9450858e-03
   9.8327759e-01   2.3932880e-03
   9.7993311e-01   2.8267734e-03
   9.7658863e-01   3.2457929e-03
   9.7324415e-01   3.6505951e-03
   9.6989967e-01   4.0414262e-03
   9.6655518e-01   4.4185297e-03
   9.6321070e-01   4.7821467e-03
   9.5986622e-01   5.1325161e-03
   9.5652174e-01   5.4698741e-03
   9.5317726e-01   5.7944545e-03
   9.4983278e-01   6.1064887e-03
   9.4648829e-01   6.4062057e-03
   9.4314381e-01   6.6938323e-03
   9.3979933e-01   6.9695924e-03
   9.3645485e-01   7.2337080e-03
   9.3311037e-01   7.4863985e-03
   9.2976589e-01   7.7278809e-03
   9.2642140e-01   7.9583699e-03
   9.2307692e-01   8.1780779e-03
   9.1973244e-01   8.3872148e-03
   9.1638796e-01   8.5859883e-03
   9.1304348e-01   8.7746037e-03
   9.0969900e-01   8.9532641e-03
   9.0635452e-01   9.1221700e-03
   9.0301003e-01   9.2815199e-03
   8.9966555e-01   9.4315099e-03
   8.9632107e-01   9.5723338e-03
   8.9297659e-01   9.7041831e-03
   8.8963211e-01   9.8272470e-03
   8.8628763e-01   9.9417126e-03
   8.8294314e-01   1.0047765e-02
   8.7959866e-01   1.0145586e-02
   8.7625418e-01   1.0235356e-02
   8.7290970e-01   1.0317253e-02
   8.6956522e-01   1.0391454e-02
   8.6622074e-01   1.0458131e-02
   8.6287625e-01   1.0517456e-02
   8.5953177e-01   1.0569599e-02
   8.5618729e-01   1.0614727e-02
   8.5284281e-01   1.0653004e-02
   8.4949833e-01   1.0684593e-02
   8.4615385e-01   1.0709655e-02
   8.4280936e-01   1.0728348e-02
   8.3946488e-01   1.0740829e-02
   8.3612040e-01   1.0747251e-02
   8.3277592e-01   1.0747768e-02
   8.2943144e-01   1.0742528e-02
   8.2608696e-01   1.0731680e-02
   8.2274247e-01   1.0715371e-02
   8.1939799e-01   1.0693742e-02
   8.1605351e-01   1.0666937e-02
   8.1270903e-01   1.0635094e-02
   8.0936455e-01   1.0598352e-02
   8.0602007e-01   1.0556846e-02
   8.0267559e-01   1.0510709e-02
   7.9933110e-01   1.0460074e-02
   7.9598662e-01   1.0405069e-02
   7.9264214e-01   1.0345822e-02
   7.8929766e-01   1.0282459e-02
   7.8595318e-01   1.0215103e-02
   7.8260870e-01   1.0143877e-02
   7.7926421e-01   1.0068898e-02
   7.7591973e-01   9.9902865e-03
   7.7257525e-01   9.9081567e-03
   7.6923077e-01   9.8226230e-03
   7.6588629e-01   9.7337973e-03
   7.6254181e-01   9.6417897e-03
   7.5919732e-01   9.5467083e-03
   7.5585284e-01   9.4486595e-03
   7.5250836e-01   9.3477476e-03
   7.4916388e-01   9.2440753e-03
   7.4581940e-01   9.1377434e-03
   7.4247492e-01   9.0288506e-03
   7.3913043e-01   8.9174941e-03
   7.3578595e-01   8.8037691e-03
   7.3244147e-01   8.6877691e-03
   7.2909699e-01   8.5695858e-03
   7.2575251e-01   8.4493090e-03
   7.2240803e-01   8.3270269e-03
   7.1906355e-01   8.2028259e-03
   7.1571906e-01   8.0767904e-03
   7.1237458e-01   7.9490035e-03
   7.0903010e-01   7.8195462e-03
   7.0568562e-01   7.6884981e-03
   7.0234114e-01   7.5559368e-03
   6.9899666e-01   7.4219385e-03
   6.9565217e-01   7.2865774e-03
   6.9230769e-01   7.1499263e-03
   6.8896321e-01   7.0120563e-03
   6.8561873e-01   6.8730368e-03
   6.8227425e-01   6.7329356e-03
   6.7892977e-01   6.5918188e-03
   6.7558528e-01   6.4497510e-03
   6.7224080e-01   6.3067952e-03
   6.6889632e-01   6.1630127e-03
   6.6555184e-01   6.0184635e-03
   6.6220736e-01   5.8732058e-03
   6.5886288e-01   5.7272963e-03
   6.5551839e-01   5.5807902e-03
   6.5217391e-01   5.4337411e-03
   6.4882943e-01   5.2862014e-03
   6.4548495e-01   5.1382216e-03
   6.4214047e-01   4.9898509e-03
   6.3879599e-01   4.8411372e-03
   6.3545151e-01   4.6921267e-03
   6.3210702e-01   4.5428642e-03
   6.2876254e-01   4.3933931e-03
   6.2541806e-01   4.2437556e-03
   6.2207358e-01   4.0939922e-03
   6.1872910e-01   3.9441421e-03
   6.1538462e-01   3.7942432e-03
   6.1204013e-01   3.6443320e-03
   6.0869565e-01   3.4944437e-03
   6.0535117e-01   3.3446121e-03
   6.0200669e-01   3.1948697e-03
   5.9866221e-01   3.0452477e-03
   5.9531773e-01   2.8957761e-03
   5.9197324e-01   2.7464835e-03
   5.8862876e-01   2.5973974e-03
   5.8528428e-01   2.4485440e-03
   5.8193980e-01   2.2999480e-03
   5.7859532e-01   2.1516334e-03
   5.7525084e-01   2.0036225e-03
   5.7190635e-01   1.8559369e-03
   5.6856187e-01   1.7085966e-03
   5.6521739e-01   1.5616207e-03
   5.6187291e-01   1.4150271e-03
   5.5852843e-01   1.2688326e-03
   5.5518395e-01   1.1230529e-03
   5.5183946e-01   9.7770265e-04
   5.4849498e-01   8.3279529e-04
   5.4515050e-01   6.8834335e-04
   5.4180602e-01   5.4435828e-04
   5.3846154e-01   4.0085051e-04
   5.3511706e-01   2.5782947e-04
   5.3177258e-01   1.1530361e-04
   5.2842809e-01  -2.6719596e-05
   5.2508361e-01  -1.6823361e-04
   5.2173913e-01  -3.0923282e-04
   5.1839465e-01  -4.4971256e-04
   5.1505017e-01  -5.8966901e-04
   5.1170569e-01  -7.2909926e-04
   5.0836120e-01  -8.6800124e-04
   5.0501672e-01  -1.0063737e-03
   5.0167224e-01  -1.1442163e-03
   4.9832776e-01  -1.2815295e-03
   4.9498328e-01  -1.4183142e-03
   4.9163880e-01  -1.5545726e-03
   4.8829431e-01  -1.6903073e-03
   4.8494983e-01  -1.8255217e-03
   4.8160535e-01  -1.9602198e-03
   4.7826087e-01  -2.0944065e-03
   4.7491639e-01  -2.2280871e-03
   4.7157191e-01  -2.3612678e-03
   4.6822742e-01  -2.4939553e-03
   4.6488294e-01  -2.6261567e-03
   4.6153846e-01  -2.7578800e-03
   4.5819398e-01  -2.8891335e-03
   4.5484950e-01  -3.0199261e-03
   4.5150502e-01  -3.1502674e-03
   4.4816054e-01  -3.2801671e-03
   4.4481605e-01  -3.4096356e-03
   4.4147157e-01  -3.5386837e-03
   4.3812709e-01  -3.6673226e-03
   4.3478261e-01  -3.7955638e-03
   4.3143813e-01  -3.9234193e-03
   4.2809365e-01  -4.0509013e-03
   4.2474916e-01  -4.1780224e-03
   4.2140468e-01  -4.3047953e-03
   4.1806020e-01  -4.4312332e-03
   4.1471572e-01  -4.5573493e-03
   4.1137124e-01  -4.6831571e-03
   4.0802676e-01  -4.8086703e-03
   4.0468227e-01  -4.9339027e-03
   4.0133779e-01  -5.0588681e-03
   3.9799331e-01  -5.1835804e-03
   3.9464883e-01  -5.3080538e-03
   3.9130435e-01  -5.4323022e-03
   3.8795987e-01  -5.5563396e-03
   3.8461538e-01  -5.6801800e-03
   3.8127090e-01  -5.8038371e-03
   3.7792642e-01  -5.9273248e-03
   3.7458194e-01  -6.0506566e-03
   3.7123746e-01  -6.1738459e-03
   3.6789298e-01  -6.2969058e-03
   3.6454849e-01  -6.4198493e-03
   3.6120401e-01  -6.5426889e-03
   3.5785953e-01  -6.6654370e-03
   3.5451505e-01  -6.7881052e-03
   3.5117057e-01  -6.9107052e-03
   3.4782609e-01  -7.0332478e-03
   3.4448161e-01  -7.1557436e-03
   3.4113712e-01  -7.2782025e-03
   3.3779264e-01  -7.4006337e-03
   3.3444816e-01  -7.5230461e-03
   3.3110368e-01  -7.6454475e-03
   3.2775920e-01  -7.7678452e-03
   3.2441472e-01  -7.8902457e-03
   3.2107023e-01  -8.0126546e-03
   3.1772575e-01  -8.1350766e-03
   3.1438127e-01  -8.2575156e-03
   3.1103679e-01  -8.3799742e-03
   3.0769231e-01  -8.5024543e-03
   3.0434783e-01  -8.6249563e-03
   3.0100334e-01  -8.7474798e-03
   2.9765886e-01  -8.8700228e-03
   2.9431438e-01  -8.9925823e-03
   2.9096990e-01  -9.1151536e-03
   2.8762542e-01  -9.2377309e-03
   2.8428094e-01  -9.3603065e-03
   2.8093645e-01  -9.4828715e-03
   2.7759197e-01  -9.6054149e-03
   2.7424749e-01  -9.7279243e-03
   2.7090301e-01  -9.8503853e-03
   2.6755853e-01  -9.9727816e-03
   2.6421405e-01  -1.0095095e-02
   2.6086957e-01  -1.0217305e-02
   2.5752508e-01  -1.0339388e-02
   2.5418060e-01  -1.0461320e-02
   2.5083612e-01  -1.0583074e-02
   2.4749164e-01  -1.0704620e-02
   2.4414716e-01  -1.0825924e-02
   2.4080268e-01  -1.0946952e-02
   2.3745819e-01  -1.1067665e-02
   2.3411371e-01  -1.1188023e-02
   2.3076923e-01  -1.1307980e-02
   2.2742475e-01  -1.1427489e-02
   2.2408027e-01  -1.1546498e-02
   2.2073579e-01  -1.1664954e-02
   2.1739130e-01  -1.1782796e-02
   2.1404682e-01  -1.1899963e-02
   2.1070234e-01  -1.2016388e-02
   2.0735786e-01  -1.2131999e-02
   2.0401338e-01  -1.2246721e-02
   2.0066890e-01  -1.2360473e-02
   1.9732441e-01  -1.2473170e-02
   1.9397993e-01  -1.2584720e-02
   1.9063545e-01  -1.2695027e-02
   1.8729097e-01  -1.2803989e-02
   1.8394649e-01  -1.2911497e-02
   1.8060201e-01  -1.3017437e-02
   1.7725753e-01  -1.3121686e-02
   1.7391304e-01  -1.3224115e-02
   1.7056856e-01  -1.3324588e-02
   1.6722408e-01  -1.3422960e-02
   1.6387960e-01  -1.3519078e-02
   1.6053512e-01  -1.3612780e-02
   1.5719064e-01  -1.3703894e-02
   1.5384615e-01  -1.3792238e-02
   1.5050167e-01  -1.3877620e-02
   1.4715719e-01  -1.3959836e-02
   1.4381271e-01  -1.4038669e-02
   1.4046823e-01  -1.4113890e-02
   1.3712375e-01  -1.4185256e-02
   1.3377926e-01  -1.4252508e-02
   1.3043478e-01  -1.4315373e-02
   1.2709030e-01  -1.4373560e-02
   1.2374582e-01  -1.4426758e-02
   1.2040134e-01  -1.4474638e-02
   1.1705686e-01  -1.4516847e-02
   1.1371237e-01  -1.4553011e-02
   1.1036789e-01  -1.4582730e-02
   1.0702341e-01  -1.4605574e-02
   1.0367893e-01  -1.4621085e-02
   1.0033445e-01  -1.4628769e-02
   9.6989967e-02  -1.4628098e-02
   9.3645485e-02  -1.4618501e-02
   9.0301003e-02  -1.4599363e-02
   8.6956522e-02  -1.4570016e-02
   8.3612040e-02  -1.4529739e-02
   8.0267559e-02  -1.4477746e-02
   7.6923077e-02  -1.4413178e-02
   7.3578595e-02  -1.4335094e-02
   7.0234114e-02  -1.4242462e-02
   6.6889632e-02  -1.4134140e-02
   6.3545151e-02  -1.4008859e-02
   6.0200669e-02  -1.3865207e-02
   5.6856187e-02  -1.3701596e-02
   5.3511706e-02  -1.3516231e-02
   5.0167224e-02  -1.3307069e-02
   4.6822742e-02  -1.3071760e-02
   4.3478261e-02  -1.2807578e-02
   4.0133779e-02  -1.2511319e-02
   3.6789298e-02  -1.2179172e-02
   3.3444816e-02  -1.1806523e-02
   3.0100334e-02  -1.1387683e-02
   2.6755853e-02  -1.0915475e-02
   2.3411371e-02  -1.0380576e-02
   2.0066890e-02  -9.7704367e-03
   1.6722408e-02  -9.0673484e-03
   1.3377926e-02  -8.2446675e-03
   1.0033445e-02  -7.2584249e-03
   6.6889632e-03  -6.0245692e-03
   3.3444816e-03  -4.3304273e-03
   0.0000000e+00  -1.7800000e-04
