   0.0000000e+00   9.2000000e-04
   3.3444816e-03   9.7894290e-03
   6.6889632e-03   1.3875799e-02
   1.0033445e-02   1.7032359e-02
   1.3377926e-02   1.9710639e-02
   1.6722408e-02   2.2084998e-02
   2.0066890e-02   2.4244577e-02
   2.3411371e-02   2.6242147e-02
   2.6755853e-02   2.8111969e-02
   3.0100334e-02   2.9877747e-02
   3.3444816e-02   3.1556664e-02
   3.6789298e-02   3.3161637e-02
   4.0133779e-02   3.4702647e-02
   4.3478261e-02   3.6187593e-02
   4.6822742e-02   3.7622841e-02
   5.0167224e-02   3.9013605e-02
   5.3511706e-02   4.0364214e-02
   5.6856187e-02   4.1678304e-02
   6.0200669e-02   4.2958961e-02
   6.3545151e-02   4.4208824e-02
   6.6889632e-02   4.5430169e-02
   7.0234114e-02   4.6624975e-02
   7.3578595e-02   4.7794967e-02
   7.6923077e-02   4.8941663e-02
   8.0267559e-02   5.0066402e-02
   8.3612040e-02   5.1170370e-02
   8.6956522e-02   5.2254622e-02
   9.0301003e-02   5.3320102e-02
   9.3645485e-02   5.4367652e-02
   9.6989967e-02   5.5398032e-02
   1.0033445e-01   5.6411923e-02
   1.0367893e-01   5.7409941e-02
   1.0702341e-01   5.8392642e-02
   1.1036789e-01   5.9360531e-02
   1.1371237e-01   6.0314065e-02
   1.1705686e-01   6.1253658e-02
   1.2040134e-01   6.2179689e-02
   1.2374582e-01   6.3092500e-02
   1.2709030e-01   6.3992405e-02
   1.3043478e-01   6.4879688e-02
   1.3377926e-01   6.5754610e-02
   1.3712375e-01   6.6617407e-02
   1.4046823e-01   6.7468296e-02
   1.4381271e-01   6.8307473e-02
   1.4715719e-01   6.9135117e-02
   1.5050167e-01   6.9951393e-02
   1.5384615e-01   7.0756449e-02
   1.5719064e-01   7.1550420e-02
   1.6053512e-01   7.2333430e-02
   1.6387960e-01   7.3105589e-02
   1.6722408e-01   7.3867000e-02
   1.7056856e-01   7.4617752e-02
   1.7391304e-01   7.5357928e-02
   1.7725753e-01   7.6087603e-02
   1.8060201e-01   7.6806841e-02
   1.8394649e-01   7.7515703e-02
   1.8729097e-01   7.8214240e-02
   1.9063545e-01   7.8902499e-02
   1.9397993e-01   7.9580520e-02
   1.9732441e-01   8.0248338e-02
   2.0066890e-01   8.0905984e-02
   2.0401338e-01   8.1553483e-02
   2.0735786e-01   8.2190858e-02
   2.1070234e-01   8.2818124e-02
   2.1404682e-01   8.3435297e-02
   2.1739130e-01   8.4042387e-02
   2.2073579e-01   8.4639400e-02
   2.2408027e-01   8.5226343e-02
   2.2742475e-01   8.5803215e-02
   2.3076923e-01   8.6370018e-02
   2.3411371e-01   8.6926746e-02
   2.3745819e-01   8.7473397e-02
   2.4080268e-01   8.8009961e-02
   2.4414716e-01   8.8536430e-02
   2.4749164e-01   8.9052794e-02
   2.5083612e-01   8.9559041e-02
   2.5418060e-01   9.0055156e-02
   2.5752508e-01   9.0541126e-02
   2.6086957e-01   9.1016934e-02
   2.6421405e-01   9.1482563e-02
   2.6755853e-01   9.1937996e-02
   2.7090301e-01   9.2383213e-02
   2.7424749e-01   9.2818195e-02
   2.7759197e-01   9.3242923e-02
   2.8093645e-01   9.3657376e-02
   2.8428094e-01   9.4061532e-02
   2.8762542e-01   9.4455370e-02
   2.9096990e-01   9.4838868e-02
   2.9431438e-01   9.5212005e-02
   2.9765886e-01   9.5574757e-02
   3.0100334e-01   9.5927104e-02
   3.0434783e-01   9.6269022e-02
   3.0769231e-01   9.6600489e-02
   3.1103679e-01   9.6921483e-02
   3.1438127e-01   9.7231981e-02
   3.1772575e-01   9.7531963e-02
   3.2107023e-01   9.7821405e-02
   3.2441472e-01   9.8100287e-02
   3.2775920e-01   9.8368588e-02
   3.3110368e-01   9.8626287e-02
   3.3444816e-01   9.8873363e-02
   3.3779264e-01   9.9109798e-02
   3.4113712e-01   9.9335570e-02
   3.4448161e-01   9.9550663e-02
   3.4782609e-01   9.9755056e-02
   3.5117057e-01   9.9948734e-02
   3.5451505e-01   1.0013168e-01
   3.5785953e-01   1.0030388e-01
   3.6120401e-01   1.0046531e-01
   3.6454849e-01   1.0061596e-01
   3.6789298e-01   1.0075582e-01
   3.7123746e-01   1.0088487e-01
   3.7458194e-01   1.0100310e-01
   3.7792642e-01   1.0111051e-01
   3.8127090e-01   1.0120707e-01
   3.8461538e-01   1.0129278e-01
   3.8795987e-01   1.0136764e-01
   3.9130435e-01   1.0143163e-01
   3.9464883e-01   1.0148474e-01
   3.9799331e-01   1.0152698e-01
   4.0133779e-01   1.0155833e-01
   4.0468227e-01   1.0157880e-01
   4.0802676e-01   1.0158838e-01
   4.1137124e-01   1.0158708e-01
   4.1471572e-01   1.0157488e-01
   4.1806020e-01   1.0155179e-01
   4.2140468e-01   1.0151782e-01
   4.2474916e-01   1.0147296e-01
   4.2809365e-01   1.0141723e-01
   4.3143813e-01   1.0135063e-01
   4.3478261e-01   1.0127317e-01
   4.3812709e-01   1.0118484e-01
   4.4147157e-01   1.0108568e-01
   4.4481605e-01   1.0097568e-01
   4.4816054e-01   1.0085486e-01
   4.5150502e-01   1.0072323e-01
   4.5484950e-01   1.0058082e-01
   4.5819398e-01   1.0042762e-01
   4.6153846e-01   1.0026368e-01
   4.6488294e-01   1.0008899e-01
   4.6822742e-01   9.9903594e-02
   4.7157191e-01   9.9707504e-02
   4.7491639e-01   9.9500745e-02
   4.7826087e-01   9.9283344e-02
   4.8160535e-01   9.9055328e-02
   4.8494983e-01   9.8816726e-02
   4.8829431e-01   9.8567568e-02
   4.9163880e-01   9.8307886e-02
   4.9498328e-01   9.8037713e-02
   4.9832776e-01   9.7757084e-02
   5.0167224e-01   9.7466037e-02
   5.0501672e-01   9.7164609e-02
   5.0836120e-01   9.6852840e-02
   5.1170569e-01   9.6530773e-02
   5.1505017e-01   9.6198449e-02
   5.1839465e-01   9.5855914e-02
   5.2173913e-01   9.5503215e-02
   5.2508361e-01   9.5140400e-02
   5.2842809e-01   9.4767519e-02
   5.3177258e-01   9.4384623e-02
   5.3511706e-01   9.3991766e-02
   5.3846154e-01   9.3589004e-02
   5.4180602e-01   9.3176393e-02
   5.4515050e-01   9.2753993e-02
   5.4849498e-01   9.2321863e-02
   5.5183946e-01   9.1880066e-02
   5.5518395e-01   9.1428666e-02
   5.5852843e-01   9.0967730e-02
   5.6187291e-01   9.0497325e-02
   5.6521739e-01   9.0017520e-02
   5.6856187e-01   8.9528388e-02
   5.7190635e-01   8.9030002e-02
   5.7525084e-01   8.8522437e-02
   5.7859532e-01   8.8005770e-02
   5.8193980e-01   8.7480080e-02
   5.8528428e-01   8.6945449e-02
   5.8862876e-01   8.6401959e-02
   5.9197324e-01   8.5849695e-02
   5.9531773e-01   8.5288744e-02
   5.9866221e-01   8.4719195e-02
   6.0200669e-01   8.4141138e-02
   6.0535117e-01   8.3554666e-02
   6.0869565e-01   8.2959875e-02
   6.1204013e-01   8.2356860e-02
   6.1538462e-01   8.1745720e-02
   6.1872910e-01   8.1126556e-02
   6.2207358e-01   8.0499471e-02
   6.2541806e-01   7.9864570e-02
   6.2876254e-01   7.9221959e-02
   6.3210702e-01   7.8571747e-02
   6.3545151e-01   7.7914046e-02
   6.3879599e-01   7.7248967e-02
   6.4214047e-01   7.6576628e-02
   6.4548495e-01   7.5897143e-02
   6.4882943e-01   7.5210634e-02
   6.5217391e-01   7.4517221e-02
   6.5551839e-01   7.3817028e-02
   6.5886288e-01   7.3110181e-02
   6.6220736e-01   7.2396807e-02
   6.6555184e-01   7.1677037e-02
   6.6889632e-01   7.0951002e-02
   6.7224080e-01   7.0218837e-02
   6.7558528e-01   6.9480678e-02
   6.7892977e-01   6.8736664e-02
   6.8227425e-01   6.7986937e-02
   6.8561873e-01   6.7231638e-02
   6.8896321e-01   6.6470914e-02
   6.9230769e-01   6.5704912e-02
   6.9565217e-01   6.4933781e-02
   6.9899666e-01   6.4157674e-02
   7.0234114e-01   6.3376744e-02
   7.0568562e-01   6.2591149e-02
   7.0903010e-01   6.1801047e-02
   7.1237458e-01   6.1006599e-02
   7.1571906e-01   6.0207968e-02
   7.1906355e-01   5.9405321e-02
   7.2240803e-01   5.8598824e-02
   7.2575251e-01   5.7788648e-02
   7.2909699e-01   5.6974966e-02
   7.3244147e-01   5.6157953e-02
   7.3578595e-01   5.5337785e-02
   7.3913043e-01   5.4514643e-02
   7.4247492e-01   5.3688708e-02
   7.4581940e-01   5.2860164e-02
   7.4916388e-01   5.2029198e-02
   7.5250836e-01   5.1195998e-02
   7.5585284e-01   5.0360757e-02
   7.5919732e-01   4.9523668e-02
   7.6254181e-01   4.8684928e-02
   7.6588629e-01   4.7844733e-02
   7.6923077e-01   4.7003287e-02
   7.7257525e-01   4.6160791e-02
   7.7591973e-01   4.5317453e-02
   7.7926421e-01   4.4473479e-02
   7.8260870e-01   4.3629081e-02
   7.8595318e-01   4.2784472e-02
   7.8929766e-01   4.1939867e-02
   7.9264214e-01   4.1095485e-02
   7.9598662e-01   4.0251546e-02
   7.9933110e-01   3.9408273e-02
   8.0267559e-01   3.8565892e-02
   8.0602007e-01   3.7724630e-02
   8.0936455e-01   3.6884719e-02
   8.1270903e-01   3.6046390e-02
   8.1605351e-01   3.5209880e-02
   8.1939799e-01   3.4375427e-02
   8.2274247e-01   3.3543271e-02
   8.2608696e-01   3.2713656e-02
   8.2943144e-01   3.1886827e-02
   8.3277592e-01   3.1063032e-02
   8.3612040e-01   3.0242523e-02
   8.3946488e-01   2.9425552e-02
   8.4280936e-01   2.8612376e-02
   8.4615385e-01   2.7803254e-02
   8.4949833e-01   2.6998445e-02
   8.5284281e-01   2.6198215e-02
   8.5618729e-01   2.5402829e-02
   8.5953177e-01   2.4612556e-02
   8.6287625e-01   2.3827669e-02
   8.6622074e-01   2.3048440e-02
   8.6956522e-01   2.2275148e-02
   8.7290970e-01   2.1508071e-02
   8.7625418e-01   2.0747493e-02
   8.7959866e-01   1.9993696e-02
   8.8294314e-01   1.9246970e-02
   8.8628763e-01   1.8507604e-02
   8.8963211e-01   1.7775891e-02
   8.9297659e-01   1.7052126e-02
   8.9632107e-01   1.6336609e-02
   8.9966555e-01   1.5629638e-02
   9.0301003e-01   1.4931520e-02
   9.0635452e-01   1.4242558e-02
   9.0969900e-01   1.3563063e-02
   9.1304348e-01   1.2893347e-02
   9.1638796e-01   1.2233724e-02
   9.1973244e-01   1.1584510e-02
   9.2307692e-01   1.0946027e-02
   9.2642140e-01   1.0318596e-02
   9.2976589e-01   9.7025442e-03
   9.3311037e-01   9.0981987e-03
   9.3645485e-01   8.5058909e-03
   9.3979933e-01   7.9259545e-03
   9.4314381e-01   7.3587262e-03
   9.4648829e-01   6.8045455e-03
   9.4983278e-01   6.2637544e-03
   9.5317726e-01   5.7366981e-03
   9.5652174e-01   5.2237243e-03
   9.5986622e-01   4.7251837e-03
   9.6321070e-01   4.2414298e-03
   9.6655518e-01   3.7728188e-03
   9.6989967e-01   3.3197100e-03
   9.7324415e-01   2.8824653e-03
   9.7658863e-01   2.4614496e-03
   9.7993311e-01   2.0570305e-03
   9.8327759e-01   1.6695787e-03
   9.8662207e-01   1.2994676e-03
   9.8996656e-01   9.4707354e-04
   9.9331104e-01   6.1277569e-04
   9.9665552e-01   2.9695618e-04
   1.0000000e+00   0.0000000e+00
   1.0000000e+00  -0.0000000e+00
   9.9665552e-01  -6.6216948e-04
   9.9331104e-01  -1.3169528e-03
   9.8996656e-01  -1.9643810e-03
   9.8662207e-01  -2.6044853e-03
   9.8327759e-01  -3.2372974e-03
   9.7993311e-01  -3.8628490e-03
   9.7658863e-01  -4.4811721e-03
   9.7324415e-01  -5.0922989e-03
   9.6989967e-01  -5.6962619e-03
   9.6655518e-01  -6.2930939e-03
   9.6321070e-01  -6.8828277e-03
   9.5986622e-01  -7.4654965e-03
   9.5652174e-01  -8.0411337e-03
   9.5317726e-01  -8.6097729e-03
   9.4983278e-01  -9.1714479e-03
   9.4648829e-01  -9.7261927e-03
   9.4314381e-01  -1.0274042e-02
   9.3979933e-01  -1.0815029e-02
   9.3645485e-01  -1.1349189e-02
   9.3311037e-01  -1.1876558e-02
   9.2976589e-01  -1.2397169e-02
   9.2642140e-01  -1.2911059e-02
   9.2307692e-01  -1.3418263e-02
   9.1973244e-01  -1.3918816e-02
   9.1638796e-01  -1.4412755e-02
   9.1304348e-01  -1.4900115e-02
   9.0969900e-01  -1.5380933e-02
   9.0635452e-01  -1.5855244e-02
   9.0301003e-01  -1.6323086e-02
   8.9966555e-01  -1.6784496e-02
   8.9632107e-01  -1.7239510e-02
   8.9297659e-01  -1.7688165e-02
   8.8963211e-01  -1.8130500e-02
   8.8628763e-01  -1.8566550e-02
   8.8294314e-01  -1.8996355e-02
   8.7959866e-01  -1.9419951e-02
   8.7625418e-01  -1.9837377e-02
   8.7290970e-01  -2.0248671e-02
   8.6956522e-01  -2.0653872e-02
   8.6622074e-01  -2.1053016e-02
   8.6287625e-01  -2.1446144e-02
   8.5953177e-01  -2.1833295e-02
   8.5618729e-01  -2.2214506e-02
   8.5284281e-01  -2.2589816e-02
   8.4949833e-01  -2.2959267e-02
   8.4615385e-01  -2.3322895e-02
   8.4280936e-01  -2.3680742e-02
   8.3946488e-01  -2.4032846e-02
   8.3612040e-01  -2.4379247e-02
   8.3277592e-01  -2.4719985e-02
   8.2943144e-01  -2.5055101e-02
   8.2608696e-01  -2.5384633e-02
   8.2274247e-01  -2.5708623e-02
   8.1939799e-01  -2.6027111e-02
   8.1605351e-01  -2.6340137e-02
   8.1270903e-01  -2.6647742e-02
   8.0936455e-01  -2.6949966e-02
   8.0602007e-01  -2.7246850e-02
   8.0267559e-01  -2.7538436e-02
   7.9933110e-01  -2.7824763e-02
   7.9598662e-01  -2.8105874e-02
   7.9264214e-01  -2.8381809e-02
   7.8929766e-01  -2.8652609e-02
   7.8595318e-01  -2.8918316e-02
   7.8260870e-01  -2.9178972e-02
   7.7926421e-01  -2.9434617e-02
   7.7591973e-01  -2.9685294e-02
   7.7257525e-01  -2.9931043e-02
   7.6923077e-01  -3.0171907e-02
   7.6588629e-01  -3.0407928e-02
   7.6254181e-01  -3.0639147e-02
   7.5919732e-01  -3.0865606e-02
   7.5585284e-01  -3.1087347e-02
   7.5250836e-01  -3.1304413e-02
   7.4916388e-01  -3.1516845e-02
   7.4581940e-01  -3.1724685e-02
   7.4247492e-01  -3.1927975e-02
   7.3913043e-01  -3.2126759e-02
   7.3578595e-01  -3.2321077e-02
   7.3244147e-01  -3.2510972e-02
   7.2909699e-01  -3.2696487e-02
   7.2575251e-01  -3.2877664e-02
   7.2240803e-01  -3.3054544e-02
   7.1906355e-01  -3.3227171e-02
   7.1571906e-01  -3.3395587e-02
   7.1237458e-01  -3.3559834e-02
   7.0903010e-01  -3.3719955e-02
   7.0568562e-01  -3.3875991e-02
   7.0234114e-01  -3.4027986e-02
   6.9899666e-01  -3.4175982e-02
   6.9565217e-01  -3.4320020e-02
   6.9230769e-01  -3.4460144e-02
   6.8896321e-01  -3.4596396e-02
   6.8561873e-01  -3.4728818e-02
   6.8227425e-01  -3.4857452e-02
   6.7892977e-01  -3.4982341e-02
   6.7558528e-01  -3.5103526e-02
   6.7224080e-01  -3.5221050e-02
   6.6889632e-01  -3.5334956e-02
   6.6555184e-01  -3.5445285e-02
   6.6220736e-01  -3.5552079e-02
   6.5886288e-01  -3.5655380e-02
   6.5551839e-01  -3.5755230e-02
   6.5217391e-01  -3.5851671e-02
   6.4882943e-01  -3.5944745e-02
   6.4548495e-01  -3.6034494e-02
   6.4214047e-01  -3.6120959e-02
   6.3879599e-01  -3.6204181e-02
   6.3545151e-01  -3.6284202e-02
   6.3210702e-01  -3.6361065e-02
   6.2876254e-01  -3.6434808e-02
   6.2541806e-01  -3.6505475e-02
   6.2207358e-01  -3.6573106e-02
   6.1872910e-01  -3.6637742e-02
   6.1538462e-01  -3.6699423e-02
   6.1204013e-01  -3.6758191e-02
   6.0869565e-01  -3.6814086e-02
   6.0535117e-01  -3.6867149e-02
   6.0200669e-01  -3.6917419e-02
   5.9866221e-01  -3.6964937e-02
   5.9531773e-01  -3.7009743e-02
   5.9197324e-01  -3.7051877e-02
   5.8862876e-01  -3.7091379e-02
   5.8528428e-01  -3.7128287e-02
   5.8193980e-01  -3.7162642e-02
   5.7859532e-01  -3.7194482e-02
   5.7525084e-01  -3.7223847e-02
   5.7190635e-01  -3.7250775e-02
   5.6856187e-01  -3.7275304e-02
   5.6521739e-01  -3.7297474e-02
   5.6187291e-01  -3.7317323e-02
   5.5852843e-01  -3.7334887e-02
   5.5518395e-01  -3.7350206e-02
   5.5183946e-01  -3.7363316e-02
   5.4849498e-01  -3.7374255e-02
   5.4515050e-01  -3.7383059e-02
   5.4180602e-01  -3.7389766e-02
   5.3846154e-01  -3.7394412e-02
   5.3511706e-01  -3.7397034e-02
   5.3177258e-01  -3.7397666e-02
   5.2842809e-01  -3.7396346e-02
   5.2508361e-01  -3.7393107e-02
   5.2173913e-01  -3.7387987e-02
   5.1839465e-01  -3.7381018e-02
   5.1505017e-01  -3.7372235e-02
   5.1170569e-01  -3.7361674e-02
   5.0836120e-01  -3.7349367e-02
   5.0501672e-01  -3.7335348e-02
   5.0167224e-01  -3.7319650e-02
   4.9832776e-01  -3.7302306e-02
   4.9498328e-01  -3.7283349e-02
   4.9163880e-01  -3.7262809e-02
   4.8829431e-01  -3.7240720e-02
   4.8494983e-01  -3.7217112e-02
   4.8160535e-01  -3.7192017e-02
   4.7826087e-01  -3.7165464e-02
   4.7491639e-01  -3.7137483e-02
   4.7157191e-01  -3.7108105e-02
   4.6822742e-01  -3.7077358e-02
   4.6488294e-01  -3.7045271e-02
   4.6153846e-01  -3.7011872e-02
   4.5819398e-01  -3.6977189e-02
   4.5484950e-01  -3.6941250e-02
   4.5150502e-01  -3.6904081e-02
   4.4816054e-01  -3.6865708e-02
   4.4481605e-01  -3.6826157e-02
   4.4147157e-01  -3.6785453e-02
   4.3812709e-01  -3.6743621e-02
   4.3478261e-01  -3.6700685e-02
   4.3143813e-01  -3.6656668e-02
   4.2809365e-01  -3.6611594e-02
   4.2474916e-01  -3.6565484e-02
   4.2140468e-01  -3.6518361e-02
   4.1806020e-01  -3.6470245e-02
   4.1471572e-01  -3.6421157e-02
   4.1137124e-01  -3.6371116e-02
   4.0802676e-01  -3.6320143e-02
   4.0468227e-01  -3.6268254e-02
   4.0133779e-01  -3.6215467e-02
   3.9799331e-01  -3.6161801e-02
   3.9464883e-01  -3.6107270e-02
   3.9130435e-01  -3.6051890e-02
   3.8795987e-01  -3.5995676e-02
   3.8461538e-01  -3.5938642e-02
   3.8127090e-01  -3.5880800e-02
   3.7792642e-01  -3.5822164e-02
   3.7458194e-01  -3.5762743e-02
   3.7123746e-01  -3.5702548e-02
   3.6789298e-01  -3.5641590e-02
   3.6454849e-01  -3.5579876e-02
   3.6120401e-01  -3.5517414e-02
   3.5785953e-01  -3.5454211e-02
   3.5451505e-01  -3.5390273e-02
   3.5117057e-01  -3.5325603e-02
   3.4782609e-01  -3.5260205e-02
   3.4448161e-01  -3.5194083e-02
   3.4113712e-01  -3.5127236e-02
   3.3779264e-01  -3.5059666e-02
   3.3444816e-01  -3.4991371e-02
   3.3110368e-01  -3.4922350e-02
   3.2775920e-01  -3.4852598e-02
   3.2441472e-01  -3.4782110e-02
   3.2107023e-01  -3.4710882e-02
   3.1772575e-01  -3.4638904e-02
   3.1438127e-01  -3.4566170e-02
   3.1103679e-01  -3.4492667e-02
   3.0769231e-01  -3.4418385e-02
   3.0434783e-01  -3.4343311e-02
   3.0100334e-01  -3.4267429e-02
   2.9765886e-01  -3.4190723e-02
   2.9431438e-01  -3.4113175e-02
   2.9096990e-01  -3.4034766e-02
   2.8762542e-01  -3.3955473e-02
   2.8428094e-01  -3.3875274e-02
   2.8093645e-01  -3.3794143e-02
   2.7759197e-01  -3.3712053e-02
   2.7424749e-01  -3.3628975e-02
   2.7090301e-01  -3.3544878e-02
   2.6755853e-01  -3.3459728e-02
   2.6421405e-01  -3.3373490e-02
   2.6086957e-01  -3.3286126e-02
   2.5752508e-01  -3.3197595e-02
   2.5418060e-01  -3.3107855e-02
   2.5083612e-01  -3.3016862e-02
   2.4749164e-01  -3.2924566e-02
   2.4414716e-01  -3.2830917e-02
   2.4080268e-01  -3.2735862e-02
   2.3745819e-01  -3.2639345e-02
   2.3411371e-01  -3.2541306e-02
   2.3076923e-01  -3.2441682e-02
   2.2742475e-01  -3.2340408e-02
   2.2408027e-01  -3.2237414e-02
   2.2073579e-01  -3.2132627e-02
   2.1739130e-01  -3.2025970e-02
   2.1404682e-01  -3.1917363e-02
   2.1070234e-01  -3.1806721e-02
   2.0735786e-01  -3.1693956e-02
   2.0401338e-01  -3.1578972e-02
   2.0066890e-01  -3.1461673e-02
   1.9732441e-01  -3.1341954e-02
   1.9397993e-01  -3.1219709e-02
   1.9063545e-01  -3.1094823e-02
   1.8729097e-01  -3.0967176e-02
   1.8394649e-01  -3.0836644e-02
   1.8060201e-01  -3.0703095e-02
   1.7725753e-01  -3.0566390e-02
   1.7391304e-01  -3.0426384e-02
   1.7056856e-01  -3.0282923e-02
   1.6722408e-01  -3.0135849e-02
   1.6387960e-01  -2.9984991e-02
   1.6053512e-01  -2.9830171e-02
   1.5719064e-01  -2.9671202e-02
   1.5384615e-01  -2.9507888e-02
   1.5050167e-01  -2.9340019e-02
   1.4715719e-01  -2.9167376e-02
   1.4381271e-01  -2.8989728e-02
   1.4046823e-01  -2.8806829e-02
   1.3712375e-01  -2.8618421e-02
   1.3377926e-01  -2.8424230e-02
   1.3043478e-01  -2.8223965e-02
   1.2709030e-01  -2.8017318e-02
   1.2374582e-01  -2.7803962e-02
   1.2040134e-01  -2.7583549e-02
   1.1705686e-01  -2.7355709e-02
   1.1371237e-01  -2.7120045e-02
   1.1036789e-01  -2.6876137e-02
   1.0702341e-01  -2.6623531e-02
   1.0367893e-01  -2.6361743e-02
   1.0033445e-01  -2.6090254e-02
   9.6989967e-02  -2.5808501e-02
   9.3645485e-02  -2.5515879e-02
   9.0301003e-02  -2.5211735e-02
   8.6956522e-02  -2.4895356e-02
   8.3612040e-02  -2.4565970e-02
   8.0267559e-02  -2.4222731e-02
   7.6923077e-02  -2.3864713e-02
   7.3578595e-02  -2.3490896e-02
   7.0234114e-02  -2.3100154e-02
   6.6889632e-02  -2.2691235e-02
   6.3545151e-02  -2.2262743e-02
   6.0200669e-02  -2.1813108e-02
   5.6856187e-02  -2.1340557e-02
   5.3511706e-02  -2.0843072e-02
   5.0167224e-02  -2.0318335e-02
   4.6822742e-02  -1.9763664e-02
   4.3478261e-02  -1.9175915e-02
   4.0133779e-02  -1.8551367e-02
   3.6789298e-02  -1.7885548e-02
   3.3444816e-02  -1.7172998e-02
   3.0100334e-02  -1.6406919e-02
   2.6755853e-02  -1.5578645e-02
   2.3411371e-02  -1.4676813e-02
   2.0066890e-02  -1.3685962e-02
   1.6722408e-02  -1.2584051e-02
   1.3377926e-02  -1.1337566e-02
   1.0033445e-02  -9.8906136e-03
   6.6889632e-03  -8.1352074e-03
   3.3444816e-03  -5.7951237e-03
   0.0000000e+00   9.2000000e-04
