   0.0000000e+00   0.0000000e+00
   3.3444816e-03   1.5554887e-02
   6.6889632e-03   2.2079331e-02
   1.0033445e-02   2.7137353e-02
   1.3377926e-02   3.1441699e-02
   1.6722408e-02   3.5266690e-02
   2.0066890e-02   3.8752059e-02
   2.3411371e-02   4.1980213e-02
   2.6755853e-02   4.5004425e-02
   3.0100334e-02   4.7861396e-02
   3.3444816e-02   5.0577618e-02
   3.6789298e-02   5.3172908e-02
   4.0133779e-02   5.5662515e-02
   4.3478261e-02   5.8058452e-02
   4.6822742e-02   6.0370359e-02
   5.0167224e-02   6.2606098e-02
   5.3511706e-02   6.4772174e-02
   5.6856187e-02   6.6874029e-02
   6.0200669e-02   6.8916266e-02
   6.3545151e-02   7.0902813e-02
   6.6889632e-02   7.2837050e-02
   7.0234114e-02   7.4721908e-02
   7.3578595e-02   7.6559946e-02
   7.6923077e-02   7.8353409e-02
   8.0267559e-02   8.0104281e-02
   8.3612040e-02   8.1814322e-02
   8.6956522e-02   8.3485104e-02
   9.0301003e-02   8.5118034e-02
   9.3645485e-02   8.6714377e-02
   9.6989967e-02   8.8275278e-02
   1.0033445e-01   8.9801774e-02
   1.0367893e-01   9.1294810e-02
   1.0702341e-01   9.2755248e-02
   1.1036789e-01   9.4183880e-02
   1.1371237e-01   9.5581431e-02
   1.1705686e-01   9.6948574e-02
   1.2040134e-01   9.8285927e-02
   1.2374582e-01   9.9594067e-02
   1.2709030e-01   1.0087353e-01
   1.3043478e-01   1.0212481e-01
   1.3377926e-01   1.0334839e-01
   1.3712375e-01   1.0454470e-01
   1.4046823e-01   1.0571414e-01
   1.4381271e-01   1.0685712e-01
   1.4715719e-01   1.0797401e-01
   1.5050167e-01   1.0906514e-01
   1.5384615e-01   1.1013086e-01
   1.5719064e-01   1.1117148e-01
   1.6053512e-01   1.1218730e-01
   1.6387960e-01   1.1317861e-01
   1.6722408e-01   1.1414569e-01
   1.7056856e-01   1.1508881e-01
   1.7391304e-01   1.1600823e-01
   1.7725753e-01   1.1690419e-01
   1.8060201e-01   1.1777693e-01
   1.8394649e-01   1.1862669e-01
   1.8729097e-01   1.1945369e-01
   1.9063545e-01   1.2025816e-01
   1.9397993e-01   1.2104030e-01
   1.9732441e-01   1.2180034e-01
   2.0066890e-01   1.2253846e-01
   2.0401338e-01   1.2325488e-01
   2.0735786e-01   1.2394979e-01
   2.1070234e-01   1.2462338e-01
   2.1404682e-01   1.2527585e-01
   2.1739130e-01   1.2590737e-01
   2.2073579e-01   1.2651814e-01
   2.2408027e-01   1.2710834e-01
   2.2742475e-01   1.2767814e-01
   2.3076923e-01   1.2822772e-01
   2.3411371e-01   1.2875726e-01
   2.3745819e-01   1.2926693e-01
   2.4080268e-01   1.2975690e-01
   2.4414716e-01   1.3022735e-01
   2.4749164e-01   1.3067845e-01
   2.5083612e-01   1.3111035e-01
   2.5418060e-01   1.3152324e-01
   2.5752508e-01   1.3191727e-01
   2.6086957e-01   1.3229261e-01
   2.6421405e-01   1.3264943e-01
   2.6755853e-01   1.3298789e-01
   2.7090301e-01   1.3330815e-01
   2.7424749e-01   1.3361038e-01
   2.7759197e-01   1.3389473e-01
   2.8093645e-01   1.3416137e-01
   2.8428094e-01   1.3441046e-01
   2.8762542e-01   1.3464216e-01
   2.9096990e-01   1.3485663e-01
   2.9431438e-01   1.3505403e-01
   2.9765886e-01   1.3523453e-01
   3.0100334e-01   1.3539827e-01
   3.0434783e-01   1.3554542e-01
   3.0769231e-01   1.3567614e-01
   3.1103679e-01   1.3579058e-01
   3.1438127e-01   1.3588891e-01
   3.1772575e-01   1.3597128e-01
   3.2107023e-01   1.3603785e-01
   3.2441472e-01   1.3608879e-01
   3.2775920e-01   1.3612423e-01
   3.3110368e-01   1.3614436e-01
   3.3444816e-01   1.3614931e-01
   3.3779264e-01   1.3613925e-01
   3.4113712e-01   1.3611434e-01
   3.4448161e-01   1.3607473e-01
   3.4782609e-01   1.3602059e-01
   3.5117057e-01   1.3595205e-01
   3.5451505e-01   1.3586929e-01
   3.5785953e-01   1.3577246e-01
   3.6120401e-01   1.3566172e-01
   3.6454849e-01   1.3553722e-01
   3.6789298e-01   1.3539911e-01
   3.7123746e-01   1.3524756e-01
   3.7458194e-01   1.3508271e-01
   3.7792642e-01   1.3490473e-01
   3.8127090e-01   1.3471376e-01
   3.8461538e-01   1.3450997e-01
   3.8795987e-01   1.3429350e-01
   3.9130435e-01   1.3406452e-01
   3.9464883e-01   1.3382317e-01
   3.9799331e-01   1.3356961e-01
   4.0133779e-01   1.3330399e-01
   4.0468227e-01   1.3302647e-01
   4.0802676e-01   1.3273719e-01
   4.1137124e-01   1.3243631e-01
   4.1471572e-01   1.3212398e-01
   4.1806020e-01   1.3180036e-01
   4.2140468e-01   1.3146559e-01
   4.2474916e-01   1.3111983e-01
   4.2809365e-01   1.3076322e-01
   4.3143813e-01   1.3039591e-01
   4.3478261e-01   1.3001806e-01
   4.3812709e-01   1.2962981e-01
   4.4147157e-01   1.2923132e-01
   4.4481605e-01   1.2882272e-01
   4.4816054e-01   1.2840417e-01
   4.5150502e-01   1.2797582e-01
   4.5484950e-01   1.2753780e-01
   4.5819398e-01   1.2709027e-01
   4.6153846e-01   1.2663337e-01
   4.6488294e-01   1.2616724e-01
   4.6822742e-01   1.2569204e-01
   4.7157191e-01   1.2520789e-01
   4.7491639e-01   1.2471495e-01
   4.7826087e-01   1.2421336e-01
   4.8160535e-01   1.2370326e-01
   4.8494983e-01   1.2318478e-01
   4.8829431e-01   1.2265807e-01
   4.9163880e-01   1.2212327e-01
   4.9498328e-01   1.2158051e-01
   4.9832776e-01   1.2102994e-01
   5.0167224e-01   1.2047168e-01
   5.0501672e-01   1.1990588e-01
   5.0836120e-01   1.1933267e-01
   5.1170569e-01   1.1875218e-01
   5.1505017e-01   1.1816455e-01
   5.1839465e-01   1.1756990e-01
   5.2173913e-01   1.1696838e-01
   5.2508361e-01   1.1636011e-01
   5.2842809e-01   1.1574522e-01
   5.3177258e-01   1.1512384e-01
   5.3511706e-01   1.1449609e-01
   5.3846154e-01   1.1386211e-01
   5.4180602e-01   1.1322202e-01
   5.4515050e-01   1.1257593e-01
   5.4849498e-01   1.1192399e-01
   5.5183946e-01   1.1126630e-01
   5.5518395e-01   1.1060300e-01
   5.5852843e-01   1.0993419e-01
   5.6187291e-01   1.0926000e-01
   5.6521739e-01   1.0858055e-01
   5.6856187e-01   1.0789596e-01
   5.7190635e-01   1.0720633e-01
   5.7525084e-01   1.0651178e-01
   5.7859532e-01   1.0581244e-01
   5.8193980e-01   1.0510840e-01
   5.8528428e-01   1.0439978e-01
   5.8862876e-01   1.0368669e-01
   5.9197324e-01   1.0296924e-01
   5.9531773e-01   1.0224752e-01
   5.9866221e-01   1.0152166e-01
   6.0200669e-01   1.0079176e-01
   6.0535117e-01   1.0005791e-01
   6.0869565e-01   9.9320212e-02
   6.1204013e-01   9.8578776e-02
   6.1538462e-01   9.7833697e-02
   6.1872910e-01   9.7085072e-02
   6.2207358e-01   9.6332996e-02
   6.2541806e-01   9.5577565e-02
   6.2876254e-01   9.4818870e-02
   6.3210702e-01   9.4057005e-02
   6.3545151e-01   9.3292058e-02
   6.3879599e-01   9.2524117e-02
   6.4214047e-01   9.1753271e-02
   6.4548495e-01   9.0979605e-02
   6.4882943e-01   9.0203202e-02
   6.5217391e-01   8.9424144e-02
   6.5551839e-01   8.8642513e-02
   6.5886288e-01   8.7858387e-02
   6.6220736e-01   8.7071843e-02
   6.6555184e-01   8.6282959e-02
   6.6889632e-01   8.5491808e-02
   6.7224080e-01   8.4698461e-02
   6.7558528e-01   8.3902992e-02
   6.7892977e-01   8.3105467e-02
   6.8227425e-01   8.2305955e-02
   6.8561873e-01   8.1504522e-02
   6.8896321e-01   8.0701231e-02
   6.9230769e-01   7.9896145e-02
   6.9565217e-01   7.9089324e-02
   6.9899666e-01   7.8280826e-02
   7.0234114e-01   7.7470709e-02
   7.0568562e-01   7.6659027e-02
   7.0903010e-01   7.5845834e-02
   7.1237458e-01   7.5031180e-02
   7.1571906e-01   7.4215116e-02
   7.1906355e-01   7.3397689e-02
   7.2240803e-01   7.2578945e-02
   7.2575251e-01   7.1758927e-02
   7.2909699e-01   7.0937677e-02
   7.3244147e-01   7.0115235e-02
   7.3578595e-01   6.9291639e-02
   7.3913043e-01   6.8466925e-02
   7.4247492e-01   6.7641127e-02
   7.4581940e-01   6.6814276e-02
   7.4916388e-01   6.5986404e-02
   7.5250836e-01   6.5157538e-02
   7.5585284e-01   6.4327703e-02
   7.5919732e-01   6.3496925e-02
   7.6254181e-01   6.2665223e-02
   7.6588629e-01   6.1832619e-02
   7.6923077e-01   6.0999130e-02
   7.7257525e-01   6.0164771e-02
   7.7591973e-01   5.9329556e-02
   7.7926421e-01   5.8493495e-02
   7.8260870e-01   5.7656599e-02
   7.8595318e-01   5.6818874e-02
   7.8929766e-01   5.5980324e-02
   7.9264214e-01   5.5140953e-02
   7.9598662e-01   5.4300761e-02
   7.9933110e-01   5.3459745e-02
   8.0267559e-01   5.2617902e-02
   8.0602007e-01   5.1775226e-02
   8.0936455e-01   5.0931707e-02
   8.1270903e-01   5.0087336e-02
   8.1605351e-01   4.9242098e-02
   8.1939799e-01   4.8395978e-02
   8.2274247e-01   4.7548959e-02
   8.2608696e-01   4.6701020e-02
   8.2943144e-01   4.5852139e-02
   8.3277592e-01   4.5002291e-02
   8.3612040e-01   4.4151450e-02
   8.3946488e-01   4.3299585e-02
   8.4280936e-01   4.2446664e-02
   8.4615385e-01   4.1592654e-02
   8.4949833e-01   4.0737517e-02
   8.5284281e-01   3.9881214e-02
   8.5618729e-01   3.9023704e-02
   8.5953177e-01   3.8164943e-02
   8.6287625e-01   3.7304884e-02
   8.6622074e-01   3.6443477e-02
   8.6956522e-01   3.5580672e-02
   8.7290970e-01   3.4716415e-02
   8.7625418e-01   3.3850648e-02
   8.7959866e-01   3.2983313e-02
   8.8294314e-01   3.2114349e-02
   8.8628763e-01   3.1243690e-02
   8.8963211e-01   3.0371270e-02
   8.9297659e-01   2.9497020e-02
   8.9632107e-01   2.8620869e-02
   8.9966555e-01   2.7742740e-02
   9.0301003e-01   2.6862558e-02
   9.0635452e-01   2.5980242e-02
   9.0969900e-01   2.5095710e-02
   9.1304348e-01   2.4208877e-02
   9.1638796e-01   2.3319655e-02
   9.1973244e-01   2.2427954e-02
   9.2307692e-01   2.1533680e-02
   9.2642140e-01   2.0636739e-02
   9.2976589e-01   1.9737030e-02
   9.3311037e-01   1.8834453e-02
   9.3645485e-01   1.7928904e-02
   9.3979933e-01   1.7020276e-02
   9.4314381e-01   1.6108460e-02
   9.4648829e-01   1.5193343e-02
   9.4983278e-01   1.4274811e-02
   9.5317726e-01   1.3352744e-02
   9.5652174e-01   1.2427023e-02
   9.5986622e-01   1.1497525e-02
   9.6321070e-01   1.0564122e-02
   9.6655518e-01   9.6266854e-03
   9.6989967e-01   8.6850835e-03
   9.7324415e-01   7.7391812e-03
   9.7658863e-01   6.7888405e-03
   9.7993311e-01   5.8339210e-03
   9.8327759e-01   4.8742789e-03
   9.8662207e-01   3.9097678e-03
   9.8996656e-01   2.9402382e-03
   9.9331104e-01   1.9655377e-03
   9.9665552e-01   9.8551108e-04
   1.0000000e+00   0.0000000e+00
   1.0000000e+00  -0.0000000e+00
   9.9665552e-01  -1.2970225e-04
   9.9331104e-01  -2.7195912e-04
   9.8996656e-01  -4.2652810e-04
   9.8662207e-01  -5.9316883e-04
   9.8327759e-01  -7.7164309e-04
   9.7993311e-01  -9.6171484e-04
   9.7658863e-01  -1.1631502e-03
   9.7324415e-01  -1.3757173e-03
   9.6989967e-01  -1.5991865e-03
   9.6655518e-01  -1.8333304e-03
   9.6321070e-01  -2.0779234e-03
   9.5986622e-01  -2.3327423e-03
   9.5652174e-01  -2.5975658e-03
   9.5317726e-01  -2.8721748e-03
   9.4983278e-01  -3.1563524e-03
   9.4648829e-01  -3.4498834e-03
   9.4314381e-01  -3.7525550e-03
   9.3979933e-01  -4.0641564e-03
   9.3645485e-01  -4.3844788e-03
   9.3311037e-01  -4.7133154e-03
   9.2976589e-01  -5.0504616e-03
   9.2642140e-01  -5.3957146e-03
   9.2307692e-01  -5.7488738e-03
   9.1973244e-01  -6.1097406e-03
   9.1638796e-01  -6.4781184e-03
   9.1304348e-01  -6.8538125e-03
   9.0969900e-01  -7.2366302e-03
   9.0635452e-01  -7.6263810e-03
   9.0301003e-01  -8.0228762e-03
   8.9966555e-01  -8.4259290e-03
   8.9632107e-01  -8.8353547e-03
   8.9297659e-01  -9.2509705e-03
   8.8963211e-01  -9.6725955e-03
   8.8628763e-01  -1.0100051e-02
   8.8294314e-01  -1.0533160e-02
   8.7959866e-01  -1.0971747e-02
   8.7625418e-01  -1.1415639e-02
   8.7290970e-01  -1.1864665e-02
   8.6956522e-01  -1.2318656e-02
   8.6622074e-01  -1.2777444e-02
   8.6287625e-01  -1.3240863e-02
   8.5953177e-01  -1.3708750e-02
   8.5618729e-01  -1.4180943e-02
   8.5284281e-01  -1.4657282e-02
   8.4949833e-01  -1.5137608e-02
   8.4615385e-01  -1.5621766e-02
   8.4280936e-01  -1.6109602e-02
   8.3946488e-01  -1.6600961e-02
   8.3612040e-01  -1.7095694e-02
   8.3277592e-01  -1.7593651e-02
   8.2943144e-01  -1.8094686e-02
   8.2608696e-01  -1.8598652e-02
   8.2274247e-01  -1.9105406e-02
   8.1939799e-01  -1.9614806e-02
   8.1605351e-01  -2.0126712e-02
   8.1270903e-01  -2.0640986e-02
   8.0936455e-01  -2.1157491e-02
   8.0602007e-01  -2.1676091e-02
   8.0267559e-01  -2.2196654e-02
   7.9933110e-01  -2.2719048e-02
   7.9598662e-01  -2.3243143e-02
   7.9264214e-01  -2.3768812e-02
   7.8929766e-01  -2.4295928e-02
   7.8595318e-01  -2.4824365e-02
   7.8260870e-01  -2.5354002e-02
   7.7926421e-01  -2.5884716e-02
   7.7591973e-01  -2.6416388e-02
   7.7257525e-01  -2.6948900e-02
   7.6923077e-01  -2.7482135e-02
   7.6588629e-01  -2.8015978e-02
   7.6254181e-01  -2.8550316e-02
   7.5919732e-01  -2.9085038e-02
   7.5585284e-01  -2.9620033e-02
   7.5250836e-01  -3.0155193e-02
   7.4916388e-01  -3.0690410e-02
   7.4581940e-01  -3.1225580e-02
   7.4247492e-01  -3.1760599e-02
   7.3913043e-01  -3.2295364e-02
   7.3578595e-01  -3.2829775e-02
   7.3244147e-01  -3.3363732e-02
   7.2909699e-01  -3.3897138e-02
   7.2575251e-01  -3.4429896e-02
   7.2240803e-01  -3.4961912e-02
   7.1906355e-01  -3.5493093e-02
   7.1571906e-01  -3.6023346e-02
   7.1237458e-01  -3.6552582e-02
   7.0903010e-01  -3.7080711e-02
   7.0568562e-01  -3.7607646e-02
   7.0234114e-01  -3.8133301e-02
   6.9899666e-01  -3.8657591e-02
   6.9565217e-01  -3.9180433e-02
   6.9230769e-01  -3.9701746e-02
   6.8896321e-01  -4.0221448e-02
   6.8561873e-01  -4.0739461e-02
   6.8227425e-01  -4.1255708e-02
   6.7892977e-01  -4.1770110e-02
   6.7558528e-01  -4.2282595e-02
   6.7224080e-01  -4.2793087e-02
   6.6889632e-01  -4.3301514e-02
   6.6555184e-01  -4.3807806e-02
   6.6220736e-01  -4.4311892e-02
   6.5886288e-01  -4.4813703e-02
   6.5551839e-01  -4.5313174e-02
   6.5217391e-01  -4.5810236e-02
   6.4882943e-01  -4.6304826e-02
   6.4548495e-01  -4.6796880e-02
   6.4214047e-01  -4.7286336e-02
   6.3879599e-01  -4.7773132e-02
   6.3545151e-01  -4.8257207e-02
   6.3210702e-01  -4.8738505e-02
   6.2876254e-01  -4.9216966e-02
   6.2541806e-01  -4.9692534e-02
   6.2207358e-01  -5.0165153e-02
   6.1872910e-01  -5.0634770e-02
   6.1538462e-01  -5.1101331e-02
   6.1204013e-01  -5.1564783e-02
   6.0869565e-01  -5.2025077e-02
   6.0535117e-01  -5.2482161e-02
   6.0200669e-01  -5.2935987e-02
   5.9866221e-01  -5.3386507e-02
   5.9531773e-01  -5.3833674e-02
   5.9197324e-01  -5.4277442e-02
   5.8862876e-01  -5.4717766e-02
   5.8528428e-01  -5.5154602e-02
   5.8193980e-01  -5.5587908e-02
   5.7859532e-01  -5.6017640e-02
   5.7525084e-01  -5.6443758e-02
   5.7190635e-01  -5.6866221e-02
   5.6856187e-01  -5.7284991e-02
   5.6521739e-01  -5.7700029e-02
   5.6187291e-01  -5.8111296e-02
   5.5852843e-01  -5.8518757e-02
   5.5518395e-01  -5.8922375e-02
   5.5183946e-01  -5.9322115e-02
   5.4849498e-01  -5.9717943e-02
   5.4515050e-01  -6.0109825e-02
   5.4180602e-01  -6.0497729e-02
   5.3846154e-01  -6.0881621e-02
   5.3511706e-01  -6.1261471e-02
   5.3177258e-01  -6.1637248e-02
   5.2842809e-01  -6.2008922e-02
   5.2508361e-01  -6.2376464e-02
   5.2173913e-01  -6.2739844e-02
   5.1839465e-01  -6.3099035e-02
   5.1505017e-01  -6.3454009e-02
   5.1170569e-01  -6.3804740e-02
   5.0836120e-01  -6.4151200e-02
   5.0501672e-01  -6.4493364e-02
   5.0167224e-01  -6.4831207e-02
   4.9832776e-01  -6.5164703e-02
   4.9498328e-01  -6.5493829e-02
   4.9163880e-01  -6.5818560e-02
   4.8829431e-01  -6.6138873e-02
   4.8494983e-01  -6.6454745e-02
   4.8160535e-01  -6.6766152e-02
   4.7826087e-01  -6.7073074e-02
   4.7491639e-01  -6.7375487e-02
   4.7157191e-01  -6.7673369e-02
   4.6822742e-01  -6.7966701e-02
   4.6488294e-01  -6.8255459e-02
   4.6153846e-01  -6.8539623e-02
   4.5819398e-01  -6.8819173e-02
   4.5484950e-01  -6.9094087e-02
   4.5150502e-01  -6.9364346e-02
   4.4816054e-01  -6.9629928e-02
   4.4481605e-01  -6.9890813e-02
   4.4147157e-01  -7.0146982e-02
   4.3812709e-01  -7.0398414e-02
   4.3478261e-01  -7.0645089e-02
   4.3143813e-01  -7.0886986e-02
   4.2809365e-01  -7.1124085e-02
   4.2474916e-01  -7.1356366e-02
   4.2140468e-01  -7.1583809e-02
   4.1806020e-01  -7.1806391e-02
   4.1471572e-01  -7.2024093e-02
   4.1137124e-01  -7.2236892e-02
   4.0802676e-01  -7.2444769e-02
   4.0468227e-01  -7.2647700e-02
   4.0133779e-01  -7.2845663e-02
   3.9799331e-01  -7.3038637e-02
   3.9464883e-01  -7.3226597e-02
   3.9130435e-01  -7.3409521e-02
   3.8795987e-01  -7.3587383e-02
   3.8461538e-01  -7.3760161e-02
   3.8127090e-01  -7.3927827e-02
   3.7792642e-01  -7.4090357e-02
   3.7458194e-01  -7.4247723e-02
   3.7123746e-01  -7.4399899e-02
   3.6789298e-01  -7.4546855e-02
   3.6454849e-01  -7.4688564e-02
   3.6120401e-01  -7.4824994e-02
   3.5785953e-01  -7.4956114e-02
   3.5451505e-01  -7.5081893e-02
   3.5117057e-01  -7.5202298e-02
   3.4782609e-01  -7.5317293e-02
   3.4448161e-01  -7.5426844e-02
   3.4113712e-01  -7.5530913e-02
   3.3779264e-01  -7.5629462e-02
   3.3444816e-01  -7.5722452e-02
   3.3110368e-01  -7.5809841e-02
   3.2775920e-01  -7.5891586e-02
   3.2441472e-01  -7.5967643e-02
   3.2107023e-01  -7.6037966e-02
   3.1772575e-01  -7.6102507e-02
   3.1438127e-01  -7.6161216e-02
   3.1103679e-01  -7.6214040e-02
   3.0769231e-01  -7.6260926e-02
   3.0434783e-01  -7.6301818e-02
   3.0100334e-01  -7.6336656e-02
   2.9765886e-01  -7.6365380e-02
   2.9431438e-01  -7.6387927e-02
   2.9096990e-01  -7.6404230e-02
   2.8762542e-01  -7.6414221e-02
   2.8428094e-01  -7.6417827e-02
   2.8093645e-01  -7.6414974e-02
   2.7759197e-01  -7.6405584e-02
   2.7424749e-01  -7.6389575e-02
   2.7090301e-01  -7.6366864e-02
   2.6755853e-01  -7.6337362e-02
   2.6421405e-01  -7.6300976e-02
   2.6086957e-01  -7.6257611e-02
   2.5752508e-01  -7.6207167e-02
   2.5418060e-01  -7.6149539e-02
   2.5083612e-01  -7.6084619e-02
   2.4749164e-01  -7.6012293e-02
   2.4414716e-01  -7.5932442e-02
   2.4080268e-01  -7.5844943e-02
   2.3745819e-01  -7.5749666e-02
   2.3411371e-01  -7.5646477e-02
   2.3076923e-01  -7.5535235e-02
   2.2742475e-01  -7.5415794e-02
   2.2408027e-01  -7.5287998e-02
   2.2073579e-01  -7.5151689e-02
   2.1739130e-01  -7.5006698e-02
   2.1404682e-01  -7.4852850e-02
   2.1070234e-01  -7.4689962e-02
   2.0735786e-01  -7.4517842e-02
   2.0401338e-01  -7.4336290e-02
   2.0066890e-01  -7.4145095e-02
   1.9732441e-01  -7.3944039e-02
   1.9397993e-01  -7.3732891e-02
   1.9063545e-01  -7.3511410e-02
   1.8729097e-01  -7.3279343e-02
   1.8394649e-01  -7.3036427e-02
   1.8060201e-01  -7.2782381e-02
   1.7725753e-01  -7.2516916e-02
   1.7391304e-01  -7.2239725e-02
   1.7056856e-01  -7.1950486e-02
   1.6722408e-01  -7.1648860e-02
   1.6387960e-01  -7.1334493e-02
   1.6053512e-01  -7.1007009e-02
   1.5719064e-01  -7.0666013e-02
   1.5384615e-01  -7.0311090e-02
   1.5050167e-01  -6.9941801e-02
   1.4715719e-01  -6.9557682e-02
   1.4381271e-01  -6.9158243e-02
   1.4046823e-01  -6.8742966e-02
   1.3712375e-01  -6.8311302e-02
   1.3377926e-01  -6.7862670e-02
   1.3043478e-01  -6.7396452e-02
   1.2709030e-01  -6.6911991e-02
   1.2374582e-01  -6.6408589e-02
   1.2040134e-01  -6.5885502e-02
   1.1705686e-01  -6.5341935e-02
   1.1371237e-01  -6.4777041e-02
   1.1036789e-01  -6.4189909e-02
   1.0702341e-01  -6.3579565e-02
   1.0367893e-01  -6.2944960e-02
   1.0033445e-01  -6.2284967e-02
   9.6989967e-02  -6.1598365e-02
   9.3645485e-02  -6.0883837e-02
   9.0301003e-02  -6.0139952e-02
   8.6956522e-02  -5.9365152e-02
   8.3612040e-02  -5.8557738e-02
   8.0267559e-02  -5.7715849e-02
   7.6923077e-02  -5.6837438e-02
   7.3578595e-02  -5.5920249e-02
   7.0234114e-02  -5.4961779e-02
   6.6889632e-02  -5.3959241e-02
   6.3545151e-02  -5.2909515e-02
   6.0200669e-02  -5.1809088e-02
   5.6856187e-02  -5.0653979e-02
   5.3511706e-02  -4.9439641e-02
   5.0167224e-02  -4.8160842e-02
   4.6822742e-02  -4.6811507e-02
   4.3478261e-02  -4.5384502e-02
   4.0133779e-02  -4.3871356e-02
   3.6789298e-02  -4.2261866e-02
   3.3444816e-02  -4.0543539e-02
   3.0100334e-02  -3.8700786e-02
   2.6755853e-02  -3.6713690e-02
   2.3411371e-02  -3.4556067e-02
   2.0066890e-02  -3.2192223e-02
   1.6722408e-02  -2.9571157e-02
   1.3377926e-02  -2.6615171e-02
   1.0033445e-02  -2.3194441e-02
   6.6889632e-03  -1.9057699e-02
   3.3444816e-03  -1.3561129e-02
   0.0000000e+00   0.0000000e+00
