   0.0000000e+00   0.0000000e+00
   3.3444816e-03   1.0084244e-02
   6.6889632e-03   1.4328385e-02
   1.0033445e-02   1.7629090e-02
   1.3377926e-02   2.0447266e-02
   1.6722408e-02   2.2960218e-02
   2.0066890e-02   2.5258233e-02
   2.3411371e-02   2.7394543e-02
   2.6755853e-02   2.9403553e-02
   3.0100334e-02   3.1308962e-02
   3.3444816e-02   3.3127872e-02
   3.6789298e-02   3.4873071e-02
   4.0133779e-02   3.6554399e-02
   4.3478261e-02   3.8179599e-02
   4.6822742e-02   3.9754884e-02
   5.0167224e-02   4.1285314e-02
   5.3511706e-02   4.2775073e-02
   5.6856187e-02   4.4227652e-02
   6.0200669e-02   4.5646003e-02
   6.3545151e-02   4.7032636e-02
   6.6889632e-02   4.8389709e-02
   7.0234114e-02   4.9719084e-02
   7.3578595e-02   5.1022381e-02
   7.6923077e-02   5.2301018e-02
   8.0267559e-02   5.3556239e-02
   8.3612040e-02   5.4789145e-02
   8.6956522e-02   5.6000710e-02
   9.0301003e-02   5.7191801e-02
   9.3645485e-02   5.8363193e-02
   9.6989967e-02   5.9515578e-02
   1.0033445e-01   6.0649581e-02
   1.0367893e-01   6.1765762e-02
   1.0702341e-01   6.2864628e-02
   1.1036789e-01   6.3946638e-02
   1.1371237e-01   6.5012208e-02
   1.1705686e-01   6.6061715e-02
   1.2040134e-01   6.7095505e-02
   1.2374582e-01   6.8113890e-02
   1.2709030e-01   6.9117159e-02
   1.3043478e-01   7.0105572e-02
   1.3377926e-01   7.1079371e-02
   1.3712375e-01   7.2038777e-02
   1.4046823e-01   7.2983991e-02
   1.4381271e-01   7.3915201e-02
   1.4715719e-01   7.4832579e-02
   1.5050167e-01   7.5736282e-02
   1.5384615e-01   7.6626457e-02
   1.5719064e-01   7.7503239e-02
   1.6053512e-01   7.8366753e-02
   1.6387960e-01   7.9217116e-02
   1.6722408e-01   8.0054434e-02
   1.7056856e-01   8.0878807e-02
   1.7391304e-01   8.1690328e-02
   1.7725753e-01   8.2489084e-02
   1.8060201e-01   8.3275154e-02
   1.8394649e-01   8.4048613e-02
   1.8729097e-01   8.4809531e-02
   1.9063545e-01   8.5557974e-02
   1.9397993e-01   8.6294002e-02
   1.9732441e-01   8.7017673e-02
   2.0066890e-01   8.7729041e-02
   2.0401338e-01   8.8428157e-02
   2.0735786e-01   8.9115067e-02
   2.1070234e-01   8.9789816e-02
   2.1404682e-01   9.0452448e-02
   2.1739130e-01   9.1103002e-02
   2.2073579e-01   9.1741516e-02
   2.2408027e-01   9.2368027e-02
   2.2742475e-01   9.2982568e-02
   2.3076923e-01   9.3585172e-02
   2.3411371e-01   9.4175871e-02
   2.3745819e-01   9.4754695e-02
   2.4080268e-01   9.5321672e-02
   2.4414716e-01   9.5876831e-02
   2.4749164e-01   9.6420198e-02
   2.5083612e-01   9.6951799e-02
   2.5418060e-01   9.7471660e-02
   2.5752508e-01   9.7979805e-02
   2.6086957e-01   9.8476257e-02
   2.6421405e-01   9.8961041e-02
   2.6755853e-01   9.9434179e-02
   2.7090301e-01   9.9895694e-02
   2.7424749e-01   1.0034561e-01
   2.7759197e-01   1.0078394e-01
   2.8093645e-01   1.0121072e-01
   2.8428094e-01   1.0162596e-01
   2.8762542e-01   1.0202969e-01
   2.9096990e-01   1.0242192e-01
   2.9431438e-01   1.0280269e-01
   2.9765886e-01   1.0317200e-01
   3.0100334e-01   1.0352989e-01
   3.0434783e-01   1.0387636e-01
   3.0769231e-01   1.0421146e-01
   3.1103679e-01   1.0453519e-01
   3.1438127e-01   1.0484757e-01
   3.1772575e-01   1.0514864e-01
   3.2107023e-01   1.0543841e-01
   3.2441472e-01   1.0571691e-01
   3.2775920e-01   1.0598416e-01
   3.3110368e-01   1.0624017e-01
   3.3444816e-01   1.0648499e-01
   3.3779264e-01   1.0671862e-01
   3.4113712e-01   1.0694110e-01
   3.4448161e-01   1.0715244e-01
   3.4782609e-01   1.0735268e-01
   3.5117057e-01   1.0754183e-01
   3.5451505e-01   1.0771993e-01
   3.5785953e-01   1.0788700e-01
   3.6120401e-01   1.0804307e-01
   3.6454849e-01   1.0818816e-01
   3.6789298e-01   1.0832230e-01
   3.7123746e-01   1.0844552e-01
   3.7458194e-01   1.0855785e-01
   3.7792642e-01   1.0865932e-01
   3.8127090e-01   1.0874995e-01
   3.8461538e-01   1.0882978e-01
   3.8795987e-01   1.0889884e-01
   3.9130435e-01   1.0895716e-01
   3.9464883e-01   1.0900476e-01
   3.9799331e-01   1.0904169e-01
   4.0133779e-01   1.0906797e-01
   4.0468227e-01   1.0908364e-01
   4.0802676e-01   1.0908873e-01
   4.1137124e-01   1.0908328e-01
   4.1471572e-01   1.0906732e-01
   4.1806020e-01   1.0904088e-01
   4.2140468e-01   1.0900400e-01
   4.2474916e-01   1.0895673e-01
   4.2809365e-01   1.0889909e-01
   4.3143813e-01   1.0883112e-01
   4.3478261e-01   1.0875286e-01
   4.3812709e-01   1.0866436e-01
   4.4147157e-01   1.0856564e-01
   4.4481605e-01   1.0845675e-01
   4.4816054e-01   1.0833774e-01
   4.5150502e-01   1.0820863e-01
   4.5484950e-01   1.0806948e-01
   4.5819398e-01   1.0792032e-01
   4.6153846e-01   1.0776120e-01
   4.6488294e-01   1.0759217e-01
   4.6822742e-01   1.0741326e-01
   4.7157191e-01   1.0722452e-01
   4.7491639e-01   1.0702600e-01
   4.7826087e-01   1.0681775e-01
   4.8160535e-01   1.0659980e-01
   4.8494983e-01   1.0637220e-01
   4.8829431e-01   1.0613502e-01
   4.9163880e-01   1.0588828e-01
   4.9498328e-01   1.0563205e-01
   4.9832776e-01   1.0536637e-01
   5.0167224e-01   1.0509129e-01
   5.0501672e-01   1.0480686e-01
   5.0836120e-01   1.0451313e-01
   5.1170569e-01   1.0421017e-01
   5.1505017e-01   1.0389801e-01
   5.1839465e-01   1.0357671e-01
   5.2173913e-01   1.0324633e-01
   5.2508361e-01   1.0290692e-01
   5.2842809e-01   1.0255853e-01
   5.3177258e-01   1.0220123e-01
   5.3511706e-01   1.0183506e-01
   5.3846154e-01   1.0146009e-01
   5.4180602e-01   1.0107637e-01
   5.4515050e-01   1.0068396e-01
   5.4849498e-01   1.0028292e-01
   5.5183946e-01   9.9873308e-02
   5.5518395e-01   9.9455183e-02
   5.5852843e-01   9.9028608e-02
   5.6187291e-01   9.8593642e-02
   5.6521739e-01   9.8150348e-02
   5.6856187e-01   9.7698789e-02
   5.7190635e-01   9.7239026e-02
   5.7525084e-01   9.6771125e-02
   5.7859532e-01   9.6295148e-02
   5.8193980e-01   9.5811161e-02
   5.8528428e-01   9.5319229e-02
   5.8862876e-01   9.4819418e-02
   5.9197324e-01   9.4311795e-02
   5.9531773e-01   9.3796426e-02
   5.9866221e-01   9.3273380e-02
   6.0200669e-01   9.2742726e-02
   6.0535117e-01   9.2204531e-02
   6.0869565e-01   9.1658865e-02
   6.1204013e-01   9.1105800e-02
   6.1538462e-01   9.0545405e-02
   6.1872910e-01   8.9977751e-02
   6.2207358e-01   8.9402912e-02
   6.2541806e-01   8.8820958e-02
   6.2876254e-01   8.8231964e-02
   6.3210702e-01   8.7636003e-02
   6.3545151e-01   8.7033149e-02
   6.3879599e-01   8.6423478e-02
   6.4214047e-01   8.5807064e-02
   6.4548495e-01   8.5183984e-02
   6.4882943e-01   8.4554314e-02
   6.5217391e-01   8.3918132e-02
   6.5551839e-01   8.3275515e-02
   6.5886288e-01   8.2626542e-02
   6.6220736e-01   8.1971291e-02
   6.6555184e-01   8.1309843e-02
   6.6889632e-01   8.0642277e-02
   6.7224080e-01   7.9968675e-02
   6.7558528e-01   7.9289116e-02
   6.7892977e-01   7.8603684e-02
   6.8227425e-01   7.7912460e-02
   6.8561873e-01   7.7215528e-02
   6.8896321e-01   7.6512970e-02
   6.9230769e-01   7.5804872e-02
   6.9565217e-01   7.5091318e-02
   6.9899666e-01   7.4372394e-02
   7.0234114e-01   7.3648184e-02
   7.0568562e-01   7.2918776e-02
   7.0903010e-01   7.2184256e-02
   7.1237458e-01   7.1444712e-02
   7.1571906e-01   7.0700233e-02
   7.1906355e-01   6.9950906e-02
   7.2240803e-01   6.9196821e-02
   7.2575251e-01   6.8438069e-02
   7.2909699e-01   6.7674738e-02
   7.3244147e-01   6.6906921e-02
   7.3578595e-01   6.6134708e-02
   7.3913043e-01   6.5358191e-02
   7.4247492e-01   6.4577465e-02
   7.4581940e-01   6.3792620e-02
   7.4916388e-01   6.3003752e-02
   7.5250836e-01   6.2210954e-02
   7.5585284e-01   6.1414321e-02
   7.5919732e-01   6.0613949e-02
   7.6254181e-01   5.9809933e-02
   7.6588629e-01   5.9002371e-02
   7.6923077e-01   5.8191359e-02
   7.7257525e-01   5.7376994e-02
   7.7591973e-01   5.6559375e-02
   7.7926421e-01   5.5738600e-02
   7.8260870e-01   5.4914769e-02
   7.8595318e-01   5.4087982e-02
   7.8929766e-01   5.3258338e-02
   7.9264214e-01   5.2425939e-02
   7.9598662e-01   5.1590886e-02
   7.9933110e-01   5.0753281e-02
   8.0267559e-01   4.9913227e-02
   8.0602007e-01   4.9070826e-02
   8.0936455e-01   4.8226182e-02
   8.1270903e-01   4.7379400e-02
   8.1605351e-01   4.6530583e-02
   8.1939799e-01   4.5679837e-02
   8.2274247e-01   4.4827269e-02
   8.2608696e-01   4.3972983e-02
   8.2943144e-01   4.3117087e-02
   8.3277592e-01   4.2259688e-02
   8.3612040e-01   4.1400895e-02
   8.3946488e-01   4.0540815e-02
   8.4280936e-01   3.9679557e-02
   8.4615385e-01   3.8817231e-02
   8.4949833e-01   3.7953947e-02
   8.5284281e-01   3.7089815e-02
   8.5618729e-01   3.6224947e-02
   8.5953177e-01   3.5359454e-02
   8.6287625e-01   3.4493448e-02
   8.6622074e-01   3.3627042e-02
   8.6956522e-01   3.2760349e-02
   8.7290970e-01   3.1893483e-02
   8.7625418e-01   3.1026557e-02
   8.7959866e-01   3.0159687e-02
   8.8294314e-01   2.9292988e-02
   8.8628763e-01   2.8426575e-02
   8.8963211e-01   2.7560566e-02
   8.9297659e-01   2.6695076e-02
   8.9632107e-01   2.5830224e-02
   8.9966555e-01   2.4966126e-02
   9.0301003e-01   2.4102902e-02
   9.0635452e-01   2.3240671e-02
   9.0969900e-01   2.2379551e-02
   9.1304348e-01   2.1519663e-02
   9.1638796e-01   2.0661126e-02
   9.1973244e-01   1.9804063e-02
   9.2307692e-01   1.8948595e-02
   9.2642140e-01   1.8094843e-02
   9.2976589e-01   1.7242931e-02
   9.3311037e-01   1.6392980e-02
   9.3645485e-01   1.5545116e-02
   9.3979933e-01   1.4699460e-02
   9.4314381e-01   1.3856140e-02
   9.4648829e-01   1.3015278e-02
   9.4983278e-01   1.2177002e-02
   9.5317726e-01   1.1341437e-02
   9.5652174e-01   1.0508709e-02
   9.5986622e-01   9.6789463e-03
   9.6321070e-01   8.8522758e-03
   9.6655518e-01   8.0288258e-03
   9.6989967e-01   7.2087249e-03
   9.7324415e-01   6.3921023e-03
   9.7658863e-01   5.5790875e-03
   9.7993311e-01   4.7698108e-03
   9.8327759e-01   3.9644027e-03
   9.8662207e-01   3.1629945e-03
   9.8996656e-01   2.3657177e-03
   9.9331104e-01   1.5727045e-03
   9.9665552e-01   7.8408754e-04
   1.0000000e+00   0.0000000e+00
   1.0000000e+00   0.0000000e+00
   9.9665552e-01   3.7661506e-04
   9.9331104e-01   7.2598247e-04
   9.8996656e-01   1.0486529e-03
   9.8662207e-01   1.3451715e-03
   9.8327759e-01   1.6160785e-03
   9.7993311e-01   1.8619085e-03
   9.7658863e-01   2.0831910e-03
   9.7324415e-01   2.2804502e-03
   9.6989967e-01   2.4542051e-03
   9.6655518e-01   2.6049695e-03
   9.6321070e-01   2.7332519e-03
   9.5986622e-01   2.8395556e-03
   9.5652174e-01   2.9243790e-03
   9.5317726e-01   2.9882151e-03
   9.4983278e-01   3.0315517e-03
   9.4648829e-01   3.0548718e-03
   9.4314381e-01   3.0586529e-03
   9.3979933e-01   3.0433677e-03
   9.3645485e-01   3.0094838e-03
   9.3311037e-01   2.9574636e-03
   9.2976589e-01   2.8877646e-03
   9.2642140e-01   2.8008393e-03
   9.2307692e-01   2.6971349e-03
   9.1973244e-01   2.5770941e-03
   9.1638796e-01   2.4411542e-03
   9.1304348e-01   2.2897478e-03
   9.0969900e-01   2.1233025e-03
   9.0635452e-01   1.9422408e-03
   9.0301003e-01   1.7469807e-03
   8.9966555e-01   1.5379349e-03
   8.9632107e-01   1.3155115e-03
   8.9297659e-01   1.0801135e-03
   8.8963211e-01   8.3213944e-04
   8.8628763e-01   5.7198270e-04
   8.8294314e-01   3.0003200e-04
   8.7959866e-01   1.6671269e-05
   8.7625418e-01  -2.7772032e-04
   8.7290970e-01  -5.8276836e-04
   8.6956522e-01  -8.9810316e-04
   8.6622074e-01  -1.2233597e-03
   8.6287625e-01  -1.5581778e-03
   8.5953177e-01  -1.9022018e-03
   8.5618729e-01  -2.2550807e-03
   8.5284281e-01  -2.6164683e-03
   8.4949833e-01  -2.9860228e-03
   8.4615385e-01  -3.3634071e-03
   8.4280936e-01  -3.7482888e-03
   8.3946488e-01  -4.1403399e-03
   8.3612040e-01  -4.5392370e-03
   8.3277592e-01  -4.9446613e-03
   8.2943144e-01  -5.3562985e-03
   8.2608696e-01  -5.7738386e-03
   8.2274247e-01  -6.1969763e-03
   8.1939799e-01  -6.6254107e-03
   8.1605351e-01  -7.0588453e-03
   8.1270903e-01  -7.4969881e-03
   8.0936455e-01  -7.9395513e-03
   8.0602007e-01  -8.3862517e-03
   8.0267559e-01  -8.8368103e-03
   7.9933110e-01  -9.2909526e-03
   7.9598662e-01  -9.7484084e-03
   7.9264214e-01  -1.0208912e-02
   7.8929766e-01  -1.0672201e-02
   7.8595318e-01  -1.1138018e-02
   7.8260870e-01  -1.1606111e-02
   7.7926421e-01  -1.2076230e-02
   7.7591973e-01  -1.2548130e-02
   7.7257525e-01  -1.3021572e-02
   7.6923077e-01  -1.3496318e-02
   7.6588629e-01  -1.3972137e-02
   7.6254181e-01  -1.4448800e-02
   7.5919732e-01  -1.4926083e-02
   7.5585284e-01  -1.5403767e-02
   7.5250836e-01  -1.5881636e-02
   7.4916388e-01  -1.6359477e-02
   7.4581940e-01  -1.6837084e-02
   7.4247492e-01  -1.7314251e-02
   7.3913043e-01  -1.7790781e-02
   7.3578595e-01  -1.8266476e-02
   7.3244147e-01  -1.8741145e-02
   7.2909699e-01  -1.9214599e-02
   7.2575251e-01  -1.9686656e-02
   7.2240803e-01  -2.0157134e-02
   7.1906355e-01  -2.0625858e-02
   7.1571906e-01  -2.1092654e-02
   7.1237458e-01  -2.1557355e-02
   7.0903010e-01  -2.2019795e-02
   7.0568562e-01  -2.2479813e-02
   7.0234114e-01  -2.2937253e-02
   6.9899666e-01  -2.3391959e-02
   6.9565217e-01  -2.3843783e-02
   6.9230769e-01  -2.4292578e-02
   6.8896321e-01  -2.4738202e-02
   6.8561873e-01  -2.5180515e-02
   6.8227425e-01  -2.5619383e-02
   6.7892977e-01  -2.6054673e-02
   6.7558528e-01  -2.6486258e-02
   6.7224080e-01  -2.6914013e-02
   6.6889632e-01  -2.7337816e-02
   6.6555184e-01  -2.7757551e-02
   6.6220736e-01  -2.8173103e-02
   6.5886288e-01  -2.8584362e-02
   6.5551839e-01  -2.8991219e-02
   6.5217391e-01  -2.9393572e-02
   6.4882943e-01  -2.9791321e-02
   6.4548495e-01  -3.0184367e-02
   6.4214047e-01  -3.0572618e-02
   6.3879599e-01  -3.0955982e-02
   6.3545151e-01  -3.1334374e-02
   6.3210702e-01  -3.1707708e-02
   6.2876254e-01  -3.2075904e-02
   6.2541806e-01  -3.2438886e-02
   6.2207358e-01  -3.2796578e-02
   6.1872910e-01  -3.3148909e-02
   6.1538462e-01  -3.3495812e-02
   6.1204013e-01  -3.3837222e-02
   6.0869565e-01  -3.4173077e-02
   6.0535117e-01  -3.4503319e-02
   6.0200669e-01  -3.4827891e-02
   5.9866221e-01  -3.5146742e-02
   5.9531773e-01  -3.5459821e-02
   5.9197324e-01  -3.5767082e-02
   5.8862876e-01  -3.6068480e-02
   5.8528428e-01  -3.6363976e-02
   5.8193980e-01  -3.6653531e-02
   5.7859532e-01  -3.6937110e-02
   5.7525084e-01  -3.7214681e-02
   5.7190635e-01  -3.7486214e-02
   5.6856187e-01  -3.7751682e-02
   5.6521739e-01  -3.8011061e-02
   5.6187291e-01  -3.8264330e-02
   5.5852843e-01  -3.8511470e-02
   5.5518395e-01  -3.8752466e-02
   5.5183946e-01  -3.8987303e-02
   5.4849498e-01  -3.9215970e-02
   5.4515050e-01  -3.9438461e-02
   5.4180602e-01  -3.9654768e-02
   5.3846154e-01  -3.9864889e-02
   5.3511706e-01  -4.0068822e-02
   5.3177258e-01  -4.0266570e-02
   5.2842809e-01  -4.0458136e-02
   5.2508361e-01  -4.0643527e-02
   5.2173913e-01  -4.0822752e-02
   5.1839465e-01  -4.0995821e-02
   5.1505017e-01  -4.1162748e-02
   5.1170569e-01  -4.1323549e-02
   5.0836120e-01  -4.1478241e-02
   5.0501672e-01  -4.1626844e-02
   5.0167224e-01  -4.1769380e-02
   4.9832776e-01  -4.1905874e-02
   4.9498328e-01  -4.2036352e-02
   4.9163880e-01  -4.2160842e-02
   4.8829431e-01  -4.2279374e-02
   4.8494983e-01  -4.2391981e-02
   4.8160535e-01  -4.2498697e-02
   4.7826087e-01  -4.2599558e-02
   4.7491639e-01  -4.2694602e-02
   4.7157191e-01  -4.2783868e-02
   4.6822742e-01  -4.2867399e-02
   4.6488294e-01  -4.2945238e-02
   4.6153846e-01  -4.3017429e-02
   4.5819398e-01  -4.3084020e-02
   4.5484950e-01  -4.3145059e-02
   4.5150502e-01  -4.3200594e-02
   4.4816054e-01  -4.3250679e-02
   4.4481605e-01  -4.3295366e-02
   4.4147157e-01  -4.3334710e-02
   4.3812709e-01  -4.3368765e-02
   4.3478261e-01  -4.3397590e-02
   4.3143813e-01  -4.3421243e-02
   4.2809365e-01  -4.3439784e-02
   4.2474916e-01  -4.3453273e-02
   4.2140468e-01  -4.3461774e-02
   4.1806020e-01  -4.3465350e-02
   4.1471572e-01  -4.3464064e-02
   4.1137124e-01  -4.3457983e-02
   4.0802676e-01  -4.3447174e-02
   4.0468227e-01  -4.3431704e-02
   4.0133779e-01  -4.3411641e-02
   3.9799331e-01  -4.3387054e-02
   3.9464883e-01  -4.3358015e-02
   3.9130435e-01  -4.3324594e-02
   3.8795987e-01  -4.3286862e-02
   3.8461538e-01  -4.3244891e-02
   3.8127090e-01  -4.3198756e-02
   3.7792642e-01  -4.3148528e-02
   3.7458194e-01  -4.3094282e-02
   3.7123746e-01  -4.3036092e-02
   3.6789298e-01  -4.2974034e-02
   3.6454849e-01  -4.2908180e-02
   3.6120401e-01  -4.2838608e-02
   3.5785953e-01  -4.2765393e-02
   3.5451505e-01  -4.2688608e-02
   3.5117057e-01  -4.2608332e-02
   3.4782609e-01  -4.2524638e-02
   3.4448161e-01  -4.2437602e-02
   3.4113712e-01  -4.2347300e-02
   3.3779264e-01  -4.2253806e-02
   3.3444816e-01  -4.2157196e-02
   3.3110368e-01  -4.2057542e-02
   3.2775920e-01  -4.1954920e-02
   3.2441472e-01  -4.1849403e-02
   3.2107023e-01  -4.1741063e-02
   3.1772575e-01  -4.1629971e-02
   3.1438127e-01  -4.1516201e-02
   3.1103679e-01  -4.1399820e-02
   3.0769231e-01  -4.1280899e-02
   3.0434783e-01  -4.1159506e-02
   3.0100334e-01  -4.1035708e-02
   2.9765886e-01  -4.0909571e-02
   2.9431438e-01  -4.0781159e-02
   2.9096990e-01  -4.0650535e-02
   2.8762542e-01  -4.0517759e-02
   2.8428094e-01  -4.0382893e-02
   2.8093645e-01  -4.0245993e-02
   2.7759197e-01  -4.0107116e-02
   2.7424749e-01  -3.9966314e-02
   2.7090301e-01  -3.9823640e-02
   2.6755853e-01  -3.9679143e-02
   2.6421405e-01  -3.9532870e-02
   2.6086957e-01  -3.9384865e-02
   2.5752508e-01  -3.9235168e-02
   2.5418060e-01  -3.9083819e-02
   2.5083612e-01  -3.8930853e-02
   2.4749164e-01  -3.8776302e-02
   2.4414716e-01  -3.8620194e-02
   2.4080268e-01  -3.8462555e-02
   2.3745819e-01  -3.8303406e-02
   2.3411371e-01  -3.8142764e-02
   2.3076923e-01  -3.7980642e-02
   2.2742475e-01  -3.7817049e-02
   2.2408027e-01  -3.7651988e-02
   2.2073579e-01  -3.7485459e-02
   2.1739130e-01  -3.7317454e-02
   2.1404682e-01  -3.7147963e-02
   2.1070234e-01  -3.6976968e-02
   2.0735786e-01  -3.6804446e-02
   2.0401338e-01  -3.6630367e-02
   2.0066890e-01  -3.6454693e-02
   1.9732441e-01  -3.6277383e-02
   1.9397993e-01  -3.6098384e-02
   1.9063545e-01  -3.5917638e-02
   1.8729097e-01  -3.5735078e-02
   1.8394649e-01  -3.5550628e-02
   1.8060201e-01  -3.5364204e-02
   1.7725753e-01  -3.5175710e-02
   1.7391304e-01  -3.4985042e-02
   1.7056856e-01  -3.4792084e-02
   1.6722408e-01  -3.4596709e-02
   1.6387960e-01  -3.4398778e-02
   1.6053512e-01  -3.4198137e-02
   1.5719064e-01  -3.3994622e-02
   1.5384615e-01  -3.3788050e-02
   1.5050167e-01  -3.3578227e-02
   1.4715719e-01  -3.3364939e-02
   1.4381271e-01  -3.3147957e-02
   1.4046823e-01  -3.2927029e-02
   1.3712375e-01  -3.2701888e-02
   1.3377926e-01  -3.2472241e-02
   1.3043478e-01  -3.2237774e-02
   1.2709030e-01  -3.1998146e-02
   1.2374582e-01  -3.1752992e-02
   1.2040134e-01  -3.1501915e-02
   1.1705686e-01  -3.1244486e-02
   1.1371237e-01  -3.0980243e-02
   1.1036789e-01  -3.0708686e-02
   1.0702341e-01  -3.0429274e-02
   1.0367893e-01  -3.0141420e-02
   1.0033445e-01  -2.9844488e-02
   9.6989967e-02  -2.9537788e-02
   9.3645485e-02  -2.9220570e-02
   9.0301003e-02  -2.8892014e-02
   8.6956522e-02  -2.8551228e-02
   8.3612040e-02  -2.8197234e-02
   8.0267559e-02  -2.7828961e-02
   7.6923077e-02  -2.7445228e-02
   7.3578595e-02  -2.7044734e-02
   7.0234114e-02  -2.6626036e-02
   6.6889632e-02  -2.6187529e-02
   6.3545151e-02  -2.5727419e-02
   6.0200669e-02  -2.5243692e-02
   5.6856187e-02  -2.4734071e-02
   5.3511706e-02  -2.4195965e-02
   5.0167224e-02  -2.3626405e-02
   4.6822742e-02  -2.3021958e-02
   4.3478261e-02  -2.2378612e-02
   4.0133779e-02  -2.1691632e-02
   3.6789298e-02  -2.0955342e-02
   3.3444816e-02  -2.0162838e-02
   3.0100334e-02  -1.9305559e-02
   2.6755853e-02  -1.8372638e-02
   2.3411371e-02  -1.7349882e-02
   2.0066890e-02  -1.6218077e-02
   1.6722408e-02  -1.4949954e-02
   1.3377926e-02  -1.3504248e-02
   1.0033445e-02  -1.1812468e-02
   6.6889632e-03  -9.7428986e-03
   3.3444816e-03  -6.9601630e-03
   0.0000000e+00   0.0000000e+00
