   0.0000000e+00   0.0000000e+00
   3.3444816e-03   1.0851253e-02
   6.6889632e-03   1.5262220e-02
   1.0033445e-02   1.8590559e-02
   1.3377926e-02   2.1349965e-02
   1.6722408e-02   2.3740711e-02
   2.0066890e-02   2.5866162e-02
   2.3411371e-02   2.7788117e-02
   2.6755853e-02   2.9547097e-02
   3.0100334e-02   3.1171430e-02
   3.3444816e-02   3.2681877e-02
   3.6789298e-02   3.4094211e-02
   4.0133779e-02   3.5420766e-02
   4.3478261e-02   3.6671417e-02
   4.6822742e-02   3.7854219e-02
   5.0167224e-02   3.8975856e-02
   5.3511706e-02   4.0041948e-02
   5.6856187e-02   4.1057281e-02
   6.0200669e-02   4.2025972e-02
   6.3545151e-02   4.2951593e-02
   6.6889632e-02   4.3837273e-02
   7.0234114e-02   4.4685769e-02
   7.3578595e-02   4.5499530e-02
   7.6923077e-02   4.6280741e-02
   8.0267559e-02   4.7031362e-02
   8.3612040e-02   4.7753162e-02
   8.6956522e-02   4.8447742e-02
   9.0301003e-02   4.9116561e-02
   9.3645485e-02   4.9760947e-02
   9.6989967e-02   5.0382119e-02
   1.0033445e-01   5.0981197e-02
   1.0367893e-01   5.1559211e-02
   1.0702341e-01   5.2117115e-02
   1.1036789e-01   5.2655792e-02
   1.1371237e-01   5.3176063e-02
   1.1705686e-01   5.3678689e-02
   1.2040134e-01   5.4164383e-02
   1.2374582e-01   5.4633809e-02
   1.2709030e-01   5.5087590e-02
   1.3043478e-01   5.5526309e-02
   1.3377926e-01   5.5950512e-02
   1.3712375e-01   5.6360717e-02
   1.4046823e-01   5.6757406e-02
   1.4381271e-01   5.7141038e-02
   1.4715719e-01   5.7512043e-02
   1.5050167e-01   5.7870831e-02
   1.5384615e-01   5.8217787e-02
   1.5719064e-01   5.8553277e-02
   1.6053512e-01   5.8877646e-02
   1.6387960e-01   5.9191225e-02
   1.6722408e-01   5.9494325e-02
   1.7056856e-01   5.9787243e-02
   1.7391304e-01   6.0070262e-02
   1.7725753e-01   6.0343650e-02
   1.8060201e-01   6.0607665e-02
   1.8394649e-01   6.0862549e-02
   1.8729097e-01   6.1108535e-02
   1.9063545e-01   6.1345847e-02
   1.9397993e-01   6.1574696e-02
   1.9732441e-01   6.1795284e-02
   2.0066890e-01   6.2007807e-02
   2.0401338e-01   6.2212448e-02
   2.0735786e-01   6.2409386e-02
   2.1070234e-01   6.2598790e-02
   2.1404682e-01   6.2780823e-02
   2.1739130e-01   6.2955641e-02
   2.2073579e-01   6.3123391e-02
   2.2408027e-01   6.3284219e-02
   2.2742475e-01   6.3438260e-02
   2.3076923e-01   6.3585646e-02
   2.3411371e-01   6.3726503e-02
   2.3745819e-01   6.3860953e-02
   2.4080268e-01   6.3989111e-02
   2.4414716e-01   6.4111089e-02
   2.4749164e-01   6.4226994e-02
   2.5083612e-01   6.4336930e-02
   2.5418060e-01   6.4440994e-02
   2.5752508e-01   6.4539281e-02
   2.6086957e-01   6.4631884e-02
   2.6421405e-01   6.4718889e-02
   2.6755853e-01   6.4800381e-02
   2.7090301e-01   6.4876441e-02
   2.7424749e-01   6.4947146e-02
   2.7759197e-01   6.5012572e-02
   2.8093645e-01   6.5072790e-02
   2.8428094e-01   6.5127869e-02
   2.8762542e-01   6.5177877e-02
   2.9096990e-01   6.5222877e-02
   2.9431438e-01   6.5262930e-02
   2.9765886e-01   6.5298096e-02
   3.0100334e-01   6.5328432e-02
   3.0434783e-01   6.5353992e-02
   3.0769231e-01   6.5374829e-02
   3.1103679e-01   6.5390994e-02
   3.1438127e-01   6.5402535e-02
   3.1772575e-01   6.5409499e-02
   3.2107023e-01   6.5411932e-02
   3.2441472e-01   6.5409876e-02
   3.2775920e-01   6.5403374e-02
   3.3110368e-01   6.5392465e-02
   3.3444816e-01   6.5377187e-02
   3.3779264e-01   6.5357579e-02
   3.4113712e-01   6.5333676e-02
   3.4448161e-01   6.5305511e-02
   3.4782609e-01   6.5273118e-02
   3.5117057e-01   6.5236530e-02
   3.5451505e-01   6.5195775e-02
   3.5785953e-01   6.5150884e-02
   3.6120401e-01   6.5101884e-02
   3.6454849e-01   6.5048804e-02
   3.6789298e-01   6.4991668e-02
   3.7123746e-01   6.4930503e-02
   3.7458194e-01   6.4865332e-02
   3.7792642e-01   6.4796178e-02
   3.8127090e-01   6.4723065e-02
   3.8461538e-01   6.4646013e-02
   3.8795987e-01   6.4565043e-02
   3.9130435e-01   6.4480175e-02
   3.9464883e-01   6.4391428e-02
   3.9799331e-01   6.4298821e-02
   4.0133779e-01   6.4202371e-02
   4.0468227e-01   6.4102096e-02
   4.0802676e-01   6.3998012e-02
   4.1137124e-01   6.3890136e-02
   4.1471572e-01   6.3778481e-02
   4.1806020e-01   6.3663064e-02
   4.2140468e-01   6.3543899e-02
   4.2474916e-01   6.3420998e-02
   4.2809365e-01   6.3294376e-02
   4.3143813e-01   6.3164046e-02
   4.3478261e-01   6.3030020e-02
   4.3812709e-01   6.2892310e-02
   4.4147157e-01   6.2750927e-02
   4.4481605e-01   6.2605884e-02
   4.4816054e-01   6.2457190e-02
   4.5150502e-01   6.2304858e-02
   4.5484950e-01   6.2148896e-02
   4.5819398e-01   6.1989316e-02
   4.6153846e-01   6.1826128e-02
   4.6488294e-01   6.1659340e-02
   4.6822742e-01   6.1488962e-02
   4.7157191e-01   6.1315004e-02
   4.7491639e-01   6.1137475e-02
   4.7826087e-01   6.0956383e-02
   4.8160535e-01   6.0771738e-02
   4.8494983e-01   6.0583547e-02
   4.8829431e-01   6.0391820e-02
   4.9163880e-01   6.0196564e-02
   4.9498328e-01   5.9997789e-02
   4.9832776e-01   5.9795502e-02
   5.0167224e-01   5.9589712e-02
   5.0501672e-01   5.9380426e-02
   5.0836120e-01   5.9167653e-02
   5.1170569e-01   5.8951402e-02
   5.1505017e-01   5.8731679e-02
   5.1839465e-01   5.8508494e-02
   5.2173913e-01   5.8281854e-02
   5.2508361e-01   5.8051768e-02
   5.2842809e-01   5.7818244e-02
   5.3177258e-01   5.7581290e-02
   5.3511706e-01   5.7340916e-02
   5.3846154e-01   5.7097128e-02
   5.4180602e-01   5.6849936e-02
   5.4515050e-01   5.6599349e-02
   5.4849498e-01   5.6345376e-02
   5.5183946e-01   5.6088025e-02
   5.5518395e-01   5.5827306e-02
   5.5852843e-01   5.5563228e-02
   5.6187291e-01   5.5295800e-02
   5.6521739e-01   5.5025032e-02
   5.6856187e-01   5.4750935e-02
   5.7190635e-01   5.4473518e-02
   5.7525084e-01   5.4192791e-02
   5.7859532e-01   5.3908765e-02
   5.8193980e-01   5.3621451e-02
   5.8528428e-01   5.3330859e-02
   5.8862876e-01   5.3037002e-02
   5.9197324e-01   5.2739889e-02
   5.9531773e-01   5.2439534e-02
   5.9866221e-01   5.2135948e-02
   6.0200669e-01   5.1829143e-02
   6.0535117e-01   5.1519133e-02
   6.0869565e-01   5.1205930e-02
   6.1204013e-01   5.0889547e-02
   6.1538462e-01   5.0569998e-02
   6.1872910e-01   5.0247297e-02
   6.2207358e-01   4.9921458e-02
   6.2541806e-01   4.9592496e-02
   6.2876254e-01   4.9260425e-02
   6.3210702e-01   4.8925262e-02
   6.3545151e-01   4.8587021e-02
   6.3879599e-01   4.8245719e-02
   6.4214047e-01   4.7901372e-02
   6.4548495e-01   4.7553997e-02
   6.4882943e-01   4.7203612e-02
   6.5217391e-01   4.6850234e-02
   6.5551839e-01   4.6493881e-02
   6.5886288e-01   4.6134571e-02
   6.6220736e-01   4.5772324e-02
   6.6555184e-01   4.5407160e-02
   6.6889632e-01   4.5039097e-02
   6.7224080e-01   4.4668156e-02
   6.7558528e-01   4.4294359e-02
   6.7892977e-01   4.3917725e-02
   6.8227425e-01   4.3538278e-02
   6.8561873e-01   4.3156038e-02
   6.8896321e-01   4.2771030e-02
   6.9230769e-01   4.2383275e-02
   6.9565217e-01   4.1992798e-02
   6.9899666e-01   4.1599623e-02
   7.0234114e-01   4.1203775e-02
   7.0568562e-01   4.0805278e-02
   7.0903010e-01   4.0404159e-02
   7.1237458e-01   4.0000443e-02
   7.1571906e-01   3.9594158e-02
   7.1906355e-01   3.9185331e-02
   7.2240803e-01   3.8773990e-02
   7.2575251e-01   3.8360164e-02
   7.2909699e-01   3.7943881e-02
   7.3244147e-01   3.7525171e-02
   7.3578595e-01   3.7104064e-02
   7.3913043e-01   3.6680592e-02
   7.4247492e-01   3.6254784e-02
   7.4581940e-01   3.5826675e-02
   7.4916388e-01   3.5396295e-02
   7.5250836e-01   3.4963678e-02
   7.5585284e-01   3.4528858e-02
   7.5919732e-01   3.4091869e-02
   7.6254181e-01   3.3652747e-02
   7.6588629e-01   3.3211526e-02
   7.6923077e-01   3.2768243e-02
   7.7257525e-01   3.2322936e-02
   7.7591973e-01   3.1875641e-02
   7.7926421e-01   3.1426397e-02
   7.8260870e-01   3.0975243e-02
   7.8595318e-01   3.0522217e-02
   7.8929766e-01   3.0067361e-02
   7.9264214e-01   2.9610716e-02
   7.9598662e-01   2.9152321e-02
   7.9933110e-01   2.8692221e-02
   8.0267559e-01   2.8230457e-02
   8.0602007e-01   2.7767074e-02
   8.0936455e-01   2.7302115e-02
   8.1270903e-01   2.6835626e-02
   8.1605351e-01   2.6367652e-02
   8.1939799e-01   2.5898239e-02
   8.2274247e-01   2.5427435e-02
   8.2608696e-01   2.4955288e-02
   8.2943144e-01   2.4481845e-02
   8.3277592e-01   2.4007157e-02
   8.3612040e-01   2.3531273e-02
   8.3946488e-01   2.3054243e-02
   8.4280936e-01   2.2576120e-02
   8.4615385e-01   2.2096956e-02
   8.4949833e-01   2.1616803e-02
   8.5284281e-01   2.1135715e-02
   8.5618729e-01   2.0653747e-02
   8.5953177e-01   2.0170954e-02
   8.6287625e-01   1.9687392e-02
   8.6622074e-01   1.9203118e-02
   8.6956522e-01   1.8718189e-02
   8.7290970e-01   1.8232663e-02
   8.7625418e-01   1.7746600e-02
   8.7959866e-01   1.7260060e-02
   8.8294314e-01   1.6773104e-02
   8.8628763e-01   1.6285792e-02
   8.8963211e-01   1.5798188e-02
   8.9297659e-01   1.5310353e-02
   8.9632107e-01   1.4822354e-02
   8.9966555e-01   1.4334253e-02
   9.0301003e-01   1.3846116e-02
   9.0635452e-01   1.3358011e-02
   9.0969900e-01   1.2870004e-02
   9.1304348e-01   1.2382164e-02
   9.1638796e-01   1.1894558e-02
   9.1973244e-01   1.1407257e-02
   9.2307692e-01   1.0920332e-02
   9.2642140e-01   1.0433854e-02
   9.2976589e-01   9.9478954e-03
   9.3311037e-01   9.4625289e-03
   9.3645485e-01   8.9778288e-03
   9.3979933e-01   8.4938699e-03
   9.4314381e-01   8.0107280e-03
   9.4648829e-01   7.5284798e-03
   9.4983278e-01   7.0472027e-03
   9.5317726e-01   6.5669750e-03
   9.5652174e-01   6.0878761e-03
   9.5986622e-01   5.6099860e-03
   9.6321070e-01   5.1333859e-03
   9.6655518e-01   4.6581576e-03
   9.6989967e-01   4.1843839e-03
   9.7324415e-01   3.7121487e-03
   9.7658863e-01   3.2415366e-03
   9.7993311e-01   2.7726331e-03
   9.8327759e-01   2.3055247e-03
   9.8662207e-01   1.8402987e-03
   9.8996656e-01   1.3770436e-03
   9.9331104e-01   9.1584849e-04
   9.9665552e-01   4.5680359e-04
   1.0000000e+00   0.0000000e+00
   1.0000000e+00  -0.0000000e+00
   9.9665552e-01  -4.2890800e-04
   9.9331104e-01  -8.5597668e-04
   9.8996656e-01  -1.2811704e-03
   9.8662207e-01  -1.7044542e-03
   9.8327759e-01  -2.1257939e-03
   9.7993311e-01  -2.5451559e-03
   9.7658863e-01  -2.9625075e-03
   9.7324415e-01  -3.3778165e-03
   9.6989967e-01  -3.7910514e-03
   9.6655518e-01  -4.2021816e-03
   9.6321070e-01  -4.6111770e-03
   9.5986622e-01  -5.0180082e-03
   9.5652174e-01  -5.4226466e-03
   9.5317726e-01  -5.8250641e-03
   9.4983278e-01  -6.2252335e-03
   9.4648829e-01  -6.6231280e-03
   9.4314381e-01  -7.0187216e-03
   9.3979933e-01  -7.4119890e-03
   9.3645485e-01  -7.8029056e-03
   9.3311037e-01  -8.1914473e-03
   9.2976589e-01  -8.5775908e-03
   9.2642140e-01  -8.9613132e-03
   9.2307692e-01  -9.3425926e-03
   9.1973244e-01  -9.7214075e-03
   9.1638796e-01  -1.0097737e-02
   9.1304348e-01  -1.0471561e-02
   9.0969900e-01  -1.0842860e-02
   9.0635452e-01  -1.1211615e-02
   9.0301003e-01  -1.1577808e-02
   8.9966555e-01  -1.1941421e-02
   8.9632107e-01  -1.2302437e-02
   8.9297659e-01  -1.2660840e-02
   8.8963211e-01  -1.3016613e-02
   8.8628763e-01  -1.3369742e-02
   8.8294314e-01  -1.3720211e-02
   8.7959866e-01  -1.4068007e-02
   8.7625418e-01  -1.4413117e-02
   8.7290970e-01  -1.4755527e-02
   8.6956522e-01  -1.5095224e-02
   8.6622074e-01  -1.5432199e-02
   8.6287625e-01  -1.5766438e-02
   8.5953177e-01  -1.6097932e-02
   8.5618729e-01  -1.6426670e-02
   8.5284281e-01  -1.6752644e-02
   8.4949833e-01  -1.7075843e-02
   8.4615385e-01  -1.7396261e-02
   8.4280936e-01  -1.7713888e-02
   8.3946488e-01  -1.8028718e-02
   8.3612040e-01  -1.8340744e-02
   8.3277592e-01  -1.8649960e-02
   8.2943144e-01  -1.8956361e-02
   8.2608696e-01  -1.9259940e-02
   8.2274247e-01  -1.9560693e-02
   8.1939799e-01  -1.9858617e-02
   8.1605351e-01  -2.0153707e-02
   8.1270903e-01  -2.0445961e-02
   8.0936455e-01  -2.0735376e-02
   8.0602007e-01  -2.1021950e-02
   8.0267559e-01  -2.1305681e-02
   7.9933110e-01  -2.1586569e-02
   7.9598662e-01  -2.1864612e-02
   7.9264214e-01  -2.2139811e-02
   7.8929766e-01  -2.2412166e-02
   7.8595318e-01  -2.2681677e-02
   7.8260870e-01  -2.2948346e-02
   7.7926421e-01  -2.3212175e-02
   7.7591973e-01  -2.3473166e-02
   7.7257525e-01  -2.3731322e-02
   7.6923077e-01  -2.3986645e-02
   7.6588629e-01  -2.4239139e-02
   7.6254181e-01  -2.4488808e-02
   7.5919732e-01  -2.4735657e-02
   7.5585284e-01  -2.4979691e-02
   7.5250836e-01  -2.5220914e-02
   7.4916388e-01  -2.5459332e-02
   7.4581940e-01  -2.5694952e-02
   7.4247492e-01  -2.5927780e-02
   7.3913043e-01  -2.6157823e-02
   7.3578595e-01  -2.6385087e-02
   7.3244147e-01  -2.6609582e-02
   7.2909699e-01  -2.6831314e-02
   7.2575251e-01  -2.7050292e-02
   7.2240803e-01  -2.7266526e-02
   7.1906355e-01  -2.7480023e-02
   7.1571906e-01  -2.7690795e-02
   7.1237458e-01  -2.7898850e-02
   7.0903010e-01  -2.8104199e-02
   7.0568562e-01  -2.8306853e-02
   7.0234114e-01  -2.8506822e-02
   6.9899666e-01  -2.8704118e-02
   6.9565217e-01  -2.8898752e-02
   6.9230769e-01  -2.9090737e-02
   6.8896321e-01  -2.9280084e-02
   6.8561873e-01  -2.9466806e-02
   6.8227425e-01  -2.9650916e-02
   6.7892977e-01  -2.9832427e-02
   6.7558528e-01  -3.0011353e-02
   6.7224080e-01  -3.0187707e-02
   6.6889632e-01  -3.0361503e-02
   6.6555184e-01  -3.0532756e-02
   6.6220736e-01  -3.0701480e-02
   6.5886288e-01  -3.0867690e-02
   6.5551839e-01  -3.1031401e-02
   6.5217391e-01  -3.1192628e-02
   6.4882943e-01  -3.1351387e-02
   6.4548495e-01  -3.1507693e-02
   6.4214047e-01  -3.1661564e-02
   6.3879599e-01  -3.1813014e-02
   6.3545151e-01  -3.1962061e-02
   6.3210702e-01  -3.2108721e-02
   6.2876254e-01  -3.2253011e-02
   6.2541806e-01  -3.2394947e-02
   6.2207358e-01  -3.2534548e-02
   6.1872910e-01  -3.2671831e-02
   6.1538462e-01  -3.2806812e-02
   6.1204013e-01  -3.2939511e-02
   6.0869565e-01  -3.3069945e-02
   6.0535117e-01  -3.3198131e-02
   6.0200669e-01  -3.3324089e-02
   5.9866221e-01  -3.3447836e-02
   5.9531773e-01  -3.3569391e-02
   5.9197324e-01  -3.3688772e-02
   5.8862876e-01  -3.3805998e-02
   5.8528428e-01  -3.3921089e-02
   5.8193980e-01  -3.4034062e-02
   5.7859532e-01  -3.4144937e-02
   5.7525084e-01  -3.4253733e-02
   5.7190635e-01  -3.4360468e-02
   5.6856187e-01  -3.4465163e-02
   5.6521739e-01  -3.4567836e-02
   5.6187291e-01  -3.4668506e-02
   5.5852843e-01  -3.4767193e-02
   5.5518395e-01  -3.4863915e-02
   5.5183946e-01  -3.4958693e-02
   5.4849498e-01  -3.5051546e-02
   5.4515050e-01  -3.5142492e-02
   5.4180602e-01  -3.5231552e-02
   5.3846154e-01  -3.5318744e-02
   5.3511706e-01  -3.5404087e-02
   5.3177258e-01  -3.5487602e-02
   5.2842809e-01  -3.5569306e-02
   5.2508361e-01  -3.5649219e-02
   5.2173913e-01  -3.5727360e-02
   5.1839465e-01  -3.5803747e-02
   5.1505017e-01  -3.5878400e-02
   5.1170569e-01  -3.5951337e-02
   5.0836120e-01  -3.6022576e-02
   5.0501672e-01  -3.6092137e-02
   5.0167224e-01  -3.6160037e-02
   4.9832776e-01  -3.6226294e-02
   4.9498328e-01  -3.6290926e-02
   4.9163880e-01  -3.6353951e-02
   4.8829431e-01  -3.6415387e-02
   4.8494983e-01  -3.6475250e-02
   4.8160535e-01  -3.6533558e-02
   4.7826087e-01  -3.6590328e-02
   4.7491639e-01  -3.6645576e-02
   4.7157191e-01  -3.6699319e-02
   4.6822742e-01  -3.6751572e-02
   4.6488294e-01  -3.6802352e-02
   4.6153846e-01  -3.6851674e-02
   4.5819398e-01  -3.6899552e-02
   4.5484950e-01  -3.6946002e-02
   4.5150502e-01  -3.6991039e-02
   4.4816054e-01  -3.7034676e-02
   4.4481605e-01  -3.7076926e-02
   4.4147157e-01  -3.7117804e-02
   4.3812709e-01  -3.7157322e-02
   4.3478261e-01  -3.7195492e-02
   4.3143813e-01  -3.7232327e-02
   4.2809365e-01  -3.7267838e-02
   4.2474916e-01  -3.7302035e-02
   4.2140468e-01  -3.7334929e-02
   4.1806020e-01  -3.7366531e-02
   4.1471572e-01  -3.7396850e-02
   4.1137124e-01  -3.7425894e-02
   4.0802676e-01  -3.7453671e-02
   4.0468227e-01  -3.7480190e-02
   4.0133779e-01  -3.7505456e-02
   3.9799331e-01  -3.7529478e-02
   3.9464883e-01  -3.7552259e-02
   3.9130435e-01  -3.7573805e-02
   3.8795987e-01  -3.7594120e-02
   3.8461538e-01  -3.7613208e-02
   3.8127090e-01  -3.7631071e-02
   3.7792642e-01  -3.7647711e-02
   3.7458194e-01  -3.7663129e-02
   3.7123746e-01  -3.7677325e-02
   3.6789298e-01  -3.7690298e-02
   3.6454849e-01  -3.7702046e-02
   3.6120401e-01  -3.7712568e-02
   3.5785953e-01  -3.7721858e-02
   3.5451505e-01  -3.7729913e-02
   3.5117057e-01  -3.7736726e-02
   3.4782609e-01  -3.7742292e-02
   3.4448161e-01  -3.7746601e-02
   3.4113712e-01  -3.7749645e-02
   3.3779264e-01  -3.7751413e-02
   3.3444816e-01  -3.7751894e-02
   3.3110368e-01  -3.7751074e-02
   3.2775920e-01  -3.7748941e-02
   3.2441472e-01  -3.7745477e-02
   3.2107023e-01  -3.7740667e-02
   3.1772575e-01  -3.7734491e-02
   3.1438127e-01  -3.7726929e-02
   3.1103679e-01  -3.7717961e-02
   3.0769231e-01  -3.7707562e-02
   3.0434783e-01  -3.7695709e-02
   3.0100334e-01  -3.7682374e-02
   2.9765886e-01  -3.7667528e-02
   2.9431438e-01  -3.7651143e-02
   2.9096990e-01  -3.7633185e-02
   2.8762542e-01  -3.7613621e-02
   2.8428094e-01  -3.7592413e-02
   2.8093645e-01  -3.7569525e-02
   2.7759197e-01  -3.7544914e-02
   2.7424749e-01  -3.7518539e-02
   2.7090301e-01  -3.7490354e-02
   2.6755853e-01  -3.7460312e-02
   2.6421405e-01  -3.7428361e-02
   2.6086957e-01  -3.7394450e-02
   2.5752508e-01  -3.7358522e-02
   2.5418060e-01  -3.7320519e-02
   2.5083612e-01  -3.7280380e-02
   2.4749164e-01  -3.7238039e-02
   2.4414716e-01  -3.7193429e-02
   2.4080268e-01  -3.7146478e-02
   2.3745819e-01  -3.7097113e-02
   2.3411371e-01  -3.7045254e-02
   2.3076923e-01  -3.6990819e-02
   2.2742475e-01  -3.6933723e-02
   2.2408027e-01  -3.6873875e-02
   2.2073579e-01  -3.6811181e-02
   2.1739130e-01  -3.6745541e-02
   2.1404682e-01  -3.6676852e-02
   2.1070234e-01  -3.6605006e-02
   2.0735786e-01  -3.6529887e-02
   2.0401338e-01  -3.6451378e-02
   2.0066890e-01  -3.6369353e-02
   1.9732441e-01  -3.6283681e-02
   1.9397993e-01  -3.6194225e-02
   1.9063545e-01  -3.6100842e-02
   1.8729097e-01  -3.6003380e-02
   1.8394649e-01  -3.5901683e-02
   1.8060201e-01  -3.5795583e-02
   1.7725753e-01  -3.5684908e-02
   1.7391304e-01  -3.5569475e-02
   1.7056856e-01  -3.5449092e-02
   1.6722408e-01  -3.5323558e-02
   1.6387960e-01  -3.5192662e-02
   1.6053512e-01  -3.5056182e-02
   1.5719064e-01  -3.4913883e-02
   1.5384615e-01  -3.4765519e-02
   1.5050167e-01  -3.4610831e-02
   1.4715719e-01  -3.4449546e-02
   1.4381271e-01  -3.4281375e-02
   1.4046823e-01  -3.4106013e-02
   1.3712375e-01  -3.3923138e-02
   1.3377926e-01  -3.3732410e-02
   1.3043478e-01  -3.3533466e-02
   1.2709030e-01  -3.3325925e-02
   1.2374582e-01  -3.3109380e-02
   1.2040134e-01  -3.2883399e-02
   1.1705686e-01  -3.2647522e-02
   1.1371237e-01  -3.2401258e-02
   1.1036789e-01  -3.2144083e-02
   1.0702341e-01  -3.1875436e-02
   1.0367893e-01  -3.1594717e-02
   1.0033445e-01  -3.1301279e-02
   9.6989967e-02  -3.0994427e-02
   9.3645485e-02  -3.0673410e-02
   9.0301003e-02  -3.0337418e-02
   8.6956522e-02  -2.9985568e-02
   8.3612040e-02  -2.9616901e-02
   8.0267559e-02  -2.9230371e-02
   7.6923077e-02  -2.8824829e-02
   7.3578595e-02  -2.8399013e-02
   7.0234114e-02  -2.7951526e-02
   6.6889632e-02  -2.7480819e-02
   6.3545151e-02  -2.6985162e-02
   6.0200669e-02  -2.6462611e-02
   5.6856187e-02  -2.5910972e-02
   5.3511706e-02  -2.5327747e-02
   5.0167224e-02  -2.4710068e-02
   4.6822742e-02  -2.4054614e-02
   4.3478261e-02  -2.3357500e-02
   4.0133779e-02  -2.2614123e-02
   3.6789298e-02  -2.1818955e-02
   3.3444816e-02  -2.0965249e-02
   3.0100334e-02  -2.0044607e-02
   2.6755853e-02  -1.9046328e-02
   2.3411371e-02  -1.7956384e-02
   2.0066890e-02  -1.6755701e-02
   1.6722408e-02  -1.5417093e-02
   1.3377926e-02  -1.3899246e-02
   1.0033445e-02  -1.2133296e-02
   6.6889632e-03  -9.9862655e-03
   3.3444816e-03  -7.1182127e-03
   0.0000000e+00   0.0000000e+00
