   0.0000000e+00  -2.8118323e-03
   3.3444816e-03   1.1558334e-02
   6.6889632e-03   1.6335019e-02
   1.0033445e-02   1.9991910e-02
   1.3377926e-02   2.3067070e-02
   1.6722408e-02   2.5768915e-02
   2.0066890e-02   2.8204311e-02
   2.3411371e-02   3.0436719e-02
   2.6755853e-02   3.2507467e-02
   3.0100334e-02   3.4445238e-02
   3.3444816e-02   3.6270904e-02
   3.6789298e-02   3.8000206e-02
   4.0133779e-02   3.9645359e-02
   4.3478261e-02   4.1216070e-02
   4.6822742e-02   4.2720198e-02
   5.0167224e-02   4.4164214e-02
   5.3511706e-02   4.5553517e-02
   5.6856187e-02   4.6892670e-02
   6.0200669e-02   4.8185568e-02
   6.3545151e-02   4.9435569e-02
   6.6889632e-02   5.0645588e-02
   7.0234114e-02   5.1818178e-02
   7.3578595e-02   5.2955589e-02
   7.6923077e-02   5.4059815e-02
   8.0267559e-02   5.5132634e-02
   8.3612040e-02   5.6175637e-02
   8.6956522e-02   5.7190260e-02
   9.0301003e-02   5.8177796e-02
   9.3645485e-02   5.9139424e-02
   9.6989967e-02   6.0076212e-02
   1.0033445e-01   6.0989141e-02
   1.0367893e-01   6.1879108e-02
   1.0702341e-01   6.2746938e-02
   1.1036789e-01   6.3593395e-02
   1.1371237e-01   6.4419180e-02
   1.1705686e-01   6.5224949e-02
   1.2040134e-01   6.6011307e-02
   1.2374582e-01   6.6778821e-02
   1.2709030e-01   6.7528018e-02
   1.3043478e-01   6.8259391e-02
   1.3377926e-01   6.8973405e-02
   1.3712375e-01   6.9670494e-02
   1.4046823e-01   7.0351067e-02
   1.4381271e-01   7.1015509e-02
   1.4715719e-01   7.1664185e-02
   1.5050167e-01   7.2297440e-02
   1.5384615e-01   7.2915598e-02
   1.5719064e-01   7.3518971e-02
   1.6053512e-01   7.4107851e-02
   1.6387960e-01   7.4682518e-02
   1.6722408e-01   7.5243238e-02
   1.7056856e-01   7.5790266e-02
   1.7391304e-01   7.6323845e-02
   1.7725753e-01   7.6844205e-02
   1.8060201e-01   7.7351570e-02
   1.8394649e-01   7.7846152e-02
   1.8729097e-01   7.8328155e-02
   1.9063545e-01   7.8797776e-02
   1.9397993e-01   7.9255204e-02
   1.9732441e-01   7.9700620e-02
   2.0066890e-01   8.0134199e-02
   2.0401338e-01   8.0556110e-02
   2.0735786e-01   8.0966517e-02
   2.1070234e-01   8.1365576e-02
   2.1404682e-01   8.1753440e-02
   2.1739130e-01   8.2130257e-02
   2.2073579e-01   8.2496169e-02
   2.2408027e-01   8.2851315e-02
   2.2742475e-01   8.3195830e-02
   2.3076923e-01   8.3529844e-02
   2.3411371e-01   8.3853484e-02
   2.3745819e-01   8.4166874e-02
   2.4080268e-01   8.4470133e-02
   2.4414716e-01   8.4763379e-02
   2.4749164e-01   8.5046725e-02
   2.5083612e-01   8.5320284e-02
   2.5418060e-01   8.5584163e-02
   2.5752508e-01   8.5838468e-02
   2.6086957e-01   8.6083304e-02
   2.6421405e-01   8.6318770e-02
   2.6755853e-01   8.6544968e-02
   2.7090301e-01   8.6761992e-02
   2.7424749e-01   8.6969938e-02
   2.7759197e-01   8.7168899e-02
   2.8093645e-01   8.7358966e-02
   2.8428094e-01   8.7540228e-02
   2.8762542e-01   8.7712773e-02
   2.9096990e-01   8.7876687e-02
   2.9431438e-01   8.8032054e-02
   2.9765886e-01   8.8178958e-02
   3.0100334e-01   8.8317478e-02
   3.0434783e-01   8.8447697e-02
   3.0769231e-01   8.8569692e-02
   3.1103679e-01   8.8683540e-02
   3.1438127e-01   8.8789318e-02
   3.1772575e-01   8.8887102e-02
   3.2107023e-01   8.8976964e-02
   3.2441472e-01   8.9058977e-02
   3.2775920e-01   8.9133214e-02
   3.3110368e-01   8.9199744e-02
   3.3444816e-01   8.9258637e-02
   3.3779264e-01   8.9309962e-02
   3.4113712e-01   8.9353786e-02
   3.4448161e-01   8.9390176e-02
   3.4782609e-01   8.9419198e-02
   3.5117057e-01   8.9440917e-02
   3.5451505e-01   8.9455396e-02
   3.5785953e-01   8.9462699e-02
   3.6120401e-01   8.9462889e-02
   3.6454849e-01   8.9456026e-02
   3.6789298e-01   8.9442173e-02
   3.7123746e-01   8.9421388e-02
   3.7458194e-01   8.9393731e-02
   3.7792642e-01   8.9359261e-02
   3.8127090e-01   8.9318037e-02
   3.8461538e-01   8.9270114e-02
   3.8795987e-01   8.9215550e-02
   3.9130435e-01   8.9154400e-02
   3.9464883e-01   8.9086720e-02
   3.9799331e-01   8.9012565e-02
   4.0133779e-01   8.8931988e-02
   4.0468227e-01   8.8845043e-02
   4.0802676e-01   8.8751783e-02
   4.1137124e-01   8.8652259e-02
   4.1471572e-01   8.8546523e-02
   4.1806020e-01   8.8434627e-02
   4.2140468e-01   8.8316621e-02
   4.2474916e-01   8.8192554e-02
   4.2809365e-01   8.8062476e-02
   4.3143813e-01   8.7926435e-02
   4.3478261e-01   8.7784481e-02
   4.3812709e-01   8.7636659e-02
   4.4147157e-01   8.7483019e-02
   4.4481605e-01   8.7323605e-02
   4.4816054e-01   8.7158464e-02
   4.5150502e-01   8.6987643e-02
   4.5484950e-01   8.6811184e-02
   4.5819398e-01   8.6629134e-02
   4.6153846e-01   8.6441536e-02
   4.6488294e-01   8.6248433e-02
   4.6822742e-01   8.6049869e-02
   4.7157191e-01   8.5845886e-02
   4.7491639e-01   8.5636526e-02
   4.7826087e-01   8.5421830e-02
   4.8160535e-01   8.5201839e-02
   4.8494983e-01   8.4976594e-02
   4.8829431e-01   8.4746134e-02
   4.9163880e-01   8.4510500e-02
   4.9498328e-01   8.4269730e-02
   4.9832776e-01   8.4023862e-02
   5.0167224e-01   8.3772934e-02
   5.0501672e-01   8.3516985e-02
   5.0836120e-01   8.3256050e-02
   5.1170569e-01   8.2990168e-02
   5.1505017e-01   8.2719372e-02
   5.1839465e-01   8.2443700e-02
   5.2173913e-01   8.2163186e-02
   5.2508361e-01   8.1877864e-02
   5.2842809e-01   8.1587769e-02
   5.3177258e-01   8.1292935e-02
   5.3511706e-01   8.0993394e-02
   5.3846154e-01   8.0689179e-02
   5.4180602e-01   8.0380322e-02
   5.4515050e-01   8.0066855e-02
   5.4849498e-01   7.9748809e-02
   5.5183946e-01   7.9426214e-02
   5.5518395e-01   7.9099102e-02
   5.5852843e-01   7.8767500e-02
   5.6187291e-01   7.8431439e-02
   5.6521739e-01   7.8090947e-02
   5.6856187e-01   7.7746053e-02
   5.7190635e-01   7.7396784e-02
   5.7525084e-01   7.7043167e-02
   5.7859532e-01   7.6685229e-02
   5.8193980e-01   7.6322995e-02
   5.8528428e-01   7.5956493e-02
   5.8862876e-01   7.5585746e-02
   5.9197324e-01   7.5210780e-02
   5.9531773e-01   7.4831619e-02
   5.9866221e-01   7.4448286e-02
   6.0200669e-01   7.4060804e-02
   6.0535117e-01   7.3669197e-02
   6.0869565e-01   7.3273485e-02
   6.1204013e-01   7.2873692e-02
   6.1538462e-01   7.2469837e-02
   6.1872910e-01   7.2061941e-02
   6.2207358e-01   7.1650024e-02
   6.2541806e-01   7.1234107e-02
   6.2876254e-01   7.0814207e-02
   6.3210702e-01   7.0390343e-02
   6.3545151e-01   6.9962533e-02
   6.3879599e-01   6.9530795e-02
   6.4214047e-01   6.9095144e-02
   6.4548495e-01   6.8655599e-02
   6.4882943e-01   6.8212173e-02
   6.5217391e-01   6.7764883e-02
   6.5551839e-01   6.7313743e-02
   6.5886288e-01   6.6858767e-02
   6.6220736e-01   6.6399969e-02
   6.6555184e-01   6.5937362e-02
   6.6889632e-01   6.5470957e-02
   6.7224080e-01   6.5000768e-02
   6.7558528e-01   6.4526806e-02
   6.7892977e-01   6.4049080e-02
   6.8227425e-01   6.3567602e-02
   6.8561873e-01   6.3082381e-02
   6.8896321e-01   6.2593426e-02
   6.9230769e-01   6.2100746e-02
   6.9565217e-01   6.1604348e-02
   6.9899666e-01   6.1104240e-02
   7.0234114e-01   6.0600429e-02
   7.0568562e-01   6.0092921e-02
   7.0903010e-01   5.9581721e-02
   7.1237458e-01   5.9066835e-02
   7.1571906e-01   5.8548266e-02
   7.1906355e-01   5.8026020e-02
   7.2240803e-01   5.7500098e-02
   7.2575251e-01   5.6970504e-02
   7.2909699e-01   5.6437240e-02
   7.3244147e-01   5.5900307e-02
   7.3578595e-01   5.5359706e-02
   7.3913043e-01   5.4815437e-02
   7.4247492e-01   5.4267500e-02
   7.4581940e-01   5.3715894e-02
   7.4916388e-01   5.3160617e-02
   7.5250836e-01   5.2601668e-02
   7.5585284e-01   5.2039042e-02
   7.5919732e-01   5.1472738e-02
   7.6254181e-01   5.0902750e-02
   7.6588629e-01   5.0329074e-02
   7.6923077e-01   4.9751704e-02
   7.7257525e-01   4.9170636e-02
   7.7591973e-01   4.8585861e-02
   7.7926421e-01   4.7997373e-02
   7.8260870e-01   4.7405165e-02
   7.8595318e-01   4.6809226e-02
   7.8929766e-01   4.6209549e-02
   7.9264214e-01   4.5606123e-02
   7.9598662e-01   4.4998938e-02
   7.9933110e-01   4.4387983e-02
   8.0267559e-01   4.3773246e-02
   8.0602007e-01   4.3154714e-02
   8.0936455e-01   4.2532375e-02
   8.1270903e-01   4.1906214e-02
   8.1605351e-01   4.1276218e-02
   8.1939799e-01   4.0642370e-02
   8.2274247e-01   4.0004656e-02
   8.2608696e-01   3.9363059e-02
   8.2943144e-01   3.8717561e-02
   8.3277592e-01   3.8068145e-02
   8.3612040e-01   3.7414793e-02
   8.3946488e-01   3.6757484e-02
   8.4280936e-01   3.6096200e-02
   8.4615385e-01   3.5430920e-02
   8.4949833e-01   3.4761622e-02
   8.5284281e-01   3.4088284e-02
   8.5618729e-01   3.3410884e-02
   8.5953177e-01   3.2729399e-02
   8.6287625e-01   3.2043804e-02
   8.6622074e-01   3.1354074e-02
   8.6956522e-01   3.0660185e-02
   8.7290970e-01   2.9962109e-02
   8.7625418e-01   2.9259821e-02
   8.7959866e-01   2.8553291e-02
   8.8294314e-01   2.7842493e-02
   8.8628763e-01   2.7127396e-02
   8.8963211e-01   2.6407972e-02
   8.9297659e-01   2.5684189e-02
   8.9632107e-01   2.4956016e-02
   8.9966555e-01   2.4223421e-02
   9.0301003e-01   2.3486372e-02
   9.0635452e-01   2.2744835e-02
   9.0969900e-01   2.1998776e-02
   9.1304348e-01   2.1248160e-02
   9.1638796e-01   2.0492951e-02
   9.1973244e-01   1.9733112e-02
   9.2307692e-01   1.8968607e-02
   9.2642140e-01   1.8199398e-02
   9.2976589e-01   1.7425445e-02
   9.3311037e-01   1.6646710e-02
   9.3645485e-01   1.5863152e-02
   9.3979933e-01   1.5074730e-02
   9.4314381e-01   1.4281402e-02
   9.4648829e-01   1.3483126e-02
   9.4983278e-01   1.2679858e-02
   9.5317726e-01   1.1871554e-02
   9.5652174e-01   1.1058171e-02
   9.5986622e-01   1.0239660e-02
   9.6321070e-01   9.4159775e-03
   9.6655518e-01   8.5870749e-03
   9.6989967e-01   7.7529043e-03
   9.7324415e-01   6.9134171e-03
   9.7658863e-01   6.0685636e-03
   9.7993311e-01   5.2182935e-03
   9.8327759e-01   4.3625555e-03
   9.8662207e-01   3.5012977e-03
   9.8996656e-01   2.6344672e-03
   9.9331104e-01   1.7620105e-03
   9.9665552e-01   8.8387318e-04
   1.0000000e+00   0.0000000e+00
   1.0000000e+00   0.0000000e+00
   9.9665552e-01   7.9504710e-04
   9.9331104e-01   1.5893220e-03
   9.8996656e-01   2.3827606e-03
   9.8662207e-01   3.1752986e-03
   9.8327759e-01   3.9668712e-03
   9.7993311e-01   4.7574133e-03
   9.7658863e-01   5.5468596e-03
   9.7324415e-01   6.3351443e-03
   9.6989967e-01   7.1222013e-03
   9.6655518e-01   7.9079642e-03
   9.6321070e-01   8.6923662e-03
   9.5986622e-01   9.4753405e-03
   9.5652174e-01   1.0256820e-02
   9.5317726e-01   1.1036736e-02
   9.4983278e-01   1.1815021e-02
   9.4648829e-01   1.2591608e-02
   9.4314381e-01   1.3366427e-02
   9.3979933e-01   1.4139410e-02
   9.3645485e-01   1.4910488e-02
   9.3311037e-01   1.5679591e-02
   9.2976589e-01   1.6446651e-02
   9.2642140e-01   1.7211596e-02
   9.2307692e-01   1.7974358e-02
   9.1973244e-01   1.8734865e-02
   9.1638796e-01   1.9493048e-02
   9.1304348e-01   2.0248835e-02
   9.0969900e-01   2.1002156e-02
   9.0635452e-01   2.1752940e-02
   9.0301003e-01   2.2501115e-02
   8.9966555e-01   2.3246609e-02
   8.9632107e-01   2.3989351e-02
   8.9297659e-01   2.4729269e-02
   8.8963211e-01   2.5466291e-02
   8.8628763e-01   2.6200344e-02
   8.8294314e-01   2.6931357e-02
   8.7959866e-01   2.7659256e-02
   8.7625418e-01   2.8383968e-02
   8.7290970e-01   2.9105422e-02
   8.6956522e-01   2.9823543e-02
   8.6622074e-01   3.0538259e-02
   8.6287625e-01   3.1249496e-02
   8.5953177e-01   3.1957181e-02
   8.5618729e-01   3.2661240e-02
   8.5284281e-01   3.3361600e-02
   8.4949833e-01   3.4058187e-02
   8.4615385e-01   3.4750928e-02
   8.4280936e-01   3.5439748e-02
   8.3946488e-01   3.6124573e-02
   8.3612040e-01   3.6805330e-02
   8.3277592e-01   3.7481944e-02
   8.2943144e-01   3.8154342e-02
   8.2608696e-01   3.8822448e-02
   8.2274247e-01   3.9486190e-02
   8.1939799e-01   4.0145492e-02
   8.1605351e-01   4.0800280e-02
   8.1270903e-01   4.1450481e-02
   8.0936455e-01   4.2096019e-02
   8.0602007e-01   4.2736822e-02
   8.0267559e-01   4.3372813e-02
   7.9933110e-01   4.4003920e-02
   7.9598662e-01   4.4630068e-02
   7.9264214e-01   4.5251183e-02
   7.8929766e-01   4.5867190e-02
   7.8595318e-01   4.6478016e-02
   7.8260870e-01   4.7083587e-02
   7.7926421e-01   4.7683828e-02
   7.7591973e-01   4.8278667e-02
   7.7257525e-01   4.8868028e-02
   7.6923077e-01   4.9451839e-02
   7.6588629e-01   5.0030026e-02
   7.6254181e-01   5.0602516e-02
   7.5919732e-01   5.1169234e-02
   7.5585284e-01   5.1730109e-02
   7.5250836e-01   5.2285066e-02
   7.4916388e-01   5.2834034e-02
   7.4581940e-01   5.3376938e-02
   7.4247492e-01   5.3913707e-02
   7.3913043e-01   5.4444269e-02
   7.3578595e-01   5.4968550e-02
   7.3244147e-01   5.5486479e-02
   7.2909699e-01   5.5997985e-02
   7.2575251e-01   5.6502995e-02
   7.2240803e-01   5.7001438e-02
   7.1906355e-01   5.7493243e-02
   7.1571906e-01   5.7978339e-02
   7.1237458e-01   5.8456656e-02
   7.0903010e-01   5.8928123e-02
   7.0568562e-01   5.9392669e-02
   7.0234114e-01   5.9850226e-02
   6.9899666e-01   6.0300723e-02
   6.9565217e-01   6.0744092e-02
   6.9230769e-01   6.1180262e-02
   6.8896321e-01   6.1609167e-02
   6.8561873e-01   6.2030737e-02
   6.8227425e-01   6.2444905e-02
   6.7892977e-01   6.2851603e-02
   6.7558528e-01   6.3250763e-02
   6.7224080e-01   6.3642320e-02
   6.6889632e-01   6.4026206e-02
   6.6555184e-01   6.4402356e-02
   6.6220736e-01   6.4770704e-02
   6.5886288e-01   6.5131185e-02
   6.5551839e-01   6.5483734e-02
   6.5217391e-01   6.5828287e-02
   6.4882943e-01   6.6164780e-02
   6.4548495e-01   6.6493150e-02
   6.4214047e-01   6.6813333e-02
   6.3879599e-01   6.7125268e-02
   6.3545151e-01   6.7428893e-02
   6.3210702e-01   6.7724145e-02
   6.2876254e-01   6.8010966e-02
   6.2541806e-01   6.8289293e-02
   6.2207358e-01   6.8559068e-02
   6.1872910e-01   6.8820232e-02
   6.1538462e-01   6.9072726e-02
   6.1204013e-01   6.9316491e-02
   6.0869565e-01   6.9551472e-02
   6.0535117e-01   6.9777611e-02
   6.0200669e-01   6.9994851e-02
   5.9866221e-01   7.0203139e-02
   5.9531773e-01   7.0402419e-02
   5.9197324e-01   7.0592637e-02
   5.8862876e-01   7.0773739e-02
   5.8528428e-01   7.0945674e-02
   5.8193980e-01   7.1108389e-02
   5.7859532e-01   7.1261834e-02
   5.7525084e-01   7.1405958e-02
   5.7190635e-01   7.1540711e-02
   5.6856187e-01   7.1666045e-02
   5.6521739e-01   7.1781912e-02
   5.6187291e-01   7.1888264e-02
   5.5852843e-01   7.1985056e-02
   5.5518395e-01   7.2072242e-02
   5.5183946e-01   7.2149778e-02
   5.4849498e-01   7.2217620e-02
   5.4515050e-01   7.2275725e-02
   5.4180602e-01   7.2324051e-02
   5.3846154e-01   7.2362558e-02
   5.3511706e-01   7.2391206e-02
   5.3177258e-01   7.2409956e-02
   5.2842809e-01   7.2418771e-02
   5.2508361e-01   7.2417612e-02
   5.2173913e-01   7.2406446e-02
   5.1839465e-01   7.2385236e-02
   5.1505017e-01   7.2353950e-02
   5.1170569e-01   7.2312554e-02
   5.0836120e-01   7.2261018e-02
   5.0501672e-01   7.2199311e-02
   5.0167224e-01   7.2127404e-02
   4.9832776e-01   7.2045270e-02
   4.9498328e-01   7.1952881e-02
   4.9163880e-01   7.1850213e-02
   4.8829431e-01   7.1737241e-02
   4.8494983e-01   7.1613942e-02
   4.8160535e-01   7.1480294e-02
   4.7826087e-01   7.1336279e-02
   4.7491639e-01   7.1181876e-02
   4.7157191e-01   7.1017068e-02
   4.6822742e-01   7.0841840e-02
   4.6488294e-01   7.0656176e-02
   4.6153846e-01   7.0460063e-02
   4.5819398e-01   7.0253491e-02
   4.5484950e-01   7.0036448e-02
   4.5150502e-01   6.9808926e-02
   4.4816054e-01   6.9570918e-02
   4.4481605e-01   6.9322418e-02
   4.4147157e-01   6.9063424e-02
   4.3812709e-01   6.8793932e-02
   4.3478261e-01   6.8513943e-02
   4.3143813e-01   6.8223457e-02
   4.2809365e-01   6.7922477e-02
   4.2474916e-01   6.7611010e-02
   4.2140468e-01   6.7289060e-02
   4.1806020e-01   6.6956638e-02
   4.1471572e-01   6.6613752e-02
   4.1137124e-01   6.6260417e-02
   4.0802676e-01   6.5896645e-02
   4.0468227e-01   6.5522454e-02
   4.0133779e-01   6.5137862e-02
   3.9799331e-01   6.4742889e-02
   3.9464883e-01   6.4337558e-02
   3.9130435e-01   6.3921894e-02
   3.8795987e-01   6.3495924e-02
   3.8461538e-01   6.3059677e-02
   3.8127090e-01   6.2613185e-02
   3.7792642e-01   6.2156482e-02
   3.7458194e-01   6.1689605e-02
   3.7123746e-01   6.1212591e-02
   3.6789298e-01   6.0725482e-02
   3.6454849e-01   6.0228323e-02
   3.6120401e-01   5.9721159e-02
   3.5785953e-01   5.9204040e-02
   3.5451505e-01   5.8677018e-02
   3.5117057e-01   5.8140146e-02
   3.4782609e-01   5.7593484e-02
   3.4448161e-01   5.7037090e-02
   3.4113712e-01   5.6471028e-02
   3.3779264e-01   5.5895365e-02
   3.3444816e-01   5.5310169e-02
   3.3110368e-01   5.4715514e-02
   3.2775920e-01   5.4111475e-02
   3.2441472e-01   5.3498131e-02
   3.2107023e-01   5.2875565e-02
   3.1772575e-01   5.2243861e-02
   3.1438127e-01   5.1603111e-02
   3.1103679e-01   5.0953406e-02
   3.0769231e-01   5.0294843e-02
   3.0434783e-01   4.9627523e-02
   3.0100334e-01   4.8951550e-02
   2.9765886e-01   4.8267032e-02
   2.9431438e-01   4.7574082e-02
   2.9096990e-01   4.6872816e-02
   2.8762542e-01   4.6163355e-02
   2.8428094e-01   4.5445824e-02
   2.8093645e-01   4.4720354e-02
   2.7759197e-01   4.3987077e-02
   2.7424749e-01   4.3246133e-02
   2.7090301e-01   4.2497667e-02
   2.6755853e-01   4.1741827e-02
   2.6421405e-01   4.0978767e-02
   2.6086957e-01   4.0208646e-02
   2.5752508e-01   3.9431629e-02
   2.5418060e-01   3.8647887e-02
   2.5083612e-01   3.7857595e-02
   2.4749164e-01   3.7060937e-02
   2.4414716e-01   3.6258099e-02
   2.4080268e-01   3.5449277e-02
   2.3745819e-01   3.4634670e-02
   2.3411371e-01   3.3814488e-02
   2.3076923e-01   3.2988945e-02
   2.2742475e-01   3.2158262e-02
   2.2408027e-01   3.1322669e-02
   2.2073579e-01   3.0482401e-02
   2.1739130e-01   2.9637705e-02
   2.1404682e-01   2.8788833e-02
   2.1070234e-01   2.7936046e-02
   2.0735786e-01   2.7079615e-02
   2.0401338e-01   2.6219819e-02
   2.0066890e-01   2.5356946e-02
   1.9732441e-01   2.4491295e-02
   1.9397993e-01   2.3623176e-02
   1.9063545e-01   2.2752908e-02
   1.8729097e-01   2.1880821e-02
   1.8394649e-01   2.1007258e-02
   1.8060201e-01   2.0132574e-02
   1.7725753e-01   1.9257135e-02
   1.7391304e-01   1.8381321e-02
   1.7056856e-01   1.7505528e-02
   1.6722408e-01   1.6630163e-02
   1.6387960e-01   1.5755650e-02
   1.6053512e-01   1.4882430e-02
   1.5719064e-01   1.4010958e-02
   1.5384615e-01   1.3141710e-02
   1.5050167e-01   1.2275179e-02
   1.4715719e-01   1.1411877e-02
   1.4381271e-01   1.0552339e-02
   1.4046823e-01   9.6971195e-03
   1.3712375e-01   8.8467993e-03
   1.3377926e-01   8.0019825e-03
   1.3043478e-01   7.1633003e-03
   1.2709030e-01   6.3314123e-03
   1.2374582e-01   5.5070088e-03
   1.2040134e-01   4.6908123e-03
   1.1705686e-01   3.8835807e-03
   1.1371237e-01   3.0861097e-03
   1.1036789e-01   2.2992356e-03
   1.0702341e-01   1.5238391e-03
   1.0367893e-01   7.6084885e-04
   1.0033445e-01   1.1245878e-05
   9.6989967e-02  -7.2393155e-04
   9.3645485e-02  -1.4435824e-03
   9.0301003e-02  -2.1465364e-03
   8.6956522e-02  -2.8315468e-03
   8.3612040e-02  -3.4972817e-03
   8.0267559e-02  -4.1423146e-03
   7.6923077e-02  -4.7651122e-03
   7.3578595e-02  -5.3640211e-03
   7.0234114e-02  -5.9372517e-03
   6.6889632e-02  -6.4828583e-03
   6.3545151e-02  -6.9987159e-03
   6.0200669e-02  -7.4824913e-03
   5.6856187e-02  -7.9316077e-03
   5.3511706e-02  -8.3432003e-03
   5.0167224e-02  -8.7140601e-03
   4.6822742e-02  -9.0405618e-03
   4.3478261e-02  -9.3185695e-03
   4.0133779e-02  -9.5433106e-03
   3.6789298e-02  -9.7092051e-03
   3.3444816e-02  -9.8096256e-03
   3.0100334e-02  -9.8365523e-03
   2.6755853e-02  -9.7800580e-03
   2.3411371e-02  -9.6275044e-03
   2.0066890e-02  -9.3622180e-03
   1.6722408e-02  -8.9611549e-03
   1.3377926e-02  -8.3903799e-03
   1.0033445e-02  -7.5951147e-03
   6.6889632e-03  -6.4730225e-03
   3.3444816e-03  -4.7714327e-03
   0.0000000e+00  -2.8118323e-03
