   0.0000000e+00   0.0000000e+00
   3.3444816e-03   8.1078299e-03
   6.6889632e-03   1.1450632e-02
   1.0033445e-02   1.4004718e-02
   1.3377926e-02   1.6148513e-02
   1.6722408e-02   1.8028762e-02
   2.0066890e-02   1.9720802e-02
   2.3411371e-02   2.1269425e-02
   2.6755853e-02   2.2703840e-02
   3.0100334e-02   2.4044351e-02
   3.3444816e-02   2.5305751e-02
   3.6789298e-02   2.6499216e-02
   4.0133779e-02   2.7633433e-02
   4.3478261e-02   2.8715317e-02
   4.6822742e-02   2.9750474e-02
   5.0167224e-02   3.0743529e-02
   5.3511706e-02   3.1698351e-02
   5.6856187e-02   3.2618210e-02
   6.0200669e-02   3.3505908e-02
   6.3545151e-02   3.4363861e-02
   6.6889632e-02   3.5194173e-02
   7.0234114e-02   3.5998689e-02
   7.3578595e-02   3.6779037e-02
   7.6923077e-02   3.7536664e-02
   8.0267559e-02   3.8272862e-02
   8.3612040e-02   3.8988790e-02
   8.6956522e-02   3.9685494e-02
   9.0301003e-02   4.0363921e-02
   9.3645485e-02   4.1024930e-02
   9.6989967e-02   4.1669307e-02
   1.0033445e-01   4.2297770e-02
   1.0367893e-01   4.2910979e-02
   1.0702341e-01   4.3509542e-02
   1.1036789e-01   4.4094021e-02
   1.1371237e-01   4.4664934e-02
   1.1705686e-01   4.5222765e-02
   1.2040134e-01   4.5767962e-02
   1.2374582e-01   4.6300943e-02
   1.2709030e-01   4.6822100e-02
   1.3043478e-01   4.7331799e-02
   1.3377926e-01   4.7830382e-02
   1.3712375e-01   4.8318173e-02
   1.4046823e-01   4.8795474e-02
   1.4381271e-01   4.9262572e-02
   1.4715719e-01   4.9719737e-02
   1.5050167e-01   5.0167223e-02
   1.5384615e-01   5.0605273e-02
   1.5719064e-01   5.1034115e-02
   1.6053512e-01   5.1453967e-02
   1.6387960e-01   5.1865035e-02
   1.6722408e-01   5.2267517e-02
   1.7056856e-01   5.2661598e-02
   1.7391304e-01   5.3047458e-02
   1.7725753e-01   5.3425267e-02
   1.8060201e-01   5.3795187e-02
   1.8394649e-01   5.4157374e-02
   1.8729097e-01   5.4511978e-02
   1.9063545e-01   5.4859140e-02
   1.9397993e-01   5.5198997e-02
   1.9732441e-01   5.5531681e-02
   2.0066890e-01   5.5857317e-02
   2.0401338e-01   5.6176027e-02
   2.0735786e-01   5.6487927e-02
   2.1070234e-01   5.6793130e-02
   2.1404682e-01   5.7091742e-02
   2.1739130e-01   5.7383868e-02
   2.2073579e-01   5.7669608e-02
   2.2408027e-01   5.7949059e-02
   2.2742475e-01   5.8222314e-02
   2.3076923e-01   5.8489463e-02
   2.3411371e-01   5.8750593e-02
   2.3745819e-01   5.9005789e-02
   2.4080268e-01   5.9255131e-02
   2.4414716e-01   5.9498698e-02
   2.4749164e-01   5.9736567e-02
   2.5083612e-01   5.9968810e-02
   2.5418060e-01   6.0195501e-02
   2.5752508e-01   6.0416707e-02
   2.6086957e-01   6.0632496e-02
   2.6421405e-01   6.0842933e-02
   2.6755853e-01   6.1048081e-02
   2.7090301e-01   6.1248002e-02
   2.7424749e-01   6.1442753e-02
   2.7759197e-01   6.1632394e-02
   2.8093645e-01   6.1816980e-02
   2.8428094e-01   6.1996565e-02
   2.8762542e-01   6.2171202e-02
   2.9096990e-01   6.2340942e-02
   2.9431438e-01   6.2505835e-02
   2.9765886e-01   6.2665930e-02
   3.0100334e-01   6.2821273e-02
   3.0434783e-01   6.2971909e-02
   3.0769231e-01   6.3117884e-02
   3.1103679e-01   6.3259240e-02
   3.1438127e-01   6.3396019e-02
   3.1772575e-01   6.3528262e-02
   3.2107023e-01   6.3656008e-02
   3.2441472e-01   6.3779295e-02
   3.2775920e-01   6.3898162e-02
   3.3110368e-01   6.4012643e-02
   3.3444816e-01   6.4122775e-02
   3.3779264e-01   6.4228592e-02
   3.4113712e-01   6.4330126e-02
   3.4448161e-01   6.4427411e-02
   3.4782609e-01   6.4520476e-02
   3.5117057e-01   6.4609353e-02
   3.5451505e-01   6.4694071e-02
   3.5785953e-01   6.4774659e-02
   3.6120401e-01   6.4851144e-02
   3.6454849e-01   6.4923554e-02
   3.6789298e-01   6.4991913e-02
   3.7123746e-01   6.5056248e-02
   3.7458194e-01   6.5116583e-02
   3.7792642e-01   6.5172941e-02
   3.8127090e-01   6.5225345e-02
   3.8461538e-01   6.5273817e-02
   3.8795987e-01   6.5318378e-02
   3.9130435e-01   6.5359050e-02
   3.9464883e-01   6.5395851e-02
   3.9799331e-01   6.5428801e-02
   4.0133779e-01   6.5457919e-02
   4.0468227e-01   6.5483221e-02
   4.0802676e-01   6.5504725e-02
   4.1137124e-01   6.5522446e-02
   4.1471572e-01   6.5536402e-02
   4.1806020e-01   6.5546605e-02
   4.2140468e-01   6.5553072e-02
   4.2474916e-01   6.5555814e-02
   4.2809365e-01   6.5554846e-02
   4.3143813e-01   6.5550179e-02
   4.3478261e-01   6.5541826e-02
   4.3812709e-01   6.5529796e-02
   4.4147157e-01   6.5514100e-02
   4.4481605e-01   6.5494748e-02
   4.4816054e-01   6.5471750e-02
   4.5150502e-01   6.5445113e-02
   4.5484950e-01   6.5414846e-02
   4.5819398e-01   6.5380955e-02
   4.6153846e-01   6.5343448e-02
   4.6488294e-01   6.5302330e-02
   4.6822742e-01   6.5257606e-02
   4.7157191e-01   6.5209283e-02
   4.7491639e-01   6.5157363e-02
   4.7826087e-01   6.5101851e-02
   4.8160535e-01   6.5042749e-02
   4.8494983e-01   6.4980061e-02
   4.8829431e-01   6.4913787e-02
   4.9163880e-01   6.4843930e-02
   4.9498328e-01   6.4770490e-02
   4.9832776e-01   6.4693466e-02
   5.0167224e-01   6.4612860e-02
   5.0501672e-01   6.4528669e-02
   5.0836120e-01   6.4440893e-02
   5.1170569e-01   6.4349528e-02
   5.1505017e-01   6.4254573e-02
   5.1839465e-01   6.4156024e-02
   5.2173913e-01   6.4053877e-02
   5.2508361e-01   6.3948127e-02
   5.2842809e-01   6.3838771e-02
   5.3177258e-01   6.3725801e-02
   5.3511706e-01   6.3609213e-02
   5.3846154e-01   6.3488999e-02
   5.4180602e-01   6.3365152e-02
   5.4515050e-01   6.3237665e-02
   5.4849498e-01   6.3106529e-02
   5.5183946e-01   6.2971734e-02
   5.5518395e-01   6.2833272e-02
   5.5852843e-01   6.2691133e-02
   5.6187291e-01   6.2545305e-02
   5.6521739e-01   6.2395778e-02
   5.6856187e-01   6.2242540e-02
   5.7190635e-01   6.2085578e-02
   5.7525084e-01   6.1924881e-02
   5.7859532e-01   6.1760433e-02
   5.8193980e-01   6.1592222e-02
   5.8528428e-01   6.1420232e-02
   5.8862876e-01   6.1244449e-02
   5.9197324e-01   6.1064857e-02
   5.9531773e-01   6.0881440e-02
   5.9866221e-01   6.0694180e-02
   6.0200669e-01   6.0503061e-02
   6.0535117e-01   6.0308064e-02
   6.0869565e-01   6.0109171e-02
   6.1204013e-01   5.9906363e-02
   6.1538462e-01   5.9699620e-02
   6.1872910e-01   5.9488922e-02
   6.2207358e-01   5.9274248e-02
   6.2541806e-01   5.9055576e-02
   6.2876254e-01   5.8832886e-02
   6.3210702e-01   5.8606154e-02
   6.3545151e-01   5.8375357e-02
   6.3879599e-01   5.8140472e-02
   6.4214047e-01   5.7901474e-02
   6.4548495e-01   5.7658339e-02
   6.4882943e-01   5.7411041e-02
   6.5217391e-01   5.7159554e-02
   6.5551839e-01   5.6903851e-02
   6.5886288e-01   5.6643906e-02
   6.6220736e-01   5.6379691e-02
   6.6555184e-01   5.6111178e-02
   6.6889632e-01   5.5838337e-02
   6.7224080e-01   5.5561139e-02
   6.7558528e-01   5.5279554e-02
   6.7892977e-01   5.4993552e-02
   6.8227425e-01   5.4703101e-02
   6.8561873e-01   5.4408170e-02
   6.8896321e-01   5.4108725e-02
   6.9230769e-01   5.3804735e-02
   6.9565217e-01   5.3496166e-02
   6.9899666e-01   5.3182982e-02
   7.0234114e-01   5.2865151e-02
   7.0568562e-01   5.2542635e-02
   7.0903010e-01   5.2215400e-02
   7.1237458e-01   5.1883408e-02
   7.1571906e-01   5.1546623e-02
   7.1906355e-01   5.1205007e-02
   7.2240803e-01   5.0858521e-02
   7.2575251e-01   5.0507126e-02
   7.2909699e-01   5.0150784e-02
   7.3244147e-01   4.9789453e-02
   7.3578595e-01   4.9423092e-02
   7.3913043e-01   4.9051662e-02
   7.4247492e-01   4.8675118e-02
   7.4581940e-01   4.8293420e-02
   7.4916388e-01   4.7906523e-02
   7.5250836e-01   4.7514384e-02
   7.5585284e-01   4.7116958e-02
   7.5919732e-01   4.6714200e-02
   7.6254181e-01   4.6306064e-02
   7.6588629e-01   4.5892505e-02
   7.6923077e-01   4.5473475e-02
   7.7257525e-01   4.5048926e-02
   7.7591973e-01   4.4618810e-02
   7.7926421e-01   4.4183079e-02
   7.8260870e-01   4.3741683e-02
   7.8595318e-01   4.3294572e-02
   7.8929766e-01   4.2841695e-02
   7.9264214e-01   4.2383001e-02
   7.9598662e-01   4.1918437e-02
   7.9933110e-01   4.1447952e-02
   8.0267559e-01   4.0971492e-02
   8.0602007e-01   4.0489002e-02
   8.0936455e-01   4.0000429e-02
   8.1270903e-01   3.9505717e-02
   8.1605351e-01   3.9004811e-02
   8.1939799e-01   3.8497653e-02
   8.2274247e-01   3.7984187e-02
   8.2608696e-01   3.7464355e-02
   8.2943144e-01   3.6938099e-02
   8.3277592e-01   3.6405359e-02
   8.3612040e-01   3.5866076e-02
   8.3946488e-01   3.5320188e-02
   8.4280936e-01   3.4767637e-02
   8.4615385e-01   3.4208358e-02
   8.4949833e-01   3.3642291e-02
   8.5284281e-01   3.3069372e-02
   8.5618729e-01   3.2489537e-02
   8.5953177e-01   3.1902723e-02
   8.6287625e-01   3.1308863e-02
   8.6622074e-01   3.0707893e-02
   8.6956522e-01   3.0099745e-02
   8.7290970e-01   2.9484354e-02
   8.7625418e-01   2.8861650e-02
   8.7959866e-01   2.8231567e-02
   8.8294314e-01   2.7594034e-02
   8.8628763e-01   2.6948983e-02
   8.8963211e-01   2.6296342e-02
   8.9297659e-01   2.5636040e-02
   8.9632107e-01   2.4968006e-02
   8.9966555e-01   2.4292168e-02
   9.0301003e-01   2.3608451e-02
   9.0635452e-01   2.2916783e-02
   9.0969900e-01   2.2217089e-02
   9.1304348e-01   2.1509293e-02
   9.1638796e-01   2.0793320e-02
   9.1973244e-01   2.0069093e-02
   9.2307692e-01   1.9336535e-02
   9.2642140e-01   1.8595567e-02
   9.2976589e-01   1.7846112e-02
   9.3311037e-01   1.7088090e-02
   9.3645485e-01   1.6321420e-02
   9.3979933e-01   1.5546021e-02
   9.4314381e-01   1.4761814e-02
   9.4648829e-01   1.3968714e-02
   9.4983278e-01   1.3166640e-02
   9.5317726e-01   1.2355507e-02
   9.5652174e-01   1.1535232e-02
   9.5986622e-01   1.0705729e-02
   9.6321070e-01   9.8669125e-03
   9.6655518e-01   9.0186962e-03
   9.6989967e-01   8.1609927e-03
   9.7324415e-01   7.2937142e-03
   9.7658863e-01   6.4167721e-03
   9.7993311e-01   5.5300770e-03
   9.8327759e-01   4.6335389e-03
   9.8662207e-01   3.7270670e-03
   9.8996656e-01   2.8105698e-03
   9.9331104e-01   1.8839550e-03
   9.9665552e-01   9.4712961e-04
   1.0000000e+00   0.0000000e+00
   1.0000000e+00  -0.0000000e+00
   9.9665552e-01  -3.1124259e-04
   9.9331104e-01  -6.3030015e-04
   9.8996656e-01  -9.5699216e-04
   9.8662207e-01  -1.2911396e-03
   9.8327759e-01  -1.6325649e-03
   9.7993311e-01  -1.9810921e-03
   9.7658863e-01  -2.3365464e-03
   9.7324415e-01  -2.6987548e-03
   9.6989967e-01  -3.0675457e-03
   9.6655518e-01  -3.4427487e-03
   9.6321070e-01  -3.8241952e-03
   9.5986622e-01  -4.2117179e-03
   9.5652174e-01  -4.6051508e-03
   9.5317726e-01  -5.0043296e-03
   9.4983278e-01  -5.4090912e-03
   9.4648829e-01  -5.8192742e-03
   9.4314381e-01  -6.2347185e-03
   9.3979933e-01  -6.6552653e-03
   9.3645485e-01  -7.0807573e-03
   9.3311037e-01  -7.5110388e-03
   9.2976589e-01  -7.9459553e-03
   9.2642140e-01  -8.3853538e-03
   9.2307692e-01  -8.8290825e-03
   9.1973244e-01  -9.2769914e-03
   9.1638796e-01  -9.7289316e-03
   9.1304348e-01  -1.0184756e-02
   9.0969900e-01  -1.0644317e-02
   9.0635452e-01  -1.1107472e-02
   9.0301003e-01  -1.1574077e-02
   8.9966555e-01  -1.2043990e-02
   8.9632107e-01  -1.2517070e-02
   8.9297659e-01  -1.2993178e-02
   8.8963211e-01  -1.3472177e-02
   8.8628763e-01  -1.3953929e-02
   8.8294314e-01  -1.4438301e-02
   8.7959866e-01  -1.4925157e-02
   8.7625418e-01  -1.5414366e-02
   8.7290970e-01  -1.5905797e-02
   8.6956522e-01  -1.6399319e-02
   8.6622074e-01  -1.6894805e-02
   8.6287625e-01  -1.7392127e-02
   8.5953177e-01  -1.7891159e-02
   8.5618729e-01  -1.8391777e-02
   8.5284281e-01  -1.8893858e-02
   8.4949833e-01  -1.9397281e-02
   8.4615385e-01  -1.9901923e-02
   8.4280936e-01  -2.0407667e-02
   8.3946488e-01  -2.0914394e-02
   8.3612040e-01  -2.1421988e-02
   8.3277592e-01  -2.1930332e-02
   8.2943144e-01  -2.2439314e-02
   8.2608696e-01  -2.2948820e-02
   8.2274247e-01  -2.3458739e-02
   8.1939799e-01  -2.3968960e-02
   8.1605351e-01  -2.4479374e-02
   8.1270903e-01  -2.4989874e-02
   8.0936455e-01  -2.5500353e-02
   8.0602007e-01  -2.6010705e-02
   8.0267559e-01  -2.6520826e-02
   7.9933110e-01  -2.7030615e-02
   7.9598662e-01  -2.7539968e-02
   7.9264214e-01  -2.8048787e-02
   7.8929766e-01  -2.8556970e-02
   7.8595318e-01  -2.9064421e-02
   7.8260870e-01  -2.9571043e-02
   7.7926421e-01  -3.0076740e-02
   7.7591973e-01  -3.0581419e-02
   7.7257525e-01  -3.1084984e-02
   7.6923077e-01  -3.1587346e-02
   7.6588629e-01  -3.2088412e-02
   7.6254181e-01  -3.2588094e-02
   7.5919732e-01  -3.3086303e-02
   7.5585284e-01  -3.3582951e-02
   7.5250836e-01  -3.4077953e-02
   7.4916388e-01  -3.4571223e-02
   7.4581940e-01  -3.5062678e-02
   7.4247492e-01  -3.5552235e-02
   7.3913043e-01  -3.6039812e-02
   7.3578595e-01  -3.6525329e-02
   7.3244147e-01  -3.7008707e-02
   7.2909699e-01  -3.7489868e-02
   7.2575251e-01  -3.7968735e-02
   7.2240803e-01  -3.8445230e-02
   7.1906355e-01  -3.8919281e-02
   7.1571906e-01  -3.9390813e-02
   7.1237458e-01  -3.9859753e-02
   7.0903010e-01  -4.0326030e-02
   7.0568562e-01  -4.0789574e-02
   7.0234114e-01  -4.1250314e-02
   6.9899666e-01  -4.1708184e-02
   6.9565217e-01  -4.2163114e-02
   6.9230769e-01  -4.2615040e-02
   6.8896321e-01  -4.3063896e-02
   6.8561873e-01  -4.3509617e-02
   6.8227425e-01  -4.3952142e-02
   6.7892977e-01  -4.4391407e-02
   6.7558528e-01  -4.4827352e-02
   6.7224080e-01  -4.5259917e-02
   6.6889632e-01  -4.5689043e-02
   6.6555184e-01  -4.6114671e-02
   6.6220736e-01  -4.6536746e-02
   6.5886288e-01  -4.6955210e-02
   6.5551839e-01  -4.7370009e-02
   6.5217391e-01  -4.7781088e-02
   6.4882943e-01  -4.8188396e-02
   6.4548495e-01  -4.8591879e-02
   6.4214047e-01  -4.8991486e-02
   6.3879599e-01  -4.9387168e-02
   6.3545151e-01  -4.9778876e-02
   6.3210702e-01  -5.0166560e-02
   6.2876254e-01  -5.0550173e-02
   6.2541806e-01  -5.0929670e-02
   6.2207358e-01  -5.1305004e-02
   6.1872910e-01  -5.1676132e-02
   6.1538462e-01  -5.2043008e-02
   6.1204013e-01  -5.2405591e-02
   6.0869565e-01  -5.2763839e-02
   6.0535117e-01  -5.3117710e-02
   6.0200669e-01  -5.3467165e-02
   5.9866221e-01  -5.3812163e-02
   5.9531773e-01  -5.4152668e-02
   5.9197324e-01  -5.4488640e-02
   5.8862876e-01  -5.4820044e-02
   5.8528428e-01  -5.5146844e-02
   5.8193980e-01  -5.5469003e-02
   5.7859532e-01  -5.5786489e-02
   5.7525084e-01  -5.6099267e-02
   5.7190635e-01  -5.6407306e-02
   5.6856187e-01  -5.6710572e-02
   5.6521739e-01  -5.7009036e-02
   5.6187291e-01  -5.7302667e-02
   5.5852843e-01  -5.7591434e-02
   5.5518395e-01  -5.7875310e-02
   5.5183946e-01  -5.8154267e-02
   5.4849498e-01  -5.8428277e-02
   5.4515050e-01  -5.8697313e-02
   5.4180602e-01  -5.8961350e-02
   5.3846154e-01  -5.9220363e-02
   5.3511706e-01  -5.9474327e-02
   5.3177258e-01  -5.9723218e-02
   5.2842809e-01  -5.9967014e-02
   5.2508361e-01  -6.0205692e-02
   5.2173913e-01  -6.0439230e-02
   5.1839465e-01  -6.0667607e-02
   5.1505017e-01  -6.0890804e-02
   5.1170569e-01  -6.1108799e-02
   5.0836120e-01  -6.1321574e-02
   5.0501672e-01  -6.1529111e-02
   5.0167224e-01  -6.1731391e-02
   4.9832776e-01  -6.1928397e-02
   4.9498328e-01  -6.2120112e-02
   4.9163880e-01  -6.2306521e-02
   4.8829431e-01  -6.2487606e-02
   4.8494983e-01  -6.2663354e-02
   4.8160535e-01  -6.2833749e-02
   4.7826087e-01  -6.2998778e-02
   4.7491639e-01  -6.3158426e-02
   4.7157191e-01  -6.3312681e-02
   4.6822742e-01  -6.3461531e-02
   4.6488294e-01  -6.3604962e-02
   4.6153846e-01  -6.3742963e-02
   4.5819398e-01  -6.3875524e-02
   4.5484950e-01  -6.4002632e-02
   4.5150502e-01  -6.4124278e-02
   4.4816054e-01  -6.4240452e-02
   4.4481605e-01  -6.4351144e-02
   4.4147157e-01  -6.4456344e-02
   4.3812709e-01  -6.4556043e-02
   4.3478261e-01  -6.4650234e-02
   4.3143813e-01  -6.4738907e-02
   4.2809365e-01  -6.4822054e-02
   4.2474916e-01  -6.4899669e-02
   4.2140468e-01  -6.4971743e-02
   4.1806020e-01  -6.5038268e-02
   4.1471572e-01  -6.5099239e-02
   4.1137124e-01  -6.5154648e-02
   4.0802676e-01  -6.5204489e-02
   4.0468227e-01  -6.5248755e-02
   4.0133779e-01  -6.5287439e-02
   3.9799331e-01  -6.5320536e-02
   3.9464883e-01  -6.5348040e-02
   3.9130435e-01  -6.5369944e-02
   3.8795987e-01  -6.5386243e-02
   3.8461538e-01  -6.5396931e-02
   3.8127090e-01  -6.5402001e-02
   3.7792642e-01  -6.5401449e-02
   3.7458194e-01  -6.5395267e-02
   3.7123746e-01  -6.5383451e-02
   3.6789298e-01  -6.5365993e-02
   3.6454849e-01  -6.5342889e-02
   3.6120401e-01  -6.5314130e-02
   3.5785953e-01  -6.5279712e-02
   3.5451505e-01  -6.5239627e-02
   3.5117057e-01  -6.5193869e-02
   3.4782609e-01  -6.5142429e-02
   3.4448161e-01  -6.5085302e-02
   3.4113712e-01  -6.5022478e-02
   3.3779264e-01  -6.4953950e-02
   3.3444816e-01  -6.4879709e-02
   3.3110368e-01  -6.4799746e-02
   3.2775920e-01  -6.4714051e-02
   3.2441472e-01  -6.4622615e-02
   3.2107023e-01  -6.4525427e-02
   3.1772575e-01  -6.4422475e-02
   3.1438127e-01  -6.4313749e-02
   3.1103679e-01  -6.4199234e-02
   3.0769231e-01  -6.4078918e-02
   3.0434783e-01  -6.3952788e-02
   3.0100334e-01  -6.3820827e-02
   2.9765886e-01  -6.3683019e-02
   2.9431438e-01  -6.3539349e-02
   2.9096990e-01  -6.3389798e-02
   2.8762542e-01  -6.3234348e-02
   2.8428094e-01  -6.3072977e-02
   2.8093645e-01  -6.2905665e-02
   2.7759197e-01  -6.2732389e-02
   2.7424749e-01  -6.2553125e-02
   2.7090301e-01  -6.2367847e-02
   2.6755853e-01  -6.2176529e-02
   2.6421405e-01  -6.1979142e-02
   2.6086957e-01  -6.1775655e-02
   2.5752508e-01  -6.1566036e-02
   2.5418060e-01  -6.1350251e-02
   2.5083612e-01  -6.1128264e-02
   2.4749164e-01  -6.0900037e-02
   2.4414716e-01  -6.0665529e-02
   2.4080268e-01  -6.0424697e-02
   2.3745819e-01  -6.0177496e-02
   2.3411371e-01  -5.9923877e-02
   2.3076923e-01  -5.9663791e-02
   2.2742475e-01  -5.9397182e-02
   2.2408027e-01  -5.9123994e-02
   2.2073579e-01  -5.8844167e-02
   2.1739130e-01  -5.8557636e-02
   2.1404682e-01  -5.8264335e-02
   2.1070234e-01  -5.7964192e-02
   2.0735786e-01  -5.7657131e-02
   2.0401338e-01  -5.7343073e-02
   2.0066890e-01  -5.7021933e-02
   1.9732441e-01  -5.6693621e-02
   1.9397993e-01  -5.6358043e-02
   1.9063545e-01  -5.6015098e-02
   1.8729097e-01  -5.5664680e-02
   1.8394649e-01  -5.5306677e-02
   1.8060201e-01  -5.4940969e-02
   1.7725753e-01  -5.4567431e-02
   1.7391304e-01  -5.4185928e-02
   1.7056856e-01  -5.3796319e-02
   1.6722408e-01  -5.3398452e-02
   1.6387960e-01  -5.2992169e-02
   1.6053512e-01  -5.2577298e-02
   1.5719064e-01  -5.2153660e-02
   1.5384615e-01  -5.1721064e-02
   1.5050167e-01  -5.1279304e-02
   1.4715719e-01  -5.0828164e-02
   1.4381271e-01  -5.0367412e-02
   1.4046823e-01  -4.9896802e-02
   1.3712375e-01  -4.9416068e-02
   1.3377926e-01  -4.8924931e-02
   1.3043478e-01  -4.8423089e-02
   1.2709030e-01  -4.7910219e-02
   1.2374582e-01  -4.7385976e-02
   1.2040134e-01  -4.6849988e-02
   1.1705686e-01  -4.6301857e-02
   1.1371237e-01  -4.5741152e-02
   1.1036789e-01  -4.5167410e-02
   1.0702341e-01  -4.4580132e-02
   1.0367893e-01  -4.3978774e-02
   1.0033445e-01  -4.3362751e-02
   9.6989967e-02  -4.2731422e-02
   9.3645485e-02  -4.2084092e-02
   9.0301003e-02  -4.1420002e-02
   8.6956522e-02  -4.0738319e-02
   8.3612040e-02  -4.0038128e-02
   8.0267559e-02  -3.9318422e-02
   7.6923077e-02  -3.8578084e-02
   7.3578595e-02  -3.7815877e-02
   7.0234114e-02  -3.7030420e-02
   6.6889632e-02  -3.6220163e-02
   6.3545151e-02  -3.5383365e-02
   6.0200669e-02  -3.4518049e-02
   5.6856187e-02  -3.3621963e-02
   5.3511706e-02  -3.2692521e-02
   5.0167224e-02  -3.1726727e-02
   4.6822742e-02  -3.0721085e-02
   4.3478261e-02  -2.9671463e-02
   4.0133779e-02  -2.8572930e-02
   3.6789298e-02  -2.7419512e-02
   3.3444816e-02  -2.6203853e-02
   3.0100334e-02  -2.4916727e-02
   2.6755853e-02  -2.3546282e-02
   2.3411371e-02  -2.2076857e-02
   2.0066890e-02  -2.0486993e-02
   1.6722408e-02  -1.8745873e-02
   1.3377926e-02  -1.6806323e-02
   1.0033445e-02  -1.4589135e-02
   6.6889632e-03  -1.1940281e-02
   3.3444816e-03  -8.4632043e-03
   0.0000000e+00   0.0000000e+00
