   0.0000000e+00   0.0000000e+00
   3.3444816e-03   1.1288931e-02
   6.6889632e-03   1.5963586e-02
   1.0033445e-02   1.9548573e-02
   1.3377926e-02   2.2568358e-02
   1.6722408e-02   2.5225934e-02
   2.0066890e-02   2.7625307e-02
   2.3411371e-02   2.9828188e-02
   2.6755853e-02   3.1874732e-02
   3.0100334e-02   3.3792787e-02
   3.3444816e-02   3.5602594e-02
   3.6789298e-02   3.7319408e-02
   4.0133779e-02   3.8955056e-02
   4.3478261e-02   4.0518922e-02
   4.6822742e-02   4.2018602e-02
   5.0167224e-02   4.3460339e-02
   5.3511706e-02   4.4849340e-02
   5.6856187e-02   4.6189998e-02
   6.0200669e-02   4.7486061e-02
   6.3545151e-02   4.8740753e-02
   6.6889632e-02   4.9956874e-02
   7.0234114e-02   5.1136870e-02
   7.3578595e-02   5.2282894e-02
   7.6923077e-02   5.3396853e-02
   8.0267559e-02   5.4480446e-02
   8.3612040e-02   5.5535190e-02
   8.6956522e-02   5.6562451e-02
   9.0301003e-02   5.7563462e-02
   9.3645485e-02   5.8539339e-02
   9.6989967e-02   5.9491100e-02
   1.0033445e-01   6.0419670e-02
   1.0367893e-01   6.1325901e-02
   1.0702341e-01   6.2210572e-02
   1.1036789e-01   6.3074402e-02
   1.1371237e-01   6.3918055e-02
   1.1705686e-01   6.4742145e-02
   1.2040134e-01   6.5547244e-02
   1.2374582e-01   6.6333881e-02
   1.2709030e-01   6.7102552e-02
   1.3043478e-01   6.7853719e-02
   1.3377926e-01   6.8587816e-02
   1.3712375e-01   6.9305249e-02
   1.4046823e-01   7.0006399e-02
   1.4381271e-01   7.0691626e-02
   1.4715719e-01   7.1361268e-02
   1.5050167e-01   7.2015647e-02
   1.5384615e-01   7.2655065e-02
   1.5719064e-01   7.3279808e-02
   1.6053512e-01   7.3890151e-02
   1.6387960e-01   7.4486351e-02
   1.6722408e-01   7.5068655e-02
   1.7056856e-01   7.5637298e-02
   1.7391304e-01   7.6192504e-02
   1.7725753e-01   7.6734488e-02
   1.8060201e-01   7.7263454e-02
   1.8394649e-01   7.7779599e-02
   1.8729097e-01   7.8283110e-02
   1.9063545e-01   7.8774170e-02
   1.9397993e-01   7.9252951e-02
   1.9732441e-01   7.9719621e-02
   2.0066890e-01   8.0174341e-02
   2.0401338e-01   8.0617267e-02
   2.0735786e-01   8.1048547e-02
   2.1070234e-01   8.1468329e-02
   2.1404682e-01   8.1876750e-02
   2.1739130e-01   8.2273948e-02
   2.2073579e-01   8.2660053e-02
   2.2408027e-01   8.3035193e-02
   2.2742475e-01   8.3399493e-02
   2.3076923e-01   8.3753071e-02
   2.3411371e-01   8.4096046e-02
   2.3745819e-01   8.4428531e-02
   2.4080268e-01   8.4750636e-02
   2.4414716e-01   8.5062470e-02
   2.4749164e-01   8.5364139e-02
   2.5083612e-01   8.5655744e-02
   2.5418060e-01   8.5937386e-02
   2.5752508e-01   8.6209163e-02
   2.6086957e-01   8.6471172e-02
   2.6421405e-01   8.6723506e-02
   2.6755853e-01   8.6966257e-02
   2.7090301e-01   8.7199515e-02
   2.7424749e-01   8.7423369e-02
   2.7759197e-01   8.7637904e-02
   2.8093645e-01   8.7843207e-02
   2.8428094e-01   8.8039360e-02
   2.8762542e-01   8.8226445e-02
   2.9096990e-01   8.8404543e-02
   2.9431438e-01   8.8573734e-02
   2.9765886e-01   8.8734095e-02
   3.0100334e-01   8.8885702e-02
   3.0434783e-01   8.9028632e-02
   3.0769231e-01   8.9162958e-02
   3.1103679e-01   8.9288755e-02
   3.1438127e-01   8.9406094e-02
   3.1772575e-01   8.9515046e-02
   3.2107023e-01   8.9615682e-02
   3.2441472e-01   8.9708071e-02
   3.2775920e-01   8.9792282e-02
   3.3110368e-01   8.9868382e-02
   3.3444816e-01   8.9936438e-02
   3.3779264e-01   8.9996515e-02
   3.4113712e-01   9.0048680e-02
   3.4448161e-01   9.0092996e-02
   3.4782609e-01   9.0129527e-02
   3.5117057e-01   9.0158336e-02
   3.5451505e-01   9.0179485e-02
   3.5785953e-01   9.0193037e-02
   3.6120401e-01   9.0199051e-02
   3.6454849e-01   9.0197589e-02
   3.6789298e-01   9.0188710e-02
   3.7123746e-01   9.0172473e-02
   3.7458194e-01   9.0148937e-02
   3.7792642e-01   9.0118160e-02
   3.8127090e-01   9.0080199e-02
   3.8461538e-01   9.0035112e-02
   3.8795987e-01   8.9982954e-02
   3.9130435e-01   8.9923782e-02
   3.9464883e-01   8.9857650e-02
   3.9799331e-01   8.9784615e-02
   4.0133779e-01   8.9704730e-02
   4.0468227e-01   8.9618049e-02
   4.0802676e-01   8.9524626e-02
   4.1137124e-01   8.9424514e-02
   4.1471572e-01   8.9317765e-02
   4.1806020e-01   8.9204432e-02
   4.2140468e-01   8.9084566e-02
   4.2474916e-01   8.8958219e-02
   4.2809365e-01   8.8825441e-02
   4.3143813e-01   8.8686283e-02
   4.3478261e-01   8.8540795e-02
   4.3812709e-01   8.8389026e-02
   4.4147157e-01   8.8231027e-02
   4.4481605e-01   8.8066845e-02
   4.4816054e-01   8.7896528e-02
   4.5150502e-01   8.7720126e-02
   4.5484950e-01   8.7537686e-02
   4.5819398e-01   8.7349255e-02
   4.6153846e-01   8.7154879e-02
   4.6488294e-01   8.6954606e-02
   4.6822742e-01   8.6748482e-02
   4.7157191e-01   8.6536552e-02
   4.7491639e-01   8.6318861e-02
   4.7826087e-01   8.6095456e-02
   4.8160535e-01   8.5866379e-02
   4.8494983e-01   8.5631676e-02
   4.8829431e-01   8.5391391e-02
   4.9163880e-01   8.5145566e-02
   4.9498328e-01   8.4894246e-02
   4.9832776e-01   8.4637473e-02
   5.0167224e-01   8.4375289e-02
   5.0501672e-01   8.4107737e-02
   5.0836120e-01   8.3834857e-02
   5.1170569e-01   8.3556693e-02
   5.1505017e-01   8.3273284e-02
   5.1839465e-01   8.2984670e-02
   5.2173913e-01   8.2690894e-02
   5.2508361e-01   8.2391993e-02
   5.2842809e-01   8.2088008e-02
   5.3177258e-01   8.1778978e-02
   5.3511706e-01   8.1464941e-02
   5.3846154e-01   8.1145937e-02
   5.4180602e-01   8.0822002e-02
   5.4515050e-01   8.0493175e-02
   5.4849498e-01   8.0159494e-02
   5.5183946e-01   7.9820994e-02
   5.5518395e-01   7.9477712e-02
   5.5852843e-01   7.9129685e-02
   5.6187291e-01   7.8776949e-02
   5.6521739e-01   7.8419538e-02
   5.6856187e-01   7.8057488e-02
   5.7190635e-01   7.7690834e-02
   5.7525084e-01   7.7319609e-02
   5.7859532e-01   7.6943848e-02
   5.8193980e-01   7.6563584e-02
   5.8528428e-01   7.6178850e-02
   5.8862876e-01   7.5789679e-02
   5.9197324e-01   7.5396103e-02
   5.9531773e-01   7.4998155e-02
   5.9866221e-01   7.4595865e-02
   6.0200669e-01   7.4189265e-02
   6.0535117e-01   7.3778386e-02
   6.0869565e-01   7.3363257e-02
   6.1204013e-01   7.2943910e-02
   6.1538462e-01   7.2520373e-02
   6.1872910e-01   7.2092675e-02
   6.2207358e-01   7.1660846e-02
   6.2541806e-01   7.1224913e-02
   6.2876254e-01   7.0784905e-02
   6.3210702e-01   7.0340849e-02
   6.3545151e-01   6.9892771e-02
   6.3879599e-01   6.9440700e-02
   6.4214047e-01   6.8984660e-02
   6.4548495e-01   6.8524677e-02
   6.4882943e-01   6.8060778e-02
   6.5217391e-01   6.7592987e-02
   6.5551839e-01   6.7121327e-02
   6.5886288e-01   6.6645825e-02
   6.6220736e-01   6.6166502e-02
   6.6555184e-01   6.5683383e-02
   6.6889632e-01   6.5196490e-02
   6.7224080e-01   6.4705845e-02
   6.7558528e-01   6.4211470e-02
   6.7892977e-01   6.3713387e-02
   6.8227425e-01   6.3211616e-02
   6.8561873e-01   6.2706179e-02
   6.8896321e-01   6.2197094e-02
   6.9230769e-01   6.1684382e-02
   6.9565217e-01   6.1168062e-02
   6.9899666e-01   6.0648152e-02
   7.0234114e-01   6.0124671e-02
   7.0568562e-01   5.9597636e-02
   7.0903010e-01   5.9067065e-02
   7.1237458e-01   5.8532974e-02
   7.1571906e-01   5.7995380e-02
   7.1906355e-01   5.7454298e-02
   7.2240803e-01   5.6909744e-02
   7.2575251e-01   5.6361732e-02
   7.2909699e-01   5.5810278e-02
   7.3244147e-01   5.5255394e-02
   7.3578595e-01   5.4697095e-02
   7.3913043e-01   5.4135393e-02
   7.4247492e-01   5.3570300e-02
   7.4581940e-01   5.3001829e-02
   7.4916388e-01   5.2429990e-02
   7.5250836e-01   5.1854796e-02
   7.5585284e-01   5.1276255e-02
   7.5919732e-01   5.0694378e-02
   7.6254181e-01   5.0109174e-02
   7.6588629e-01   4.9520652e-02
   7.6923077e-01   4.8928821e-02
   7.7257525e-01   4.8333687e-02
   7.7591973e-01   4.7735259e-02
   7.7926421e-01   4.7133543e-02
   7.8260870e-01   4.6528545e-02
   7.8595318e-01   4.5920272e-02
   7.8929766e-01   4.5308727e-02
   7.9264214e-01   4.4693916e-02
   7.9598662e-01   4.4075843e-02
   7.9933110e-01   4.3454510e-02
   8.0267559e-01   4.2829922e-02
   8.0602007e-01   4.2202081e-02
   8.0936455e-01   4.1570988e-02
   8.1270903e-01   4.0936645e-02
   8.1605351e-01   4.0299053e-02
   8.1939799e-01   3.9658211e-02
   8.2274247e-01   3.9014119e-02
   8.2608696e-01   3.8366777e-02
   8.2943144e-01   3.7716183e-02
   8.3277592e-01   3.7062334e-02
   8.3612040e-01   3.6405229e-02
   8.3946488e-01   3.5744864e-02
   8.4280936e-01   3.5081235e-02
   8.4615385e-01   3.4414338e-02
   8.4949833e-01   3.3744167e-02
   8.5284281e-01   3.3070718e-02
   8.5618729e-01   3.2393984e-02
   8.5953177e-01   3.1713959e-02
   8.6287625e-01   3.1030635e-02
   8.6622074e-01   3.0344004e-02
   8.6956522e-01   2.9654057e-02
   8.7290970e-01   2.8960786e-02
   8.7625418e-01   2.8264182e-02
   8.7959866e-01   2.7564232e-02
   8.8294314e-01   2.6860927e-02
   8.8628763e-01   2.6154256e-02
   8.8963211e-01   2.5444205e-02
   8.9297659e-01   2.4730763e-02
   8.9632107e-01   2.4013915e-02
   8.9966555e-01   2.3293648e-02
   9.0301003e-01   2.2569947e-02
   9.0635452e-01   2.1842797e-02
   9.0969900e-01   2.1112182e-02
   9.1304348e-01   2.0378085e-02
   9.1638796e-01   1.9640489e-02
   9.1973244e-01   1.8899377e-02
   9.2307692e-01   1.8154730e-02
   9.2642140e-01   1.7406529e-02
   9.2976589e-01   1.6654754e-02
   9.3311037e-01   1.5899385e-02
   9.3645485e-01   1.5140401e-02
   9.3979933e-01   1.4377779e-02
   9.4314381e-01   1.3611499e-02
   9.4648829e-01   1.2841536e-02
   9.4983278e-01   1.2067867e-02
   9.5317726e-01   1.1290469e-02
   9.5652174e-01   1.0509315e-02
   9.5986622e-01   9.7243800e-03
   9.6321070e-01   8.9356381e-03
   9.6655518e-01   8.1430620e-03
   9.6989967e-01   7.3466242e-03
   9.7324415e-01   6.5462962e-03
   9.7658863e-01   5.7420491e-03
   9.7993311e-01   4.9338530e-03
   9.8327759e-01   4.1216777e-03
   9.8662207e-01   3.3054920e-03
   9.8996656e-01   2.4852643e-03
   9.9331104e-01   1.6609619e-03
   9.9665552e-01   8.3255174e-04
   1.0000000e+00   0.0000000e+00
   1.0000000e+00  -0.0000000e+00
   9.9665552e-01  -1.3298693e-04
   9.9331104e-01  -2.6680567e-04
   9.8996656e-01  -4.0141976e-04
   9.8662207e-01  -5.3679347e-04
   9.8327759e-01  -6.7289170e-04
   9.7993311e-01  -8.0968003e-04
   9.7658863e-01  -9.4712469e-04
   9.7324415e-01  -1.0851926e-03
   9.6989967e-01  -1.2238513e-03
   9.6655518e-01  -1.3630690e-03
   9.6321070e-01  -1.5028145e-03
   9.5986622e-01  -1.6430573e-03
   9.5652174e-01  -1.7837677e-03
   9.5317726e-01  -1.9249162e-03
   9.4983278e-01  -2.0664744e-03
   9.4648829e-01  -2.2084142e-03
   9.4314381e-01  -2.3507083e-03
   9.3979933e-01  -2.4933300e-03
   9.3645485e-01  -2.6362532e-03
   9.3311037e-01  -2.7794522e-03
   9.2976589e-01  -2.9229024e-03
   9.2642140e-01  -3.0665792e-03
   9.2307692e-01  -3.2104591e-03
   9.1973244e-01  -3.3545190e-03
   9.1638796e-01  -3.4987362e-03
   9.1304348e-01  -3.6430890e-03
   9.0969900e-01  -3.7875560e-03
   9.0635452e-01  -3.9321163e-03
   9.0301003e-01  -4.0767498e-03
   8.9966555e-01  -4.2214369e-03
   8.9632107e-01  -4.3661586e-03
   8.9297659e-01  -4.5108963e-03
   8.8963211e-01  -4.6556320e-03
   8.8628763e-01  -4.8003485e-03
   8.8294314e-01  -4.9450289e-03
   8.7959866e-01  -5.0896568e-03
   8.7625418e-01  -5.2342165e-03
   8.7290970e-01  -5.3786929e-03
   8.6956522e-01  -5.5230712e-03
   8.6622074e-01  -5.6673372e-03
   8.6287625e-01  -5.8114773e-03
   8.5953177e-01  -5.9554784e-03
   8.5618729e-01  -6.0993279e-03
   8.5284281e-01  -6.2430137e-03
   8.4949833e-01  -6.3865242e-03
   8.4615385e-01  -6.5298482e-03
   8.4280936e-01  -6.6729751e-03
   8.3946488e-01  -6.8158950e-03
   8.3612040e-01  -6.9585980e-03
   8.3277592e-01  -7.1010751e-03
   8.2943144e-01  -7.2433175e-03
   8.2608696e-01  -7.3853172e-03
   8.2274247e-01  -7.5270662e-03
   8.1939799e-01  -7.6685574e-03
   8.1605351e-01  -7.8097839e-03
   8.1270903e-01  -7.9507393e-03
   8.0936455e-01  -8.0914177e-03
   8.0602007e-01  -8.2318136e-03
   8.0267559e-01  -8.3719219e-03
   7.9933110e-01  -8.5117380e-03
   7.9598662e-01  -8.6512578e-03
   7.9264214e-01  -8.7904774e-03
   7.8929766e-01  -8.9293934e-03
   7.8595318e-01  -9.0680029e-03
   7.8260870e-01  -9.2063034e-03
   7.7926421e-01  -9.3442927e-03
   7.7591973e-01  -9.4819690e-03
   7.7257525e-01  -9.6193309e-03
   7.6923077e-01  -9.7563775e-03
   7.6588629e-01  -9.8931082e-03
   7.6254181e-01  -1.0029523e-02
   7.5919732e-01  -1.0165621e-02
   7.5585284e-01  -1.0301404e-02
   7.5250836e-01  -1.0436872e-02
   7.4916388e-01  -1.0572026e-02
   7.4581940e-01  -1.0706869e-02
   7.4247492e-01  -1.0841401e-02
   7.3913043e-01  -1.0975625e-02
   7.3578595e-01  -1.1109544e-02
   7.3244147e-01  -1.1243160e-02
   7.2909699e-01  -1.1376477e-02
   7.2575251e-01  -1.1509498e-02
   7.2240803e-01  -1.1642227e-02
   7.1906355e-01  -1.1774667e-02
   7.1571906e-01  -1.1906824e-02
   7.1237458e-01  -1.2038702e-02
   7.0903010e-01  -1.2170305e-02
   7.0568562e-01  -1.2301639e-02
   7.0234114e-01  -1.2432710e-02
   6.9899666e-01  -1.2563523e-02
   6.9565217e-01  -1.2694084e-02
   6.9230769e-01  -1.2824399e-02
   6.8896321e-01  -1.2954475e-02
   6.8561873e-01  -1.3084318e-02
   6.8227425e-01  -1.3213936e-02
   6.7892977e-01  -1.3343335e-02
   6.7558528e-01  -1.3472522e-02
   6.7224080e-01  -1.3601506e-02
   6.6889632e-01  -1.3730294e-02
   6.6555184e-01  -1.3858894e-02
   6.6220736e-01  -1.3987314e-02
   6.5886288e-01  -1.4115562e-02
   6.5551839e-01  -1.4243646e-02
   6.5217391e-01  -1.4371576e-02
   6.4882943e-01  -1.4499360e-02
   6.4548495e-01  -1.4627007e-02
   6.4214047e-01  -1.4754526e-02
   6.3879599e-01  -1.4881926e-02
   6.3545151e-01  -1.5009217e-02
   6.3210702e-01  -1.5136407e-02
   6.2876254e-01  -1.5263506e-02
   6.2541806e-01  -1.5390525e-02
   6.2207358e-01  -1.5517472e-02
   6.1872910e-01  -1.5644357e-02
   6.1538462e-01  -1.5771191e-02
   6.1204013e-01  -1.5897983e-02
   6.0869565e-01  -1.6024742e-02
   6.0535117e-01  -1.6151480e-02
   6.0200669e-01  -1.6278206e-02
   5.9866221e-01  -1.6404931e-02
   5.9531773e-01  -1.6531663e-02
   5.9197324e-01  -1.6658414e-02
   5.8862876e-01  -1.6785194e-02
   5.8528428e-01  -1.6912012e-02
   5.8193980e-01  -1.7038879e-02
   5.7859532e-01  -1.7165805e-02
   5.7525084e-01  -1.7292799e-02
   5.7190635e-01  -1.7419873e-02
   5.6856187e-01  -1.7547035e-02
   5.6521739e-01  -1.7674295e-02
   5.6187291e-01  -1.7801664e-02
   5.5852843e-01  -1.7929151e-02
   5.5518395e-01  -1.8056765e-02
   5.5183946e-01  -1.8184517e-02
   5.4849498e-01  -1.8312415e-02
   5.4515050e-01  -1.8440468e-02
   5.4180602e-01  -1.8568686e-02
   5.3846154e-01  -1.8697078e-02
   5.3511706e-01  -1.8825653e-02
   5.3177258e-01  -1.8954418e-02
   5.2842809e-01  -1.9083382e-02
   5.2508361e-01  -1.9212555e-02
   5.2173913e-01  -1.9341942e-02
   5.1839465e-01  -1.9471554e-02
   5.1505017e-01  -1.9601395e-02
   5.1170569e-01  -1.9731475e-02
   5.0836120e-01  -1.9861800e-02
   5.0501672e-01  -1.9992377e-02
   5.0167224e-01  -2.0123212e-02
   4.9832776e-01  -2.0254311e-02
   4.9498328e-01  -2.0385680e-02
   4.9163880e-01  -2.0517325e-02
   4.8829431e-01  -2.0649251e-02
   4.8494983e-01  -2.0781461e-02
   4.8160535e-01  -2.0913962e-02
   4.7826087e-01  -2.1046756e-02
   4.7491639e-01  -2.1179847e-02
   4.7157191e-01  -2.1313238e-02
   4.6822742e-01  -2.1446933e-02
   4.6488294e-01  -2.1580932e-02
   4.6153846e-01  -2.1715239e-02
   4.5819398e-01  -2.1849853e-02
   4.5484950e-01  -2.1984777e-02
   4.5150502e-01  -2.2120009e-02
   4.4816054e-01  -2.2255550e-02
   4.4481605e-01  -2.2391398e-02
   4.4147157e-01  -2.2527553e-02
   4.3812709e-01  -2.2664011e-02
   4.3478261e-01  -2.2800770e-02
   4.3143813e-01  -2.2937828e-02
   4.2809365e-01  -2.3075178e-02
   4.2474916e-01  -2.3212818e-02
   4.2140468e-01  -2.3350740e-02
   4.1806020e-01  -2.3488939e-02
   4.1471572e-01  -2.3627409e-02
   4.1137124e-01  -2.3766140e-02
   4.0802676e-01  -2.3905124e-02
   4.0468227e-01  -2.4044353e-02
   4.0133779e-01  -2.4183814e-02
   3.9799331e-01  -2.4323498e-02
   3.9464883e-01  -2.4463392e-02
   3.9130435e-01  -2.4603483e-02
   3.8795987e-01  -2.4743757e-02
   3.8461538e-01  -2.4884198e-02
   3.8127090e-01  -2.5024791e-02
   3.7792642e-01  -2.5165518e-02
   3.7458194e-01  -2.5306361e-02
   3.7123746e-01  -2.5447300e-02
   3.6789298e-01  -2.5588315e-02
   3.6454849e-01  -2.5729384e-02
   3.6120401e-01  -2.5870484e-02
   3.5785953e-01  -2.6011591e-02
   3.5451505e-01  -2.6152678e-02
   3.5117057e-01  -2.6293719e-02
   3.4782609e-01  -2.6434685e-02
   3.4448161e-01  -2.6575547e-02
   3.4113712e-01  -2.6716272e-02
   3.3779264e-01  -2.6856829e-02
   3.3444816e-01  -2.6997182e-02
   3.3110368e-01  -2.7137295e-02
   3.2775920e-01  -2.7277132e-02
   3.2441472e-01  -2.7416651e-02
   3.2107023e-01  -2.7555812e-02
   3.1772575e-01  -2.7694571e-02
   3.1438127e-01  -2.7832884e-02
   3.1103679e-01  -2.7970703e-02
   3.0769231e-01  -2.8107980e-02
   3.0434783e-01  -2.8244662e-02
   3.0100334e-01  -2.8380698e-02
   2.9765886e-01  -2.8516030e-02
   2.9431438e-01  -2.8650602e-02
   2.9096990e-01  -2.8784354e-02
   2.8762542e-01  -2.8917221e-02
   2.8428094e-01  -2.9049140e-02
   2.8093645e-01  -2.9180042e-02
   2.7759197e-01  -2.9309857e-02
   2.7424749e-01  -2.9438511e-02
   2.7090301e-01  -2.9565928e-02
   2.6755853e-01  -2.9692028e-02
   2.6421405e-01  -2.9816730e-02
   2.6086957e-01  -2.9939947e-02
   2.5752508e-01  -3.0061590e-02
   2.5418060e-01  -3.0181566e-02
   2.5083612e-01  -3.0299780e-02
   2.4749164e-01  -3.0416132e-02
   2.4414716e-01  -3.0530517e-02
   2.4080268e-01  -3.0642827e-02
   2.3745819e-01  -3.0752951e-02
   2.3411371e-01  -3.0860771e-02
   2.3076923e-01  -3.0966168e-02
   2.2742475e-01  -3.1069014e-02
   2.2408027e-01  -3.1169179e-02
   2.2073579e-01  -3.1266526e-02
   2.1739130e-01  -3.1360915e-02
   2.1404682e-01  -3.1452198e-02
   2.1070234e-01  -3.1540223e-02
   2.0735786e-01  -3.1624829e-02
   2.0401338e-01  -3.1705852e-02
   2.0066890e-01  -3.1783118e-02
   1.9732441e-01  -3.1856449e-02
   1.9397993e-01  -3.1925657e-02
   1.9063545e-01  -3.1990547e-02
   1.8729097e-01  -3.2050916e-02
   1.8394649e-01  -3.2106553e-02
   1.8060201e-01  -3.2157237e-02
   1.7725753e-01  -3.2202736e-02
   1.7391304e-01  -3.2242811e-02
   1.7056856e-01  -3.2277210e-02
   1.6722408e-01  -3.2305669e-02
   1.6387960e-01  -3.2327915e-02
   1.6053512e-01  -3.2343659e-02
   1.5719064e-01  -3.2352599e-02
   1.5384615e-01  -3.2354421e-02
   1.5050167e-01  -3.2348792e-02
   1.4715719e-01  -3.2335364e-02
   1.4381271e-01  -3.2313773e-02
   1.4046823e-01  -3.2283634e-02
   1.3712375e-01  -3.2244541e-02
   1.3377926e-01  -3.2196070e-02
   1.3043478e-01  -3.2137769e-02
   1.2709030e-01  -3.2069163e-02
   1.2374582e-01  -3.1989749e-02
   1.2040134e-01  -3.1898995e-02
   1.1705686e-01  -3.1796336e-02
   1.1371237e-01  -3.1681170e-02
   1.1036789e-01  -3.1552860e-02
   1.0702341e-01  -3.1410724e-02
   1.0367893e-01  -3.1254033e-02
   1.0033445e-01  -3.1082009e-02
   9.6989967e-02  -3.0893815e-02
   9.3645485e-02  -3.0688551e-02
   9.0301003e-02  -3.0465248e-02
   8.6956522e-02  -3.0222856e-02
   8.3612040e-02  -2.9960238e-02
   8.0267559e-02  -2.9676153e-02
   7.6923077e-02  -2.9369248e-02
   7.3578595e-02  -2.9038038e-02
   7.0234114e-02  -2.8680888e-02
   6.6889632e-02  -2.8295987e-02
   6.3545151e-02  -2.7881320e-02
   6.0200669e-02  -2.7434632e-02
   5.6856187e-02  -2.6953383e-02
   5.3511706e-02  -2.6434689e-02
   5.0167224e-02  -2.5875253e-02
   4.6822742e-02  -2.5271267e-02
   4.3478261e-02  -2.4618289e-02
   4.0133779e-02  -2.3911073e-02
   3.6789298e-02  -2.3143339e-02
   3.3444816e-02  -2.2307441e-02
   3.0100334e-02  -2.1393895e-02
   2.6755853e-02  -2.0390653e-02
   2.3411371e-02  -1.9281963e-02
   2.0066890e-02  -1.8046477e-02
   1.6722408e-02  -1.6653855e-02
   1.3377926e-02  -1.5058130e-02
   1.0033445e-02  -1.3182905e-02
   6.6889632e-03  -1.0881107e-02
   3.3444816e-03  -7.7779234e-03
   0.0000000e+00   0.0000000e+00
