   0.0000000e+00  -8.0000000e-05
   3.3444816e-03   9.2726236e-03
   6.6889632e-03   1.3114216e-02
   1.0033445e-02   1.6061525e-02
   1.3377926e-02   1.8545108e-02
   1.6722408e-02   2.0731574e-02
   2.0066890e-02   2.2706266e-02
   2.3411371e-02   2.4519813e-02
   2.6755853e-02   2.6205147e-02
   3.0100334e-02   2.7785105e-02
   3.3444816e-02   2.9276280e-02
   3.6789298e-02   3.0691176e-02
   4.0133779e-02   3.2039484e-02
   4.3478261e-02   3.3328894e-02
   4.6822742e-02   3.4565626e-02
   5.0167224e-02   3.5754797e-02
   5.3511706e-02   3.6900668e-02
   5.6856187e-02   3.8006840e-02
   6.0200669e-02   3.9076379e-02
   6.3545151e-02   4.0111927e-02
   6.6889632e-02   4.1115775e-02
   7.0234114e-02   4.2089928e-02
   7.3578595e-02   4.3036149e-02
   7.6923077e-02   4.3956001e-02
   8.0267559e-02   4.4850873e-02
   8.3612040e-02   4.5722013e-02
   8.6956522e-02   4.6570538e-02
   9.0301003e-02   4.7397459e-02
   9.3645485e-02   4.8203694e-02
   9.6989967e-02   4.8990077e-02
   1.0033445e-01   4.9757369e-02
   1.0367893e-01   5.0506269e-02
   1.0702341e-01   5.1237420e-02
   1.1036789e-01   5.1951411e-02
   1.1371237e-01   5.2648792e-02
   1.1705686e-01   5.3330067e-02
   1.2040134e-01   5.3995710e-02
   1.2374582e-01   5.4646157e-02
   1.2709030e-01   5.5281819e-02
   1.3043478e-01   5.5903079e-02
   1.3377926e-01   5.6510296e-02
   1.3712375e-01   5.7103806e-02
   1.4046823e-01   5.7683929e-02
   1.4381271e-01   5.8250962e-02
   1.4715719e-01   5.8805189e-02
   1.5050167e-01   5.9346877e-02
   1.5384615e-01   5.9876280e-02
   1.5719064e-01   6.0393637e-02
   1.6053512e-01   6.0899178e-02
   1.6387960e-01   6.1393121e-02
   1.6722408e-01   6.1875673e-02
   1.7056856e-01   6.2347031e-02
   1.7391304e-01   6.2807387e-02
   1.7725753e-01   6.3256921e-02
   1.8060201e-01   6.3695806e-02
   1.8394649e-01   6.4124211e-02
   1.8729097e-01   6.4542295e-02
   1.9063545e-01   6.4950212e-02
   1.9397993e-01   6.5348111e-02
   1.9732441e-01   6.5736136e-02
   2.0066890e-01   6.6114424e-02
   2.0401338e-01   6.6483109e-02
   2.0735786e-01   6.6842320e-02
   2.1070234e-01   6.7192183e-02
   2.1404682e-01   6.7532818e-02
   2.1739130e-01   6.7864343e-02
   2.2073579e-01   6.8186872e-02
   2.2408027e-01   6.8500515e-02
   2.2742475e-01   6.8805382e-02
   2.3076923e-01   6.9101575e-02
   2.3411371e-01   6.9389198e-02
   2.3745819e-01   6.9668349e-02
   2.4080268e-01   6.9939127e-02
   2.4414716e-01   7.0201624e-02
   2.4749164e-01   7.0455935e-02
   2.5083612e-01   7.0702149e-02
   2.5418060e-01   7.0940355e-02
   2.5752508e-01   7.1170638e-02
   2.6086957e-01   7.1393085e-02
   2.6421405e-01   7.1607776e-02
   2.6755853e-01   7.1814794e-02
   2.7090301e-01   7.2014219e-02
   2.7424749e-01   7.2206127e-02
   2.7759197e-01   7.2390597e-02
   2.8093645e-01   7.2567702e-02
   2.8428094e-01   7.2737518e-02
   2.8762542e-01   7.2900116e-02
   2.9096990e-01   7.3055568e-02
   2.9431438e-01   7.3203944e-02
   2.9765886e-01   7.3345313e-02
   3.0100334e-01   7.3479744e-02
   3.0434783e-01   7.3607302e-02
   3.0769231e-01   7.3728054e-02
   3.1103679e-01   7.3842065e-02
   3.1438127e-01   7.3949397e-02
   3.1772575e-01   7.4050116e-02
   3.2107023e-01   7.4144282e-02
   3.2441472e-01   7.4231956e-02
   3.2775920e-01   7.4313199e-02
   3.3110368e-01   7.4388071e-02
   3.3444816e-01   7.4456630e-02
   3.3779264e-01   7.4518934e-02
   3.4113712e-01   7.4575040e-02
   3.4448161e-01   7.4625004e-02
   3.4782609e-01   7.4668882e-02
   3.5117057e-01   7.4706730e-02
   3.5451505e-01   7.4738600e-02
   3.5785953e-01   7.4764548e-02
   3.6120401e-01   7.4784625e-02
   3.6454849e-01   7.4798885e-02
   3.6789298e-01   7.4807377e-02
   3.7123746e-01   7.4810154e-02
   3.7458194e-01   7.4807266e-02
   3.7792642e-01   7.4798763e-02
   3.8127090e-01   7.4784692e-02
   3.8461538e-01   7.4765104e-02
   3.8795987e-01   7.4740046e-02
   3.9130435e-01   7.4709565e-02
   3.9464883e-01   7.4673707e-02
   3.9799331e-01   7.4632520e-02
   4.0133779e-01   7.4586048e-02
   4.0468227e-01   7.4534337e-02
   4.0802676e-01   7.4477431e-02
   4.1137124e-01   7.4415375e-02
   4.1471572e-01   7.4348210e-02
   4.1806020e-01   7.4275981e-02
   4.2140468e-01   7.4198729e-02
   4.2474916e-01   7.4116496e-02
   4.2809365e-01   7.4029324e-02
   4.3143813e-01   7.3937253e-02
   4.3478261e-01   7.3840322e-02
   4.3812709e-01   7.3738573e-02
   4.4147157e-01   7.3632044e-02
   4.4481605e-01   7.3520772e-02
   4.4816054e-01   7.3404798e-02
   4.5150502e-01   7.3284157e-02
   4.5484950e-01   7.3158886e-02
   4.5819398e-01   7.3029024e-02
   4.6153846e-01   7.2894604e-02
   4.6488294e-01   7.2755663e-02
   4.6822742e-01   7.2612235e-02
   4.7157191e-01   7.2464355e-02
   4.7491639e-01   7.2312056e-02
   4.7826087e-01   7.2155372e-02
   4.8160535e-01   7.1994336e-02
   4.8494983e-01   7.1828980e-02
   4.8829431e-01   7.1659335e-02
   4.9163880e-01   7.1485433e-02
   4.9498328e-01   7.1307304e-02
   4.9832776e-01   7.1124978e-02
   5.0167224e-01   7.0938486e-02
   5.0501672e-01   7.0747855e-02
   5.0836120e-01   7.0553115e-02
   5.1170569e-01   7.0354293e-02
   5.1505017e-01   7.0151417e-02
   5.1839465e-01   6.9944514e-02
   5.2173913e-01   6.9733609e-02
   5.2508361e-01   6.9518730e-02
   5.2842809e-01   6.9299901e-02
   5.3177258e-01   6.9077146e-02
   5.3511706e-01   6.8850490e-02
   5.3846154e-01   6.8619956e-02
   5.4180602e-01   6.8385568e-02
   5.4515050e-01   6.8147348e-02
   5.4849498e-01   6.7905317e-02
   5.5183946e-01   6.7659498e-02
   5.5518395e-01   6.7409910e-02
   5.5852843e-01   6.7156574e-02
   5.6187291e-01   6.6899509e-02
   5.6521739e-01   6.6638735e-02
   5.6856187e-01   6.6374270e-02
   5.7190635e-01   6.6106132e-02
   5.7525084e-01   6.5834338e-02
   5.7859532e-01   6.5558904e-02
   5.8193980e-01   6.5279848e-02
   5.8528428e-01   6.4997183e-02
   5.8862876e-01   6.4710926e-02
   5.9197324e-01   6.4421091e-02
   5.9531773e-01   6.4127691e-02
   5.9866221e-01   6.3830738e-02
   6.0200669e-01   6.3530247e-02
   6.0535117e-01   6.3226228e-02
   6.0869565e-01   6.2918694e-02
   6.1204013e-01   6.2607653e-02
   6.1538462e-01   6.2293117e-02
   6.1872910e-01   6.1975095e-02
   6.2207358e-01   6.1653595e-02
   6.2541806e-01   6.1328626e-02
   6.2876254e-01   6.1000195e-02
   6.3210702e-01   6.0668309e-02
   6.3545151e-01   6.0332974e-02
   6.3879599e-01   5.9994196e-02
   6.4214047e-01   5.9651979e-02
   6.4548495e-01   5.9306328e-02
   6.4882943e-01   5.8957247e-02
   6.5217391e-01   5.8604737e-02
   6.5551839e-01   5.8248803e-02
   6.5886288e-01   5.7889444e-02
   6.6220736e-01   5.7526662e-02
   6.6555184e-01   5.7160458e-02
   6.6889632e-01   5.6790830e-02
   6.7224080e-01   5.6417778e-02
   6.7558528e-01   5.6041300e-02
   6.7892977e-01   5.5661394e-02
   6.8227425e-01   5.5278055e-02
   6.8561873e-01   5.4891281e-02
   6.8896321e-01   5.4501067e-02
   6.9230769e-01   5.4107408e-02
   6.9565217e-01   5.3710296e-02
   6.9899666e-01   5.3309727e-02
   7.0234114e-01   5.2905692e-02
   7.0568562e-01   5.2498184e-02
   7.0903010e-01   5.2087193e-02
   7.1237458e-01   5.1672710e-02
   7.1571906e-01   5.1254725e-02
   7.1906355e-01   5.0833226e-02
   7.2240803e-01   5.0408202e-02
   7.2575251e-01   4.9979641e-02
   7.2909699e-01   4.9547529e-02
   7.3244147e-01   4.9111852e-02
   7.3578595e-01   4.8672596e-02
   7.3913043e-01   4.8229744e-02
   7.4247492e-01   4.7783282e-02
   7.4581940e-01   4.7333192e-02
   7.4916388e-01   4.6879456e-02
   7.5250836e-01   4.6422055e-02
   7.5585284e-01   4.5960971e-02
   7.5919732e-01   4.5496184e-02
   7.6254181e-01   4.5027672e-02
   7.6588629e-01   4.4555414e-02
   7.6923077e-01   4.4079387e-02
   7.7257525e-01   4.3599570e-02
   7.7591973e-01   4.3115936e-02
   7.7926421e-01   4.2628463e-02
   7.8260870e-01   4.2137124e-02
   7.8595318e-01   4.1641893e-02
   7.8929766e-01   4.1142743e-02
   7.9264214e-01   4.0639646e-02
   7.9598662e-01   4.0132573e-02
   7.9933110e-01   3.9621494e-02
   8.0267559e-01   3.9106380e-02
   8.0602007e-01   3.8587199e-02
   8.0936455e-01   3.8063919e-02
   8.1270903e-01   3.7536508e-02
   8.1605351e-01   3.7004931e-02
   8.1939799e-01   3.6469154e-02
   8.2274247e-01   3.5929142e-02
   8.2608696e-01   3.5384858e-02
   8.2943144e-01   3.4836266e-02
   8.3277592e-01   3.4283328e-02
   8.3612040e-01   3.3726005e-02
   8.3946488e-01   3.3164257e-02
   8.4280936e-01   3.2598045e-02
   8.4615385e-01   3.2027326e-02
   8.4949833e-01   3.1452059e-02
   8.5284281e-01   3.0872200e-02
   8.5618729e-01   3.0287707e-02
   8.5953177e-01   2.9698533e-02
   8.6287625e-01   2.9104633e-02
   8.6622074e-01   2.8505962e-02
   8.6956522e-01   2.7902471e-02
   8.7290970e-01   2.7294112e-02
   8.7625418e-01   2.6680836e-02
   8.7959866e-01   2.6062593e-02
   8.8294314e-01   2.5439333e-02
   8.8628763e-01   2.4811002e-02
   8.8963211e-01   2.4177549e-02
   8.9297659e-01   2.3538920e-02
   8.9632107e-01   2.2895060e-02
   8.9966555e-01   2.2245913e-02
   9.0301003e-01   2.1591424e-02
   9.0635452e-01   2.0931535e-02
   9.0969900e-01   2.0266188e-02
   9.1304348e-01   1.9595324e-02
   9.1638796e-01   1.8918882e-02
   9.1973244e-01   1.8236801e-02
   9.2307692e-01   1.7549020e-02
   9.2642140e-01   1.6855476e-02
   9.2976589e-01   1.6156105e-02
   9.3311037e-01   1.5450841e-02
   9.3645485e-01   1.4739620e-02
   9.3979933e-01   1.4022375e-02
   9.4314381e-01   1.3299037e-02
   9.4648829e-01   1.2569539e-02
   9.4983278e-01   1.1833811e-02
   9.5317726e-01   1.1091782e-02
   9.5652174e-01   1.0343381e-02
   9.5986622e-01   9.5885358e-03
   9.6321070e-01   8.8271722e-03
   9.6655518e-01   8.0592162e-03
   9.6989967e-01   7.2845923e-03
   9.7324415e-01   6.5032244e-03
   9.7658863e-01   5.7150348e-03
   9.7993311e-01   4.9199455e-03
   9.8327759e-01   4.1178769e-03
   9.8662207e-01   3.3087489e-03
   9.8996656e-01   2.4924800e-03
   9.9331104e-01   1.6689879e-03
   9.9665552e-01   8.3818936e-04
   1.0000000e+00   0.0000000e+00
   1.0000000e+00   0.0000000e+00
   9.9665552e-01   3.0316126e-04
   9.9331104e-01   6.0184815e-04
   9.8996656e-01   8.9609933e-04
   9.8662207e-01   1.1859531e-03
   9.8327759e-01   1.4714472e-03
   9.7993311e-01   1.7526191e-03
   9.7658863e-01   2.0295059e-03
   9.7324415e-01   2.3021440e-03
   9.6989967e-01   2.5705698e-03
   9.6655518e-01   2.8348189e-03
   9.6321070e-01   3.0949268e-03
   9.5986622e-01   3.3509284e-03
   9.5652174e-01   3.6028584e-03
   9.5317726e-01   3.8507509e-03
   9.4983278e-01   4.0946397e-03
   9.4648829e-01   4.3345581e-03
   9.4314381e-01   4.5705393e-03
   9.3979933e-01   4.8026159e-03
   9.3645485e-01   5.0308199e-03
   9.3311037e-01   5.2551835e-03
   9.2976589e-01   5.4757379e-03
   9.2642140e-01   5.6925143e-03
   9.2307692e-01   5.9055434e-03
   9.1973244e-01   6.1148556e-03
   9.1638796e-01   6.3204808e-03
   9.1304348e-01   6.5224486e-03
   9.0969900e-01   6.7207884e-03
   9.0635452e-01   6.9155289e-03
   9.0301003e-01   7.1066987e-03
   8.9966555e-01   7.2943259e-03
   8.9632107e-01   7.4784384e-03
   8.9297659e-01   7.6590636e-03
   8.8963211e-01   7.8362286e-03
   8.8628763e-01   8.0099601e-03
   8.8294314e-01   8.1802846e-03
   8.7959866e-01   8.3472281e-03
   8.7625418e-01   8.5108163e-03
   8.7290970e-01   8.6710746e-03
   8.6956522e-01   8.8280281e-03
   8.6622074e-01   8.9817015e-03
   8.6287625e-01   9.1321190e-03
   8.5953177e-01   9.2793049e-03
   8.5618729e-01   9.4232828e-03
   8.5284281e-01   9.5640761e-03
   8.4949833e-01   9.7017080e-03
   8.4615385e-01   9.8362011e-03
   8.4280936e-01   9.9675780e-03
   8.3946488e-01   1.0095861e-02
   8.3612040e-01   1.0221071e-02
   8.3277592e-01   1.0343231e-02
   8.2943144e-01   1.0462361e-02
   8.2608696e-01   1.0578482e-02
   8.2274247e-01   1.0691616e-02
   8.1939799e-01   1.0801782e-02
   8.1605351e-01   1.0909000e-02
   8.1270903e-01   1.1013290e-02
   8.0936455e-01   1.1114672e-02
   8.0602007e-01   1.1213164e-02
   8.0267559e-01   1.1308787e-02
   7.9933110e-01   1.1401557e-02
   7.9598662e-01   1.1491494e-02
   7.9264214e-01   1.1578616e-02
   7.8929766e-01   1.1662940e-02
   7.8595318e-01   1.1744484e-02
   7.8260870e-01   1.1823265e-02
   7.7926421e-01   1.1899301e-02
   7.7591973e-01   1.1972607e-02
   7.7257525e-01   1.2043202e-02
   7.6923077e-01   1.2111100e-02
   7.6588629e-01   1.2176317e-02
   7.6254181e-01   1.2238871e-02
   7.5919732e-01   1.2298775e-02
   7.5585284e-01   1.2356046e-02
   7.5250836e-01   1.2410698e-02
   7.4916388e-01   1.2462746e-02
   7.4581940e-01   1.2512205e-02
   7.4247492e-01   1.2559090e-02
   7.3913043e-01   1.2603413e-02
   7.3578595e-01   1.2645190e-02
   7.3244147e-01   1.2684434e-02
   7.2909699e-01   1.2721158e-02
   7.2575251e-01   1.2755376e-02
   7.2240803e-01   1.2787101e-02
   7.1906355e-01   1.2816345e-02
   7.1571906e-01   1.2843122e-02
   7.1237458e-01   1.2867444e-02
   7.0903010e-01   1.2889323e-02
   7.0568562e-01   1.2908772e-02
   7.0234114e-01   1.2925801e-02
   6.9899666e-01   1.2940424e-02
   6.9565217e-01   1.2952651e-02
   6.9230769e-01   1.2962495e-02
   6.8896321e-01   1.2969965e-02
   6.8561873e-01   1.2975075e-02
   6.8227425e-01   1.2977833e-02
   6.7892977e-01   1.2978251e-02
   6.7558528e-01   1.2976341e-02
   6.7224080e-01   1.2972111e-02
   6.6889632e-01   1.2965573e-02
   6.6555184e-01   1.2956736e-02
   6.6220736e-01   1.2945612e-02
   6.5886288e-01   1.2932209e-02
   6.5551839e-01   1.2916537e-02
   6.5217391e-01   1.2898607e-02
   6.4882943e-01   1.2878427e-02
   6.4548495e-01   1.2856007e-02
   6.4214047e-01   1.2831357e-02
   6.3879599e-01   1.2804486e-02
   6.3545151e-01   1.2775402e-02
   6.3210702e-01   1.2744115e-02
   6.2876254e-01   1.2710634e-02
   6.2541806e-01   1.2674968e-02
   6.2207358e-01   1.2637125e-02
   6.1872910e-01   1.2597114e-02
   6.1538462e-01   1.2554944e-02
   6.1204013e-01   1.2510623e-02
   6.0869565e-01   1.2464160e-02
   6.0535117e-01   1.2415563e-02
   6.0200669e-01   1.2364840e-02
   5.9866221e-01   1.2312001e-02
   5.9531773e-01   1.2257052e-02
   5.9197324e-01   1.2200003e-02
   5.8862876e-01   1.2140862e-02
   5.8528428e-01   1.2079636e-02
   5.8193980e-01   1.2016335e-02
   5.7859532e-01   1.1950965e-02
   5.7525084e-01   1.1883536e-02
   5.7190635e-01   1.1814055e-02
   5.6856187e-01   1.1742531e-02
   5.6521739e-01   1.1668971e-02
   5.6187291e-01   1.1593384e-02
   5.5852843e-01   1.1515778e-02
   5.5518395e-01   1.1436162e-02
   5.5183946e-01   1.1354543e-02
   5.4849498e-01   1.1270929e-02
   5.4515050e-01   1.1185329e-02
   5.4180602e-01   1.1097752e-02
   5.3846154e-01   1.1008206e-02
   5.3511706e-01   1.0916698e-02
   5.3177258e-01   1.0823239e-02
   5.2842809e-01   1.0727835e-02
   5.2508361e-01   1.0630497e-02
   5.2173913e-01   1.0531233e-02
   5.1839465e-01   1.0430051e-02
   5.1505017e-01   1.0326961e-02
   5.1170569e-01   1.0221972e-02
   5.0836120e-01   1.0115093e-02
   5.0501672e-01   1.0006333e-02
   5.0167224e-01   9.8957019e-03
   4.9832776e-01   9.7832093e-03
   4.9498328e-01   9.6688650e-03
   4.9163880e-01   9.5526787e-03
   4.8829431e-01   9.4346607e-03
   4.8494983e-01   9.3148212e-03
   4.8160535e-01   9.1931705e-03
   4.7826087e-01   9.0697194e-03
   4.7491639e-01   8.9444787e-03
   4.7157191e-01   8.8174594e-03
   4.6822742e-01   8.6886728e-03
   4.6488294e-01   8.5581304e-03
   4.6153846e-01   8.4258439e-03
   4.5819398e-01   8.2918252e-03
   4.5484950e-01   8.1560867e-03
   4.5150502e-01   8.0186407e-03
   4.4816054e-01   7.8795001e-03
   4.4481605e-01   7.7386779e-03
   4.4147157e-01   7.5961875e-03
   4.3812709e-01   7.4520426e-03
   4.3478261e-01   7.3062571e-03
   4.3143813e-01   7.1588454e-03
   4.2809365e-01   7.0098221e-03
   4.2474916e-01   6.8592022e-03
   4.2140468e-01   6.7070012e-03
   4.1806020e-01   6.5532347e-03
   4.1471572e-01   6.3979191e-03
   4.1137124e-01   6.2410708e-03
   4.0802676e-01   6.0827068e-03
   4.0468227e-01   5.9228445e-03
   4.0133779e-01   5.7615019e-03
   3.9799331e-01   5.5986972e-03
   3.9464883e-01   5.4344493e-03
   3.9130435e-01   5.2687775e-03
   3.8795987e-01   5.1017015e-03
   3.8461538e-01   4.9332418e-03
   3.8127090e-01   4.7634192e-03
   3.7792642e-01   4.5922551e-03
   3.7458194e-01   4.4197716e-03
   3.7123746e-01   4.2459912e-03
   3.6789298e-01   4.0709372e-03
   3.6454849e-01   3.8946335e-03
   3.6120401e-01   3.7171044e-03
   3.5785953e-01   3.5383752e-03
   3.5451505e-01   3.3584718e-03
   3.5117057e-01   3.1774207e-03
   3.4782609e-01   2.9952492e-03
   3.4448161e-01   2.8119853e-03
   3.4113712e-01   2.6276580e-03
   3.3779264e-01   2.4422969e-03
   3.3444816e-01   2.2559324e-03
   3.3110368e-01   2.0685959e-03
   3.2775920e-01   1.8803195e-03
   3.2441472e-01   1.6911364e-03
   3.2107023e-01   1.5010807e-03
   3.1772575e-01   1.3101874e-03
   3.1438127e-01   1.1184925e-03
   3.1103679e-01   9.2603295e-04
   3.0769231e-01   7.3284701e-04
   3.0434783e-01   5.3897382e-04
   3.0100334e-01   3.4445374e-04
   2.9765886e-01   1.4932825e-04
   2.9431438e-01  -4.6359928e-05
   2.9096990e-01  -2.4256684e-04
   2.8762542e-01  -4.3924724e-04
   2.8428094e-01  -6.3635457e-04
   2.8093645e-01  -8.3384087e-04
   2.7759197e-01  -1.0316568e-03
   2.7424749e-01  -1.2297515e-03
   2.7090301e-01  -1.4280726e-03
   2.6755853e-01  -1.6265662e-03
   2.6421405e-01  -1.8251767e-03
   2.6086957e-01  -2.0238469e-03
   2.5752508e-01  -2.2225179e-03
   2.5418060e-01  -2.4211287e-03
   2.5083612e-01  -2.6196168e-03
   2.4749164e-01  -2.8179174e-03
   2.4414716e-01  -3.0159641e-03
   2.4080268e-01  -3.2136879e-03
   2.3745819e-01  -3.4110180e-03
   2.3411371e-01  -3.6078812e-03
   2.3076923e-01  -3.8042020e-03
   2.2742475e-01  -3.9999024e-03
   2.2408027e-01  -4.1949018e-03
   2.2073579e-01  -4.3891170e-03
   2.1739130e-01  -4.5824621e-03
   2.1404682e-01  -4.7748482e-03
   2.1070234e-01  -4.9661835e-03
   2.0735786e-01  -5.1563729e-03
   2.0401338e-01  -5.3453182e-03
   2.0066890e-01  -5.5329176e-03
   1.9732441e-01  -5.7190658e-03
   1.9397993e-01  -5.9036537e-03
   1.9063545e-01  -6.0865682e-03
   1.8729097e-01  -6.2676920e-03
   1.8394649e-01  -6.4469037e-03
   1.8060201e-01  -6.6240771e-03
   1.7725753e-01  -6.7990812e-03
   1.7391304e-01  -6.9717798e-03
   1.7056856e-01  -7.1420316e-03
   1.6722408e-01  -7.3096896e-03
   1.6387960e-01  -7.4746005e-03
   1.6053512e-01  -7.6366049e-03
   1.5719064e-01  -7.7955367e-03
   1.5384615e-01  -7.9512226e-03
   1.5050167e-01  -8.1034817e-03
   1.4715719e-01  -8.2521249e-03
   1.4381271e-01  -8.3969547e-03
   1.4046823e-01  -8.5377642e-03
   1.3712375e-01  -8.6743367e-03
   1.3377926e-01  -8.8064450e-03
   1.3043478e-01  -8.9338504e-03
   1.2709030e-01  -9.0563020e-03
   1.2374582e-01  -9.1735356e-03
   1.2040134e-01  -9.2852730e-03
   1.1705686e-01  -9.3912203e-03
   1.1371237e-01  -9.4910667e-03
   1.1036789e-01  -9.5844832e-03
   1.0702341e-01  -9.6711207e-03
   1.0367893e-01  -9.7506082e-03
   1.0033445e-01  -9.8225503e-03
   9.6989967e-02  -9.8865250e-03
   9.3645485e-02  -9.9420810e-03
   9.0301003e-02  -9.9887337e-03
   8.6956522e-02  -1.0025962e-02
   8.3612040e-02  -1.0053204e-02
   8.0267559e-02  -1.0069850e-02
   7.6923077e-02  -1.0075239e-02
   7.3578595e-02  -1.0068650e-02
   7.0234114e-02  -1.0049292e-02
   6.6889632e-02  -1.0016296e-02
   6.3545151e-02  -9.9686989e-03
   6.0200669e-02  -9.9054306e-03
   5.6856187e-02  -9.8252921e-03
   5.3511706e-02  -9.7269312e-03
   5.0167224e-02  -9.6088107e-03
   4.6822742e-02  -9.4691666e-03
   4.3478261e-02  -9.3059541e-03
   4.0133779e-02  -9.1167741e-03
   3.6789298e-02  -8.8987728e-03
   3.3444816e-02  -8.6484997e-03
   3.0100334e-02  -8.3617021e-03
   2.6755853e-02  -8.0330143e-03
   2.3411371e-02  -7.6554698e-03
   2.0066890e-02  -7.2196903e-03
   1.6722408e-02  -6.7124413e-03
   1.3377926e-02  -6.1138113e-03
   1.0033445e-02  -5.3909421e-03
   6.6889632e-03  -4.4810310e-03
   3.3444816e-03  -3.2252261e-03
   0.0000000e+00  -8.0000000e-05
