   0.0000000e+00   0.0000000e+00
   3.3444816e-03   1.3465087e-02
   6.6889632e-03   1.8968757e-02
   1.0033445e-02   2.3141235e-02
   1.3377926e-02   2.6616151e-02
   1.6722408e-02   2.9639917e-02
   2.0066890e-02   3.2339382e-02
   2.3411371e-02   3.4790179e-02
   2.6755853e-02   3.7041763e-02
   3.0100334e-02   3.9128611e-02
   3.3444816e-02   4.1075914e-02
   3.6789298e-02   4.2902758e-02
   4.0133779e-02   4.4624024e-02
   4.3478261e-02   4.6251588e-02
   4.6822742e-02   4.7795117e-02
   5.0167224e-02   4.9262606e-02
   5.3511706e-02   5.0660762e-02
   5.6856187e-02   5.1995280e-02
   6.0200669e-02   5.3271047e-02
   6.3545151e-02   5.4492298e-02
   6.6889632e-02   5.5662731e-02
   7.0234114e-02   5.6785602e-02
   7.3578595e-02   5.7863793e-02
   7.6923077e-02   5.8899876e-02
   8.0267559e-02   5.9896156e-02
   8.3612040e-02   6.0854709e-02
   8.6956522e-02   6.1777413e-02
   9.0301003e-02   6.2665979e-02
   9.3645485e-02   6.3521966e-02
   9.6989967e-02   6.4346801e-02
   1.0033445e-01   6.5141800e-02
   1.0367893e-01   6.5908173e-02
   1.0702341e-01   6.6647041e-02
   1.1036789e-01   6.7359444e-02
   1.1371237e-01   6.8046349e-02
   1.1705686e-01   6.8708657e-02
   1.2040134e-01   6.9347212e-02
   1.2374582e-01   6.9962804e-02
   1.2709030e-01   7.0556173e-02
   1.3043478e-01   7.1128018e-02
   1.3377926e-01   7.1678997e-02
   1.3712375e-01   7.2209729e-02
   1.4046823e-01   7.2720804e-02
   1.4381271e-01   7.3212776e-02
   1.4715719e-01   7.3686175e-02
   1.5050167e-01   7.4141503e-02
   1.5384615e-01   7.4579237e-02
   1.5719064e-01   7.4999833e-02
   1.6053512e-01   7.5403727e-02
   1.6387960e-01   7.5791333e-02
   1.6722408e-01   7.6163050e-02
   1.7056856e-01   7.6519259e-02
   1.7391304e-01   7.6860325e-02
   1.7725753e-01   7.7186599e-02
   1.8060201e-01   7.7498419e-02
   1.8394649e-01   7.7796109e-02
   1.8729097e-01   7.8079982e-02
   1.9063545e-01   7.8350339e-02
   1.9397993e-01   7.8607472e-02
   1.9732441e-01   7.8851661e-02
   2.0066890e-01   7.9083177e-02
   2.0401338e-01   7.9302283e-02
   2.0735786e-01   7.9509235e-02
   2.1070234e-01   7.9704276e-02
   2.1404682e-01   7.9887648e-02
   2.1739130e-01   8.0059581e-02
   2.2073579e-01   8.0220300e-02
   2.2408027e-01   8.0370025e-02
   2.2742475e-01   8.0508967e-02
   2.3076923e-01   8.0637333e-02
   2.3411371e-01   8.0755325e-02
   2.3745819e-01   8.0863137e-02
   2.4080268e-01   8.0960962e-02
   2.4414716e-01   8.1048985e-02
   2.4749164e-01   8.1127388e-02
   2.5083612e-01   8.1196348e-02
   2.5418060e-01   8.1256037e-02
   2.5752508e-01   8.1306625e-02
   2.6086957e-01   8.1348276e-02
   2.6421405e-01   8.1381153e-02
   2.6755853e-01   8.1405412e-02
   2.7090301e-01   8.1421207e-02
   2.7424749e-01   8.1428691e-02
   2.7759197e-01   8.1428011e-02
   2.8093645e-01   8.1419311e-02
   2.8428094e-01   8.1402734e-02
   2.8762542e-01   8.1378418e-02
   2.9096990e-01   8.1346500e-02
   2.9431438e-01   8.1307113e-02
   2.9765886e-01   8.1260388e-02
   3.0100334e-01   8.1206455e-02
   3.0434783e-01   8.1145438e-02
   3.0769231e-01   8.1077463e-02
   3.1103679e-01   8.1002650e-02
   3.1438127e-01   8.0921119e-02
   3.1772575e-01   8.0832987e-02
   3.2107023e-01   8.0738369e-02
   3.2441472e-01   8.0637379e-02
   3.2775920e-01   8.0530128e-02
   3.3110368e-01   8.0416724e-02
   3.3444816e-01   8.0297276e-02
   3.3779264e-01   8.0171889e-02
   3.4113712e-01   8.0040666e-02
   3.4448161e-01   7.9903711e-02
   3.4782609e-01   7.9761123e-02
   3.5117057e-01   7.9613002e-02
   3.5451505e-01   7.9459444e-02
   3.5785953e-01   7.9300545e-02
   3.6120401e-01   7.9136399e-02
   3.6454849e-01   7.8967099e-02
   3.6789298e-01   7.8792736e-02
   3.7123746e-01   7.8613400e-02
   3.7458194e-01   7.8429178e-02
   3.7792642e-01   7.8240158e-02
   3.8127090e-01   7.8046425e-02
   3.8461538e-01   7.7848063e-02
   3.8795987e-01   7.7645155e-02
   3.9130435e-01   7.7437782e-02
   3.9464883e-01   7.7226025e-02
   3.9799331e-01   7.7009962e-02
   4.0133779e-01   7.6789671e-02
   4.0468227e-01   7.6565228e-02
   4.0802676e-01   7.6336710e-02
   4.1137124e-01   7.6104189e-02
   4.1471572e-01   7.5867739e-02
   4.1806020e-01   7.5627430e-02
   4.2140468e-01   7.5383335e-02
   4.2474916e-01   7.5135522e-02
   4.2809365e-01   7.4884060e-02
   4.3143813e-01   7.4629014e-02
   4.3478261e-01   7.4370453e-02
   4.3812709e-01   7.4108440e-02
   4.4147157e-01   7.3843040e-02
   4.4481605e-01   7.3574314e-02
   4.4816054e-01   7.3302326e-02
   4.5150502e-01   7.3027135e-02
   4.5484950e-01   7.2748802e-02
   4.5819398e-01   7.2467384e-02
   4.6153846e-01   7.2182940e-02
   4.6488294e-01   7.1895526e-02
   4.6822742e-01   7.1605197e-02
   4.7157191e-01   7.1312008e-02
   4.7491639e-01   7.1016013e-02
   4.7826087e-01   7.0717264e-02
   4.8160535e-01   7.0415813e-02
   4.8494983e-01   7.0111709e-02
   4.8829431e-01   6.9805004e-02
   4.9163880e-01   6.9495745e-02
   4.9498328e-01   6.9183980e-02
   4.9832776e-01   6.8869755e-02
   5.0167224e-01   6.8553117e-02
   5.0501672e-01   6.8234110e-02
   5.0836120e-01   6.7912778e-02
   5.1170569e-01   6.7589164e-02
   5.1505017e-01   6.7263309e-02
   5.1839465e-01   6.6935255e-02
   5.2173913e-01   6.6605042e-02
   5.2508361e-01   6.6272708e-02
   5.2842809e-01   6.5938292e-02
   5.3177258e-01   6.5601832e-02
   5.3511706e-01   6.5263362e-02
   5.3846154e-01   6.4922919e-02
   5.4180602e-01   6.4580538e-02
   5.4515050e-01   6.4236250e-02
   5.4849498e-01   6.3890090e-02
   5.5183946e-01   6.3542089e-02
   5.5518395e-01   6.3192277e-02
   5.5852843e-01   6.2840684e-02
   5.6187291e-01   6.2487339e-02
   5.6521739e-01   6.2132270e-02
   5.6856187e-01   6.1775505e-02
   5.7190635e-01   6.1417068e-02
   5.7525084e-01   6.1056986e-02
   5.7859532e-01   6.0695282e-02
   5.8193980e-01   6.0331980e-02
   5.8528428e-01   5.9967102e-02
   5.8862876e-01   5.9600670e-02
   5.9197324e-01   5.9232705e-02
   5.9531773e-01   5.8863226e-02
   5.9866221e-01   5.8492251e-02
   6.0200669e-01   5.8119799e-02
   6.0535117e-01   5.7745886e-02
   6.0869565e-01   5.7370529e-02
   6.1204013e-01   5.6993743e-02
   6.1538462e-01   5.6615541e-02
   6.1872910e-01   5.6235937e-02
   6.2207358e-01   5.5854943e-02
   6.2541806e-01   5.5472570e-02
   6.2876254e-01   5.5088830e-02
   6.3210702e-01   5.4703731e-02
   6.3545151e-01   5.4317282e-02
   6.3879599e-01   5.3929491e-02
   6.4214047e-01   5.3540364e-02
   6.4548495e-01   5.3149908e-02
   6.4882943e-01   5.2758126e-02
   6.5217391e-01   5.2365024e-02
   6.5551839e-01   5.1970603e-02
   6.5886288e-01   5.1574867e-02
   6.6220736e-01   5.1177815e-02
   6.6555184e-01   5.0779449e-02
   6.6889632e-01   5.0379768e-02
   6.7224080e-01   4.9978769e-02
   6.7558528e-01   4.9576451e-02
   6.7892977e-01   4.9172809e-02
   6.8227425e-01   4.8767840e-02
   6.8561873e-01   4.8361537e-02
   6.8896321e-01   4.7953894e-02
   6.9230769e-01   4.7544903e-02
   6.9565217e-01   4.7134557e-02
   6.9899666e-01   4.6722847e-02
   7.0234114e-01   4.6309761e-02
   7.0568562e-01   4.5895288e-02
   7.0903010e-01   4.5479417e-02
   7.1237458e-01   4.5062135e-02
   7.1571906e-01   4.4643426e-02
   7.1906355e-01   4.4223276e-02
   7.2240803e-01   4.3801670e-02
   7.2575251e-01   4.3378589e-02
   7.2909699e-01   4.2954016e-02
   7.3244147e-01   4.2527933e-02
   7.3578595e-01   4.2100318e-02
   7.3913043e-01   4.1671151e-02
   7.4247492e-01   4.1240411e-02
   7.4581940e-01   4.0808074e-02
   7.4916388e-01   4.0374116e-02
   7.5250836e-01   3.9938513e-02
   7.5585284e-01   3.9501238e-02
   7.5919732e-01   3.9062265e-02
   7.6254181e-01   3.8621566e-02
   7.6588629e-01   3.8179112e-02
   7.6923077e-01   3.7734873e-02
   7.7257525e-01   3.7288819e-02
   7.7591973e-01   3.6840917e-02
   7.7926421e-01   3.6391135e-02
   7.8260870e-01   3.5939438e-02
   7.8595318e-01   3.5485792e-02
   7.8929766e-01   3.5030161e-02
   7.9264214e-01   3.4572508e-02
   7.9598662e-01   3.4112795e-02
   7.9933110e-01   3.3650983e-02
   8.0267559e-01   3.3187032e-02
   8.0602007e-01   3.2720902e-02
   8.0936455e-01   3.2252549e-02
   8.1270903e-01   3.1781931e-02
   8.1605351e-01   3.1309004e-02
   8.1939799e-01   3.0833722e-02
   8.2274247e-01   3.0356040e-02
   8.2608696e-01   2.9875911e-02
   8.2943144e-01   2.9393285e-02
   8.3277592e-01   2.8908114e-02
   8.3612040e-01   2.8420347e-02
   8.3946488e-01   2.7929934e-02
   8.4280936e-01   2.7436820e-02
   8.4615385e-01   2.6940954e-02
   8.4949833e-01   2.6442279e-02
   8.5284281e-01   2.5940742e-02
   8.5618729e-01   2.5436284e-02
   8.5953177e-01   2.4928849e-02
   8.6287625e-01   2.4418377e-02
   8.6622074e-01   2.3904808e-02
   8.6956522e-01   2.3388081e-02
   8.7290970e-01   2.2868136e-02
   8.7625418e-01   2.2344907e-02
   8.7959866e-01   2.1818331e-02
   8.8294314e-01   2.1288343e-02
   8.8628763e-01   2.0754876e-02
   8.8963211e-01   2.0217863e-02
   8.9297659e-01   1.9677235e-02
   8.9632107e-01   1.9132922e-02
   8.9966555e-01   1.8584855e-02
   9.0301003e-01   1.8032960e-02
   9.0635452e-01   1.7477165e-02
   9.0969900e-01   1.6917396e-02
   9.1304348e-01   1.6353578e-02
   9.1638796e-01   1.5785634e-02
   9.1973244e-01   1.5213487e-02
   9.2307692e-01   1.4637058e-02
   9.2642140e-01   1.4056268e-02
   9.2976589e-01   1.3471036e-02
   9.3311037e-01   1.2881281e-02
   9.3645485e-01   1.2286918e-02
   9.3979933e-01   1.1687864e-02
   9.4314381e-01   1.1084034e-02
   9.4648829e-01   1.0475342e-02
   9.4983278e-01   9.8616991e-03
   9.5317726e-01   9.2430174e-03
   9.5652174e-01   8.6192070e-03
   9.5986622e-01   7.9901770e-03
   9.6321070e-01   7.3558352e-03
   9.6655518e-01   6.7160883e-03
   9.6989967e-01   6.0708420e-03
   9.7324415e-01   5.4200007e-03
   9.7658863e-01   4.7634677e-03
   9.7993311e-01   4.1011451e-03
   9.8327759e-01   3.4329339e-03
   9.8662207e-01   2.7587338e-03
   9.8996656e-01   2.0784435e-03
   9.9331104e-01   1.3919604e-03
   9.9665552e-01   6.9918089e-04
   1.0000000e+00   0.0000000e+00
   1.0000000e+00  -0.0000000e+00
   9.9665552e-01  -1.6550586e-04
   9.9331104e-01  -3.3127989e-04
   9.8996656e-01  -4.9733064e-04
   9.8662207e-01  -6.6366641e-04
   9.8327759e-01  -8.3029521e-04
   9.7993311e-01  -9.9722474e-04
   9.7658863e-01  -1.1644624e-03
   9.7324415e-01  -1.3320155e-03
   9.6989967e-01  -1.4998907e-03
   9.6655518e-01  -1.6680947e-03
   9.6321070e-01  -1.8366338e-03
   9.5986622e-01  -2.0055141e-03
   9.5652174e-01  -2.1747412e-03
   9.5317726e-01  -2.3443207e-03
   9.4983278e-01  -2.5142577e-03
   9.4648829e-01  -2.6845572e-03
   9.4314381e-01  -2.8552238e-03
   9.3979933e-01  -3.0262620e-03
   9.3645485e-01  -3.1976757e-03
   9.3311037e-01  -3.3694688e-03
   9.2976589e-01  -3.5416449e-03
   9.2642140e-01  -3.7142073e-03
   9.2307692e-01  -3.8871590e-03
   9.1973244e-01  -4.0605027e-03
   9.1638796e-01  -4.2342408e-03
   9.1304348e-01  -4.4083756e-03
   9.0969900e-01  -4.5829091e-03
   9.0635452e-01  -4.7578429e-03
   9.0301003e-01  -4.9331784e-03
   8.9966555e-01  -5.1089167e-03
   8.9632107e-01  -5.2850587e-03
   8.9297659e-01  -5.4616051e-03
   8.8963211e-01  -5.6385562e-03
   8.8628763e-01  -5.8159120e-03
   8.8294314e-01  -5.9936724e-03
   8.7959866e-01  -6.1718370e-03
   8.7625418e-01  -6.3504050e-03
   8.7290970e-01  -6.5293756e-03
   8.6956522e-01  -6.7087475e-03
   8.6622074e-01  -6.8885192e-03
   8.6287625e-01  -7.0686890e-03
   8.5953177e-01  -7.2492549e-03
   8.5618729e-01  -7.4302147e-03
   8.5284281e-01  -7.6115660e-03
   8.4949833e-01  -7.7933058e-03
   8.4615385e-01  -7.9754314e-03
   8.4280936e-01  -8.1579393e-03
   8.3946488e-01  -8.3408262e-03
   8.3612040e-01  -8.5240882e-03
   8.3277592e-01  -8.7077214e-03
   8.2943144e-01  -8.8917214e-03
   8.2608696e-01  -9.0760839e-03
   8.2274247e-01  -9.2608041e-03
   8.1939799e-01  -9.4458769e-03
   8.1605351e-01  -9.6312971e-03
   8.1270903e-01  -9.8170593e-03
   8.0936455e-01  -1.0003158e-02
   8.0602007e-01  -1.0189586e-02
   8.0267559e-01  -1.0376339e-02
   7.9933110e-01  -1.0563409e-02
   7.9598662e-01  -1.0750790e-02
   7.9264214e-01  -1.0938475e-02
   7.8929766e-01  -1.1126457e-02
   7.8595318e-01  -1.1314728e-02
   7.8260870e-01  -1.1503281e-02
   7.7926421e-01  -1.1692107e-02
   7.7591973e-01  -1.1881200e-02
   7.7257525e-01  -1.2070549e-02
   7.6923077e-01  -1.2260147e-02
   7.6588629e-01  -1.2449985e-02
   7.6254181e-01  -1.2640053e-02
   7.5919732e-01  -1.2830343e-02
   7.5585284e-01  -1.3020845e-02
   7.5250836e-01  -1.3211549e-02
   7.4916388e-01  -1.3402444e-02
   7.4581940e-01  -1.3593522e-02
   7.4247492e-01  -1.3784771e-02
   7.3913043e-01  -1.3976181e-02
   7.3578595e-01  -1.4167740e-02
   7.3244147e-01  -1.4359438e-02
   7.2909699e-01  -1.4551263e-02
   7.2575251e-01  -1.4743203e-02
   7.2240803e-01  -1.4935247e-02
   7.1906355e-01  -1.5127383e-02
   7.1571906e-01  -1.5319597e-02
   7.1237458e-01  -1.5511879e-02
   7.0903010e-01  -1.5704215e-02
   7.0568562e-01  -1.5896591e-02
   7.0234114e-01  -1.6088996e-02
   6.9899666e-01  -1.6281415e-02
   6.9565217e-01  -1.6473834e-02
   6.9230769e-01  -1.6666240e-02
   6.8896321e-01  -1.6858620e-02
   6.8561873e-01  -1.7050957e-02
   6.8227425e-01  -1.7243239e-02
   6.7892977e-01  -1.7435449e-02
   6.7558528e-01  -1.7627574e-02
   6.7224080e-01  -1.7819598e-02
   6.6889632e-01  -1.8011506e-02
   6.6555184e-01  -1.8203281e-02
   6.6220736e-01  -1.8394909e-02
   6.5886288e-01  -1.8586372e-02
   6.5551839e-01  -1.8777655e-02
   6.5217391e-01  -1.8968742e-02
   6.4882943e-01  -1.9159615e-02
   6.4548495e-01  -1.9350257e-02
   6.4214047e-01  -1.9540652e-02
   6.3879599e-01  -1.9730783e-02
   6.3545151e-01  -1.9920630e-02
   6.3210702e-01  -2.0110177e-02
   6.2876254e-01  -2.0299406e-02
   6.2541806e-01  -2.0488298e-02
   6.2207358e-01  -2.0676836e-02
   6.1872910e-01  -2.0864999e-02
   6.1538462e-01  -2.1052770e-02
   6.1204013e-01  -2.1240130e-02
   6.0869565e-01  -2.1427058e-02
   6.0535117e-01  -2.1613536e-02
   6.0200669e-01  -2.1799544e-02
   5.9866221e-01  -2.1985061e-02
   5.9531773e-01  -2.2170069e-02
   5.9197324e-01  -2.2354545e-02
   5.8862876e-01  -2.2538470e-02
   5.8528428e-01  -2.2721824e-02
   5.8193980e-01  -2.2904584e-02
   5.7859532e-01  -2.3086730e-02
   5.7525084e-01  -2.3268240e-02
   5.7190635e-01  -2.3449092e-02
   5.6856187e-01  -2.3629266e-02
   5.6521739e-01  -2.3808738e-02
   5.6187291e-01  -2.3987486e-02
   5.5852843e-01  -2.4165488e-02
   5.5518395e-01  -2.4342721e-02
   5.5183946e-01  -2.4519162e-02
   5.4849498e-01  -2.4694788e-02
   5.4515050e-01  -2.4869575e-02
   5.4180602e-01  -2.5043501e-02
   5.3846154e-01  -2.5216540e-02
   5.3511706e-01  -2.5388670e-02
   5.3177258e-01  -2.5559865e-02
   5.2842809e-01  -2.5730101e-02
   5.2508361e-01  -2.5899354e-02
   5.2173913e-01  -2.6067598e-02
   5.1839465e-01  -2.6234809e-02
   5.1505017e-01  -2.6400961e-02
   5.1170569e-01  -2.6566028e-02
   5.0836120e-01  -2.6729985e-02
   5.0501672e-01  -2.6892805e-02
   5.0167224e-01  -2.7054462e-02
   4.9832776e-01  -2.7214930e-02
   4.9498328e-01  -2.7374181e-02
   4.9163880e-01  -2.7532190e-02
   4.8829431e-01  -2.7688928e-02
   4.8494983e-01  -2.7844368e-02
   4.8160535e-01  -2.7998482e-02
   4.7826087e-01  -2.8151243e-02
   4.7491639e-01  -2.8302622e-02
   4.7157191e-01  -2.8452590e-02
   4.6822742e-01  -2.8601120e-02
   4.6488294e-01  -2.8748181e-02
   4.6153846e-01  -2.8893746e-02
   4.5819398e-01  -2.9037783e-02
   4.5484950e-01  -2.9180265e-02
   4.5150502e-01  -2.9321159e-02
   4.4816054e-01  -2.9460438e-02
   4.4481605e-01  -2.9598068e-02
   4.4147157e-01  -2.9734021e-02
   4.3812709e-01  -2.9868265e-02
   4.3478261e-01  -3.0000768e-02
   4.3143813e-01  -3.0131499e-02
   4.2809365e-01  -3.0260427e-02
   4.2474916e-01  -3.0387517e-02
   4.2140468e-01  -3.0512739e-02
   4.1806020e-01  -3.0636060e-02
   4.1471572e-01  -3.0757445e-02
   4.1137124e-01  -3.0876863e-02
   4.0802676e-01  -3.0994278e-02
   4.0468227e-01  -3.1109657e-02
   4.0133779e-01  -3.1222966e-02
   3.9799331e-01  -3.1334169e-02
   3.9464883e-01  -3.1443233e-02
   3.9130435e-01  -3.1550120e-02
   3.8795987e-01  -3.1654796e-02
   3.8461538e-01  -3.1757224e-02
   3.8127090e-01  -3.1857368e-02
   3.7792642e-01  -3.1955191e-02
   3.7458194e-01  -3.2050655e-02
   3.7123746e-01  -3.2143724e-02
   3.6789298e-01  -3.2234358e-02
   3.6454849e-01  -3.2322519e-02
   3.6120401e-01  -3.2408168e-02
   3.5785953e-01  -3.2491267e-02
   3.5451505e-01  -3.2571774e-02
   3.5117057e-01  -3.2649651e-02
   3.4782609e-01  -3.2724855e-02
   3.4448161e-01  -3.2797346e-02
   3.4113712e-01  -3.2867083e-02
   3.3779264e-01  -3.2934022e-02
   3.3444816e-01  -3.2998121e-02
   3.3110368e-01  -3.3059336e-02
   3.2775920e-01  -3.3117625e-02
   3.2441472e-01  -3.3172942e-02
   3.2107023e-01  -3.3225241e-02
   3.1772575e-01  -3.3274479e-02
   3.1438127e-01  -3.3320607e-02
   3.1103679e-01  -3.3363580e-02
   3.0769231e-01  -3.3403349e-02
   3.0434783e-01  -3.3439867e-02
   3.0100334e-01  -3.3473083e-02
   2.9765886e-01  -3.3502949e-02
   2.9431438e-01  -3.3529412e-02
   2.9096990e-01  -3.3552423e-02
   2.8762542e-01  -3.3571929e-02
   2.8428094e-01  -3.3587875e-02
   2.8093645e-01  -3.3600210e-02
   2.7759197e-01  -3.3608876e-02
   2.7424749e-01  -3.3613819e-02
   2.7090301e-01  -3.3614980e-02
   2.6755853e-01  -3.3612303e-02
   2.6421405e-01  -3.3605727e-02
   2.6086957e-01  -3.3595193e-02
   2.5752508e-01  -3.3580638e-02
   2.5418060e-01  -3.3561999e-02
   2.5083612e-01  -3.3539213e-02
   2.4749164e-01  -3.3512214e-02
   2.4414716e-01  -3.3480934e-02
   2.4080268e-01  -3.3445305e-02
   2.3745819e-01  -3.3405257e-02
   2.3411371e-01  -3.3360717e-02
   2.3076923e-01  -3.3311613e-02
   2.2742475e-01  -3.3257868e-02
   2.2408027e-01  -3.3199405e-02
   2.2073579e-01  -3.3136144e-02
   2.1739130e-01  -3.3068004e-02
   2.1404682e-01  -3.2994901e-02
   2.1070234e-01  -3.2916748e-02
   2.0735786e-01  -3.2833456e-02
   2.0401338e-01  -3.2744935e-02
   2.0066890e-01  -3.2651089e-02
   1.9732441e-01  -3.2551820e-02
   1.9397993e-01  -3.2447029e-02
   1.9063545e-01  -3.2336612e-02
   1.8729097e-01  -3.2220460e-02
   1.8394649e-01  -3.2098462e-02
   1.8060201e-01  -3.1970504e-02
   1.7725753e-01  -3.1836464e-02
   1.7391304e-01  -3.1696220e-02
   1.7056856e-01  -3.1549641e-02
   1.6722408e-01  -3.1396592e-02
   1.6387960e-01  -3.1236935e-02
   1.6053512e-01  -3.1070522e-02
   1.5719064e-01  -3.0897200e-02
   1.5384615e-01  -3.0716811e-02
   1.5050167e-01  -3.0529186e-02
   1.4715719e-01  -3.0334151e-02
   1.4381271e-01  -3.0131522e-02
   1.4046823e-01  -2.9921104e-02
   1.3712375e-01  -2.9702695e-02
   1.3377926e-01  -2.9476079e-02
   1.3043478e-01  -2.9241029e-02
   1.2709030e-01  -2.8997305e-02
   1.2374582e-01  -2.8744653e-02
   1.2040134e-01  -2.8482801e-02
   1.1705686e-01  -2.8211463e-02
   1.1371237e-01  -2.7930331e-02
   1.1036789e-01  -2.7639076e-02
   1.0702341e-01  -2.7337349e-02
   1.0367893e-01  -2.7024770e-02
   1.0033445e-01  -2.6700936e-02
   9.6989967e-02  -2.6365406e-02
   9.3645485e-02  -2.6017707e-02
   9.0301003e-02  -2.5657323e-02
   8.6956522e-02  -2.5283694e-02
   8.3612040e-02  -2.4896207e-02
   8.0267559e-02  -2.4494188e-02
   7.6923077e-02  -2.4076897e-02
   7.3578595e-02  -2.3643515e-02
   7.0234114e-02  -2.3193130e-02
   6.6889632e-02  -2.2724725e-02
   6.3545151e-02  -2.2237158e-02
   6.0200669e-02  -2.1729137e-02
   5.6856187e-02  -2.1199192e-02
   5.3511706e-02  -2.0645640e-02
   5.0167224e-02  -2.0066534e-02
   4.6822742e-02  -1.9459604e-02
   4.3478261e-02  -1.8822173e-02
   4.0133779e-02  -1.8151045e-02
   3.6789298e-02  -1.7442354e-02
   3.3444816e-02  -1.6691344e-02
   3.0100334e-02  -1.5892050e-02
   2.6755853e-02  -1.5036813e-02
   2.3411371e-02  -1.4115514e-02
   2.0066890e-02  -1.3114294e-02
   1.6722408e-02  -1.2013254e-02
   1.3377926e-02  -1.0781934e-02
   1.0033445e-02  -9.3692108e-03
   6.6889632e-03  -7.6756955e-03
   3.3444816e-03  -5.4456249e-03
   0.0000000e+00   0.0000000e+00
