   0.0000000e+00  -1.4200000e-03
   3.3444816e-03   1.1547064e-02
   6.6889632e-03   1.6407546e-02
   1.0033445e-02   2.0186685e-02
   1.3377926e-02   2.3411577e-02
   1.6722408e-02   2.6284778e-02
   2.0066890e-02   2.8909306e-02
   2.3411371e-02   3.1345812e-02
   2.6755853e-02   3.3633442e-02
   3.0100334e-02   3.5799114e-02
   3.3444816e-02   3.7862223e-02
   3.6789298e-02   3.9837250e-02
   4.0133779e-02   4.1735319e-02
   4.3478261e-02   4.3565171e-02
   4.6822742e-02   4.5333811e-02
   5.0167224e-02   4.7046940e-02
   5.3511706e-02   4.8709263e-02
   5.6856187e-02   5.0324711e-02
   6.0200669e-02   5.1896601e-02
   6.3545151e-02   5.3427759e-02
   6.6889632e-02   5.4920612e-02
   7.0234114e-02   5.6377260e-02
   7.3578595e-02   5.7799533e-02
   7.6923077e-02   5.9189036e-02
   8.0267559e-02   6.0547182e-02
   8.3612040e-02   6.1875226e-02
   8.6956522e-02   6.3174284e-02
   9.0301003e-02   6.4445356e-02
   9.3645485e-02   6.5689341e-02
   9.6989967e-02   6.6907049e-02
   1.0033445e-01   6.8099215e-02
   1.0367893e-01   6.9266509e-02
   1.0702341e-01   7.0409542e-02
   1.1036789e-01   7.1528873e-02
   1.1371237e-01   7.2625018e-02
   1.1705686e-01   7.3698451e-02
   1.2040134e-01   7.4749612e-02
   1.2374582e-01   7.5778912e-02
   1.2709030e-01   7.6786730e-02
   1.3043478e-01   7.7773422e-02
   1.3377926e-01   7.8739324e-02
   1.3712375e-01   7.9684749e-02
   1.4046823e-01   8.0609992e-02
   1.4381271e-01   8.1515336e-02
   1.4715719e-01   8.2401045e-02
   1.5050167e-01   8.3267373e-02
   1.5384615e-01   8.4114560e-02
   1.5719064e-01   8.4942838e-02
   1.6053512e-01   8.5752429e-02
   1.6387960e-01   8.6543543e-02
   1.6722408e-01   8.7316388e-02
   1.7056856e-01   8.8071159e-02
   1.7391304e-01   8.8808049e-02
   1.7725753e-01   8.9527244e-02
   1.8060201e-01   9.0228923e-02
   1.8394649e-01   9.0913262e-02
   1.8729097e-01   9.1580433e-02
   1.9063545e-01   9.2230604e-02
   1.9397993e-01   9.2863937e-02
   1.9732441e-01   9.3480594e-02
   2.0066890e-01   9.4080732e-02
   2.0401338e-01   9.4664506e-02
   2.0735786e-01   9.5232069e-02
   2.1070234e-01   9.5783572e-02
   2.1404682e-01   9.6319162e-02
   2.1739130e-01   9.6838986e-02
   2.2073579e-01   9.7343190e-02
   2.2408027e-01   9.7831917e-02
   2.2742475e-01   9.8305309e-02
   2.3076923e-01   9.8763506e-02
   2.3411371e-01   9.9206650e-02
   2.3745819e-01   9.9634877e-02
   2.4080268e-01   1.0004833e-01
   2.4414716e-01   1.0044714e-01
   2.4749164e-01   1.0083144e-01
   2.5083612e-01   1.0120138e-01
   2.5418060e-01   1.0155708e-01
   2.5752508e-01   1.0189868e-01
   2.6086957e-01   1.0222632e-01
   2.6421405e-01   1.0254013e-01
   2.6755853e-01   1.0284023e-01
   2.7090301e-01   1.0312677e-01
   2.7424749e-01   1.0339988e-01
   2.7759197e-01   1.0365968e-01
   2.8093645e-01   1.0390631e-01
   2.8428094e-01   1.0413990e-01
   2.8762542e-01   1.0436058e-01
   2.9096990e-01   1.0456848e-01
   2.9431438e-01   1.0476373e-01
   2.9765886e-01   1.0494647e-01
   3.0100334e-01   1.0511681e-01
   3.0434783e-01   1.0527490e-01
   3.0769231e-01   1.0542085e-01
   3.1103679e-01   1.0555481e-01
   3.1438127e-01   1.0567689e-01
   3.1772575e-01   1.0578723e-01
   3.2107023e-01   1.0588595e-01
   3.2441472e-01   1.0597319e-01
   3.2775920e-01   1.0604906e-01
   3.3110368e-01   1.0611371e-01
   3.3444816e-01   1.0616725e-01
   3.3779264e-01   1.0620981e-01
   3.4113712e-01   1.0624152e-01
   3.4448161e-01   1.0626250e-01
   3.4782609e-01   1.0627289e-01
   3.5117057e-01   1.0627280e-01
   3.5451505e-01   1.0626237e-01
   3.5785953e-01   1.0624171e-01
   3.6120401e-01   1.0621095e-01
   3.6454849e-01   1.0617021e-01
   3.6789298e-01   1.0611963e-01
   3.7123746e-01   1.0605932e-01
   3.7458194e-01   1.0598940e-01
   3.7792642e-01   1.0591000e-01
   3.8127090e-01   1.0582124e-01
   3.8461538e-01   1.0572325e-01
   3.8795987e-01   1.0561613e-01
   3.9130435e-01   1.0550002e-01
   3.9464883e-01   1.0537503e-01
   3.9799331e-01   1.0524128e-01
   4.0133779e-01   1.0509889e-01
   4.0468227e-01   1.0494798e-01
   4.0802676e-01   1.0478867e-01
   4.1137124e-01   1.0462107e-01
   4.1471572e-01   1.0444529e-01
   4.1806020e-01   1.0426147e-01
   4.2140468e-01   1.0406970e-01
   4.2474916e-01   1.0387011e-01
   4.2809365e-01   1.0366281e-01
   4.3143813e-01   1.0344790e-01
   4.3478261e-01   1.0322551e-01
   4.3812709e-01   1.0299574e-01
   4.4147157e-01   1.0275870e-01
   4.4481605e-01   1.0251451e-01
   4.4816054e-01   1.0226327e-01
   4.5150502e-01   1.0200509e-01
   4.5484950e-01   1.0174007e-01
   4.5819398e-01   1.0146833e-01
   4.6153846e-01   1.0118996e-01
   4.6488294e-01   1.0090508e-01
   4.6822742e-01   1.0061378e-01
   4.7157191e-01   1.0031617e-01
   4.7491639e-01   1.0001234e-01
   4.7826087e-01   9.9702405e-02
   4.8160535e-01   9.9386456e-02
   4.8494983e-01   9.9064592e-02
   4.8829431e-01   9.8736910e-02
   4.9163880e-01   9.8403506e-02
   4.9498328e-01   9.8064475e-02
   4.9832776e-01   9.7719910e-02
   5.0167224e-01   9.7369903e-02
   5.0501672e-01   9.7014547e-02
   5.0836120e-01   9.6653931e-02
   5.1170569e-01   9.6288144e-02
   5.1505017e-01   9.5917273e-02
   5.1839465e-01   9.5541405e-02
   5.2173913e-01   9.5160624e-02
   5.2508361e-01   9.4775016e-02
   5.2842809e-01   9.4384661e-02
   5.3177258e-01   9.3989641e-02
   5.3511706e-01   9.3590036e-02
   5.3846154e-01   9.3185925e-02
   5.4180602e-01   9.2777384e-02
   5.4515050e-01   9.2364488e-02
   5.4849498e-01   9.1947313e-02
   5.5183946e-01   9.1525930e-02
   5.5518395e-01   9.1100412e-02
   5.5852843e-01   9.0670827e-02
   5.6187291e-01   9.0237245e-02
   5.6521739e-01   8.9799731e-02
   5.6856187e-01   8.9358351e-02
   5.7190635e-01   8.8913170e-02
   5.7525084e-01   8.8464248e-02
   5.7859532e-01   8.8011646e-02
   5.8193980e-01   8.7555424e-02
   5.8528428e-01   8.7095639e-02
   5.8862876e-01   8.6632346e-02
   5.9197324e-01   8.6165599e-02
   5.9531773e-01   8.5695451e-02
   5.9866221e-01   8.5221952e-02
   6.0200669e-01   8.4745151e-02
   6.0535117e-01   8.4265096e-02
   6.0869565e-01   8.3781831e-02
   6.1204013e-01   8.3295401e-02
   6.1538462e-01   8.2805847e-02
   6.1872910e-01   8.2313209e-02
   6.2207358e-01   8.1817526e-02
   6.2541806e-01   8.1318835e-02
   6.2876254e-01   8.0817168e-02
   6.3210702e-01   8.0312561e-02
   6.3545151e-01   7.9805042e-02
   6.3879599e-01   7.9294642e-02
   6.4214047e-01   7.8781387e-02
   6.4548495e-01   7.8265302e-02
   6.4882943e-01   7.7746411e-02
   6.5217391e-01   7.7224734e-02
   6.5551839e-01   7.6700291e-02
   6.5886288e-01   7.6173100e-02
   6.6220736e-01   7.5643174e-02
   6.6555184e-01   7.5110528e-02
   6.6889632e-01   7.4575173e-02
   6.7224080e-01   7.4037117e-02
   6.7558528e-01   7.3496367e-02
   6.7892977e-01   7.2952929e-02
   6.8227425e-01   7.2406806e-02
   6.8561873e-01   7.1857996e-02
   6.8896321e-01   7.1306501e-02
   6.9230769e-01   7.0752315e-02
   6.9565217e-01   7.0195433e-02
   6.9899666e-01   6.9635846e-02
   7.0234114e-01   6.9073545e-02
   7.0568562e-01   6.8508518e-02
   7.0903010e-01   6.7940749e-02
   7.1237458e-01   6.7370221e-02
   7.1571906e-01   6.6796916e-02
   7.1906355e-01   6.6220812e-02
   7.2240803e-01   6.5641884e-02
   7.2575251e-01   6.5060108e-02
   7.2909699e-01   6.4475455e-02
   7.3244147e-01   6.3887893e-02
   7.3578595e-01   6.3297391e-02
   7.3913043e-01   6.2703911e-02
   7.4247492e-01   6.2107418e-02
   7.4581940e-01   6.1507869e-02
   7.4916388e-01   6.0905223e-02
   7.5250836e-01   6.0299435e-02
   7.5585284e-01   5.9690456e-02
   7.5919732e-01   5.9078238e-02
   7.6254181e-01   5.8462727e-02
   7.6588629e-01   5.7843869e-02
   7.6923077e-01   5.7221606e-02
   7.7257525e-01   5.6595878e-02
   7.7591973e-01   5.5966622e-02
   7.7926421e-01   5.5333775e-02
   7.8260870e-01   5.4697267e-02
   7.8595318e-01   5.4057029e-02
   7.8929766e-01   5.3412988e-02
   7.9264214e-01   5.2765070e-02
   7.9598662e-01   5.2113194e-02
   7.9933110e-01   5.1457283e-02
   8.0267559e-01   5.0797251e-02
   8.0602007e-01   5.0133013e-02
   8.0936455e-01   4.9464480e-02
   8.1270903e-01   4.8791562e-02
   8.1605351e-01   4.8114165e-02
   8.1939799e-01   4.7432191e-02
   8.2274247e-01   4.6745541e-02
   8.2608696e-01   4.6054114e-02
   8.2943144e-01   4.5357803e-02
   8.3277592e-01   4.4656503e-02
   8.3612040e-01   4.3950102e-02
   8.3946488e-01   4.3238487e-02
   8.4280936e-01   4.2521543e-02
   8.4615385e-01   4.1799149e-02
   8.4949833e-01   4.1071186e-02
   8.5284281e-01   4.0337527e-02
   8.5618729e-01   3.9598047e-02
   8.5953177e-01   3.8852614e-02
   8.6287625e-01   3.8101096e-02
   8.6622074e-01   3.7343356e-02
   8.6956522e-01   3.6579256e-02
   8.7290970e-01   3.5808654e-02
   8.7625418e-01   3.5031405e-02
   8.7959866e-01   3.4247362e-02
   8.8294314e-01   3.3456373e-02
   8.8628763e-01   3.2658285e-02
   8.8963211e-01   3.1852942e-02
   8.9297659e-01   3.1040184e-02
   8.9632107e-01   3.0219848e-02
   8.9966555e-01   2.9391769e-02
   9.0301003e-01   2.8555778e-02
   9.0635452e-01   2.7711703e-02
   9.0969900e-01   2.6859370e-02
   9.1304348e-01   2.5998600e-02
   9.1638796e-01   2.5129213e-02
   9.1973244e-01   2.4251024e-02
   9.2307692e-01   2.3363847e-02
   9.2642140e-01   2.2467491e-02
   9.2976589e-01   2.1561763e-02
   9.3311037e-01   2.0646466e-02
   9.3645485e-01   1.9721400e-02
   9.3979933e-01   1.8786363e-02
   9.4314381e-01   1.7841149e-02
   9.4648829e-01   1.6885548e-02
   9.4983278e-01   1.5919347e-02
   9.5317726e-01   1.4942332e-02
   9.5652174e-01   1.3954283e-02
   9.5986622e-01   1.2954978e-02
   9.6321070e-01   1.1944191e-02
   9.6655518e-01   1.0921694e-02
   9.6989967e-01   9.8872554e-03
   9.7324415e-01   8.8406393e-03
   9.7658863e-01   7.7816072e-03
   9.7993311e-01   6.7099174e-03
   9.8327759e-01   5.6253246e-03
   9.8662207e-01   4.5275803e-03
   9.8996656e-01   3.4164327e-03
   9.9331104e-01   2.2916264e-03
   9.9665552e-01   1.1529028e-03
   1.0000000e+00   0.0000000e+00
   1.0000000e+00   0.0000000e+00
   9.9665552e-01   3.5420502e-04
   9.9331104e-01   6.9659531e-04
   9.8996656e-01   1.0273104e-03
   9.8662207e-01   1.3464888e-03
   9.8327759e-01   1.6542684e-03
   9.7993311e-01   1.9507860e-03
   9.7658863e-01   2.2361777e-03
   9.7324415e-01   2.5105788e-03
   9.6989967e-01   2.7741235e-03
   9.6655518e-01   3.0269455e-03
   9.6321070e-01   3.2691773e-03
   9.5986622e-01   3.5009509e-03
   9.5652174e-01   3.7223971e-03
   9.5317726e-01   3.9336463e-03
   9.4983278e-01   4.1348277e-03
   9.4648829e-01   4.3260698e-03
   9.4314381e-01   4.5075003e-03
   9.3979933e-01   4.6792461e-03
   9.3645485e-01   4.8414331e-03
   9.3311037e-01   4.9941866e-03
   9.2976589e-01   5.1376310e-03
   9.2642140e-01   5.2718898e-03
   9.2307692e-01   5.3970858e-03
   9.1973244e-01   5.5133409e-03
   9.1638796e-01   5.6207764e-03
   9.1304348e-01   5.7195125e-03
   9.0969900e-01   5.8096688e-03
   9.0635452e-01   5.8913639e-03
   9.0301003e-01   5.9647160e-03
   8.9966555e-01   6.0298420e-03
   8.9632107e-01   6.0868583e-03
   8.9297659e-01   6.1358806e-03
   8.8963211e-01   6.1770235e-03
   8.8628763e-01   6.2104011e-03
   8.8294314e-01   6.2361265e-03
   8.7959866e-01   6.2543123e-03
   8.7625418e-01   6.2650700e-03
   8.7290970e-01   6.2685105e-03
   8.6956522e-01   6.2647440e-03
   8.6622074e-01   6.2538798e-03
   8.6287625e-01   6.2360265e-03
   8.5953177e-01   6.2112918e-03
   8.5618729e-01   6.1797829e-03
   8.5284281e-01   6.1416059e-03
   8.4949833e-01   6.0968666e-03
   8.4615385e-01   6.0456695e-03
   8.4280936e-01   5.9881189e-03
   8.3946488e-01   5.9243180e-03
   8.3612040e-01   5.8543693e-03
   8.3277592e-01   5.7783746e-03
   8.2943144e-01   5.6964351e-03
   8.2608696e-01   5.6086511e-03
   8.2274247e-01   5.5151221e-03
   8.1939799e-01   5.4159471e-03
   8.1605351e-01   5.3112241e-03
   8.1270903e-01   5.2010508e-03
   8.0936455e-01   5.0855236e-03
   8.0602007e-01   4.9647387e-03
   8.0267559e-01   4.8387914e-03
   7.9933110e-01   4.7077761e-03
   7.9598662e-01   4.5717868e-03
   7.9264214e-01   4.4309166e-03
   7.8929766e-01   4.2852580e-03
   7.8595318e-01   4.1349027e-03
   7.8260870e-01   3.9799418e-03
   7.7926421e-01   3.8204657e-03
   7.7591973e-01   3.6565641e-03
   7.7257525e-01   3.4883259e-03
   7.6923077e-01   3.3158394e-03
   7.6588629e-01   3.1391924e-03
   7.6254181e-01   2.9584717e-03
   7.5919732e-01   2.7737637e-03
   7.5585284e-01   2.5851540e-03
   7.5250836e-01   2.3927274e-03
   7.4916388e-01   2.1965684e-03
   7.4581940e-01   1.9967606e-03
   7.4247492e-01   1.7933868e-03
   7.3913043e-01   1.5865295e-03
   7.3578595e-01   1.3762703e-03
   7.3244147e-01   1.1626903e-03
   7.2909699e-01   9.4586976e-04
   7.2575251e-01   7.2588852e-04
   7.2240803e-01   5.0282567e-04
   7.1906355e-01   2.7675970e-04
   7.1571906e-01   4.7768453e-05
   7.1237458e-01  -1.8407083e-04
   7.0903010e-01  -4.1868155e-04
   7.0568562e-01  -6.5598770e-04
   7.0234114e-01  -8.9591391e-04
   6.9899666e-01  -1.1383854e-03
   6.9565217e-01  -1.3833280e-03
   6.9230769e-01  -1.6306682e-03
   6.8896321e-01  -1.8803329e-03
   6.8561873e-01  -2.1322498e-03
   6.8227425e-01  -2.3863472e-03
   6.7892977e-01  -2.6425538e-03
   6.7558528e-01  -2.9007990e-03
   6.7224080e-01  -3.1610127e-03
   6.6889632e-01  -3.4231256e-03
   6.6555184e-01  -3.6870687e-03
   6.6220736e-01  -3.9527736e-03
   6.5886288e-01  -4.2201726e-03
   6.5551839e-01  -4.4891985e-03
   6.5217391e-01  -4.7597846e-03
   6.4882943e-01  -5.0318648e-03
   6.4548495e-01  -5.3053735e-03
   6.4214047e-01  -5.5802458e-03
   6.3879599e-01  -5.8564170e-03
   6.3545151e-01  -6.1338233e-03
   6.3210702e-01  -6.4124012e-03
   6.2876254e-01  -6.6920877e-03
   6.2541806e-01  -6.9728205e-03
   6.2207358e-01  -7.2545377e-03
   6.1872910e-01  -7.5371779e-03
   6.1538462e-01  -7.8206802e-03
   6.1204013e-01  -8.1049841e-03
   6.0869565e-01  -8.3900299e-03
   6.0535117e-01  -8.6757582e-03
   6.0200669e-01  -8.9621099e-03
   5.9866221e-01  -9.2490266e-03
   5.9531773e-01  -9.5364504e-03
   5.9197324e-01  -9.8243237e-03
   5.8862876e-01  -1.0112589e-02
   5.8528428e-01  -1.0401191e-02
   5.8193980e-01  -1.0690073e-02
   5.7859532e-01  -1.0979178e-02
   5.7525084e-01  -1.1268452e-02
   5.7190635e-01  -1.1557841e-02
   5.6856187e-01  -1.1847288e-02
   5.6521739e-01  -1.2136742e-02
   5.6187291e-01  -1.2426147e-02
   5.5852843e-01  -1.2715451e-02
   5.5518395e-01  -1.3004601e-02
   5.5183946e-01  -1.3293545e-02
   5.4849498e-01  -1.3582231e-02
   5.4515050e-01  -1.3870607e-02
   5.4180602e-01  -1.4158622e-02
   5.3846154e-01  -1.4446225e-02
   5.3511706e-01  -1.4733366e-02
   5.3177258e-01  -1.5019994e-02
   5.2842809e-01  -1.5306060e-02
   5.2508361e-01  -1.5591514e-02
   5.2173913e-01  -1.5876308e-02
   5.1839465e-01  -1.6160392e-02
   5.1505017e-01  -1.6443718e-02
   5.1170569e-01  -1.6726239e-02
   5.0836120e-01  -1.7007905e-02
   5.0501672e-01  -1.7288670e-02
   5.0167224e-01  -1.7568487e-02
   4.9832776e-01  -1.7847308e-02
   4.9498328e-01  -1.8125087e-02
   4.9163880e-01  -1.8401777e-02
   4.8829431e-01  -1.8677333e-02
   4.8494983e-01  -1.8951708e-02
   4.8160535e-01  -1.9224856e-02
   4.7826087e-01  -1.9496733e-02
   4.7491639e-01  -1.9767293e-02
   4.7157191e-01  -2.0036492e-02
   4.6822742e-01  -2.0304283e-02
   4.6488294e-01  -2.0570623e-02
   4.6153846e-01  -2.0835468e-02
   4.5819398e-01  -2.1098772e-02
   4.5484950e-01  -2.1360492e-02
   4.5150502e-01  -2.1620585e-02
   4.4816054e-01  -2.1879005e-02
   4.4481605e-01  -2.2135710e-02
   4.4147157e-01  -2.2390656e-02
   4.3812709e-01  -2.2643799e-02
   4.3478261e-01  -2.2895097e-02
   4.3143813e-01  -2.3144505e-02
   4.2809365e-01  -2.3391981e-02
   4.2474916e-01  -2.3637482e-02
   4.2140468e-01  -2.3880963e-02
   4.1806020e-01  -2.4122383e-02
   4.1471572e-01  -2.4361698e-02
   4.1137124e-01  -2.4598865e-02
   4.0802676e-01  -2.4833841e-02
   4.0468227e-01  -2.5066583e-02
   4.0133779e-01  -2.5297048e-02
   3.9799331e-01  -2.5525191e-02
   3.9464883e-01  -2.5750971e-02
   3.9130435e-01  -2.5974343e-02
   3.8795987e-01  -2.6195264e-02
   3.8461538e-01  -2.6413691e-02
   3.8127090e-01  -2.6629579e-02
   3.7792642e-01  -2.6842884e-02
   3.7458194e-01  -2.7053563e-02
   3.7123746e-01  -2.7261570e-02
   3.6789298e-01  -2.7466862e-02
   3.6454849e-01  -2.7669392e-02
   3.6120401e-01  -2.7869117e-02
   3.5785953e-01  -2.8065991e-02
   3.5451505e-01  -2.8259967e-02
   3.5117057e-01  -2.8451000e-02
   3.4782609e-01  -2.8639043e-02
   3.4448161e-01  -2.8824049e-02
   3.4113712e-01  -2.9005971e-02
   3.3779264e-01  -2.9184761e-02
   3.3444816e-01  -2.9360370e-02
   3.3110368e-01  -2.9532750e-02
   3.2775920e-01  -2.9701851e-02
   3.2441472e-01  -2.9867624e-02
   3.2107023e-01  -3.0030017e-02
   3.1772575e-01  -3.0188980e-02
   3.1438127e-01  -3.0344461e-02
   3.1103679e-01  -3.0496406e-02
   3.0769231e-01  -3.0644763e-02
   3.0434783e-01  -3.0789476e-02
   3.0100334e-01  -3.0930492e-02
   2.9765886e-01  -3.1067754e-02
   2.9431438e-01  -3.1201205e-02
   2.9096990e-01  -3.1330786e-02
   2.8762542e-01  -3.1456440e-02
   2.8428094e-01  -3.1578105e-02
   2.8093645e-01  -3.1695721e-02
   2.7759197e-01  -3.1809224e-02
   2.7424749e-01  -3.1918552e-02
   2.7090301e-01  -3.2023638e-02
   2.6755853e-01  -3.2124417e-02
   2.6421405e-01  -3.2220820e-02
   2.6086957e-01  -3.2312777e-02
   2.5752508e-01  -3.2400217e-02
   2.5418060e-01  -3.2483068e-02
   2.5083612e-01  -3.2561253e-02
   2.4749164e-01  -3.2634696e-02
   2.4414716e-01  -3.2703319e-02
   2.4080268e-01  -3.2767040e-02
   2.3745819e-01  -3.2825776e-02
   2.3411371e-01  -3.2879442e-02
   2.3076923e-01  -3.2927949e-02
   2.2742475e-01  -3.2971207e-02
   2.2408027e-01  -3.3009123e-02
   2.2073579e-01  -3.3041599e-02
   2.1739130e-01  -3.3068537e-02
   2.1404682e-01  -3.3089834e-02
   2.1070234e-01  -3.3105384e-02
   2.0735786e-01  -3.3115078e-02
   2.0401338e-01  -3.3118802e-02
   2.0066890e-01  -3.3116438e-02
   1.9732441e-01  -3.3107865e-02
   1.9397993e-01  -3.3092956e-02
   1.9063545e-01  -3.3071582e-02
   1.8729097e-01  -3.3043605e-02
   1.8394649e-01  -3.3008884e-02
   1.8060201e-01  -3.2967273e-02
   1.7725753e-01  -3.2918618e-02
   1.7391304e-01  -3.2862759e-02
   1.7056856e-01  -3.2799530e-02
   1.6722408e-01  -3.2728757e-02
   1.6387960e-01  -3.2650258e-02
   1.6053512e-01  -3.2563844e-02
   1.5719064e-01  -3.2469314e-02
   1.5384615e-01  -3.2366461e-02
   1.5050167e-01  -3.2255065e-02
   1.4715719e-01  -3.2134897e-02
   1.4381271e-01  -3.2005713e-02
   1.4046823e-01  -3.1867260e-02
   1.3712375e-01  -3.1719267e-02
   1.3377926e-01  -3.1561452e-02
   1.3043478e-01  -3.1393513e-02
   1.2709030e-01  -3.1215132e-02
   1.2374582e-01  -3.1025972e-02
   1.2040134e-01  -3.0825675e-02
   1.1705686e-01  -3.0613857e-02
   1.1371237e-01  -3.0390112e-02
   1.1036789e-01  -3.0154005e-02
   1.0702341e-01  -2.9905071e-02
   1.0367893e-01  -2.9642809e-02
   1.0033445e-01  -2.9366681e-02
   9.6989967e-02  -2.9076109e-02
   9.3645485e-02  -2.8770466e-02
   9.0301003e-02  -2.8449072e-02
   8.6956522e-02  -2.8111190e-02
   8.3612040e-02  -2.7756014e-02
   8.0267559e-02  -2.7382662e-02
   7.6923077e-02  -2.6990166e-02
   7.3578595e-02  -2.6577456e-02
   7.0234114e-02  -2.6143347e-02
   6.6889632e-02  -2.5686521e-02
   6.3545151e-02  -2.5205498e-02
   6.0200669e-02  -2.4698615e-02
   5.6856187e-02  -2.4163983e-02
   5.3511706e-02  -2.3599447e-02
   5.0167224e-02  -2.3002524e-02
   4.6822742e-02  -2.2370327e-02
   4.3478261e-02  -2.1699468e-02
   4.0133779e-02  -2.0985917e-02
   3.6789298e-02  -2.0224817e-02
   3.3444816e-02  -1.9410216e-02
   3.0100334e-02  -1.8534680e-02
   2.6755853e-02  -1.7588705e-02
   2.3411371e-02  -1.6559782e-02
   2.0066890e-02  -1.5430851e-02
   1.6722408e-02  -1.4177510e-02
   1.3377926e-02  -1.2762564e-02
   1.0033445e-02  -1.1123819e-02
   6.6889632e-03  -9.1408427e-03
   3.3444816e-03  -6.5049196e-03
   0.0000000e+00  -1.4200000e-03
