   0.0000000e+00   6.7000000e-04
   3.3444816e-03   1.3480281e-02
   6.6889632e-03   1.9098580e-02
   1.0033445e-02   2.3430121e-02
   1.3377926e-02   2.7096516e-02
   1.6722408e-02   3.0337565e-02
   2.0066890e-02   3.3275702e-02
   2.3411371e-02   3.5983306e-02
   2.6755853e-02   3.8507287e-02
   3.0100334e-02   4.0880046e-02
   3.3444816e-02   4.3125033e-02
   3.6789298e-02   4.5259843e-02
   4.0133779e-02   4.7298058e-02
   4.3478261e-02   4.9250407e-02
   4.6822742e-02   5.1125532e-02
   5.0167224e-02   5.2930508e-02
   5.3511706e-02   5.4671205e-02
   5.6856187e-02   5.6352557e-02
   6.0200669e-02   5.7978754e-02
   6.3545151e-02   5.9553387e-02
   6.6889632e-02   6.1079558e-02
   7.0234114e-02   6.2559973e-02
   7.3578595e-02   6.3997003e-02
   7.6923077e-02   6.5392740e-02
   8.0267559e-02   6.6749043e-02
   8.3612040e-02   6.8067571e-02
   8.6956522e-02   6.9349810e-02
   9.0301003e-02   7.0597103e-02
   9.3645485e-02   7.1810664e-02
   9.6989967e-02   7.2991596e-02
   1.0033445e-01   7.4140906e-02
   1.0367893e-01   7.5259519e-02
   1.0702341e-01   7.6348283e-02
   1.1036789e-01   7.7407981e-02
   1.1371237e-01   7.8439339e-02
   1.1705686e-01   7.9443030e-02
   1.2040134e-01   8.0419682e-02
   1.2374582e-01   8.1369882e-02
   1.2709030e-01   8.2294178e-02
   1.3043478e-01   8.3193089e-02
   1.3377926e-01   8.4067101e-02
   1.3712375e-01   8.4916674e-02
   1.4046823e-01   8.5742245e-02
   1.4381271e-01   8.6544226e-02
   1.4715719e-01   8.7323013e-02
   1.5050167e-01   8.8078982e-02
   1.5384615e-01   8.8812492e-02
   1.5719064e-01   8.9523888e-02
   1.6053512e-01   9.0213501e-02
   1.6387960e-01   9.0881650e-02
   1.6722408e-01   9.1528643e-02
   1.7056856e-01   9.2154775e-02
   1.7391304e-01   9.2760335e-02
   1.7725753e-01   9.3345601e-02
   1.8060201e-01   9.3910844e-02
   1.8394649e-01   9.4456327e-02
   1.8729097e-01   9.4982306e-02
   1.9063545e-01   9.5489031e-02
   1.9397993e-01   9.5976746e-02
   1.9732441e-01   9.6445692e-02
   2.0066890e-01   9.6896101e-02
   2.0401338e-01   9.7328203e-02
   2.0735786e-01   9.7742224e-02
   2.1070234e-01   9.8138385e-02
   2.1404682e-01   9.8516903e-02
   2.1739130e-01   9.8877994e-02
   2.2073579e-01   9.9221868e-02
   2.2408027e-01   9.9548734e-02
   2.2742475e-01   9.9858797e-02
   2.3076923e-01   1.0015226e-01
   2.3411371e-01   1.0042933e-01
   2.3745819e-01   1.0069020e-01
   2.4080268e-01   1.0093506e-01
   2.4414716e-01   1.0116412e-01
   2.4749164e-01   1.0137756e-01
   2.5083612e-01   1.0157557e-01
   2.5418060e-01   1.0175836e-01
   2.5752508e-01   1.0192609e-01
   2.6086957e-01   1.0207897e-01
   2.6421405e-01   1.0221718e-01
   2.6755853e-01   1.0234089e-01
   2.7090301e-01   1.0245030e-01
   2.7424749e-01   1.0254558e-01
   2.7759197e-01   1.0262692e-01
   2.8093645e-01   1.0269450e-01
   2.8428094e-01   1.0274849e-01
   2.8762542e-01   1.0278908e-01
   2.9096990e-01   1.0281643e-01
   2.9431438e-01   1.0283073e-01
   2.9765886e-01   1.0283215e-01
   3.0100334e-01   1.0282086e-01
   3.0434783e-01   1.0279705e-01
   3.0769231e-01   1.0276088e-01
   3.1103679e-01   1.0271251e-01
   3.1438127e-01   1.0265214e-01
   3.1772575e-01   1.0257992e-01
   3.2107023e-01   1.0249602e-01
   3.2441472e-01   1.0240062e-01
   3.2775920e-01   1.0229389e-01
   3.3110368e-01   1.0217598e-01
   3.3444816e-01   1.0204707e-01
   3.3779264e-01   1.0190732e-01
   3.4113712e-01   1.0175690e-01
   3.4448161e-01   1.0159598e-01
   3.4782609e-01   1.0142471e-01
   3.5117057e-01   1.0124327e-01
   3.5451505e-01   1.0105181e-01
   3.5785953e-01   1.0085049e-01
   3.6120401e-01   1.0063949e-01
   3.6454849e-01   1.0041895e-01
   3.6789298e-01   1.0018904e-01
   3.7123746e-01   9.9949913e-02
   3.7458194e-01   9.9701735e-02
   3.7792642e-01   9.9444660e-02
   3.8127090e-01   9.9178844e-02
   3.8461538e-01   9.8904445e-02
   3.8795987e-01   9.8621617e-02
   3.9130435e-01   9.8330515e-02
   3.9464883e-01   9.8031292e-02
   3.9799331e-01   9.7724101e-02
   4.0133779e-01   9.7409094e-02
   4.0468227e-01   9.7086423e-02
   4.0802676e-01   9.6756237e-02
   4.1137124e-01   9.6418686e-02
   4.1471572e-01   9.6073919e-02
   4.1806020e-01   9.5722084e-02
   4.2140468e-01   9.5363326e-02
   4.2474916e-01   9.4997791e-02
   4.2809365e-01   9.4625626e-02
   4.3143813e-01   9.4246972e-02
   4.3478261e-01   9.3861974e-02
   4.3812709e-01   9.3470773e-02
   4.4147157e-01   9.3073510e-02
   4.4481605e-01   9.2670325e-02
   4.4816054e-01   9.2261356e-02
   4.5150502e-01   9.1846742e-02
   4.5484950e-01   9.1426619e-02
   4.5819398e-01   9.1001122e-02
   4.6153846e-01   9.0570386e-02
   4.6488294e-01   9.0134545e-02
   4.6822742e-01   8.9693731e-02
   4.7157191e-01   8.9248073e-02
   4.7491639e-01   8.8797704e-02
   4.7826087e-01   8.8342750e-02
   4.8160535e-01   8.7883341e-02
   4.8494983e-01   8.7419601e-02
   4.8829431e-01   8.6951655e-02
   4.9163880e-01   8.6479629e-02
   4.9498328e-01   8.6003643e-02
   4.9832776e-01   8.5523819e-02
   5.0167224e-01   8.5040277e-02
   5.0501672e-01   8.4553136e-02
   5.0836120e-01   8.4062513e-02
   5.1170569e-01   8.3568522e-02
   5.1505017e-01   8.3071280e-02
   5.1839465e-01   8.2570899e-02
   5.2173913e-01   8.2067490e-02
   5.2508361e-01   8.1561163e-02
   5.2842809e-01   8.1052028e-02
   5.3177258e-01   8.0540192e-02
   5.3511706e-01   8.0025760e-02
   5.3846154e-01   7.9508836e-02
   5.4180602e-01   7.8989524e-02
   5.4515050e-01   7.8467925e-02
   5.4849498e-01   7.7944138e-02
   5.5183946e-01   7.7418261e-02
   5.5518395e-01   7.6890391e-02
   5.5852843e-01   7.6360623e-02
   5.6187291e-01   7.5829050e-02
   5.6521739e-01   7.5295763e-02
   5.6856187e-01   7.4760854e-02
   5.7190635e-01   7.4224409e-02
   5.7525084e-01   7.3686516e-02
   5.7859532e-01   7.3147259e-02
   5.8193980e-01   7.2606722e-02
   5.8528428e-01   7.2064986e-02
   5.8862876e-01   7.1522132e-02
   5.9197324e-01   7.0978236e-02
   5.9531773e-01   7.0433375e-02
   5.9866221e-01   6.9887623e-02
   6.0200669e-01   6.9341053e-02
   6.0535117e-01   6.8793736e-02
   6.0869565e-01   6.8245741e-02
   6.1204013e-01   6.7697133e-02
   6.1538462e-01   6.7147979e-02
   6.1872910e-01   6.6598342e-02
   6.2207358e-01   6.6048282e-02
   6.2541806e-01   6.5497860e-02
   6.2876254e-01   6.4947132e-02
   6.3210702e-01   6.4396155e-02
   6.3545151e-01   6.3844980e-02
   6.3879599e-01   6.3293661e-02
   6.4214047e-01   6.2742245e-02
   6.4548495e-01   6.2190781e-02
   6.4882943e-01   6.1639314e-02
   6.5217391e-01   6.1087887e-02
   6.5551839e-01   6.0536542e-02
   6.5886288e-01   5.9985317e-02
   6.6220736e-01   5.9434249e-02
   6.6555184e-01   5.8883374e-02
   6.6889632e-01   5.8332723e-02
   6.7224080e-01   5.7782328e-02
   6.7558528e-01   5.7232217e-02
   6.7892977e-01   5.6682417e-02
   6.8227425e-01   5.6132950e-02
   6.8561873e-01   5.5583839e-02
   6.8896321e-01   5.5035104e-02
   6.9230769e-01   5.4486761e-02
   6.9565217e-01   5.3938826e-02
   6.9899666e-01   5.3391312e-02
   7.0234114e-01   5.2844228e-02
   7.0568562e-01   5.2297584e-02
   7.0903010e-01   5.1751385e-02
   7.1237458e-01   5.1205634e-02
   7.1571906e-01   5.0660333e-02
   7.1906355e-01   5.0115481e-02
   7.2240803e-01   4.9571073e-02
   7.2575251e-01   4.9027104e-02
   7.2909699e-01   4.8483565e-02
   7.3244147e-01   4.7940446e-02
   7.3578595e-01   4.7397733e-02
   7.3913043e-01   4.6855410e-02
   7.4247492e-01   4.6313460e-02
   7.4581940e-01   4.5771862e-02
   7.4916388e-01   4.5230591e-02
   7.5250836e-01   4.4689624e-02
   7.5585284e-01   4.4148931e-02
   7.5919732e-01   4.3608482e-02
   7.6254181e-01   4.3068243e-02
   7.6588629e-01   4.2528178e-02
   7.6923077e-01   4.1988250e-02
   7.7257525e-01   4.1448416e-02
   7.7591973e-01   4.0908634e-02
   7.7926421e-01   4.0368857e-02
   7.8260870e-01   3.9829035e-02
   7.8595318e-01   3.9289118e-02
   7.8929766e-01   3.8749050e-02
   7.9264214e-01   3.8208776e-02
   7.9598662e-01   3.7668236e-02
   7.9933110e-01   3.7127366e-02
   8.0267559e-01   3.6586102e-02
   8.0602007e-01   3.6044376e-02
   8.0936455e-01   3.5502118e-02
   8.1270903e-01   3.4959255e-02
   8.1605351e-01   3.4415709e-02
   8.1939799e-01   3.3871402e-02
   8.2274247e-01   3.3326253e-02
   8.2608696e-01   3.2780177e-02
   8.2943144e-01   3.2233087e-02
   8.3277592e-01   3.1684892e-02
   8.3612040e-01   3.1135499e-02
   8.3946488e-01   3.0584813e-02
   8.4280936e-01   3.0032735e-02
   8.4615385e-01   2.9479162e-02
   8.4949833e-01   2.8923991e-02
   8.5284281e-01   2.8367113e-02
   8.5618729e-01   2.7808419e-02
   8.5953177e-01   2.7247795e-02
   8.6287625e-01   2.6685124e-02
   8.6622074e-01   2.6120288e-02
   8.6956522e-01   2.5553163e-02
   8.7290970e-01   2.4983625e-02
   8.7625418e-01   2.4411545e-02
   8.7959866e-01   2.3836792e-02
   8.8294314e-01   2.3259231e-02
   8.8628763e-01   2.2678725e-02
   8.8963211e-01   2.2095134e-02
   8.9297659e-01   2.1508313e-02
   8.9632107e-01   2.0918116e-02
   8.9966555e-01   2.0324394e-02
   9.0301003e-01   1.9726993e-02
   9.0635452e-01   1.9125757e-02
   9.0969900e-01   1.8520528e-02
   9.1304348e-01   1.7911142e-02
   9.1638796e-01   1.7297435e-02
   9.1973244e-01   1.6679238e-02
   9.2307692e-01   1.6056378e-02
   9.2642140e-01   1.5428681e-02
   9.2976589e-01   1.4795969e-02
   9.3311037e-01   1.4158060e-02
   9.3645485e-01   1.3514770e-02
   9.3979933e-01   1.2865910e-02
   9.4314381e-01   1.2211289e-02
   9.4648829e-01   1.1550712e-02
   9.4983278e-01   1.0883983e-02
   9.5317726e-01   1.0210900e-02
   9.5652174e-01   9.5312579e-03
   9.5986622e-01   8.8448498e-03
   9.6321070e-01   8.1514645e-03
   9.6655518e-01   7.4508875e-03
   9.6989967e-01   6.7429011e-03
   9.7324415e-01   6.0272843e-03
   9.7658863e-01   5.3038125e-03
   9.7993311e-01   4.5722579e-03
   9.8327759e-01   3.8323892e-03
   9.8662207e-01   3.0839717e-03
   9.8996656e-01   2.3267673e-03
   9.9331104e-01   1.5605345e-03
   9.9665552e-01   7.8502821e-04
   1.0000000e+00   0.0000000e+00
   1.0000000e+00  -0.0000000e+00
   9.9665552e-01  -1.7559176e-04
   9.9331104e-01  -3.6134880e-04
   9.8996656e-01  -5.5697999e-04
   9.8662207e-01  -7.6219743e-04
   9.8327759e-01  -9.7671641e-04
   9.7993311e-01  -1.2002554e-03
   9.7658863e-01  -1.4325363e-03
   9.7324415e-01  -1.6732837e-03
   9.6989967e-01  -1.9222259e-03
   9.6655518e-01  -2.1790940e-03
   9.6321070e-01  -2.4436225e-03
   9.5986622e-01  -2.7155487e-03
   9.5652174e-01  -2.9946135e-03
   9.5317726e-01  -3.2805605e-03
   9.4983278e-01  -3.5731366e-03
   9.4648829e-01  -3.8720918e-03
   9.4314381e-01  -4.1771792e-03
   9.3979933e-01  -4.4881548e-03
   9.3645485e-01  -4.8047780e-03
   9.3311037e-01  -5.1268109e-03
   9.2976589e-01  -5.4540188e-03
   9.2642140e-01  -5.7861702e-03
   9.2307692e-01  -6.1230362e-03
   9.1973244e-01  -6.4643914e-03
   9.1638796e-01  -6.8100131e-03
   9.1304348e-01  -7.1596815e-03
   9.0969900e-01  -7.5131801e-03
   9.0635452e-01  -7.8702952e-03
   9.0301003e-01  -8.2308159e-03
   8.9966555e-01  -8.5945345e-03
   8.9632107e-01  -8.9612462e-03
   8.9297659e-01  -9.3307489e-03
   8.8963211e-01  -9.7028435e-03
   8.8628763e-01  -1.0077334e-02
   8.8294314e-01  -1.0454027e-02
   8.7959866e-01  -1.0832733e-02
   8.7625418e-01  -1.1213263e-02
   8.7290970e-01  -1.1595433e-02
   8.6956522e-01  -1.1979061e-02
   8.6622074e-01  -1.2363968e-02
   8.6287625e-01  -1.2749978e-02
   8.5953177e-01  -1.3136918e-02
   8.5618729e-01  -1.3524617e-02
   8.5284281e-01  -1.3912907e-02
   8.4949833e-01  -1.4301624e-02
   8.4615385e-01  -1.4690604e-02
   8.4280936e-01  -1.5079688e-02
   8.3946488e-01  -1.5468720e-02
   8.3612040e-01  -1.5857545e-02
   8.3277592e-01  -1.6246012e-02
   8.2943144e-01  -1.6633973e-02
   8.2608696e-01  -1.7021281e-02
   8.2274247e-01  -1.7407792e-02
   8.1939799e-01  -1.7793367e-02
   8.1605351e-01  -1.8177868e-02
   8.1270903e-01  -1.8561158e-02
   8.0936455e-01  -1.8943105e-02
   8.0602007e-01  -1.9323580e-02
   8.0267559e-01  -1.9702453e-02
   7.9933110e-01  -2.0079601e-02
   7.9598662e-01  -2.0454901e-02
   7.9264214e-01  -2.0828234e-02
   7.8929766e-01  -2.1199480e-02
   7.8595318e-01  -2.1568527e-02
   7.8260870e-01  -2.1935262e-02
   7.7926421e-01  -2.2299575e-02
   7.7591973e-01  -2.2661358e-02
   7.7257525e-01  -2.3020507e-02
   7.6923077e-01  -2.3376920e-02
   7.6588629e-01  -2.3730497e-02
   7.6254181e-01  -2.4081140e-02
   7.5919732e-01  -2.4428754e-02
   7.5585284e-01  -2.4773247e-02
   7.5250836e-01  -2.5114529e-02
   7.4916388e-01  -2.5452511e-02
   7.4581940e-01  -2.5787109e-02
   7.4247492e-01  -2.6118239e-02
   7.3913043e-01  -2.6445820e-02
   7.3578595e-01  -2.6769775e-02
   7.3244147e-01  -2.7090026e-02
   7.2909699e-01  -2.7406501e-02
   7.2575251e-01  -2.7719128e-02
   7.2240803e-01  -2.8027837e-02
   7.1906355e-01  -2.8332561e-02
   7.1571906e-01  -2.8633237e-02
   7.1237458e-01  -2.8929801e-02
   7.0903010e-01  -2.9222193e-02
   7.0568562e-01  -2.9510355e-02
   7.0234114e-01  -2.9794231e-02
   6.9899666e-01  -3.0073768e-02
   6.9565217e-01  -3.0348914e-02
   6.9230769e-01  -3.0619619e-02
   6.8896321e-01  -3.0885836e-02
   6.8561873e-01  -3.1147521e-02
   6.8227425e-01  -3.1404630e-02
   6.7892977e-01  -3.1657121e-02
   6.7558528e-01  -3.1904957e-02
   6.7224080e-01  -3.2148100e-02
   6.6889632e-01  -3.2386515e-02
   6.6555184e-01  -3.2620170e-02
   6.6220736e-01  -3.2849034e-02
   6.5886288e-01  -3.3073078e-02
   6.5551839e-01  -3.3292275e-02
   6.5217391e-01  -3.3506600e-02
   6.4882943e-01  -3.3716030e-02
   6.4548495e-01  -3.3920545e-02
   6.4214047e-01  -3.4120125e-02
   6.3879599e-01  -3.4314753e-02
   6.3545151e-01  -3.4504414e-02
   6.3210702e-01  -3.4689094e-02
   6.2876254e-01  -3.4868781e-02
   6.2541806e-01  -3.5043466e-02
   6.2207358e-01  -3.5213140e-02
   6.1872910e-01  -3.5377799e-02
   6.1538462e-01  -3.5537436e-02
   6.1204013e-01  -3.5692049e-02
   6.0869565e-01  -3.5841638e-02
   6.0535117e-01  -3.5986202e-02
   6.0200669e-01  -3.6125746e-02
   5.9866221e-01  -3.6260272e-02
   5.9531773e-01  -3.6389787e-02
   5.9197324e-01  -3.6514298e-02
   5.8862876e-01  -3.6633814e-02
   5.8528428e-01  -3.6748345e-02
   5.8193980e-01  -3.6857905e-02
   5.7859532e-01  -3.6962507e-02
   5.7525084e-01  -3.7062167e-02
   5.7190635e-01  -3.7156901e-02
   5.6856187e-01  -3.7246728e-02
   5.6521739e-01  -3.7331668e-02
   5.6187291e-01  -3.7411743e-02
   5.5852843e-01  -3.7486974e-02
   5.5518395e-01  -3.7557388e-02
   5.5183946e-01  -3.7623009e-02
   5.4849498e-01  -3.7683865e-02
   5.4515050e-01  -3.7739984e-02
   5.4180602e-01  -3.7791396e-02
   5.3846154e-01  -3.7838133e-02
   5.3511706e-01  -3.7880227e-02
   5.3177258e-01  -3.7917712e-02
   5.2842809e-01  -3.7950622e-02
   5.2508361e-01  -3.7978996e-02
   5.2173913e-01  -3.8002869e-02
   5.1839465e-01  -3.8022281e-02
   5.1505017e-01  -3.8037272e-02
   5.1170569e-01  -3.8047884e-02
   5.0836120e-01  -3.8054157e-02
   5.0501672e-01  -3.8056137e-02
   5.0167224e-01  -3.8053867e-02
   4.9832776e-01  -3.8047393e-02
   4.9498328e-01  -3.8036761e-02
   4.9163880e-01  -3.8022020e-02
   4.8829431e-01  -3.8003218e-02
   4.8494983e-01  -3.7980404e-02
   4.8160535e-01  -3.7953629e-02
   4.7826087e-01  -3.7922946e-02
   4.7491639e-01  -3.7888405e-02
   4.7157191e-01  -3.7850060e-02
   4.6822742e-01  -3.7807966e-02
   4.6488294e-01  -3.7762178e-02
   4.6153846e-01  -3.7712750e-02
   4.5819398e-01  -3.7659740e-02
   4.5484950e-01  -3.7603205e-02
   4.5150502e-01  -3.7543203e-02
   4.4816054e-01  -3.7479792e-02
   4.4481605e-01  -3.7413032e-02
   4.4147157e-01  -3.7342982e-02
   4.3812709e-01  -3.7269703e-02
   4.3478261e-01  -3.7193257e-02
   4.3143813e-01  -3.7113704e-02
   4.2809365e-01  -3.7031106e-02
   4.2474916e-01  -3.6945527e-02
   4.2140468e-01  -3.6857030e-02
   4.1806020e-01  -3.6765677e-02
   4.1471572e-01  -3.6671532e-02
   4.1137124e-01  -3.6574660e-02
   4.0802676e-01  -3.6475124e-02
   4.0468227e-01  -3.6372990e-02
   4.0133779e-01  -3.6268323e-02
   3.9799331e-01  -3.6161188e-02
   3.9464883e-01  -3.6051649e-02
   3.9130435e-01  -3.5939772e-02
   3.8795987e-01  -3.5825623e-02
   3.8461538e-01  -3.5709268e-02
   3.8127090e-01  -3.5590771e-02
   3.7792642e-01  -3.5470199e-02
   3.7458194e-01  -3.5347616e-02
   3.7123746e-01  -3.5223089e-02
   3.6789298e-01  -3.5096682e-02
   3.6454849e-01  -3.4968460e-02
   3.6120401e-01  -3.4838488e-02
   3.5785953e-01  -3.4706830e-02
   3.5451505e-01  -3.4573551e-02
   3.5117057e-01  -3.4438714e-02
   3.4782609e-01  -3.4302383e-02
   3.4448161e-01  -3.4164620e-02
   3.4113712e-01  -3.4025487e-02
   3.3779264e-01  -3.3885047e-02
   3.3444816e-01  -3.3743360e-02
   3.3110368e-01  -3.3600487e-02
   3.2775920e-01  -3.3456487e-02
   3.2441472e-01  -3.3311420e-02
   3.2107023e-01  -3.3165342e-02
   3.1772575e-01  -3.3018311e-02
   3.1438127e-01  -3.2870384e-02
   3.1103679e-01  -3.2721614e-02
   3.0769231e-01  -3.2572056e-02
   3.0434783e-01  -3.2421763e-02
   3.0100334e-01  -3.2270786e-02
   2.9765886e-01  -3.2119175e-02
   2.9431438e-01  -3.1966978e-02
   2.9096990e-01  -3.1814243e-02
   2.8762542e-01  -3.1661015e-02
   2.8428094e-01  -3.1507339e-02
   2.8093645e-01  -3.1353257e-02
   2.7759197e-01  -3.1198808e-02
   2.7424749e-01  -3.1044032e-02
   2.7090301e-01  -3.0888965e-02
   2.6755853e-01  -3.0733641e-02
   2.6421405e-01  -3.0578093e-02
   2.6086957e-01  -3.0422350e-02
   2.5752508e-01  -3.0266440e-02
   2.5418060e-01  -3.0110388e-02
   2.5083612e-01  -2.9954216e-02
   2.4749164e-01  -2.9797943e-02
   2.4414716e-01  -2.9641586e-02
   2.4080268e-01  -2.9485158e-02
   2.3745819e-01  -2.9328670e-02
   2.3411371e-01  -2.9172129e-02
   2.3076923e-01  -2.9015538e-02
   2.2742475e-01  -2.8858897e-02
   2.2408027e-01  -2.8702202e-02
   2.2073579e-01  -2.8545444e-02
   2.1739130e-01  -2.8388612e-02
   2.1404682e-01  -2.8231689e-02
   2.1070234e-01  -2.8074653e-02
   2.0735786e-01  -2.7917479e-02
   2.0401338e-01  -2.7760135e-02
   2.0066890e-01  -2.7602585e-02
   1.9732441e-01  -2.7444786e-02
   1.9397993e-01  -2.7286691e-02
   1.9063545e-01  -2.7128245e-02
   1.8729097e-01  -2.6969388e-02
   1.8394649e-01  -2.6810052e-02
   1.8060201e-01  -2.6650163e-02
   1.7725753e-01  -2.6489638e-02
   1.7391304e-01  -2.6328388e-02
   1.7056856e-01  -2.6166312e-02
   1.6722408e-01  -2.6003305e-02
   1.6387960e-01  -2.5839248e-02
   1.6053512e-01  -2.5674015e-02
   1.5719064e-01  -2.5507469e-02
   1.5384615e-01  -2.5339459e-02
   1.5050167e-01  -2.5169827e-02
   1.4715719e-01  -2.4998397e-02
   1.4381271e-01  -2.4824984e-02
   1.4046823e-01  -2.4649385e-02
   1.3712375e-01  -2.4471384e-02
   1.3377926e-01  -2.4290747e-02
   1.3043478e-01  -2.4107222e-02
   1.2709030e-01  -2.3920540e-02
   1.2374582e-01  -2.3730408e-02
   1.2040134e-01  -2.3536514e-02
   1.1705686e-01  -2.3338520e-02
   1.1371237e-01  -2.3136062e-02
   1.1036789e-01  -2.2928749e-02
   1.0702341e-01  -2.2716155e-02
   1.0367893e-01  -2.2497825e-02
   1.0033445e-01  -2.2273263e-02
   9.6989967e-02  -2.2041933e-02
   9.3645485e-02  -2.1803253e-02
   9.0301003e-02  -2.1556591e-02
   8.6956522e-02  -2.1301256e-02
   8.3612040e-02  -2.1036497e-02
   8.0267559e-02  -2.0761490e-02
   7.6923077e-02  -2.0475328e-02
   7.3578595e-02  -2.0177015e-02
   7.0234114e-02  -1.9865447e-02
   6.6889632e-02  -1.9539399e-02
   6.3545151e-02  -1.9197504e-02
   6.0200669e-02  -1.8838227e-02
   5.6856187e-02  -1.8459838e-02
   5.3511706e-02  -1.8060369e-02
   5.0167224e-02  -1.7637570e-02
   4.6822742e-02  -1.7188841e-02
   4.3478261e-02  -1.6711147e-02
   4.0133779e-02  -1.6200909e-02
   3.6789298e-02  -1.5653844e-02
   3.3444816e-02  -1.5064747e-02
   3.0100334e-02  -1.4427165e-02
   2.6755853e-02  -1.3732920e-02
   2.3411371e-02  -1.2971335e-02
   2.0066890e-02  -1.2127970e-02
   1.6722408e-02  -1.1182342e-02
   1.3377926e-02  -1.0103475e-02
   1.0033445e-02  -8.8399851e-03
   6.6889632e-03  -7.2931041e-03
   3.3444816e-03  -5.2114621e-03
   0.0000000e+00   6.7000000e-04
