   0.0000000e+00  -5.0000000e-04
   3.3444816e-03   1.2235260e-02
   6.6889632e-03   1.7314895e-02
   1.0033445e-02   2.1218127e-02
   1.3377926e-02   2.4511425e-02
   1.6722408e-02   2.7413658e-02
   2.0066890e-02   3.0036753e-02
   2.3411371e-02   3.2446983e-02
   2.6755853e-02   3.4687375e-02
   3.0100334e-02   3.6787701e-02
   3.3444816e-02   3.8769547e-02
   3.6789298e-02   4.0649140e-02
   4.0133779e-02   4.2439029e-02
   4.3478261e-02   4.4149149e-02
   4.6822742e-02   4.5787516e-02
   5.0167224e-02   4.7360708e-02
   5.3511706e-02   4.8874192e-02
   5.6856187e-02   5.0332574e-02
   6.0200669e-02   5.1739773e-02
   6.3545151e-02   5.3099155e-02
   6.6889632e-02   5.4413635e-02
   7.0234114e-02   5.5685758e-02
   7.3578595e-02   5.6917761e-02
   7.6923077e-02   5.8111622e-02
   8.0267559e-02   5.9269101e-02
   8.3612040e-02   6.0391771e-02
   8.6956522e-02   6.1481046e-02
   9.0301003e-02   6.2538203e-02
   9.3645485e-02   6.3564402e-02
   9.6989967e-02   6.4560696e-02
   1.0033445e-01   6.5528049e-02
   1.0367893e-01   6.6467346e-02
   1.0702341e-01   6.7379402e-02
   1.1036789e-01   6.8264968e-02
   1.1371237e-01   6.9124744e-02
   1.1705686e-01   6.9959376e-02
   1.2040134e-01   7.0769469e-02
   1.2374582e-01   7.1555590e-02
   1.2709030e-01   7.2318267e-02
   1.3043478e-01   7.3058000e-02
   1.3377926e-01   7.3775258e-02
   1.3712375e-01   7.4470485e-02
   1.4046823e-01   7.5144102e-02
   1.4381271e-01   7.5796507e-02
   1.4715719e-01   7.6428081e-02
   1.5050167e-01   7.7039186e-02
   1.5384615e-01   7.7630169e-02
   1.5719064e-01   7.8201360e-02
   1.6053512e-01   7.8753077e-02
   1.6387960e-01   7.9285628e-02
   1.6722408e-01   7.9799305e-02
   1.7056856e-01   8.0294393e-02
   1.7391304e-01   8.0771167e-02
   1.7725753e-01   8.1229892e-02
   1.8060201e-01   8.1670826e-02
   1.8394649e-01   8.2094218e-02
   1.8729097e-01   8.2500313e-02
   1.9063545e-01   8.2889347e-02
   1.9397993e-01   8.3261551e-02
   1.9732441e-01   8.3617151e-02
   2.0066890e-01   8.3956366e-02
   2.0401338e-01   8.4279412e-02
   2.0735786e-01   8.4586501e-02
   2.1070234e-01   8.4877840e-02
   2.1404682e-01   8.5153632e-02
   2.1739130e-01   8.5414076e-02
   2.2073579e-01   8.5659370e-02
   2.2408027e-01   8.5889707e-02
   2.2742475e-01   8.6105276e-02
   2.3076923e-01   8.6306267e-02
   2.3411371e-01   8.6492865e-02
   2.3745819e-01   8.6665252e-02
   2.4080268e-01   8.6823609e-02
   2.4414716e-01   8.6968114e-02
   2.4749164e-01   8.7098945e-02
   2.5083612e-01   8.7216277e-02
   2.5418060e-01   8.7320282e-02
   2.5752508e-01   8.7411131e-02
   2.6086957e-01   8.7488996e-02
   2.6421405e-01   8.7554043e-02
   2.6755853e-01   8.7606441e-02
   2.7090301e-01   8.7646355e-02
   2.7424749e-01   8.7673950e-02
   2.7759197e-01   8.7689388e-02
   2.8093645e-01   8.7692833e-02
   2.8428094e-01   8.7684444e-02
   2.8762542e-01   8.7664383e-02
   2.9096990e-01   8.7632808e-02
   2.9431438e-01   8.7589877e-02
   2.9765886e-01   8.7535747e-02
   3.0100334e-01   8.7470575e-02
   3.0434783e-01   8.7394516e-02
   3.0769231e-01   8.7307725e-02
   3.1103679e-01   8.7210356e-02
   3.1438127e-01   8.7102561e-02
   3.1772575e-01   8.6984492e-02
   3.2107023e-01   8.6856302e-02
   3.2441472e-01   8.6718142e-02
   3.2775920e-01   8.6570160e-02
   3.3110368e-01   8.6412507e-02
   3.3444816e-01   8.6245331e-02
   3.3779264e-01   8.6068781e-02
   3.4113712e-01   8.5883003e-02
   3.4448161e-01   8.5688144e-02
   3.4782609e-01   8.5484351e-02
   3.5117057e-01   8.5271768e-02
   3.5451505e-01   8.5050541e-02
   3.5785953e-01   8.4820814e-02
   3.6120401e-01   8.4582729e-02
   3.6454849e-01   8.4336431e-02
   3.6789298e-01   8.4082060e-02
   3.7123746e-01   8.3819759e-02
   3.7458194e-01   8.3549669e-02
   3.7792642e-01   8.3271929e-02
   3.8127090e-01   8.2986679e-02
   3.8461538e-01   8.2694059e-02
   3.8795987e-01   8.2394207e-02
   3.9130435e-01   8.2087259e-02
   3.9464883e-01   8.1773354e-02
   3.9799331e-01   8.1452627e-02
   4.0133779e-01   8.1125215e-02
   4.0468227e-01   8.0791252e-02
   4.0802676e-01   8.0450872e-02
   4.1137124e-01   8.0104209e-02
   4.1471572e-01   7.9751396e-02
   4.1806020e-01   7.9392565e-02
   4.2140468e-01   7.9027847e-02
   4.2474916e-01   7.8657373e-02
   4.2809365e-01   7.8281274e-02
   4.3143813e-01   7.7899678e-02
   4.3478261e-01   7.7512714e-02
   4.3812709e-01   7.7120509e-02
   4.4147157e-01   7.6723191e-02
   4.4481605e-01   7.6320886e-02
   4.4816054e-01   7.5913719e-02
   4.5150502e-01   7.5501814e-02
   4.5484950e-01   7.5085296e-02
   4.5819398e-01   7.4664287e-02
   4.6153846e-01   7.4238910e-02
   4.6488294e-01   7.3809286e-02
   4.6822742e-01   7.3375534e-02
   4.7157191e-01   7.2937775e-02
   4.7491639e-01   7.2496128e-02
   4.7826087e-01   7.2050710e-02
   4.8160535e-01   7.1601638e-02
   4.8494983e-01   7.1149027e-02
   4.8829431e-01   7.0692994e-02
   4.9163880e-01   7.0233652e-02
   4.9498328e-01   6.9771115e-02
   4.9832776e-01   6.9305493e-02
   5.0167224e-01   6.8836900e-02
   5.0501672e-01   6.8365445e-02
   5.0836120e-01   6.7891237e-02
   5.1170569e-01   6.7414384e-02
   5.1505017e-01   6.6934995e-02
   5.1839465e-01   6.6453174e-02
   5.2173913e-01   6.5969028e-02
   5.2508361e-01   6.5482660e-02
   5.2842809e-01   6.4994174e-02
   5.3177258e-01   6.4503671e-02
   5.3511706e-01   6.4011252e-02
   5.3846154e-01   6.3517018e-02
   5.4180602e-01   6.3021067e-02
   5.4515050e-01   6.2523496e-02
   5.4849498e-01   6.2024402e-02
   5.5183946e-01   6.1523880e-02
   5.5518395e-01   6.1022025e-02
   5.5852843e-01   6.0518929e-02
   5.6187291e-01   6.0014684e-02
   5.6521739e-01   5.9509381e-02
   5.6856187e-01   5.9003109e-02
   5.7190635e-01   5.8495957e-02
   5.7525084e-01   5.7988010e-02
   5.7859532e-01   5.7479356e-02
   5.8193980e-01   5.6970078e-02
   5.8528428e-01   5.6460259e-02
   5.8862876e-01   5.5949982e-02
   5.9197324e-01   5.5439327e-02
   5.9531773e-01   5.4928373e-02
   5.9866221e-01   5.4417198e-02
   6.0200669e-01   5.3905880e-02
   6.0535117e-01   5.3394492e-02
   6.0869565e-01   5.2883110e-02
   6.1204013e-01   5.2371806e-02
   6.1538462e-01   5.1860651e-02
   6.1872910e-01   5.1349714e-02
   6.2207358e-01   5.0839065e-02
   6.2541806e-01   5.0328771e-02
   6.2876254e-01   4.9818896e-02
   6.3210702e-01   4.9309506e-02
   6.3545151e-01   4.8800662e-02
   6.3879599e-01   4.8292427e-02
   6.4214047e-01   4.7784860e-02
   6.4548495e-01   4.7278019e-02
   6.4882943e-01   4.6771962e-02
   6.5217391e-01   4.6266743e-02
   6.5551839e-01   4.5762416e-02
   6.5886288e-01   4.5259034e-02
   6.6220736e-01   4.4756647e-02
   6.6555184e-01   4.4255305e-02
   6.6889632e-01   4.3755056e-02
   6.7224080e-01   4.3255945e-02
   6.7558528e-01   4.2758017e-02
   6.7892977e-01   4.2261314e-02
   6.8227425e-01   4.1765879e-02
   6.8561873e-01   4.1271750e-02
   6.8896321e-01   4.0778967e-02
   6.9230769e-01   4.0287565e-02
   6.9565217e-01   3.9797578e-02
   6.9899666e-01   3.9309041e-02
   7.0234114e-01   3.8821985e-02
   7.0568562e-01   3.8336439e-02
   7.0903010e-01   3.7852431e-02
   7.1237458e-01   3.7369989e-02
   7.1571906e-01   3.6889135e-02
   7.1906355e-01   3.6409894e-02
   7.2240803e-01   3.5932287e-02
   7.2575251e-01   3.5456333e-02
   7.2909699e-01   3.4982049e-02
   7.3244147e-01   3.4509452e-02
   7.3578595e-01   3.4038555e-02
   7.3913043e-01   3.3569371e-02
   7.4247492e-01   3.3101911e-02
   7.4581940e-01   3.2636183e-02
   7.4916388e-01   3.2172195e-02
   7.5250836e-01   3.1709950e-02
   7.5585284e-01   3.1249453e-02
   7.5919732e-01   3.0790704e-02
   7.6254181e-01   3.0333703e-02
   7.6588629e-01   2.9878449e-02
   7.6923077e-01   2.9424936e-02
   7.7257525e-01   2.8973158e-02
   7.7591973e-01   2.8523107e-02
   7.7926421e-01   2.8074774e-02
   7.8260870e-01   2.7628146e-02
   7.8595318e-01   2.7183209e-02
   7.8929766e-01   2.6739948e-02
   7.9264214e-01   2.6298345e-02
   7.9598662e-01   2.5858380e-02
   7.9933110e-01   2.5420031e-02
   8.0267559e-01   2.4983275e-02
   8.0602007e-01   2.4548086e-02
   8.0936455e-01   2.4114436e-02
   8.1270903e-01   2.3682295e-02
   8.1605351e-01   2.3251632e-02
   8.1939799e-01   2.2822412e-02
   8.2274247e-01   2.2394601e-02
   8.2608696e-01   2.1968159e-02
   8.2943144e-01   2.1543048e-02
   8.3277592e-01   2.1119224e-02
   8.3612040e-01   2.0696644e-02
   8.3946488e-01   2.0275261e-02
   8.4280936e-01   1.9855028e-02
   8.4615385e-01   1.9435892e-02
   8.4949833e-01   1.9017803e-02
   8.5284281e-01   1.8600705e-02
   8.5618729e-01   1.8184541e-02
   8.5953177e-01   1.7769251e-02
   8.6287625e-01   1.7354776e-02
   8.6622074e-01   1.6941051e-02
   8.6956522e-01   1.6528011e-02
   8.7290970e-01   1.6115587e-02
   8.7625418e-01   1.5703711e-02
   8.7959866e-01   1.5292309e-02
   8.8294314e-01   1.4881307e-02
   8.8628763e-01   1.4470629e-02
   8.8963211e-01   1.4060195e-02
   8.9297659e-01   1.3649925e-02
   8.9632107e-01   1.3239734e-02
   8.9966555e-01   1.2829537e-02
   9.0301003e-01   1.2419247e-02
   9.0635452e-01   1.2008772e-02
   9.0969900e-01   1.1598020e-02
   9.1304348e-01   1.1186896e-02
   9.1638796e-01   1.0775303e-02
   9.1973244e-01   1.0363142e-02
   9.2307692e-01   9.9503101e-03
   9.2642140e-01   9.5367033e-03
   9.2976589e-01   9.1222151e-03
   9.3311037e-01   8.7067364e-03
   9.3645485e-01   8.2901559e-03
   9.3979933e-01   7.8723598e-03
   9.4314381e-01   7.4532320e-03
   9.4648829e-01   7.0326541e-03
   9.4983278e-01   6.6105049e-03
   9.5317726e-01   6.1866612e-03
   9.5652174e-01   5.7609971e-03
   9.5986622e-01   5.3333845e-03
   9.6321070e-01   4.9036926e-03
   9.6655518e-01   4.4717883e-03
   9.6989967e-01   4.0375361e-03
   9.7324415e-01   3.6007977e-03
   9.7658863e-01   3.1614327e-03
   9.7993311e-01   2.7192980e-03
   9.8327759e-01   2.2742481e-03
   9.8662207e-01   1.8261349e-03
   9.8996656e-01   1.3748079e-03
   9.9331104e-01   9.2011392e-04
   9.9665552e-01   4.6189734e-04
   1.0000000e+00   0.0000000e+00
   1.0000000e+00  -0.0000000e+00
   9.9665552e-01  -4.9906398e-04
   9.9331104e-01  -9.9528208e-04
   9.8996656e-01  -1.4886028e-03
   9.8662207e-01  -1.9789755e-03
   9.8327759e-01  -2.4663507e-03
   9.7993311e-01  -2.9506800e-03
   9.7658863e-01  -3.4319158e-03
   9.7324415e-01  -3.9100117e-03
   9.6989967e-01  -4.3849220e-03
   9.6655518e-01  -4.8566024e-03
   9.6321070e-01  -5.3250093e-03
   9.5986622e-01  -5.7901001e-03
   9.5652174e-01  -6.2518333e-03
   9.5317726e-01  -6.7101683e-03
   9.4983278e-01  -7.1650655e-03
   9.4648829e-01  -7.6164862e-03
   9.4314381e-01  -8.0643927e-03
   9.3979933e-01  -8.5087484e-03
   9.3645485e-01  -8.9495174e-03
   9.3311037e-01  -9.3866649e-03
   9.2976589e-01  -9.8201571e-03
   9.2642140e-01  -1.0249961e-02
   9.2307692e-01  -1.0676044e-02
   9.1973244e-01  -1.1098376e-02
   9.1638796e-01  -1.1516927e-02
   9.1304348e-01  -1.1931666e-02
   9.0969900e-01  -1.2342566e-02
   9.0635452e-01  -1.2749600e-02
   9.0301003e-01  -1.3152741e-02
   8.9966555e-01  -1.3551963e-02
   8.9632107e-01  -1.3947241e-02
   8.9297659e-01  -1.4338553e-02
   8.8963211e-01  -1.4725874e-02
   8.8628763e-01  -1.5109183e-02
   8.8294314e-01  -1.5488458e-02
   8.7959866e-01  -1.5863680e-02
   8.7625418e-01  -1.6234829e-02
   8.7290970e-01  -1.6601886e-02
   8.6956522e-01  -1.6964834e-02
   8.6622074e-01  -1.7323655e-02
   8.6287625e-01  -1.7678334e-02
   8.5953177e-01  -1.8028856e-02
   8.5618729e-01  -1.8375206e-02
   8.5284281e-01  -1.8717371e-02
   8.4949833e-01  -1.9055338e-02
   8.4615385e-01  -1.9389095e-02
   8.4280936e-01  -1.9718632e-02
   8.3946488e-01  -2.0043937e-02
   8.3612040e-01  -2.0365003e-02
   8.3277592e-01  -2.0681819e-02
   8.2943144e-01  -2.0994379e-02
   8.2608696e-01  -2.1302675e-02
   8.2274247e-01  -2.1606700e-02
   8.1939799e-01  -2.1906451e-02
   8.1605351e-01  -2.2201922e-02
   8.1270903e-01  -2.2493108e-02
   8.0936455e-01  -2.2780008e-02
   8.0602007e-01  -2.3062618e-02
   8.0267559e-01  -2.3340937e-02
   7.9933110e-01  -2.3614964e-02
   7.9598662e-01  -2.3884699e-02
   7.9264214e-01  -2.4150143e-02
   7.8929766e-01  -2.4411297e-02
   7.8595318e-01  -2.4668163e-02
   7.8260870e-01  -2.4920744e-02
   7.7926421e-01  -2.5169044e-02
   7.7591973e-01  -2.5413066e-02
   7.7257525e-01  -2.5652816e-02
   7.6923077e-01  -2.5888299e-02
   7.6588629e-01  -2.6119522e-02
   7.6254181e-01  -2.6346491e-02
   7.5919732e-01  -2.6569215e-02
   7.5585284e-01  -2.6787701e-02
   7.5250836e-01  -2.7001960e-02
   7.4916388e-01  -2.7212000e-02
   7.4581940e-01  -2.7417832e-02
   7.4247492e-01  -2.7619467e-02
   7.3913043e-01  -2.7816916e-02
   7.3578595e-01  -2.8010193e-02
   7.3244147e-01  -2.8199309e-02
   7.2909699e-01  -2.8384279e-02
   7.2575251e-01  -2.8565117e-02
   7.2240803e-01  -2.8741837e-02
   7.1906355e-01  -2.8914456e-02
   7.1571906e-01  -2.9082988e-02
   7.1237458e-01  -2.9247451e-02
   7.0903010e-01  -2.9407862e-02
   7.0568562e-01  -2.9564239e-02
   7.0234114e-01  -2.9716600e-02
   6.9899666e-01  -2.9864964e-02
   6.9565217e-01  -3.0009351e-02
   6.9230769e-01  -3.0149780e-02
   6.8896321e-01  -3.0286273e-02
   6.8561873e-01  -3.0418850e-02
   6.8227425e-01  -3.0547533e-02
   6.7892977e-01  -3.0672345e-02
   6.7558528e-01  -3.0793308e-02
   6.7224080e-01  -3.0910446e-02
   6.6889632e-01  -3.1023782e-02
   6.6555184e-01  -3.1133341e-02
   6.6220736e-01  -3.1239148e-02
   6.5886288e-01  -3.1341227e-02
   6.5551839e-01  -3.1439605e-02
   6.5217391e-01  -3.1534307e-02
   6.4882943e-01  -3.1625361e-02
   6.4548495e-01  -3.1712794e-02
   6.4214047e-01  -3.1796633e-02
   6.3879599e-01  -3.1876907e-02
   6.3545151e-01  -3.1953643e-02
   6.3210702e-01  -3.2026872e-02
   6.2876254e-01  -3.2096621e-02
   6.2541806e-01  -3.2162922e-02
   6.2207358e-01  -3.2225804e-02
   6.1872910e-01  -3.2285298e-02
   6.1538462e-01  -3.2341434e-02
   6.1204013e-01  -3.2394245e-02
   6.0869565e-01  -3.2443762e-02
   6.0535117e-01  -3.2490016e-02
   6.0200669e-01  -3.2533042e-02
   5.9866221e-01  -3.2572870e-02
   5.9531773e-01  -3.2609535e-02
   5.9197324e-01  -3.2643070e-02
   5.8862876e-01  -3.2673508e-02
   5.8528428e-01  -3.2700885e-02
   5.8193980e-01  -3.2725233e-02
   5.7859532e-01  -3.2746589e-02
   5.7525084e-01  -3.2764987e-02
   5.7190635e-01  -3.2780462e-02
   5.6856187e-01  -3.2793050e-02
   5.6521739e-01  -3.2802787e-02
   5.6187291e-01  -3.2809709e-02
   5.5852843e-01  -3.2813852e-02
   5.5518395e-01  -3.2815252e-02
   5.5183946e-01  -3.2813947e-02
   5.4849498e-01  -3.2809974e-02
   5.4515050e-01  -3.2803370e-02
   5.4180602e-01  -3.2794171e-02
   5.3846154e-01  -3.2782417e-02
   5.3511706e-01  -3.2768143e-02
   5.3177258e-01  -3.2751389e-02
   5.2842809e-01  -3.2732193e-02
   5.2508361e-01  -3.2710592e-02
   5.2173913e-01  -3.2686626e-02
   5.1839465e-01  -3.2660331e-02
   5.1505017e-01  -3.2631748e-02
   5.1170569e-01  -3.2600914e-02
   5.0836120e-01  -3.2567869e-02
   5.0501672e-01  -3.2532652e-02
   5.0167224e-01  -3.2495300e-02
   4.9832776e-01  -3.2455854e-02
   4.9498328e-01  -3.2414351e-02
   4.9163880e-01  -3.2370832e-02
   4.8829431e-01  -3.2325335e-02
   4.8494983e-01  -3.2277899e-02
   4.8160535e-01  -3.2228563e-02
   4.7826087e-01  -3.2177366e-02
   4.7491639e-01  -3.2124348e-02
   4.7157191e-01  -3.2069546e-02
   4.6822742e-01  -3.2013001e-02
   4.6488294e-01  -3.1954749e-02
   4.6153846e-01  -3.1894832e-02
   4.5819398e-01  -3.1833286e-02
   4.5484950e-01  -3.1770150e-02
   4.5150502e-01  -3.1705463e-02
   4.4816054e-01  -3.1639262e-02
   4.4481605e-01  -3.1571586e-02
   4.4147157e-01  -3.1502473e-02
   4.3812709e-01  -3.1431960e-02
   4.3478261e-01  -3.1360084e-02
   4.3143813e-01  -3.1286883e-02
   4.2809365e-01  -3.1212394e-02
   4.2474916e-01  -3.1136653e-02
   4.2140468e-01  -3.1059696e-02
   4.1806020e-01  -3.0981560e-02
   4.1471572e-01  -3.0902281e-02
   4.1137124e-01  -3.0821893e-02
   4.0802676e-01  -3.0740432e-02
   4.0468227e-01  -3.0657933e-02
   4.0133779e-01  -3.0574429e-02
   3.9799331e-01  -3.0489955e-02
   3.9464883e-01  -3.0404545e-02
   3.9130435e-01  -3.0318230e-02
   3.8795987e-01  -3.0231044e-02
   3.8461538e-01  -3.0143019e-02
   3.8127090e-01  -3.0054186e-02
   3.7792642e-01  -2.9964575e-02
   3.7458194e-01  -2.9874219e-02
   3.7123746e-01  -2.9783145e-02
   3.6789298e-01  -2.9691383e-02
   3.6454849e-01  -2.9598963e-02
   3.6120401e-01  -2.9505911e-02
   3.5785953e-01  -2.9412255e-02
   3.5451505e-01  -2.9318020e-02
   3.5117057e-01  -2.9223234e-02
   3.4782609e-01  -2.9127920e-02
   3.4448161e-01  -2.9032103e-02
   3.4113712e-01  -2.8935806e-02
   3.3779264e-01  -2.8839051e-02
   3.3444816e-01  -2.8741860e-02
   3.3110368e-01  -2.8644253e-02
   3.2775920e-01  -2.8546249e-02
   3.2441472e-01  -2.8447868e-02
   3.2107023e-01  -2.8349125e-02
   3.1772575e-01  -2.8250039e-02
   3.1438127e-01  -2.8150624e-02
   3.1103679e-01  -2.8050893e-02
   3.0769231e-01  -2.7950860e-02
   3.0434783e-01  -2.7850537e-02
   3.0100334e-01  -2.7749933e-02
   2.9765886e-01  -2.7649058e-02
   2.9431438e-01  -2.7547918e-02
   2.9096990e-01  -2.7446521e-02
   2.8762542e-01  -2.7344870e-02
   2.8428094e-01  -2.7242968e-02
   2.8093645e-01  -2.7140817e-02
   2.7759197e-01  -2.7038416e-02
   2.7424749e-01  -2.6935764e-02
   2.7090301e-01  -2.6832856e-02
   2.6755853e-01  -2.6729687e-02
   2.6421405e-01  -2.6626249e-02
   2.6086957e-01  -2.6522532e-02
   2.5752508e-01  -2.6418524e-02
   2.5418060e-01  -2.6314212e-02
   2.5083612e-01  -2.6209580e-02
   2.4749164e-01  -2.6104607e-02
   2.4414716e-01  -2.5999275e-02
   2.4080268e-01  -2.5893558e-02
   2.3745819e-01  -2.5787431e-02
   2.3411371e-01  -2.5680866e-02
   2.3076923e-01  -2.5573829e-02
   2.2742475e-01  -2.5466286e-02
   2.2408027e-01  -2.5358200e-02
   2.2073579e-01  -2.5249529e-02
   2.1739130e-01  -2.5140229e-02
   2.1404682e-01  -2.5030252e-02
   2.1070234e-01  -2.4919546e-02
   2.0735786e-01  -2.4808055e-02
   2.0401338e-01  -2.4695720e-02
   2.0066890e-01  -2.4582478e-02
   1.9732441e-01  -2.4468259e-02
   1.9397993e-01  -2.4352991e-02
   1.9063545e-01  -2.4236597e-02
   1.8729097e-01  -2.4118993e-02
   1.8394649e-01  -2.4000091e-02
   1.8060201e-01  -2.3879798e-02
   1.7725753e-01  -2.3758013e-02
   1.7391304e-01  -2.3634631e-02
   1.7056856e-01  -2.3509540e-02
   1.6722408e-01  -2.3382618e-02
   1.6387960e-01  -2.3253739e-02
   1.6053512e-01  -2.3122769e-02
   1.5719064e-01  -2.2989564e-02
   1.5384615e-01  -2.2853971e-02
   1.5050167e-01  -2.2715830e-02
   1.4715719e-01  -2.2574968e-02
   1.4381271e-01  -2.2431203e-02
   1.4046823e-01  -2.2284342e-02
   1.3712375e-01  -2.2134179e-02
   1.3377926e-01  -2.1980493e-02
   1.3043478e-01  -2.1823052e-02
   1.2709030e-01  -2.1661607e-02
   1.2374582e-01  -2.1495893e-02
   1.2040134e-01  -2.1325625e-02
   1.1705686e-01  -2.1150503e-02
   1.1371237e-01  -2.0970202e-02
   1.1036789e-01  -2.0784374e-02
   1.0702341e-01  -2.0592649e-02
   1.0367893e-01  -2.0394626e-02
   1.0033445e-01  -2.0189874e-02
   9.6989967e-02  -1.9977930e-02
   9.3645485e-02  -1.9758292e-02
   9.0301003e-02  -1.9530416e-02
   8.6956522e-02  -1.9293712e-02
   8.3612040e-02  -1.9047536e-02
   8.0267559e-02  -1.8791187e-02
   7.6923077e-02  -1.8523893e-02
   7.3578595e-02  -1.8244809e-02
   7.0234114e-02  -1.7952997e-02
   6.6889632e-02  -1.7647419e-02
   6.3545151e-02  -1.7326915e-02
   6.0200669e-02  -1.6990187e-02
   5.6856187e-02  -1.6635766e-02
   5.3511706e-02  -1.6261985e-02
   5.0167224e-02  -1.5866931e-02
   4.6822742e-02  -1.5448395e-02
   4.3478261e-02  -1.5003794e-02
   4.0133779e-02  -1.4530076e-02
   3.6789298e-02  -1.4023581e-02
   3.3444816e-02  -1.3479850e-02
   3.0100334e-02  -1.2893347e-02
   2.6755853e-02  -1.2257032e-02
   2.3411371e-02  -1.1561694e-02
   2.0066890e-02  -1.0794836e-02
   1.6722408e-02  -9.9386853e-03
   1.3377926e-02  -8.9662861e-03
   1.0033445e-02  -7.8327932e-03
   6.6889632e-03  -6.4517697e-03
   3.3444816e-03  -4.6026260e-03
   0.0000000e+00  -5.0000000e-04
