   0.0000000e+00   3.6000000e-04
   3.3444816e-03   1.3856905e-02
   6.6889632e-03   1.9627732e-02
   1.0033445e-02   2.4073888e-02
   1.3377926e-02   2.7834835e-02
   1.6722408e-02   3.1157328e-02
   2.0066890e-02   3.4167386e-02
   2.3411371e-02   3.6939529e-02
   2.6755853e-02   3.9522066e-02
   3.0100334e-02   4.1948374e-02
   3.3444816e-02   4.4242619e-02
   3.6789298e-02   4.6422936e-02
   4.0133779e-02   4.8503328e-02
   4.3478261e-02   5.0494863e-02
   4.6822742e-02   5.2406456e-02
   5.0167224e-02   5.4245408e-02
   5.3511706e-02   5.6017780e-02
   5.6856187e-02   5.7728669e-02
   6.0200669e-02   5.9382401e-02
   6.3545151e-02   6.0982687e-02
   6.6889632e-02   6.2532737e-02
   7.0234114e-02   6.4035347e-02
   7.3578595e-02   6.5492970e-02
   7.6923077e-02   6.6907771e-02
   8.0267559e-02   6.8281675e-02
   8.3612040e-02   6.9616400e-02
   8.6956522e-02   7.0913486e-02
   9.0301003e-02   7.2174324e-02
   9.3645485e-02   7.3400172e-02
   9.6989967e-02   7.4592175e-02
   1.0033445e-01   7.5751379e-02
   1.0367893e-01   7.6878741e-02
   1.0702341e-01   7.7975142e-02
   1.1036789e-01   7.9041397e-02
   1.1371237e-01   8.0078258e-02
   1.1705686e-01   8.1086426e-02
   1.2040134e-01   8.2066553e-02
   1.2374582e-01   8.3019249e-02
   1.2709030e-01   8.3945085e-02
   1.3043478e-01   8.4844599e-02
   1.3377926e-01   8.5718299e-02
   1.3712375e-01   8.6566662e-02
   1.4046823e-01   8.7390143e-02
   1.4381271e-01   8.8189173e-02
   1.4715719e-01   8.8964163e-02
   1.5050167e-01   8.9715503e-02
   1.5384615e-01   9.0443570e-02
   1.5719064e-01   9.1148722e-02
   1.6053512e-01   9.1831304e-02
   1.6387960e-01   9.2491649e-02
   1.6722408e-01   9.3130077e-02
   1.7056856e-01   9.3746898e-02
   1.7391304e-01   9.4342410e-02
   1.7725753e-01   9.4916906e-02
   1.8060201e-01   9.5470666e-02
   1.8394649e-01   9.6003965e-02
   1.8729097e-01   9.6517072e-02
   1.9063545e-01   9.7010246e-02
   1.9397993e-01   9.7483742e-02
   1.9732441e-01   9.7937811e-02
   2.0066890e-01   9.8372695e-02
   2.0401338e-01   9.8788636e-02
   2.0735786e-01   9.9185866e-02
   2.1070234e-01   9.9564619e-02
   2.1404682e-01   9.9925121e-02
   2.1739130e-01   1.0026759e-01
   2.2073579e-01   1.0059226e-01
   2.2408027e-01   1.0089934e-01
   2.2742475e-01   1.0118905e-01
   2.3076923e-01   1.0146159e-01
   2.3411371e-01   1.0171718e-01
   2.3745819e-01   1.0195602e-01
   2.4080268e-01   1.0217833e-01
   2.4414716e-01   1.0238429e-01
   2.4749164e-01   1.0257413e-01
   2.5083612e-01   1.0274802e-01
   2.5418060e-01   1.0290618e-01
   2.5752508e-01   1.0304880e-01
   2.6086957e-01   1.0317608e-01
   2.6421405e-01   1.0328820e-01
   2.6755853e-01   1.0338536e-01
   2.7090301e-01   1.0346776e-01
   2.7424749e-01   1.0353558e-01
   2.7759197e-01   1.0358901e-01
   2.8093645e-01   1.0362823e-01
   2.8428094e-01   1.0365344e-01
   2.8762542e-01   1.0366483e-01
   2.9096990e-01   1.0366257e-01
   2.9431438e-01   1.0364685e-01
   2.9765886e-01   1.0361785e-01
   3.0100334e-01   1.0357576e-01
   3.0434783e-01   1.0352076e-01
   3.0769231e-01   1.0345303e-01
   3.1103679e-01   1.0337275e-01
   3.1438127e-01   1.0328009e-01
   3.1772575e-01   1.0317524e-01
   3.2107023e-01   1.0305837e-01
   3.2441472e-01   1.0292967e-01
   3.2775920e-01   1.0278930e-01
   3.3110368e-01   1.0263745e-01
   3.3444816e-01   1.0247428e-01
   3.3779264e-01   1.0229998e-01
   3.4113712e-01   1.0211471e-01
   3.4448161e-01   1.0191866e-01
   3.4782609e-01   1.0171198e-01
   3.5117057e-01   1.0149486e-01
   3.5451505e-01   1.0126746e-01
   3.5785953e-01   1.0102995e-01
   3.6120401e-01   1.0078251e-01
   3.6454849e-01   1.0052530e-01
   3.6789298e-01   1.0025850e-01
   3.7123746e-01   9.9982254e-02
   3.7458194e-01   9.9696747e-02
   3.7792642e-01   9.9402140e-02
   3.8127090e-01   9.9098597e-02
   3.8461538e-01   9.8786285e-02
   3.8795987e-01   9.8465366e-02
   3.9130435e-01   9.8136002e-02
   3.9464883e-01   9.7798357e-02
   3.9799331e-01   9.7452590e-02
   4.0133779e-01   9.7098863e-02
   4.0468227e-01   9.6737336e-02
   4.0802676e-01   9.6368166e-02
   4.1137124e-01   9.5991513e-02
   4.1471572e-01   9.5607532e-02
   4.1806020e-01   9.5216380e-02
   4.2140468e-01   9.4818213e-02
   4.2474916e-01   9.4413184e-02
   4.2809365e-01   9.4001448e-02
   4.3143813e-01   9.3583156e-02
   4.3478261e-01   9.3158461e-02
   4.3812709e-01   9.2727513e-02
   4.4147157e-01   9.2290461e-02
   4.4481605e-01   9.1847454e-02
   4.4816054e-01   9.1398640e-02
   4.5150502e-01   9.0944165e-02
   4.5484950e-01   9.0484175e-02
   4.5819398e-01   9.0018815e-02
   4.6153846e-01   8.9548227e-02
   4.6488294e-01   8.9072554e-02
   4.6822742e-01   8.8591937e-02
   4.7157191e-01   8.8106517e-02
   4.7491639e-01   8.7616432e-02
   4.7826087e-01   8.7121819e-02
   4.8160535e-01   8.6622816e-02
   4.8494983e-01   8.6119558e-02
   4.8829431e-01   8.5612180e-02
   4.9163880e-01   8.5100813e-02
   4.9498328e-01   8.4585589e-02
   4.9832776e-01   8.4066640e-02
   5.0167224e-01   8.3544094e-02
   5.0501672e-01   8.3018079e-02
   5.0836120e-01   8.2488722e-02
   5.1170569e-01   8.1956148e-02
   5.1505017e-01   8.1420480e-02
   5.1839465e-01   8.0881842e-02
   5.2173913e-01   8.0340354e-02
   5.2508361e-01   7.9796136e-02
   5.2842809e-01   7.9249306e-02
   5.3177258e-01   7.8699982e-02
   5.3511706e-01   7.8148278e-02
   5.3846154e-01   7.7594309e-02
   5.4180602e-01   7.7038186e-02
   5.4515050e-01   7.6480022e-02
   5.4849498e-01   7.5919925e-02
   5.5183946e-01   7.5358003e-02
   5.5518395e-01   7.4794364e-02
   5.5852843e-01   7.4229110e-02
   5.6187291e-01   7.3662346e-02
   5.6521739e-01   7.3094173e-02
   5.6856187e-01   7.2524692e-02
   5.7190635e-01   7.1954000e-02
   5.7525084e-01   7.1382194e-02
   5.7859532e-01   7.0809370e-02
   5.8193980e-01   7.0235620e-02
   5.8528428e-01   6.9661036e-02
   5.8862876e-01   6.9085708e-02
   5.9197324e-01   6.8509724e-02
   5.9531773e-01   6.7933171e-02
   5.9866221e-01   6.7356133e-02
   6.0200669e-01   6.6778693e-02
   6.0535117e-01   6.6200932e-02
   6.0869565e-01   6.5622929e-02
   6.1204013e-01   6.5044762e-02
   6.1538462e-01   6.4466506e-02
   6.1872910e-01   6.3888236e-02
   6.2207358e-01   6.3310021e-02
   6.2541806e-01   6.2731934e-02
   6.2876254e-01   6.2154040e-02
   6.3210702e-01   6.1576408e-02
   6.3545151e-01   6.0999099e-02
   6.3879599e-01   6.0422178e-02
   6.4214047e-01   5.9845703e-02
   6.4548495e-01   5.9269733e-02
   6.4882943e-01   5.8694324e-02
   6.5217391e-01   5.8119531e-02
   6.5551839e-01   5.7545404e-02
   6.5886288e-01   5.6971995e-02
   6.6220736e-01   5.6399350e-02
   6.6555184e-01   5.5827517e-02
   6.6889632e-01   5.5256538e-02
   6.7224080e-01   5.4686455e-02
   6.7558528e-01   5.4117308e-02
   6.7892977e-01   5.3549134e-02
   6.8227425e-01   5.2981968e-02
   6.8561873e-01   5.2415843e-02
   6.8896321e-01   5.1850789e-02
   6.9230769e-01   5.1286836e-02
   6.9565217e-01   5.0724009e-02
   6.9899666e-01   5.0162333e-02
   7.0234114e-01   4.9601829e-02
   7.0568562e-01   4.9042517e-02
   7.0903010e-01   4.8484414e-02
   7.1237458e-01   4.7927535e-02
   7.1571906e-01   4.7371893e-02
   7.1906355e-01   4.6817498e-02
   7.2240803e-01   4.6264358e-02
   7.2575251e-01   4.5712477e-02
   7.2909699e-01   4.5161861e-02
   7.3244147e-01   4.4612509e-02
   7.3578595e-01   4.4064419e-02
   7.3913043e-01   4.3517588e-02
   7.4247492e-01   4.2972010e-02
   7.4581940e-01   4.2427674e-02
   7.4916388e-01   4.1884571e-02
   7.5250836e-01   4.1342685e-02
   7.5585284e-01   4.0802001e-02
   7.5919732e-01   4.0262500e-02
   7.6254181e-01   3.9724160e-02
   7.6588629e-01   3.9186957e-02
   7.6923077e-01   3.8650865e-02
   7.7257525e-01   3.8115855e-02
   7.7591973e-01   3.7581895e-02
   7.7926421e-01   3.7048951e-02
   7.8260870e-01   3.6516986e-02
   7.8595318e-01   3.5985961e-02
   7.8929766e-01   3.5455833e-02
   7.9264214e-01   3.4926558e-02
   7.9598662e-01   3.4398089e-02
   7.9933110e-01   3.3870374e-02
   8.0267559e-01   3.3343362e-02
   8.0602007e-01   3.2816998e-02
   8.0936455e-01   3.2291221e-02
   8.1270903e-01   3.1765973e-02
   8.1605351e-01   3.1241189e-02
   8.1939799e-01   3.0716803e-02
   8.2274247e-01   3.0192746e-02
   8.2608696e-01   2.9668945e-02
   8.2943144e-01   2.9145326e-02
   8.3277592e-01   2.8621811e-02
   8.3612040e-01   2.8098320e-02
   8.3946488e-01   2.7574770e-02
   8.4280936e-01   2.7051074e-02
   8.4615385e-01   2.6527144e-02
   8.4949833e-01   2.6002887e-02
   8.5284281e-01   2.5478209e-02
   8.5618729e-01   2.4953013e-02
   8.5953177e-01   2.4427197e-02
   8.6287625e-01   2.3900658e-02
   8.6622074e-01   2.3373290e-02
   8.6956522e-01   2.2844984e-02
   8.7290970e-01   2.2315627e-02
   8.7625418e-01   2.1785103e-02
   8.7959866e-01   2.1253295e-02
   8.8294314e-01   2.0720081e-02
   8.8628763e-01   2.0185336e-02
   8.8963211e-01   1.9648934e-02
   8.9297659e-01   1.9110744e-02
   8.9632107e-01   1.8570632e-02
   8.9966555e-01   1.8028462e-02
   9.0301003e-01   1.7484095e-02
   9.0635452e-01   1.6937387e-02
   9.0969900e-01   1.6388192e-02
   9.1304348e-01   1.5836362e-02
   9.1638796e-01   1.5281745e-02
   9.1973244e-01   1.4724186e-02
   9.2307692e-01   1.4163525e-02
   9.2642140e-01   1.3599602e-02
   9.2976589e-01   1.3032251e-02
   9.3311037e-01   1.2461305e-02
   9.3645485e-01   1.1886593e-02
   9.3979933e-01   1.1307941e-02
   9.4314381e-01   1.0725170e-02
   9.4648829e-01   1.0138099e-02
   9.4983278e-01   9.5465461e-03
   9.5317726e-01   8.9503222e-03
   9.5652174e-01   8.3492373e-03
   9.5986622e-01   7.7430972e-03
   9.6321070e-01   7.1317050e-03
   9.6655518e-01   6.5148600e-03
   9.6989967e-01   5.8923583e-03
   9.7324415e-01   5.2639929e-03
   9.7658863e-01   4.6295531e-03
   9.7993311e-01   3.9888251e-03
   9.8327759e-01   3.3415916e-03
   9.8662207e-01   2.6876319e-03
   9.8996656e-01   2.0267221e-03
   9.9331104e-01   1.3586347e-03
   9.9665552e-01   6.8313874e-04
   1.0000000e+00   0.0000000e+00
   1.0000000e+00  -0.0000000e+00
   9.9665552e-01  -4.3361591e-04
   9.9331104e-01  -8.6769298e-04
   9.8996656e-01  -1.3021098e-03
   9.8662207e-01  -1.7367469e-03
   9.8327759e-01  -2.1714862e-03
   9.7993311e-01  -2.6062116e-03
   9.7658863e-01  -3.0408087e-03
   9.7324415e-01  -3.4751647e-03
   9.6989967e-01  -3.9091687e-03
   9.6655518e-01  -4.3427114e-03
   9.6321070e-01  -4.7756851e-03
   9.5986622e-01  -5.2079840e-03
   9.5652174e-01  -5.6395038e-03
   9.5317726e-01  -6.0701419e-03
   9.4983278e-01  -6.4997976e-03
   9.4648829e-01  -6.9283715e-03
   9.4314381e-01  -7.3557662e-03
   9.3979933e-01  -7.7818857e-03
   9.3645485e-01  -8.2066358e-03
   9.3311037e-01  -8.6299238e-03
   9.2976589e-01  -9.0516587e-03
   9.2642140e-01  -9.4717513e-03
   9.2307692e-01  -9.8901137e-03
   9.1973244e-01  -1.0306660e-02
   9.1638796e-01  -1.0721305e-02
   9.1304348e-01  -1.1133966e-02
   9.0969900e-01  -1.1544563e-02
   9.0635452e-01  -1.1953014e-02
   9.0301003e-01  -1.2359242e-02
   8.9966555e-01  -1.2763171e-02
   8.9632107e-01  -1.3164725e-02
   8.9297659e-01  -1.3563830e-02
   8.8963211e-01  -1.3960415e-02
   8.8628763e-01  -1.4354409e-02
   8.8294314e-01  -1.4745744e-02
   8.7959866e-01  -1.5134351e-02
   8.7625418e-01  -1.5520166e-02
   8.7290970e-01  -1.5903123e-02
   8.6956522e-01  -1.6283160e-02
   8.6622074e-01  -1.6660215e-02
   8.6287625e-01  -1.7034229e-02
   8.5953177e-01  -1.7405144e-02
   8.5618729e-01  -1.7772901e-02
   8.5284281e-01  -1.8137447e-02
   8.4949833e-01  -1.8498726e-02
   8.4615385e-01  -1.8856686e-02
   8.4280936e-01  -1.9211276e-02
   8.3946488e-01  -1.9562447e-02
   8.3612040e-01  -1.9910150e-02
   8.3277592e-01  -2.0254338e-02
   8.2943144e-01  -2.0594966e-02
   8.2608696e-01  -2.0931990e-02
   8.2274247e-01  -2.1265367e-02
   8.1939799e-01  -2.1595056e-02
   8.1605351e-01  -2.1921017e-02
   8.1270903e-01  -2.2243212e-02
   8.0936455e-01  -2.2561602e-02
   8.0602007e-01  -2.2876154e-02
   8.0267559e-01  -2.3186831e-02
   7.9933110e-01  -2.3493602e-02
   7.9598662e-01  -2.3796433e-02
   7.9264214e-01  -2.4095296e-02
   7.8929766e-01  -2.4390160e-02
   7.8595318e-01  -2.4680998e-02
   7.8260870e-01  -2.4967783e-02
   7.7926421e-01  -2.5250490e-02
   7.7591973e-01  -2.5529095e-02
   7.7257525e-01  -2.5803575e-02
   7.6923077e-01  -2.6073909e-02
   7.6588629e-01  -2.6340076e-02
   7.6254181e-01  -2.6602058e-02
   7.5919732e-01  -2.6859837e-02
   7.5585284e-01  -2.7113397e-02
   7.5250836e-01  -2.7362721e-02
   7.4916388e-01  -2.7607797e-02
   7.4581940e-01  -2.7848611e-02
   7.4247492e-01  -2.8085151e-02
   7.3913043e-01  -2.8317408e-02
   7.3578595e-01  -2.8545371e-02
   7.3244147e-01  -2.8769033e-02
   7.2909699e-01  -2.8988386e-02
   7.2575251e-01  -2.9203425e-02
   7.2240803e-01  -2.9414145e-02
   7.1906355e-01  -2.9620543e-02
   7.1571906e-01  -2.9822615e-02
   7.1237458e-01  -3.0020361e-02
   7.0903010e-01  -3.0213781e-02
   7.0568562e-01  -3.0402875e-02
   7.0234114e-01  -3.0587644e-02
   6.9899666e-01  -3.0768093e-02
   6.9565217e-01  -3.0944225e-02
   6.9230769e-01  -3.1116045e-02
   6.8896321e-01  -3.1283560e-02
   6.8561873e-01  -3.1446776e-02
   6.8227425e-01  -3.1605701e-02
   6.7892977e-01  -3.1760346e-02
   6.7558528e-01  -3.1910719e-02
   6.7224080e-01  -3.2056833e-02
   6.6889632e-01  -3.2198699e-02
   6.6555184e-01  -3.2336331e-02
   6.6220736e-01  -3.2469742e-02
   6.5886288e-01  -3.2598949e-02
   6.5551839e-01  -3.2723966e-02
   6.5217391e-01  -3.2844810e-02
   6.4882943e-01  -3.2961500e-02
   6.4548495e-01  -3.3074054e-02
   6.4214047e-01  -3.3182492e-02
   6.3879599e-01  -3.3286834e-02
   6.3545151e-01  -3.3387102e-02
   6.3210702e-01  -3.3483318e-02
   6.2876254e-01  -3.3575505e-02
   6.2541806e-01  -3.3663687e-02
   6.2207358e-01  -3.3747888e-02
   6.1872910e-01  -3.3828135e-02
   6.1538462e-01  -3.3904454e-02
   6.1204013e-01  -3.3976872e-02
   6.0869565e-01  -3.4045416e-02
   6.0535117e-01  -3.4110117e-02
   6.0200669e-01  -3.4171002e-02
   5.9866221e-01  -3.4228103e-02
   5.9531773e-01  -3.4281450e-02
   5.9197324e-01  -3.4331075e-02
   5.8862876e-01  -3.4377011e-02
   5.8528428e-01  -3.4419290e-02
   5.8193980e-01  -3.4457946e-02
   5.7859532e-01  -3.4493015e-02
   5.7525084e-01  -3.4524530e-02
   5.7190635e-01  -3.4552528e-02
   5.6856187e-01  -3.4577044e-02
   5.6521739e-01  -3.4598117e-02
   5.6187291e-01  -3.4615784e-02
   5.5852843e-01  -3.4630082e-02
   5.5518395e-01  -3.4641051e-02
   5.5183946e-01  -3.4648730e-02
   5.4849498e-01  -3.4653159e-02
   5.4515050e-01  -3.4654378e-02
   5.4180602e-01  -3.4652428e-02
   5.3846154e-01  -3.4647351e-02
   5.3511706e-01  -3.4639188e-02
   5.3177258e-01  -3.4627982e-02
   5.2842809e-01  -3.4613777e-02
   5.2508361e-01  -3.4596614e-02
   5.2173913e-01  -3.4576539e-02
   5.1839465e-01  -3.4553595e-02
   5.1505017e-01  -3.4527826e-02
   5.1170569e-01  -3.4499278e-02
   5.0836120e-01  -3.4467996e-02
   5.0501672e-01  -3.4434026e-02
   5.0167224e-01  -3.4397414e-02
   4.9832776e-01  -3.4358205e-02
   4.9498328e-01  -3.4316448e-02
   4.9163880e-01  -3.4272188e-02
   4.8829431e-01  -3.4225472e-02
   4.8494983e-01  -3.4176349e-02
   4.8160535e-01  -3.4124866e-02
   4.7826087e-01  -3.4071071e-02
   4.7491639e-01  -3.4015011e-02
   4.7157191e-01  -3.3956736e-02
   4.6822742e-01  -3.3896293e-02
   4.6488294e-01  -3.3833731e-02
   4.6153846e-01  -3.3769099e-02
   4.5819398e-01  -3.3702446e-02
   4.5484950e-01  -3.3633820e-02
   4.5150502e-01  -3.3563270e-02
   4.4816054e-01  -3.3490846e-02
   4.4481605e-01  -3.3416596e-02
   4.4147157e-01  -3.3340569e-02
   4.3812709e-01  -3.3262814e-02
   4.3478261e-01  -3.3183380e-02
   4.3143813e-01  -3.3102316e-02
   4.2809365e-01  -3.3019670e-02
   4.2474916e-01  -3.2935492e-02
   4.2140468e-01  -3.2849829e-02
   4.1806020e-01  -3.2762730e-02
   4.1471572e-01  -3.2674244e-02
   4.1137124e-01  -3.2584417e-02
   4.0802676e-01  -3.2493298e-02
   4.0468227e-01  -3.2400933e-02
   4.0133779e-01  -3.2307371e-02
   3.9799331e-01  -3.2212658e-02
   3.9464883e-01  -3.2116840e-02
   3.9130435e-01  -3.2019963e-02
   3.8795987e-01  -3.1922074e-02
   3.8461538e-01  -3.1823217e-02
   3.8127090e-01  -3.1723436e-02
   3.7792642e-01  -3.1622777e-02
   3.7458194e-01  -3.1521283e-02
   3.7123746e-01  -3.1418997e-02
   3.6789298e-01  -3.1315962e-02
   3.6454849e-01  -3.1212220e-02
   3.6120401e-01  -3.1107811e-02
   3.5785953e-01  -3.1002777e-02
   3.5451505e-01  -3.0897158e-02
   3.5117057e-01  -3.0790992e-02
   3.4782609e-01  -3.0684318e-02
   3.4448161e-01  -3.0577173e-02
   3.4113712e-01  -3.0469594e-02
   3.3779264e-01  -3.0361616e-02
   3.3444816e-01  -3.0253275e-02
   3.3110368e-01  -3.0144603e-02
   3.2775920e-01  -3.0035634e-02
   3.2441472e-01  -2.9926398e-02
   3.2107023e-01  -2.9816927e-02
   3.1772575e-01  -2.9707248e-02
   3.1438127e-01  -2.9597391e-02
   3.1103679e-01  -2.9487381e-02
   3.0769231e-01  -2.9377244e-02
   3.0434783e-01  -2.9267003e-02
   3.0100334e-01  -2.9156682e-02
   2.9765886e-01  -2.9046299e-02
   2.9431438e-01  -2.8935876e-02
   2.9096990e-01  -2.8825428e-02
   2.8762542e-01  -2.8714972e-02
   2.8428094e-01  -2.8604522e-02
   2.8093645e-01  -2.8494090e-02
   2.7759197e-01  -2.8383687e-02
   2.7424749e-01  -2.8273319e-02
   2.7090301e-01  -2.8162993e-02
   2.6755853e-01  -2.8052713e-02
   2.6421405e-01  -2.7942481e-02
   2.6086957e-01  -2.7832296e-02
   2.5752508e-01  -2.7722154e-02
   2.5418060e-01  -2.7612049e-02
   2.5083612e-01  -2.7501974e-02
   2.4749164e-01  -2.7391916e-02
   2.4414716e-01  -2.7281862e-02
   2.4080268e-01  -2.7171794e-02
   2.3745819e-01  -2.7061693e-02
   2.3411371e-01  -2.6951534e-02
   2.3076923e-01  -2.6841291e-02
   2.2742475e-01  -2.6730933e-02
   2.2408027e-01  -2.6620426e-02
   2.2073579e-01  -2.6509733e-02
   2.1739130e-01  -2.6398810e-02
   2.1404682e-01  -2.6287612e-02
   2.1070234e-01  -2.6176088e-02
   2.0735786e-01  -2.6064183e-02
   2.0401338e-01  -2.5951837e-02
   2.0066890e-01  -2.5838984e-02
   1.9732441e-01  -2.5725555e-02
   1.9397993e-01  -2.5611474e-02
   1.9063545e-01  -2.5496659e-02
   1.8729097e-01  -2.5381022e-02
   1.8394649e-01  -2.5264469e-02
   1.8060201e-01  -2.5146899e-02
   1.7725753e-01  -2.5028205e-02
   1.7391304e-01  -2.4908271e-02
   1.7056856e-01  -2.4786974e-02
   1.6722408e-01  -2.4664182e-02
   1.6387960e-01  -2.4539755e-02
   1.6053512e-01  -2.4413543e-02
   1.5719064e-01  -2.4285387e-02
   1.5384615e-01  -2.4155116e-02
   1.5050167e-01  -2.4022550e-02
   1.4715719e-01  -2.3887495e-02
   1.4381271e-01  -2.3749746e-02
   1.4046823e-01  -2.3609083e-02
   1.3712375e-01  -2.3465274e-02
   1.3377926e-01  -2.3318068e-02
   1.3043478e-01  -2.3167200e-02
   1.2709030e-01  -2.3012387e-02
   1.2374582e-01  -2.2853325e-02
   1.2040134e-01  -2.2689689e-02
   1.1705686e-01  -2.2521135e-02
   1.1371237e-01  -2.2347289e-02
   1.1036789e-01  -2.2167755e-02
   1.0702341e-01  -2.1982104e-02
   1.0367893e-01  -2.1789877e-02
   1.0033445e-01  -2.1590579e-02
   9.6989967e-02  -2.1383676e-02
   9.3645485e-02  -2.1168590e-02
   9.0301003e-02  -2.0944695e-02
   8.6956522e-02  -2.0711313e-02
   8.3612040e-02  -2.0467702e-02
   8.0267559e-02  -2.0213055e-02
   7.6923077e-02  -1.9946487e-02
   7.3578595e-02  -1.9667023e-02
   7.0234114e-02  -1.9373589e-02
   6.6889632e-02  -1.9064992e-02
   6.3545151e-02  -1.8739903e-02
   6.0200669e-02  -1.8396835e-02
   5.6856187e-02  -1.8034107e-02
   5.3511706e-02  -1.7649814e-02
   5.0167224e-02  -1.7241775e-02
   4.6822742e-02  -1.6807470e-02
   4.3478261e-02  -1.6343964e-02
   4.0133779e-02  -1.5847787e-02
   3.6789298e-02  -1.5314792e-02
   3.3444816e-02  -1.4739931e-02
   3.0100334e-02  -1.4116950e-02
   2.6755853e-02  -1.3437909e-02
   2.3411371e-02  -1.2692443e-02
   2.0066890e-02  -1.1866515e-02
   1.6722408e-02  -1.0940199e-02
   1.3377926e-02  -9.8833371e-03
   1.0033445e-02  -8.6458516e-03
   6.6889632e-03  -7.1314074e-03
   3.3444816e-03  -5.0946259e-03
   0.0000000e+00   3.6000000e-04
