   0.0000000e+00  -6.2000000e-04
   3.3444816e-03   1.1345645e-02
   6.6889632e-03   1.6005953e-02
   1.0033445e-02   1.9554748e-02
   1.3377926e-02   2.2523419e-02
   1.6722408e-02   2.5118268e-02
   2.0066890e-02   2.7445321e-02
   2.3411371e-02   2.9567684e-02
   2.6755853e-02   3.1526552e-02
   3.0100334e-02   3.3350589e-02
   3.3444816e-02   3.5060698e-02
   3.6789298e-02   3.6672687e-02
   4.0133779e-02   3.8198854e-02
   4.3478261e-02   3.9648996e-02
   4.6822742e-02   4.1031064e-02
   5.0167224e-02   4.2351623e-02
   5.3511706e-02   4.3616166e-02
   5.6856187e-02   4.4829344e-02
   6.0200669e-02   4.5995140e-02
   6.3545151e-02   4.7116994e-02
   6.6889632e-02   4.8197901e-02
   7.0234114e-02   4.9240492e-02
   7.3578595e-02   5.0247088e-02
   7.6923077e-02   5.1219753e-02
   8.0267559e-02   5.2160331e-02
   8.3612040e-02   5.3070477e-02
   8.6956522e-02   5.3951685e-02
   9.0301003e-02   5.4805308e-02
   9.3645485e-02   5.5632576e-02
   9.6989967e-02   5.6434611e-02
   1.0033445e-01   5.7212441e-02
   1.0367893e-01   5.7967011e-02
   1.0702341e-01   5.8699191e-02
   1.1036789e-01   5.9409785e-02
   1.1371237e-01   6.0099536e-02
   1.1705686e-01   6.0769137e-02
   1.2040134e-01   6.1419230e-02
   1.2374582e-01   6.2050416e-02
   1.2709030e-01   6.2663254e-02
   1.3043478e-01   6.3258271e-02
   1.3377926e-01   6.3835958e-02
   1.3712375e-01   6.4396778e-02
   1.4046823e-01   6.4941167e-02
   1.4381271e-01   6.5469537e-02
   1.4715719e-01   6.5982275e-02
   1.5050167e-01   6.6479747e-02
   1.5384615e-01   6.6962303e-02
   1.5719064e-01   6.7430272e-02
   1.6053512e-01   6.7883967e-02
   1.6387960e-01   6.8323686e-02
   1.6722408e-01   6.8749713e-02
   1.7056856e-01   6.9162318e-02
   1.7391304e-01   6.9561759e-02
   1.7725753e-01   6.9948283e-02
   1.8060201e-01   7.0322126e-02
   1.8394649e-01   7.0683515e-02
   1.8729097e-01   7.1032665e-02
   1.9063545e-01   7.1369784e-02
   1.9397993e-01   7.1695073e-02
   1.9732441e-01   7.2008723e-02
   2.0066890e-01   7.2310918e-02
   2.0401338e-01   7.2601838e-02
   2.0735786e-01   7.2881653e-02
   2.1070234e-01   7.3150528e-02
   2.1404682e-01   7.3408624e-02
   2.1739130e-01   7.3656096e-02
   2.2073579e-01   7.3893092e-02
   2.2408027e-01   7.4119757e-02
   2.2742475e-01   7.4336231e-02
   2.3076923e-01   7.4542650e-02
   2.3411371e-01   7.4739147e-02
   2.3745819e-01   7.4925848e-02
   2.4080268e-01   7.5102879e-02
   2.4414716e-01   7.5270359e-02
   2.4749164e-01   7.5428408e-02
   2.5083612e-01   7.5577139e-02
   2.5418060e-01   7.5716664e-02
   2.5752508e-01   7.5847092e-02
   2.6086957e-01   7.5968528e-02
   2.6421405e-01   7.6081077e-02
   2.6755853e-01   7.6184840e-02
   2.7090301e-01   7.6279916e-02
   2.7424749e-01   7.6366400e-02
   2.7759197e-01   7.6444389e-02
   2.8093645e-01   7.6513974e-02
   2.8428094e-01   7.6575246e-02
   2.8762542e-01   7.6628295e-02
   2.9096990e-01   7.6673207e-02
   2.9431438e-01   7.6710068e-02
   2.9765886e-01   7.6738962e-02
   3.0100334e-01   7.6759972e-02
   3.0434783e-01   7.6773178e-02
   3.0769231e-01   7.6778661e-02
   3.1103679e-01   7.6776498e-02
   3.1438127e-01   7.6766768e-02
   3.1772575e-01   7.6749545e-02
   3.2107023e-01   7.6724905e-02
   3.2441472e-01   7.6692922e-02
   3.2775920e-01   7.6653668e-02
   3.3110368e-01   7.6607214e-02
   3.3444816e-01   7.6553633e-02
   3.3779264e-01   7.6492992e-02
   3.4113712e-01   7.6425362e-02
   3.4448161e-01   7.6350811e-02
   3.4782609e-01   7.6269405e-02
   3.5117057e-01   7.6181212e-02
   3.5451505e-01   7.6086297e-02
   3.5785953e-01   7.5984725e-02
   3.6120401e-01   7.5876562e-02
   3.6454849e-01   7.5761869e-02
   3.6789298e-01   7.5640712e-02
   3.7123746e-01   7.5513151e-02
   3.7458194e-01   7.5379251e-02
   3.7792642e-01   7.5239071e-02
   3.8127090e-01   7.5092673e-02
   3.8461538e-01   7.4940117e-02
   3.8795987e-01   7.4781464e-02
   3.9130435e-01   7.4616773e-02
   3.9464883e-01   7.4446103e-02
   3.9799331e-01   7.4269513e-02
   4.0133779e-01   7.4087062e-02
   4.0468227e-01   7.3898806e-02
   4.0802676e-01   7.3704805e-02
   4.1137124e-01   7.3505115e-02
   4.1471572e-01   7.3299792e-02
   4.1806020e-01   7.3088895e-02
   4.2140468e-01   7.2872479e-02
   4.2474916e-01   7.2650600e-02
   4.2809365e-01   7.2423314e-02
   4.3143813e-01   7.2190677e-02
   4.3478261e-01   7.1952744e-02
   4.3812709e-01   7.1709570e-02
   4.4147157e-01   7.1461209e-02
   4.4481605e-01   7.1207717e-02
   4.4816054e-01   7.0949149e-02
   4.5150502e-01   7.0685557e-02
   4.5484950e-01   7.0416998e-02
   4.5819398e-01   7.0143523e-02
   4.6153846e-01   6.9865188e-02
   4.6488294e-01   6.9582046e-02
   4.6822742e-01   6.9294150e-02
   4.7157191e-01   6.9001554e-02
   4.7491639e-01   6.8704311e-02
   4.7826087e-01   6.8402475e-02
   4.8160535e-01   6.8096097e-02
   4.8494983e-01   6.7785232e-02
   4.8829431e-01   6.7469933e-02
   4.9163880e-01   6.7150251e-02
   4.9498328e-01   6.6826240e-02
   4.9832776e-01   6.6497952e-02
   5.0167224e-01   6.6165441e-02
   5.0501672e-01   6.5828758e-02
   5.0836120e-01   6.5487956e-02
   5.1170569e-01   6.5143087e-02
   5.1505017e-01   6.4794204e-02
   5.1839465e-01   6.4441360e-02
   5.2173913e-01   6.4084606e-02
   5.2508361e-01   6.3723996e-02
   5.2842809e-01   6.3359580e-02
   5.3177258e-01   6.2991413e-02
   5.3511706e-01   6.2619545e-02
   5.3846154e-01   6.2244030e-02
   5.4180602e-01   6.1864919e-02
   5.4515050e-01   6.1482265e-02
   5.4849498e-01   6.1096120e-02
   5.5183946e-01   6.0706536e-02
   5.5518395e-01   6.0313567e-02
   5.5852843e-01   5.9917264e-02
   5.6187291e-01   5.9517679e-02
   5.6521739e-01   5.9114866e-02
   5.6856187e-01   5.8708876e-02
   5.7190635e-01   5.8299762e-02
   5.7525084e-01   5.7887577e-02
   5.7859532e-01   5.7472373e-02
   5.8193980e-01   5.7054203e-02
   5.8528428e-01   5.6633120e-02
   5.8862876e-01   5.6209176e-02
   5.9197324e-01   5.5782423e-02
   5.9531773e-01   5.5352916e-02
   5.9866221e-01   5.4920707e-02
   6.0200669e-01   5.4485849e-02
   6.0535117e-01   5.4048394e-02
   6.0869565e-01   5.3608396e-02
   6.1204013e-01   5.3165909e-02
   6.1538462e-01   5.2720985e-02
   6.1872910e-01   5.2273678e-02
   6.2207358e-01   5.1824041e-02
   6.2541806e-01   5.1372127e-02
   6.2876254e-01   5.0917991e-02
   6.3210702e-01   5.0461686e-02
   6.3545151e-01   5.0003265e-02
   6.3879599e-01   4.9542783e-02
   6.4214047e-01   4.9080293e-02
   6.4548495e-01   4.8615850e-02
   6.4882943e-01   4.8149507e-02
   6.5217391e-01   4.7681319e-02
   6.5551839e-01   4.7211340e-02
   6.5886288e-01   4.6739625e-02
   6.6220736e-01   4.6266227e-02
   6.6555184e-01   4.5791202e-02
   6.6889632e-01   4.5314604e-02
   6.7224080e-01   4.4836488e-02
   6.7558528e-01   4.4356910e-02
   6.7892977e-01   4.3875923e-02
   6.8227425e-01   4.3393583e-02
   6.8561873e-01   4.2909946e-02
   6.8896321e-01   4.2425067e-02
   6.9230769e-01   4.1939001e-02
   6.9565217e-01   4.1451803e-02
   6.9899666e-01   4.0963531e-02
   7.0234114e-01   4.0474238e-02
   7.0568562e-01   3.9983983e-02
   7.0903010e-01   3.9492819e-02
   7.1237458e-01   3.9000804e-02
   7.1571906e-01   3.8507994e-02
   7.1906355e-01   3.8014445e-02
   7.2240803e-01   3.7520215e-02
   7.2575251e-01   3.7025358e-02
   7.2909699e-01   3.6529934e-02
   7.3244147e-01   3.6033997e-02
   7.3578595e-01   3.5537606e-02
   7.3913043e-01   3.5040817e-02
   7.4247492e-01   3.4543689e-02
   7.4581940e-01   3.4046278e-02
   7.4916388e-01   3.3548641e-02
   7.5250836e-01   3.3050838e-02
   7.5585284e-01   3.2552925e-02
   7.5919732e-01   3.2054960e-02
   7.6254181e-01   3.1557002e-02
   7.6588629e-01   3.1059109e-02
   7.6923077e-01   3.0561339e-02
   7.7257525e-01   3.0063751e-02
   7.7591973e-01   2.9566404e-02
   7.7926421e-01   2.9069356e-02
   7.8260870e-01   2.8572666e-02
   7.8595318e-01   2.8076393e-02
   7.8929766e-01   2.7580598e-02
   7.9264214e-01   2.7085338e-02
   7.9598662e-01   2.6590673e-02
   7.9933110e-01   2.6096664e-02
   8.0267559e-01   2.5603369e-02
   8.0602007e-01   2.5110850e-02
   8.0936455e-01   2.4619165e-02
   8.1270903e-01   2.4128376e-02
   8.1605351e-01   2.3638542e-02
   8.1939799e-01   2.3149724e-02
   8.2274247e-01   2.2661983e-02
   8.2608696e-01   2.2175380e-02
   8.2943144e-01   2.1689975e-02
   8.3277592e-01   2.1205830e-02
   8.3612040e-01   2.0723006e-02
   8.3946488e-01   2.0241564e-02
   8.4280936e-01   1.9761566e-02
   8.4615385e-01   1.9283074e-02
   8.4949833e-01   1.8806149e-02
   8.5284281e-01   1.8330854e-02
   8.5618729e-01   1.7857250e-02
   8.5953177e-01   1.7385401e-02
   8.6287625e-01   1.6915368e-02
   8.6622074e-01   1.6447214e-02
   8.6956522e-01   1.5981002e-02
   8.7290970e-01   1.5516794e-02
   8.7625418e-01   1.5054655e-02
   8.7959866e-01   1.4594646e-02
   8.8294314e-01   1.4136833e-02
   8.8628763e-01   1.3681277e-02
   8.8963211e-01   1.3228043e-02
   8.9297659e-01   1.2777194e-02
   8.9632107e-01   1.2328795e-02
   8.9966555e-01   1.1882910e-02
   9.0301003e-01   1.1439603e-02
   9.0635452e-01   1.0998939e-02
   9.0969900e-01   1.0560982e-02
   9.1304348e-01   1.0125797e-02
   9.1638796e-01   9.6934486e-03
   9.1973244e-01   9.2640025e-03
   9.2307692e-01   8.8375238e-03
   9.2642140e-01   8.4140778e-03
   9.2976589e-01   7.9937302e-03
   9.3311037e-01   7.5765467e-03
   9.3645485e-01   7.1625933e-03
   9.3979933e-01   6.7519358e-03
   9.4314381e-01   6.3446407e-03
   9.4648829e-01   5.9407743e-03
   9.4983278e-01   5.5404030e-03
   9.5317726e-01   5.1435937e-03
   9.5652174e-01   4.7504131e-03
   9.5986622e-01   4.3609284e-03
   9.6321070e-01   3.9752066e-03
   9.6655518e-01   3.5933151e-03
   9.6989967e-01   3.2153215e-03
   9.7324415e-01   2.8412934e-03
   9.7658863e-01   2.4712986e-03
   9.7993311e-01   2.1054052e-03
   9.8327759e-01   1.7436812e-03
   9.8662207e-01   1.3861949e-03
   9.8996656e-01   1.0330150e-03
   9.9331104e-01   6.8420997e-04
   9.9665552e-01   3.3984865e-04
   1.0000000e+00   0.0000000e+00
   1.0000000e+00  -0.0000000e+00
   9.9665552e-01  -3.4146472e-04
   9.9331104e-01  -6.8643648e-04
   9.8996656e-01  -1.0347879e-03
   9.8662207e-01  -1.3863930e-03
   9.8327759e-01  -1.7411271e-03
   9.7993311e-01  -2.0988669e-03
   9.7658863e-01  -2.4594902e-03
   9.7324415e-01  -2.8228764e-03
   9.6989967e-01  -3.1889062e-03
   9.6655518e-01  -3.5574613e-03
   9.6321070e-01  -3.9284250e-03
   9.5986622e-01  -4.3016819e-03
   9.5652174e-01  -4.6771177e-03
   9.5317726e-01  -5.0546195e-03
   9.4983278e-01  -5.4340758e-03
   9.4648829e-01  -5.8153761e-03
   9.4314381e-01  -6.1984116e-03
   9.3979933e-01  -6.5830742e-03
   9.3645485e-01  -6.9692577e-03
   9.3311037e-01  -7.3568566e-03
   9.2976589e-01  -7.7457671e-03
   9.2642140e-01  -8.1358864e-03
   9.2307692e-01  -8.5271130e-03
   9.1973244e-01  -8.9193467e-03
   9.1638796e-01  -9.3124884e-03
   9.1304348e-01  -9.7064405e-03
   9.0969900e-01  -1.0101106e-02
   9.0635452e-01  -1.0496391e-02
   9.0301003e-01  -1.0892200e-02
   8.9966555e-01  -1.1288440e-02
   8.9632107e-01  -1.1685020e-02
   8.9297659e-01  -1.2081850e-02
   8.8963211e-01  -1.2478840e-02
   8.8628763e-01  -1.2875902e-02
   8.8294314e-01  -1.3272949e-02
   8.7959866e-01  -1.3669896e-02
   8.7625418e-01  -1.4066659e-02
   8.7290970e-01  -1.4463153e-02
   8.6956522e-01  -1.4859297e-02
   8.6622074e-01  -1.5255009e-02
   8.6287625e-01  -1.5650211e-02
   8.5953177e-01  -1.6044823e-02
   8.5618729e-01  -1.6438768e-02
   8.5284281e-01  -1.6831969e-02
   8.4949833e-01  -1.7224352e-02
   8.4615385e-01  -1.7615842e-02
   8.4280936e-01  -1.8006366e-02
   8.3946488e-01  -1.8395853e-02
   8.3612040e-01  -1.8784232e-02
   8.3277592e-01  -1.9171433e-02
   8.2943144e-01  -1.9557388e-02
   8.2608696e-01  -1.9942029e-02
   8.2274247e-01  -2.0325291e-02
   8.1939799e-01  -2.0707108e-02
   8.1605351e-01  -2.1087416e-02
   8.1270903e-01  -2.1466152e-02
   8.0936455e-01  -2.1843255e-02
   8.0602007e-01  -2.2218662e-02
   8.0267559e-01  -2.2592316e-02
   7.9933110e-01  -2.2964156e-02
   7.9598662e-01  -2.3334126e-02
   7.9264214e-01  -2.3702168e-02
   7.8929766e-01  -2.4068228e-02
   7.8595318e-01  -2.4432251e-02
   7.8260870e-01  -2.4794183e-02
   7.7926421e-01  -2.5153972e-02
   7.7591973e-01  -2.5511566e-02
   7.7257525e-01  -2.5866916e-02
   7.6923077e-01  -2.6219971e-02
   7.6588629e-01  -2.6570684e-02
   7.6254181e-01  -2.6919006e-02
   7.5919732e-01  -2.7264893e-02
   7.5585284e-01  -2.7608298e-02
   7.5250836e-01  -2.7949177e-02
   7.4916388e-01  -2.8287486e-02
   7.4581940e-01  -2.8623184e-02
   7.4247492e-01  -2.8956228e-02
   7.3913043e-01  -2.9286578e-02
   7.3578595e-01  -2.9614195e-02
   7.3244147e-01  -2.9939040e-02
   7.2909699e-01  -3.0261075e-02
   7.2575251e-01  -3.0580264e-02
   7.2240803e-01  -3.0896571e-02
   7.1906355e-01  -3.1209960e-02
   7.1571906e-01  -3.1520399e-02
   7.1237458e-01  -3.1827853e-02
   7.0903010e-01  -3.2132291e-02
   7.0568562e-01  -3.2433681e-02
   7.0234114e-01  -3.2731994e-02
   6.9899666e-01  -3.3027199e-02
   6.9565217e-01  -3.3319269e-02
   6.9230769e-01  -3.3608174e-02
   6.8896321e-01  -3.3893889e-02
   6.8561873e-01  -3.4176388e-02
   6.8227425e-01  -3.4455645e-02
   6.7892977e-01  -3.4731635e-02
   6.7558528e-01  -3.5004337e-02
   6.7224080e-01  -3.5273726e-02
   6.6889632e-01  -3.5539781e-02
   6.6555184e-01  -3.5802481e-02
   6.6220736e-01  -3.6061806e-02
   6.5886288e-01  -3.6317736e-02
   6.5551839e-01  -3.6570253e-02
   6.5217391e-01  -3.6819340e-02
   6.4882943e-01  -3.7064978e-02
   6.4548495e-01  -3.7307152e-02
   6.4214047e-01  -3.7545846e-02
   6.3879599e-01  -3.7781046e-02
   6.3545151e-01  -3.8012737e-02
   6.3210702e-01  -3.8240906e-02
   6.2876254e-01  -3.8465542e-02
   6.2541806e-01  -3.8686631e-02
   6.2207358e-01  -3.8904163e-02
   6.1872910e-01  -3.9118128e-02
   6.1538462e-01  -3.9328516e-02
   6.1204013e-01  -3.9535318e-02
   6.0869565e-01  -3.9738525e-02
   6.0535117e-01  -3.9938131e-02
   6.0200669e-01  -4.0134128e-02
   5.9866221e-01  -4.0326510e-02
   5.9531773e-01  -4.0515272e-02
   5.9197324e-01  -4.0700408e-02
   5.8862876e-01  -4.0881914e-02
   5.8528428e-01  -4.1059787e-02
   5.8193980e-01  -4.1234023e-02
   5.7859532e-01  -4.1404621e-02
   5.7525084e-01  -4.1571577e-02
   5.7190635e-01  -4.1734892e-02
   5.6856187e-01  -4.1894563e-02
   5.6521739e-01  -4.2050592e-02
   5.6187291e-01  -4.2202979e-02
   5.5852843e-01  -4.2351724e-02
   5.5518395e-01  -4.2496830e-02
   5.5183946e-01  -4.2638298e-02
   5.4849498e-01  -4.2776131e-02
   5.4515050e-01  -4.2910333e-02
   5.4180602e-01  -4.3040906e-02
   5.3846154e-01  -4.3167856e-02
   5.3511706e-01  -4.3291186e-02
   5.3177258e-01  -4.3410902e-02
   5.2842809e-01  -4.3527009e-02
   5.2508361e-01  -4.3639514e-02
   5.2173913e-01  -4.3748423e-02
   5.1839465e-01  -4.3853744e-02
   5.1505017e-01  -4.3955482e-02
   5.1170569e-01  -4.4053646e-02
   5.0836120e-01  -4.4148245e-02
   5.0501672e-01  -4.4239287e-02
   5.0167224e-01  -4.4326780e-02
   4.9832776e-01  -4.4410734e-02
   4.9498328e-01  -4.4491159e-02
   4.9163880e-01  -4.4568065e-02
   4.8829431e-01  -4.4641462e-02
   4.8494983e-01  -4.4711360e-02
   4.8160535e-01  -4.4777771e-02
   4.7826087e-01  -4.4840706e-02
   4.7491639e-01  -4.4900176e-02
   4.7157191e-01  -4.4956193e-02
   4.6822742e-01  -4.5008769e-02
   4.6488294e-01  -4.5057917e-02
   4.6153846e-01  -4.5103648e-02
   4.5819398e-01  -4.5145976e-02
   4.5484950e-01  -4.5184913e-02
   4.5150502e-01  -4.5220473e-02
   4.4816054e-01  -4.5252669e-02
   4.4481605e-01  -4.5281513e-02
   4.4147157e-01  -4.5307020e-02
   4.3812709e-01  -4.5329203e-02
   4.3478261e-01  -4.5348075e-02
   4.3143813e-01  -4.5363651e-02
   4.2809365e-01  -4.5375945e-02
   4.2474916e-01  -4.5384970e-02
   4.2140468e-01  -4.5390740e-02
   4.1806020e-01  -4.5393269e-02
   4.1471572e-01  -4.5392571e-02
   4.1137124e-01  -4.5388660e-02
   4.0802676e-01  -4.5381550e-02
   4.0468227e-01  -4.5371254e-02
   4.0133779e-01  -4.5357787e-02
   3.9799331e-01  -4.5341162e-02
   3.9464883e-01  -4.5321391e-02
   3.9130435e-01  -4.5298490e-02
   3.8795987e-01  -4.5272470e-02
   3.8461538e-01  -4.5243344e-02
   3.8127090e-01  -4.5211126e-02
   3.7792642e-01  -4.5175828e-02
   3.7458194e-01  -4.5137462e-02
   3.7123746e-01  -4.5096040e-02
   3.6789298e-01  -4.5051574e-02
   3.6454849e-01  -4.5004074e-02
   3.6120401e-01  -4.4953552e-02
   3.5785953e-01  -4.4900018e-02
   3.5451505e-01  -4.4843482e-02
   3.5117057e-01  -4.4783954e-02
   3.4782609e-01  -4.4721443e-02
   3.4448161e-01  -4.4655957e-02
   3.4113712e-01  -4.4587504e-02
   3.3779264e-01  -4.4516093e-02
   3.3444816e-01  -4.4441729e-02
   3.3110368e-01  -4.4364418e-02
   3.2775920e-01  -4.4284167e-02
   3.2441472e-01  -4.4200980e-02
   3.2107023e-01  -4.4114860e-02
   3.1772575e-01  -4.4025811e-02
   3.1438127e-01  -4.3933835e-02
   3.1103679e-01  -4.3838933e-02
   3.0769231e-01  -4.3741106e-02
   3.0434783e-01  -4.3640353e-02
   3.0100334e-01  -4.3536673e-02
   2.9765886e-01  -4.3430062e-02
   2.9431438e-01  -4.3320517e-02
   2.9096990e-01  -4.3208032e-02
   2.8762542e-01  -4.3092601e-02
   2.8428094e-01  -4.2974217e-02
   2.8093645e-01  -4.2852869e-02
   2.7759197e-01  -4.2728548e-02
   2.7424749e-01  -4.2601242e-02
   2.7090301e-01  -4.2470936e-02
   2.6755853e-01  -4.2337616e-02
   2.6421405e-01  -4.2201264e-02
   2.6086957e-01  -4.2061861e-02
   2.5752508e-01  -4.1919386e-02
   2.5418060e-01  -4.1773817e-02
   2.5083612e-01  -4.1625127e-02
   2.4749164e-01  -4.1473291e-02
   2.4414716e-01  -4.1318278e-02
   2.4080268e-01  -4.1160057e-02
   2.3745819e-01  -4.0998593e-02
   2.3411371e-01  -4.0833849e-02
   2.3076923e-01  -4.0665785e-02
   2.2742475e-01  -4.0494358e-02
   2.2408027e-01  -4.0319522e-02
   2.2073579e-01  -4.0141228e-02
   2.1739130e-01  -3.9959424e-02
   2.1404682e-01  -3.9774053e-02
   2.1070234e-01  -3.9585055e-02
   2.0735786e-01  -3.9392367e-02
   2.0401338e-01  -3.9195920e-02
   2.0066890e-01  -3.8995643e-02
   1.9732441e-01  -3.8791458e-02
   1.9397993e-01  -3.8583284e-02
   1.9063545e-01  -3.8371034e-02
   1.8729097e-01  -3.8154615e-02
   1.8394649e-01  -3.7933930e-02
   1.8060201e-01  -3.7708873e-02
   1.7725753e-01  -3.7479335e-02
   1.7391304e-01  -3.7245199e-02
   1.7056856e-01  -3.7006338e-02
   1.6722408e-01  -3.6762622e-02
   1.6387960e-01  -3.6513909e-02
   1.6053512e-01  -3.6260051e-02
   1.5719064e-01  -3.6000888e-02
   1.5384615e-01  -3.5736251e-02
   1.5050167e-01  -3.5465963e-02
   1.4715719e-01  -3.5189831e-02
   1.4381271e-01  -3.4907653e-02
   1.4046823e-01  -3.4619213e-02
   1.3712375e-01  -3.4324280e-02
   1.3377926e-01  -3.4022609e-02
   1.3043478e-01  -3.3713937e-02
   1.2709030e-01  -3.3397984e-02
   1.2374582e-01  -3.3074450e-02
   1.2040134e-01  -3.2743013e-02
   1.1705686e-01  -3.2403331e-02
   1.1371237e-01  -3.2055033e-02
   1.1036789e-01  -3.1697721e-02
   1.0702341e-01  -3.1330968e-02
   1.0367893e-01  -3.0954311e-02
   1.0033445e-01  -3.0567253e-02
   9.6989967e-02  -3.0169251e-02
   9.3645485e-02  -2.9759719e-02
   9.0301003e-02  -2.9338017e-02
   8.6956522e-02  -2.8903450e-02
   8.3612040e-02  -2.8455253e-02
   8.0267559e-02  -2.7992588e-02
   7.6923077e-02  -2.7514533e-02
   7.3578595e-02  -2.7020067e-02
   7.0234114e-02  -2.6508055e-02
   6.6889632e-02  -2.5977232e-02
   6.3545151e-02  -2.5426177e-02
   6.0200669e-02  -2.4853291e-02
   5.6856187e-02  -2.4256755e-02
   5.3511706e-02  -2.3634489e-02
   5.0167224e-02  -2.2984099e-02
   4.6822742e-02  -2.2302797e-02
   4.3478261e-02  -2.1587308e-02
   4.0133779e-02  -2.0833736e-02
   3.6789298e-02  -2.0037385e-02
   3.3444816e-02  -1.9192496e-02
   3.0100334e-02  -1.8291878e-02
   2.6755853e-02  -1.7326330e-02
   2.3411371e-02  -1.6283745e-02
   2.0066890e-02  -1.5147603e-02
   1.6722408e-02  -1.3894271e-02
   1.3377926e-02  -1.2487712e-02
   1.0033445e-02  -1.0867644e-02
   6.6889632e-03  -8.9172639e-03
   3.3444816e-03  -6.3369242e-03
   0.0000000e+00  -6.2000000e-04
