   0.0000000e+00   7.0000000e-04
   3.3444816e-03   9.6693841e-03
   6.6889632e-03   1.3658901e-02
   1.0033445e-02   1.6709243e-02
   1.3377926e-02   1.9271469e-02
   1.6722408e-02   2.1520462e-02
   2.0066890e-02   2.3545987e-02
   2.3411371e-02   2.5401406e-02
   2.6755853e-02   2.7121505e-02
   3.0100334e-02   2.8730457e-02
   3.3444816e-02   3.0245868e-02
   3.6789298e-02   3.1681027e-02
   4.0133779e-02   3.3046262e-02
   4.3478261e-02   3.4349782e-02
   4.6822742e-02   3.5598241e-02
   5.0167224e-02   3.6797119e-02
   5.3511706e-02   3.7950993e-02
   5.6856187e-02   3.9063730e-02
   6.0200669e-02   4.0138634e-02
   6.3545151e-02   4.1178548e-02
   6.6889632e-02   4.2185946e-02
   7.0234114e-02   4.3162988e-02
   7.3578595e-02   4.4111580e-02
   7.6923077e-02   4.5033406e-02
   8.0267559e-02   4.5929968e-02
   8.3612040e-02   4.6802608e-02
   8.6956522e-02   4.7652531e-02
   9.0301003e-02   4.8480825e-02
   9.3645485e-02   4.9288474e-02
   9.6989967e-02   5.0076373e-02
   1.0033445e-01   5.0845335e-02
   1.0367893e-01   5.1596103e-02
   1.0702341e-01   5.2329360e-02
   1.1036789e-01   5.3045731e-02
   1.1371237e-01   5.3745792e-02
   1.1705686e-01   5.4430072e-02
   1.2040134e-01   5.5099064e-02
   1.2374582e-01   5.5753221e-02
   1.2709030e-01   5.6392964e-02
   1.3043478e-01   5.7018684e-02
   1.3377926e-01   5.7630746e-02
   1.3712375e-01   5.8229489e-02
   1.4046823e-01   5.8815228e-02
   1.4381271e-01   5.9388259e-02
   1.4715719e-01   5.9948860e-02
   1.5050167e-01   6.0497287e-02
   1.5384615e-01   6.1033785e-02
   1.5719064e-01   6.1558580e-02
   1.6053512e-01   6.2071887e-02
   1.6387960e-01   6.2573906e-02
   1.6722408e-01   6.3064826e-02
   1.7056856e-01   6.3544825e-02
   1.7391304e-01   6.4014072e-02
   1.7725753e-01   6.4472724e-02
   1.8060201e-01   6.4920931e-02
   1.8394649e-01   6.5358834e-02
   1.8729097e-01   6.5786567e-02
   1.9063545e-01   6.6204256e-02
   1.9397993e-01   6.6612020e-02
   1.9732441e-01   6.7009973e-02
   2.0066890e-01   6.7398221e-02
   2.0401338e-01   6.7776868e-02
   2.0735786e-01   6.8146008e-02
   2.1070234e-01   6.8505735e-02
   2.1404682e-01   6.8856135e-02
   2.1739130e-01   6.9197291e-02
   2.2073579e-01   6.9529282e-02
   2.2408027e-01   6.9852183e-02
   2.2742475e-01   7.0166066e-02
   2.3076923e-01   7.0470999e-02
   2.3411371e-01   7.0767047e-02
   2.3745819e-01   7.1054273e-02
   2.4080268e-01   7.1332735e-02
   2.4414716e-01   7.1602490e-02
   2.4749164e-01   7.1863593e-02
   2.5083612e-01   7.2116096e-02
   2.5418060e-01   7.2360048e-02
   2.5752508e-01   7.2595498e-02
   2.6086957e-01   7.2822491e-02
   2.6421405e-01   7.3041071e-02
   2.6755853e-01   7.3251282e-02
   2.7090301e-01   7.3453163e-02
   2.7424749e-01   7.3646754e-02
   2.7759197e-01   7.3832094e-02
   2.8093645e-01   7.4009218e-02
   2.8428094e-01   7.4178163e-02
   2.8762542e-01   7.4338962e-02
   2.9096990e-01   7.4491650e-02
   2.9431438e-01   7.4636258e-02
   2.9765886e-01   7.4772818e-02
   3.0100334e-01   7.4901360e-02
   3.0434783e-01   7.5021915e-02
   3.0769231e-01   7.5134512e-02
   3.1103679e-01   7.5239178e-02
   3.1438127e-01   7.5335942e-02
   3.1772575e-01   7.5424832e-02
   3.2107023e-01   7.5505873e-02
   3.2441472e-01   7.5579093e-02
   3.2775920e-01   7.5644517e-02
   3.3110368e-01   7.5702172e-02
   3.3444816e-01   7.5752082e-02
   3.3779264e-01   7.5794273e-02
   3.4113712e-01   7.5828768e-02
   3.4448161e-01   7.5855595e-02
   3.4782609e-01   7.5874775e-02
   3.5117057e-01   7.5886335e-02
   3.5451505e-01   7.5890298e-02
   3.5785953e-01   7.5886689e-02
   3.6120401e-01   7.5875532e-02
   3.6454849e-01   7.5856851e-02
   3.6789298e-01   7.5830670e-02
   3.7123746e-01   7.5797015e-02
   3.7458194e-01   7.5755909e-02
   3.7792642e-01   7.5707378e-02
   3.8127090e-01   7.5651445e-02
   3.8461538e-01   7.5588137e-02
   3.8795987e-01   7.5517478e-02
   3.9130435e-01   7.5439493e-02
   3.9464883e-01   7.5354209e-02
   3.9799331e-01   7.5261652e-02
   4.0133779e-01   7.5161847e-02
   4.0468227e-01   7.5054822e-02
   4.0802676e-01   7.4940603e-02
   4.1137124e-01   7.4819218e-02
   4.1471572e-01   7.4690695e-02
   4.1806020e-01   7.4555061e-02
   4.2140468e-01   7.4412345e-02
   4.2474916e-01   7.4262576e-02
   4.2809365e-01   7.4105783e-02
   4.3143813e-01   7.3941998e-02
   4.3478261e-01   7.3771249e-02
   4.3812709e-01   7.3593567e-02
   4.4147157e-01   7.3408985e-02
   4.4481605e-01   7.3217535e-02
   4.4816054e-01   7.3019248e-02
   4.5150502e-01   7.2814157e-02
   4.5484950e-01   7.2602298e-02
   4.5819398e-01   7.2383703e-02
   4.6153846e-01   7.2158408e-02
   4.6488294e-01   7.1926448e-02
   4.6822742e-01   7.1687860e-02
   4.7157191e-01   7.1442680e-02
   4.7491639e-01   7.1190946e-02
   4.7826087e-01   7.0932696e-02
   4.8160535e-01   7.0667968e-02
   4.8494983e-01   7.0396803e-02
   4.8829431e-01   7.0119241e-02
   4.9163880e-01   6.9835322e-02
   4.9498328e-01   6.9545089e-02
   4.9832776e-01   6.9248583e-02
   5.0167224e-01   6.8945849e-02
   5.0501672e-01   6.8636929e-02
   5.0836120e-01   6.8321870e-02
   5.1170569e-01   6.8000716e-02
   5.1505017e-01   6.7673514e-02
   5.1839465e-01   6.7340311e-02
   5.2173913e-01   6.7001155e-02
   5.2508361e-01   6.6656095e-02
   5.2842809e-01   6.6305181e-02
   5.3177258e-01   6.5948463e-02
   5.3511706e-01   6.5585992e-02
   5.3846154e-01   6.5217821e-02
   5.4180602e-01   6.4844004e-02
   5.4515050e-01   6.4464593e-02
   5.4849498e-01   6.4079644e-02
   5.5183946e-01   6.3689213e-02
   5.5518395e-01   6.3293356e-02
   5.5852843e-01   6.2892132e-02
   5.6187291e-01   6.2485598e-02
   5.6521739e-01   6.2073815e-02
   5.6856187e-01   6.1656842e-02
   5.7190635e-01   6.1234742e-02
   5.7525084e-01   6.0807576e-02
   5.7859532e-01   6.0375407e-02
   5.8193980e-01   5.9938302e-02
   5.8528428e-01   5.9496323e-02
   5.8862876e-01   5.9049539e-02
   5.9197324e-01   5.8598015e-02
   5.9531773e-01   5.8141821e-02
   5.9866221e-01   5.7681026e-02
   6.0200669e-01   5.7215700e-02
   6.0535117e-01   5.6745915e-02
   6.0869565e-01   5.6271742e-02
   6.1204013e-01   5.5793255e-02
   6.1538462e-01   5.5310530e-02
   6.1872910e-01   5.4823640e-02
   6.2207358e-01   5.4332664e-02
   6.2541806e-01   5.3837678e-02
   6.2876254e-01   5.3338762e-02
   6.3210702e-01   5.2835994e-02
   6.3545151e-01   5.2329457e-02
   6.3879599e-01   5.1819232e-02
   6.4214047e-01   5.1305402e-02
   6.4548495e-01   5.0788052e-02
   6.4882943e-01   5.0267266e-02
   6.5217391e-01   4.9743131e-02
   6.5551839e-01   4.9215736e-02
   6.5886288e-01   4.8685167e-02
   6.6220736e-01   4.8151516e-02
   6.6555184e-01   4.7614874e-02
   6.6889632e-01   4.7075331e-02
   6.7224080e-01   4.6532983e-02
   6.7558528e-01   4.5987922e-02
   6.7892977e-01   4.5440245e-02
   6.8227425e-01   4.4890049e-02
   6.8561873e-01   4.4337431e-02
   6.8896321e-01   4.3782491e-02
   6.9230769e-01   4.3225329e-02
   6.9565217e-01   4.2666047e-02
   6.9899666e-01   4.2104746e-02
   7.0234114e-01   4.1541532e-02
   7.0568562e-01   4.0976509e-02
   7.0903010e-01   4.0409783e-02
   7.1237458e-01   3.9841463e-02
   7.1571906e-01   3.9271656e-02
   7.1906355e-01   3.8700474e-02
   7.2240803e-01   3.8128027e-02
   7.2575251e-01   3.7554428e-02
   7.2909699e-01   3.6979790e-02
   7.3244147e-01   3.6404229e-02
   7.3578595e-01   3.5827861e-02
   7.3913043e-01   3.5250803e-02
   7.4247492e-01   3.4673174e-02
   7.4581940e-01   3.4095095e-02
   7.4916388e-01   3.3516686e-02
   7.5250836e-01   3.2938070e-02
   7.5585284e-01   3.2359372e-02
   7.5919732e-01   3.1780715e-02
   7.6254181e-01   3.1202228e-02
   7.6588629e-01   3.0624037e-02
   7.6923077e-01   3.0046272e-02
   7.7257525e-01   2.9469063e-02
   7.7591973e-01   2.8892542e-02
   7.7926421e-01   2.8316843e-02
   7.8260870e-01   2.7742098e-02
   7.8595318e-01   2.7168444e-02
   7.8929766e-01   2.6596019e-02
   7.9264214e-01   2.6024960e-02
   7.9598662e-01   2.5455408e-02
   7.9933110e-01   2.4887502e-02
   8.0267559e-01   2.4321387e-02
   8.0602007e-01   2.3757205e-02
   8.0936455e-01   2.3195102e-02
   8.1270903e-01   2.2635224e-02
   8.1605351e-01   2.2077719e-02
   8.1939799e-01   2.1522737e-02
   8.2274247e-01   2.0970428e-02
   8.2608696e-01   2.0420944e-02
   8.2943144e-01   1.9874438e-02
   8.3277592e-01   1.9331066e-02
   8.3612040e-01   1.8790983e-02
   8.3946488e-01   1.8254347e-02
   8.4280936e-01   1.7721318e-02
   8.4615385e-01   1.7192055e-02
   8.4949833e-01   1.6666720e-02
   8.5284281e-01   1.6145478e-02
   8.5618729e-01   1.5628491e-02
   8.5953177e-01   1.5115928e-02
   8.6287625e-01   1.4607954e-02
   8.6622074e-01   1.4104739e-02
   8.6956522e-01   1.3606454e-02
   8.7290970e-01   1.3113270e-02
   8.7625418e-01   1.2625361e-02
   8.7959866e-01   1.2142901e-02
   8.8294314e-01   1.1666066e-02
   8.8628763e-01   1.1195035e-02
   8.8963211e-01   1.0729987e-02
   8.9297659e-01   1.0271101e-02
   8.9632107e-01   9.8185605e-03
   8.9966555e-01   9.3725487e-03
   9.0301003e-01   8.9332507e-03
   9.0635452e-01   8.5008529e-03
   9.0969900e-01   8.0755434e-03
   9.1304348e-01   7.6575116e-03
   9.1638796e-01   7.2469486e-03
   9.1973244e-01   6.8440469e-03
   9.2307692e-01   6.4490005e-03
   9.2642140e-01   6.0620048e-03
   9.2976589e-01   5.6832570e-03
   9.3311037e-01   5.3129555e-03
   9.3645485e-01   4.9513005e-03
   9.3979933e-01   4.5984935e-03
   9.4314381e-01   4.2547376e-03
   9.4648829e-01   3.9202374e-03
   9.4983278e-01   3.5951992e-03
   9.5317726e-01   3.2798306e-03
   9.5652174e-01   2.9743410e-03
   9.5986622e-01   2.6789411e-03
   9.6321070e-01   2.3938432e-03
   9.6655518e-01   2.1192614e-03
   9.6989967e-01   1.8554110e-03
   9.7324415e-01   1.6025090e-03
   9.7658863e-01   1.3607741e-03
   9.7993311e-01   1.1304265e-03
   9.8327759e-01   9.1168781e-04
   9.8662207e-01   7.0478140e-04
   9.8996656e-01   5.0993214e-04
   9.9331104e-01   3.2736652e-04
   9.9665552e-01   1.5731259e-04
   1.0000000e+00   0.0000000e+00
   1.0000000e+00  -0.0000000e+00
   9.9665552e-01  -1.6159944e-04
   9.9331104e-01  -3.3573905e-04
   9.8996656e-01  -5.2219381e-04
   9.8662207e-01  -7.2074025e-04
   9.8327759e-01  -9.3115643e-04
   9.7993311e-01  -1.1532219e-03
   9.7658863e-01  -1.3867179e-03
   9.7324415e-01  -1.6314270e-03
   9.6989967e-01  -1.8871332e-03
   9.6655518e-01  -2.1536225e-03
   9.6321070e-01  -2.4306818e-03
   9.5986622e-01  -2.7181000e-03
   9.5652174e-01  -3.0156672e-03
   9.5317726e-01  -3.3231751e-03
   9.4983278e-01  -3.6404170e-03
   9.4648829e-01  -3.9671875e-03
   9.4314381e-01  -4.3032829e-03
   9.3979933e-01  -4.6485007e-03
   9.3645485e-01  -5.0026403e-03
   9.3311037e-01  -5.3655022e-03
   9.2976589e-01  -5.7368886e-03
   9.2642140e-01  -6.1166031e-03
   9.2307692e-01  -6.5044507e-03
   9.1973244e-01  -6.9002380e-03
   9.1638796e-01  -7.3037729e-03
   9.1304348e-01  -7.7148650e-03
   9.0969900e-01  -8.1333251e-03
   9.0635452e-01  -8.5589656e-03
   9.0301003e-01  -8.9916003e-03
   8.9966555e-01  -9.4310446e-03
   8.9632107e-01  -9.8771150e-03
   8.9297659e-01  -1.0329630e-02
   8.8963211e-01  -1.0788408e-02
   8.8628763e-01  -1.1253272e-02
   8.8294314e-01  -1.1724042e-02
   8.7959866e-01  -1.2200544e-02
   8.7625418e-01  -1.2682602e-02
   8.7290970e-01  -1.3170044e-02
   8.6956522e-01  -1.3662696e-02
   8.6622074e-01  -1.4160389e-02
   8.6287625e-01  -1.4662954e-02
   8.5953177e-01  -1.5170222e-02
   8.5618729e-01  -1.5682028e-02
   8.5284281e-01  -1.6198206e-02
   8.4949833e-01  -1.6718594e-02
   8.4615385e-01  -1.7243028e-02
   8.4280936e-01  -1.7771348e-02
   8.3946488e-01  -1.8303395e-02
   8.3612040e-01  -1.8839011e-02
   8.3277592e-01  -1.9378038e-02
   8.2943144e-01  -1.9920322e-02
   8.2608696e-01  -2.0465709e-02
   8.2274247e-01  -2.1014046e-02
   8.1939799e-01  -2.1565182e-02
   8.1605351e-01  -2.2118967e-02
   8.1270903e-01  -2.2675252e-02
   8.0936455e-01  -2.3233890e-02
   8.0602007e-01  -2.3794736e-02
   8.0267559e-01  -2.4357644e-02
   7.9933110e-01  -2.4922471e-02
   7.9598662e-01  -2.5489076e-02
   7.9264214e-01  -2.6057319e-02
   7.8929766e-01  -2.6627058e-02
   7.8595318e-01  -2.7198158e-02
   7.8260870e-01  -2.7770480e-02
   7.7926421e-01  -2.8343890e-02
   7.7591973e-01  -2.8918253e-02
   7.7257525e-01  -2.9493438e-02
   7.6923077e-01  -3.0069311e-02
   7.6588629e-01  -3.0645743e-02
   7.6254181e-01  -3.1222606e-02
   7.5919732e-01  -3.1799770e-02
   7.5585284e-01  -3.2377111e-02
   7.5250836e-01  -3.2954502e-02
   7.4916388e-01  -3.3531820e-02
   7.4581940e-01  -3.4108943e-02
   7.4247492e-01  -3.4685748e-02
   7.3913043e-01  -3.5262116e-02
   7.3578595e-01  -3.5837927e-02
   7.3244147e-01  -3.6413065e-02
   7.2909699e-01  -3.6987412e-02
   7.2575251e-01  -3.7560854e-02
   7.2240803e-01  -3.8133276e-02
   7.1906355e-01  -3.8704566e-02
   7.1571906e-01  -3.9274612e-02
   7.1237458e-01  -3.9843304e-02
   7.0903010e-01  -4.0410532e-02
   7.0568562e-01  -4.0976189e-02
   7.0234114e-01  -4.1540167e-02
   6.9899666e-01  -4.2102362e-02
   6.9565217e-01  -4.2662669e-02
   6.9230769e-01  -4.3220984e-02
   6.8896321e-01  -4.3777205e-02
   6.8561873e-01  -4.4331233e-02
   6.8227425e-01  -4.4882966e-02
   6.7892977e-01  -4.5432306e-02
   6.7558528e-01  -4.5979156e-02
   6.7224080e-01  -4.6523420e-02
   6.6889632e-01  -4.7065002e-02
   6.6555184e-01  -4.7603809e-02
   6.6220736e-01  -4.8139747e-02
   6.5886288e-01  -4.8672725e-02
   6.5551839e-01  -4.9202652e-02
   6.5217391e-01  -4.9729438e-02
   6.4882943e-01  -5.0252996e-02
   6.4548495e-01  -5.0773237e-02
   6.4214047e-01  -5.1290076e-02
   6.3879599e-01  -5.1803427e-02
   6.3545151e-01  -5.2313206e-02
   6.3210702e-01  -5.2819331e-02
   6.2876254e-01  -5.3321720e-02
   6.2541806e-01  -5.3820290e-02
   6.2207358e-01  -5.4314964e-02
   6.1872910e-01  -5.4805662e-02
   6.1538462e-01  -5.5292305e-02
   6.1204013e-01  -5.5774819e-02
   6.0869565e-01  -5.6253127e-02
   6.0535117e-01  -5.6727154e-02
   6.0200669e-01  -5.7196826e-02
   5.9866221e-01  -5.7662072e-02
   5.9531773e-01  -5.8122820e-02
   5.9197324e-01  -5.8578999e-02
   5.8862876e-01  -5.9030540e-02
   5.8528428e-01  -5.9477374e-02
   5.8193980e-01  -5.9919433e-02
   5.7859532e-01  -6.0356651e-02
   5.7525084e-01  -6.0788962e-02
   5.7190635e-01  -6.1216301e-02
   5.6856187e-01  -6.1638606e-02
   5.6521739e-01  -6.2055812e-02
   5.6187291e-01  -6.2467859e-02
   5.5852843e-01  -6.2874684e-02
   5.5518395e-01  -6.3276229e-02
   5.5183946e-01  -6.3672434e-02
   5.4849498e-01  -6.4063240e-02
   5.4515050e-01  -6.4448591e-02
   5.4180602e-01  -6.4828431e-02
   5.3846154e-01  -6.5202703e-02
   5.3511706e-01  -6.5571353e-02
   5.3177258e-01  -6.5934328e-02
   5.2842809e-01  -6.6291573e-02
   5.2508361e-01  -6.6643038e-02
   5.2173913e-01  -6.6988671e-02
   5.1839465e-01  -6.7328422e-02
   5.1505017e-01  -6.7662241e-02
   5.1170569e-01  -6.7990079e-02
   5.0836120e-01  -6.8311889e-02
   5.0501672e-01  -6.8627623e-02
   5.0167224e-01  -6.8937234e-02
   4.9832776e-01  -6.9240678e-02
   4.9498328e-01  -6.9537909e-02
   4.9163880e-01  -6.9828883e-02
   4.8829431e-01  -7.0113558e-02
   4.8494983e-01  -7.0391890e-02
   4.8160535e-01  -7.0663837e-02
   4.7826087e-01  -7.0929358e-02
   4.7491639e-01  -7.1188414e-02
   4.7157191e-01  -7.1440963e-02
   4.6822742e-01  -7.1686967e-02
   4.6488294e-01  -7.1926388e-02
   4.6153846e-01  -7.2159187e-02
   4.5819398e-01  -7.2385328e-02
   4.5484950e-01  -7.2604775e-02
   4.5150502e-01  -7.2817490e-02
   4.4816054e-01  -7.3023439e-02
   4.4481605e-01  -7.3222587e-02
   4.4147157e-01  -7.3414900e-02
   4.3812709e-01  -7.3600345e-02
   4.3478261e-01  -7.3778888e-02
   4.3143813e-01  -7.3950496e-02
   4.2809365e-01  -7.4115139e-02
   4.2474916e-01  -7.4272784e-02
   4.2140468e-01  -7.4423401e-02
   4.1806020e-01  -7.4566959e-02
   4.1471572e-01  -7.4703428e-02
   4.1137124e-01  -7.4832778e-02
   4.0802676e-01  -7.4954980e-02
   4.0468227e-01  -7.5070005e-02
   4.0133779e-01  -7.5177825e-02
   3.9799331e-01  -7.5278412e-02
   3.9464883e-01  -7.5371738e-02
   3.9130435e-01  -7.5457775e-02
   3.8795987e-01  -7.5536498e-02
   3.8461538e-01  -7.5607877e-02
   3.8127090e-01  -7.5671889e-02
   3.7792642e-01  -7.5728505e-02
   3.7458194e-01  -7.5777699e-02
   3.7123746e-01  -7.5819447e-02
   3.6789298e-01  -7.5853722e-02
   3.6454849e-01  -7.5880498e-02
   3.6120401e-01  -7.5899750e-02
   3.5785953e-01  -7.5911453e-02
   3.5451505e-01  -7.5915581e-02
   3.5117057e-01  -7.5912109e-02
   3.4782609e-01  -7.5901012e-02
   3.4448161e-01  -7.5882264e-02
   3.4113712e-01  -7.5855839e-02
   3.3779264e-01  -7.5821713e-02
   3.3444816e-01  -7.5779859e-02
   3.3110368e-01  -7.5730252e-02
   3.2775920e-01  -7.5672866e-02
   3.2441472e-01  -7.5607673e-02
   3.2107023e-01  -7.5534649e-02
   3.1772575e-01  -7.5453765e-02
   3.1438127e-01  -7.5364995e-02
   3.1103679e-01  -7.5268310e-02
   3.0769231e-01  -7.5163682e-02
   3.0434783e-01  -7.5051084e-02
   3.0100334e-01  -7.4930485e-02
   2.9765886e-01  -7.4801855e-02
   2.9431438e-01  -7.4665163e-02
   2.9096990e-01  -7.4520380e-02
   2.8762542e-01  -7.4367471e-02
   2.8428094e-01  -7.4206405e-02
   2.8093645e-01  -7.4037146e-02
   2.7759197e-01  -7.3859661e-02
   2.7424749e-01  -7.3673912e-02
   2.7090301e-01  -7.3479863e-02
   2.6755853e-01  -7.3277474e-02
   2.6421405e-01  -7.3066707e-02
   2.6086957e-01  -7.2847520e-02
   2.5752508e-01  -7.2619869e-02
   2.5418060e-01  -7.2383710e-02
   2.5083612e-01  -7.2138997e-02
   2.4749164e-01  -7.1885682e-02
   2.4414716e-01  -7.1623715e-02
   2.4080268e-01  -7.1353042e-02
   2.3745819e-01  -7.1073611e-02
   2.3411371e-01  -7.0785363e-02
   2.3076923e-01  -7.0488239e-02
   2.2742475e-01  -7.0182178e-02
   2.2408027e-01  -6.9867114e-02
   2.2073579e-01  -6.9542978e-02
   2.1739130e-01  -6.9209700e-02
   2.1404682e-01  -6.8867204e-02
   2.1070234e-01  -6.8515413e-02
   2.0735786e-01  -6.8154242e-02
   2.0401338e-01  -6.7783606e-02
   2.0066890e-01  -6.7403412e-02
   1.9732441e-01  -6.7013566e-02
   1.9397993e-01  -6.6613966e-02
   1.9063545e-01  -6.6204505e-02
   1.8729097e-01  -6.5785071e-02
   1.8394649e-01  -6.5355546e-02
   1.8060201e-01  -6.4915803e-02
   1.7725753e-01  -6.4465711e-02
   1.7391304e-01  -6.4005130e-02
   1.7056856e-01  -6.3533911e-02
   1.6722408e-01  -6.3051897e-02
   1.6387960e-01  -6.2558924e-02
   1.6053512e-01  -6.2054813e-02
   1.5719064e-01  -6.1539378e-02
   1.5384615e-01  -6.1012420e-02
   1.5050167e-01  -6.0473727e-02
   1.4715719e-01  -5.9923073e-02
   1.4381271e-01  -5.9360220e-02
   1.4046823e-01  -5.8784910e-02
   1.3712375e-01  -5.8196870e-02
   1.3377926e-01  -5.7595808e-02
   1.3043478e-01  -5.6981411e-02
   1.2709030e-01  -5.6353343e-02
   1.2374582e-01  -5.5711243e-02
   1.2040134e-01  -5.5054724e-02
   1.1705686e-01  -5.4383371e-02
   1.1371237e-01  -5.3696732e-02
   1.1036789e-01  -5.2994322e-02
   1.0702341e-01  -5.2275616e-02
   1.0367893e-01  -5.1540044e-02
   1.0033445e-01  -5.0786986e-02
   9.6989967e-02  -5.0015767e-02
   9.3645485e-02  -4.9225650e-02
   9.0301003e-02  -4.8415829e-02
   8.6956522e-02  -4.7585418e-02
   8.3612040e-02  -4.6733441e-02
   8.0267559e-02  -4.5858821e-02
   7.6923077e-02  -4.4960361e-02
   7.3578595e-02  -4.4036732e-02
   7.0234114e-02  -4.3086444e-02
   6.6889632e-02  -4.2107824e-02
   6.3545151e-02  -4.1098985e-02
   6.0200669e-02  -4.0057779e-02
   5.6856187e-02  -3.8981754e-02
   5.3511706e-02  -3.7868084e-02
   5.0167224e-02  -3.6713490e-02
   4.6822742e-02  -3.5514130e-02
   4.3478261e-02  -3.4265457e-02
   4.0133779e-02  -3.2962026e-02
   3.6789298e-02  -3.1597221e-02
   3.3444816e-02  -3.0162883e-02
   3.0100334e-02  -2.8648743e-02
   2.6755853e-02  -2.7041582e-02
   2.3411371e-02  -2.5323888e-02
   2.0066890e-02  -2.3471610e-02
   1.6722408e-02  -2.1450131e-02
   1.3377926e-02  -1.9206337e-02
   1.0033445e-02  -1.6650868e-02
   6.6889632e-03  -1.3609595e-02
   3.3444816e-03  -9.6333326e-03
   0.0000000e+00   7.0000000e-04
