   0.0000000e+00   5.0000000e-04
   3.3444816e-03   1.2296194e-02
   6.6889632e-03   1.7447181e-02
   1.0033445e-02   2.1436519e-02
   1.3377926e-02   2.4828576e-02
   1.6722408e-02   2.7840739e-02
   2.0066890e-02   3.0583841e-02
   2.3411371e-02   3.3123304e-02
   2.6755853e-02   3.5501468e-02
   3.0100334e-02   3.7747531e-02
   3.3444816e-02   3.9882592e-02
   3.6789298e-02   4.1922453e-02
   4.0133779e-02   4.3879290e-02
   4.3478261e-02   4.5762702e-02
   4.6822742e-02   4.7580405e-02
   5.0167224e-02   4.9338699e-02
   5.3511706e-02   5.1042799e-02
   5.6856187e-02   5.2697077e-02
   6.0200669e-02   5.4305231e-02
   6.3545151e-02   5.5870423e-02
   6.6889632e-02   5.7395375e-02
   7.0234114e-02   5.8882449e-02
   7.3578595e-02   6.0333709e-02
   7.6923077e-02   6.1750966e-02
   8.0267559e-02   6.3135823e-02
   8.3612040e-02   6.4489701e-02
   8.6956522e-02   6.5813868e-02
   9.0301003e-02   6.7109460e-02
   9.3645485e-02   6.8377500e-02
   9.6989967e-02   6.9618910e-02
   1.0033445e-01   7.0834527e-02
   1.0367893e-01   7.2025111e-02
   1.0702341e-01   7.3191356e-02
   1.1036789e-01   7.4333896e-02
   1.1371237e-01   7.5453314e-02
   1.1705686e-01   7.6550146e-02
   1.2040134e-01   7.7624885e-02
   1.2374582e-01   7.8677990e-02
   1.2709030e-01   7.9709885e-02
   1.3043478e-01   8.0720965e-02
   1.3377926e-01   8.1711598e-02
   1.3712375e-01   8.2682127e-02
   1.4046823e-01   8.3632875e-02
   1.4381271e-01   8.4564144e-02
   1.4715719e-01   8.5476218e-02
   1.5050167e-01   8.6369365e-02
   1.5384615e-01   8.7243839e-02
   1.5719064e-01   8.8099880e-02
   1.6053512e-01   8.8937715e-02
   1.6387960e-01   8.9757562e-02
   1.6722408e-01   9.0559626e-02
   1.7056856e-01   9.1344104e-02
   1.7391304e-01   9.2111186e-02
   1.7725753e-01   9.2861051e-02
   1.8060201e-01   9.3593873e-02
   1.8394649e-01   9.4309819e-02
   1.8729097e-01   9.5009050e-02
   1.9063545e-01   9.5691721e-02
   1.9397993e-01   9.6357983e-02
   1.9732441e-01   9.7007981e-02
   2.0066890e-01   9.7641856e-02
   2.0401338e-01   9.8259746e-02
   2.0735786e-01   9.8861783e-02
   2.1070234e-01   9.9448099e-02
   2.1404682e-01   1.0001882e-01
   2.1739130e-01   1.0057407e-01
   2.2073579e-01   1.0111398e-01
   2.2408027e-01   1.0163865e-01
   2.2742475e-01   1.0214821e-01
   2.3076923e-01   1.0264278e-01
   2.3411371e-01   1.0312246e-01
   2.3745819e-01   1.0358737e-01
   2.4080268e-01   1.0403762e-01
   2.4414716e-01   1.0447331e-01
   2.4749164e-01   1.0489455e-01
   2.5083612e-01   1.0530146e-01
   2.5418060e-01   1.0569412e-01
   2.5752508e-01   1.0607265e-01
   2.6086957e-01   1.0643716e-01
   2.6421405e-01   1.0678773e-01
   2.6755853e-01   1.0712447e-01
   2.7090301e-01   1.0744749e-01
   2.7424749e-01   1.0775688e-01
   2.7759197e-01   1.0805274e-01
   2.8093645e-01   1.0833516e-01
   2.8428094e-01   1.0860426e-01
   2.8762542e-01   1.0886011e-01
   2.9096990e-01   1.0910283e-01
   2.9431438e-01   1.0933251e-01
   2.9765886e-01   1.0954923e-01
   3.0100334e-01   1.0975311e-01
   3.0434783e-01   1.0994423e-01
   3.0769231e-01   1.1012269e-01
   3.1103679e-01   1.1028859e-01
   3.1438127e-01   1.1044201e-01
   3.1772575e-01   1.1058306e-01
   3.2107023e-01   1.1071183e-01
   3.2441472e-01   1.1082841e-01
   3.2775920e-01   1.1093290e-01
   3.3110368e-01   1.1102539e-01
   3.3444816e-01   1.1110598e-01
   3.3779264e-01   1.1117475e-01
   3.4113712e-01   1.1123180e-01
   3.4448161e-01   1.1127724e-01
   3.4782609e-01   1.1131114e-01
   3.5117057e-01   1.1133360e-01
   3.5451505e-01   1.1134473e-01
   3.5785953e-01   1.1134460e-01
   3.6120401e-01   1.1133331e-01
   3.6454849e-01   1.1131096e-01
   3.6789298e-01   1.1127764e-01
   3.7123746e-01   1.1123345e-01
   3.7458194e-01   1.1117847e-01
   3.7792642e-01   1.1111279e-01
   3.8127090e-01   1.1103653e-01
   3.8461538e-01   1.1094975e-01
   3.8795987e-01   1.1085256e-01
   3.9130435e-01   1.1074506e-01
   3.9464883e-01   1.1062733e-01
   3.9799331e-01   1.1049946e-01
   4.0133779e-01   1.1036155e-01
   4.0468227e-01   1.1021370e-01
   4.0802676e-01   1.1005598e-01
   4.1137124e-01   1.0988851e-01
   4.1471572e-01   1.0971136e-01
   4.1806020e-01   1.0952464e-01
   4.2140468e-01   1.0932843e-01
   4.2474916e-01   1.0912283e-01
   4.2809365e-01   1.0890792e-01
   4.3143813e-01   1.0868380e-01
   4.3478261e-01   1.0845057e-01
   4.3812709e-01   1.0820831e-01
   4.4147157e-01   1.0795711e-01
   4.4481605e-01   1.0769707e-01
   4.4816054e-01   1.0742828e-01
   4.5150502e-01   1.0715083e-01
   4.5484950e-01   1.0686481e-01
   4.5819398e-01   1.0657032e-01
   4.6153846e-01   1.0626743e-01
   4.6488294e-01   1.0595625e-01
   4.6822742e-01   1.0563686e-01
   4.7157191e-01   1.0530935e-01
   4.7491639e-01   1.0497382e-01
   4.7826087e-01   1.0463035e-01
   4.8160535e-01   1.0427904e-01
   4.8494983e-01   1.0391997e-01
   4.8829431e-01   1.0355323e-01
   4.9163880e-01   1.0317891e-01
   4.9498328e-01   1.0279711e-01
   4.9832776e-01   1.0240790e-01
   5.0167224e-01   1.0201138e-01
   5.0501672e-01   1.0160763e-01
   5.0836120e-01   1.0119675e-01
   5.1170569e-01   1.0077881e-01
   5.1505017e-01   1.0035392e-01
   5.1839465e-01   9.9922144e-02
   5.2173913e-01   9.9483583e-02
   5.2508361e-01   9.9038319e-02
   5.2842809e-01   9.8586439e-02
   5.3177258e-01   9.8128028e-02
   5.3511706e-01   9.7663170e-02
   5.3846154e-01   9.7191952e-02
   5.4180602e-01   9.6714457e-02
   5.4515050e-01   9.6230771e-02
   5.4849498e-01   9.5740976e-02
   5.5183946e-01   9.5245156e-02
   5.5518395e-01   9.4743395e-02
   5.5852843e-01   9.4235775e-02
   5.6187291e-01   9.3722378e-02
   5.6521739e-01   9.3203287e-02
   5.6856187e-01   9.2678582e-02
   5.7190635e-01   9.2148345e-02
   5.7525084e-01   9.1612657e-02
   5.7859532e-01   9.1071597e-02
   5.8193980e-01   9.0525245e-02
   5.8528428e-01   8.9973680e-02
   5.8862876e-01   8.9416982e-02
   5.9197324e-01   8.8855227e-02
   5.9531773e-01   8.8288495e-02
   5.9866221e-01   8.7716863e-02
   6.0200669e-01   8.7140406e-02
   6.0535117e-01   8.6559202e-02
   6.0869565e-01   8.5973326e-02
   6.1204013e-01   8.5382853e-02
   6.1538462e-01   8.4787858e-02
   6.1872910e-01   8.4188415e-02
   6.2207358e-01   8.3584597e-02
   6.2541806e-01   8.2976478e-02
   6.2876254e-01   8.2364130e-02
   6.3210702e-01   8.1747624e-02
   6.3545151e-01   8.1127032e-02
   6.3879599e-01   8.0502425e-02
   6.4214047e-01   7.9873872e-02
   6.4548495e-01   7.9241443e-02
   6.4882943e-01   7.8605207e-02
   6.5217391e-01   7.7965231e-02
   6.5551839e-01   7.7321583e-02
   6.5886288e-01   7.6674331e-02
   6.6220736e-01   7.6023539e-02
   6.6555184e-01   7.5369274e-02
   6.6889632e-01   7.4711601e-02
   6.7224080e-01   7.4050584e-02
   6.7558528e-01   7.3386285e-02
   6.7892977e-01   7.2718769e-02
   6.8227425e-01   7.2048096e-02
   6.8561873e-01   7.1374328e-02
   6.8896321e-01   7.0697527e-02
   6.9230769e-01   7.0017751e-02
   6.9565217e-01   6.9335061e-02
   6.9899666e-01   6.8649513e-02
   7.0234114e-01   6.7961167e-02
   7.0568562e-01   6.7270078e-02
   7.0903010e-01   6.6576304e-02
   7.1237458e-01   6.5879899e-02
   7.1571906e-01   6.5180917e-02
   7.1906355e-01   6.4479414e-02
   7.2240803e-01   6.3775441e-02
   7.2575251e-01   6.3069051e-02
   7.2909699e-01   6.2360295e-02
   7.3244147e-01   6.1649224e-02
   7.3578595e-01   6.0935887e-02
   7.3913043e-01   6.0220333e-02
   7.4247492e-01   5.9502610e-02
   7.4581940e-01   5.8782766e-02
   7.4916388e-01   5.8060847e-02
   7.5250836e-01   5.7336898e-02
   7.5585284e-01   5.6610963e-02
   7.5919732e-01   5.5883087e-02
   7.6254181e-01   5.5153312e-02
   7.6588629e-01   5.4421680e-02
   7.6923077e-01   5.3688231e-02
   7.7257525e-01   5.2953007e-02
   7.7591973e-01   5.2216046e-02
   7.7926421e-01   5.1477387e-02
   7.8260870e-01   5.0737066e-02
   7.8595318e-01   4.9995120e-02
   7.8929766e-01   4.9251585e-02
   7.9264214e-01   4.8506494e-02
   7.9598662e-01   4.7759882e-02
   7.9933110e-01   4.7011780e-02
   8.0267559e-01   4.6262222e-02
   8.0602007e-01   4.5511235e-02
   8.0936455e-01   4.4758852e-02
   8.1270903e-01   4.4005099e-02
   8.1605351e-01   4.3250006e-02
   8.1939799e-01   4.2493597e-02
   8.2274247e-01   4.1735899e-02
   8.2608696e-01   4.0976936e-02
   8.2943144e-01   4.0216732e-02
   8.3277592e-01   3.9455308e-02
   8.3612040e-01   3.8692688e-02
   8.3946488e-01   3.7928889e-02
   8.4280936e-01   3.7163933e-02
   8.4615385e-01   3.6397838e-02
   8.4949833e-01   3.5630619e-02
   8.5284281e-01   3.4862294e-02
   8.5618729e-01   3.4092877e-02
   8.5953177e-01   3.3322383e-02
   8.6287625e-01   3.2550823e-02
   8.6622074e-01   3.1778210e-02
   8.6956522e-01   3.1004554e-02
   8.7290970e-01   3.0229865e-02
   8.7625418e-01   2.9454151e-02
   8.7959866e-01   2.8677419e-02
   8.8294314e-01   2.7899674e-02
   8.8628763e-01   2.7120923e-02
   8.8963211e-01   2.6341168e-02
   8.9297659e-01   2.5560413e-02
   8.9632107e-01   2.4778658e-02
   8.9966555e-01   2.3995904e-02
   9.0301003e-01   2.3212150e-02
   9.0635452e-01   2.2427393e-02
   9.0969900e-01   2.1641631e-02
   9.1304348e-01   2.0854859e-02
   9.1638796e-01   2.0067071e-02
   9.1973244e-01   1.9278260e-02
   9.2307692e-01   1.8488418e-02
   9.2642140e-01   1.7697535e-02
   9.2976589e-01   1.6905602e-02
   9.3311037e-01   1.6112606e-02
   9.3645485e-01   1.5318533e-02
   9.3979933e-01   1.4523371e-02
   9.4314381e-01   1.3727102e-02
   9.4648829e-01   1.2929711e-02
   9.4983278e-01   1.2131178e-02
   9.5317726e-01   1.1331486e-02
   9.5652174e-01   1.0530612e-02
   9.5986622e-01   9.7285351e-03
   9.6321070e-01   8.9252321e-03
   9.6655518e-01   8.1206782e-03
   9.6989967e-01   7.3148476e-03
   9.7324415e-01   6.5077132e-03
   9.7658863e-01   5.6992464e-03
   9.7993311e-01   4.8894174e-03
   9.8327759e-01   4.0781951e-03
   9.8662207e-01   3.2655470e-03
   9.8996656e-01   2.4514393e-03
   9.9331104e-01   1.6358368e-03
   9.9665552e-01   8.1870296e-04
   1.0000000e+00   0.0000000e+00
   1.0000000e+00   0.0000000e+00
   9.9665552e-01   2.0225344e-04
   9.9331104e-01   3.8423093e-04
   9.8996656e-01   5.4624188e-04
   9.8662207e-01   6.8859379e-04
   9.8327759e-01   8.1159232e-04
   9.7993311e-01   9.1554127e-04
   9.7658863e-01   1.0007426e-03
   9.7324415e-01   1.0674963e-03
   9.6989967e-01   1.1161006e-03
   9.6655518e-01   1.1468520e-03
   9.6321070e-01   1.1600449e-03
   9.5986622e-01   1.1559720e-03
   9.5652174e-01   1.1349241e-03
   9.5317726e-01   1.0971903e-03
   9.4983278e-01   1.0430576e-03
   9.4648829e-01   9.7281151e-04
   9.4314381e-01   8.8673543e-04
   9.3979933e-01   7.8511104e-04
   9.3645485e-01   6.6821820e-04
   9.3311037e-01   5.3633495e-04
   9.2976589e-01   3.8973749e-04
   9.2642140e-01   2.2870023e-04
   9.2307692e-01   5.3495752e-05
   9.1973244e-01  -1.3560515e-04
   9.1638796e-01  -3.3833350e-04
   9.1304348e-01  -5.5442211e-04
   9.0969900e-01  -7.8360560e-04
   9.0635452e-01  -1.0256204e-03
   9.0301003e-01  -1.2802047e-03
   8.9966555e-01  -1.5470985e-03
   8.9632107e-01  -1.8260435e-03
   8.9297659e-01  -2.1167834e-03
   8.8963211e-01  -2.4190634e-03
   8.8628763e-01  -2.7326306e-03
   8.8294314e-01  -3.0572340e-03
   8.7959866e-01  -3.3926242e-03
   8.7625418e-01  -3.7385536e-03
   8.7290970e-01  -4.0947764e-03
   8.6956522e-01  -4.4610485e-03
   8.6622074e-01  -4.8371276e-03
   8.6287625e-01  -5.2227731e-03
   8.5953177e-01  -5.6177463e-03
   8.5618729e-01  -6.0218100e-03
   8.5284281e-01  -6.4347290e-03
   8.4949833e-01  -6.8562696e-03
   8.4615385e-01  -7.2862001e-03
   8.4280936e-01  -7.7242902e-03
   8.3946488e-01  -8.1703116e-03
   8.3612040e-01  -8.6240377e-03
   8.3277592e-01  -9.0852435e-03
   8.2943144e-01  -9.5537057e-03
   8.2608696e-01  -1.0029203e-02
   8.2274247e-01  -1.0511515e-02
   8.1939799e-01  -1.1000425e-02
   8.1605351e-01  -1.1495715e-02
   8.1270903e-01  -1.1997171e-02
   8.0936455e-01  -1.2504580e-02
   8.0602007e-01  -1.3017731e-02
   8.0267559e-01  -1.3536415e-02
   7.9933110e-01  -1.4060422e-02
   7.9598662e-01  -1.4589547e-02
   7.9264214e-01  -1.5123586e-02
   7.8929766e-01  -1.5662336e-02
   7.8595318e-01  -1.6205595e-02
   7.8260870e-01  -1.6753163e-02
   7.7926421e-01  -1.7304844e-02
   7.7591973e-01  -1.7860441e-02
   7.7257525e-01  -1.8419759e-02
   7.6923077e-01  -1.8982605e-02
   7.6588629e-01  -1.9548789e-02
   7.6254181e-01  -2.0118120e-02
   7.5919732e-01  -2.0690411e-02
   7.5585284e-01  -2.1265476e-02
   7.5250836e-01  -2.1843129e-02
   7.4916388e-01  -2.2423188e-02
   7.4581940e-01  -2.3005471e-02
   7.4247492e-01  -2.3589799e-02
   7.3913043e-01  -2.4175994e-02
   7.3578595e-01  -2.4763878e-02
   7.3244147e-01  -2.5353278e-02
   7.2909699e-01  -2.5944019e-02
   7.2575251e-01  -2.6535931e-02
   7.2240803e-01  -2.7128842e-02
   7.1906355e-01  -2.7722586e-02
   7.1571906e-01  -2.8316994e-02
   7.1237458e-01  -2.8911901e-02
   7.0903010e-01  -2.9507145e-02
   7.0568562e-01  -3.0102562e-02
   7.0234114e-01  -3.0697992e-02
   6.9899666e-01  -3.1293277e-02
   6.9565217e-01  -3.1888258e-02
   6.9230769e-01  -3.2482781e-02
   6.8896321e-01  -3.3076690e-02
   6.8561873e-01  -3.3669834e-02
   6.8227425e-01  -3.4262061e-02
   6.7892977e-01  -3.4853222e-02
   6.7558528e-01  -3.5443168e-02
   6.7224080e-01  -3.6031753e-02
   6.6889632e-01  -3.6618833e-02
   6.6555184e-01  -3.7204264e-02
   6.6220736e-01  -3.7787904e-02
   6.5886288e-01  -3.8369613e-02
   6.5551839e-01  -3.8949252e-02
   6.5217391e-01  -3.9526684e-02
   6.4882943e-01  -4.0101773e-02
   6.4548495e-01  -4.0674385e-02
   6.4214047e-01  -4.1244387e-02
   6.3879599e-01  -4.1811649e-02
   6.3545151e-01  -4.2376040e-02
   6.3210702e-01  -4.2937432e-02
   6.2876254e-01  -4.3495699e-02
   6.2541806e-01  -4.4050716e-02
   6.2207358e-01  -4.4602358e-02
   6.1872910e-01  -4.5150503e-02
   6.1538462e-01  -4.5695032e-02
   6.1204013e-01  -4.6235824e-02
   6.0869565e-01  -4.6772761e-02
   6.0535117e-01  -4.7305728e-02
   6.0200669e-01  -4.7834610e-02
   5.9866221e-01  -4.8359293e-02
   5.9531773e-01  -4.8879664e-02
   5.9197324e-01  -4.9395615e-02
   5.8862876e-01  -4.9907035e-02
   5.8528428e-01  -5.0413817e-02
   5.8193980e-01  -5.0915854e-02
   5.7859532e-01  -5.1413043e-02
   5.7525084e-01  -5.1905279e-02
   5.7190635e-01  -5.2392461e-02
   5.6856187e-01  -5.2874488e-02
   5.6521739e-01  -5.3351261e-02
   5.6187291e-01  -5.3822682e-02
   5.5852843e-01  -5.4288656e-02
   5.5518395e-01  -5.4749086e-02
   5.5183946e-01  -5.5203880e-02
   5.4849498e-01  -5.5652946e-02
   5.4515050e-01  -5.6096192e-02
   5.4180602e-01  -5.6533530e-02
   5.3846154e-01  -5.6964871e-02
   5.3511706e-01  -5.7390128e-02
   5.3177258e-01  -5.7809217e-02
   5.2842809e-01  -5.8222054e-02
   5.2508361e-01  -5.8628555e-02
   5.2173913e-01  -5.9028640e-02
   5.1839465e-01  -5.9422229e-02
   5.1505017e-01  -5.9809242e-02
   5.1170569e-01  -6.0189604e-02
   5.0836120e-01  -6.0563237e-02
   5.0501672e-01  -6.0930068e-02
   5.0167224e-01  -6.1290023e-02
   4.9832776e-01  -6.1643030e-02
   4.9498328e-01  -6.1989018e-02
   4.9163880e-01  -6.2327918e-02
   4.8829431e-01  -6.2659661e-02
   4.8494983e-01  -6.2984182e-02
   4.8160535e-01  -6.3301413e-02
   4.7826087e-01  -6.3611292e-02
   4.7491639e-01  -6.3913754e-02
   4.7157191e-01  -6.4208738e-02
   4.6822742e-01  -6.4496184e-02
   4.6488294e-01  -6.4776032e-02
   4.6153846e-01  -6.5048223e-02
   4.5819398e-01  -6.5312702e-02
   4.5484950e-01  -6.5569412e-02
   4.5150502e-01  -6.5818299e-02
   4.4816054e-01  -6.6059310e-02
   4.4481605e-01  -6.6292392e-02
   4.4147157e-01  -6.6517495e-02
   4.3812709e-01  -6.6734568e-02
   4.3478261e-01  -6.6943564e-02
   4.3143813e-01  -6.7144435e-02
   4.2809365e-01  -6.7337134e-02
   4.2474916e-01  -6.7521618e-02
   4.2140468e-01  -6.7697840e-02
   4.1806020e-01  -6.7865760e-02
   4.1471572e-01  -6.8025334e-02
   4.1137124e-01  -6.8176523e-02
   4.0802676e-01  -6.8319287e-02
   4.0468227e-01  -6.8453587e-02
   4.0133779e-01  -6.8579385e-02
   3.9799331e-01  -6.8696647e-02
   3.9464883e-01  -6.8805336e-02
   3.9130435e-01  -6.8905418e-02
   3.8795987e-01  -6.8996860e-02
   3.8461538e-01  -6.9079629e-02
   3.8127090e-01  -6.9153695e-02
   3.7792642e-01  -6.9219028e-02
   3.7458194e-01  -6.9275597e-02
   3.7123746e-01  -6.9323375e-02
   3.6789298e-01  -6.9362335e-02
   3.6454849e-01  -6.9392450e-02
   3.6120401e-01  -6.9413695e-02
   3.5785953e-01  -6.9426044e-02
   3.5451505e-01  -6.9429475e-02
   3.5117057e-01  -6.9423965e-02
   3.4782609e-01  -6.9409492e-02
   3.4448161e-01  -6.9386034e-02
   3.4113712e-01  -6.9353572e-02
   3.3779264e-01  -6.9312085e-02
   3.3444816e-01  -6.9261555e-02
   3.3110368e-01  -6.9201965e-02
   3.2775920e-01  -6.9133297e-02
   3.2441472e-01  -6.9055534e-02
   3.2107023e-01  -6.8968661e-02
   3.1772575e-01  -6.8872663e-02
   3.1438127e-01  -6.8767525e-02
   3.1103679e-01  -6.8653233e-02
   3.0769231e-01  -6.8529774e-02
   3.0434783e-01  -6.8397135e-02
   3.0100334e-01  -6.8255305e-02
   2.9765886e-01  -6.8104271e-02
   2.9431438e-01  -6.7944022e-02
   2.9096990e-01  -6.7774547e-02
   2.8762542e-01  -6.7595837e-02
   2.8428094e-01  -6.7407880e-02
   2.8093645e-01  -6.7210667e-02
   2.7759197e-01  -6.7004190e-02
   2.7424749e-01  -6.6788438e-02
   2.7090301e-01  -6.6563402e-02
   2.6755853e-01  -6.6329074e-02
   2.6421405e-01  -6.6085445e-02
   2.6086957e-01  -6.5832506e-02
   2.5752508e-01  -6.5570248e-02
   2.5418060e-01  -6.5298662e-02
   2.5083612e-01  -6.5017740e-02
   2.4749164e-01  -6.4727471e-02
   2.4414716e-01  -6.4427847e-02
   2.4080268e-01  -6.4118857e-02
   2.3745819e-01  -6.3800492e-02
   2.3411371e-01  -6.3472739e-02
   2.3076923e-01  -6.3135587e-02
   2.2742475e-01  -6.2789025e-02
   2.2408027e-01  -6.2433038e-02
   2.2073579e-01  -6.2067613e-02
   2.1739130e-01  -6.1692735e-02
   2.1404682e-01  -6.1308386e-02
   2.1070234e-01  -6.0914550e-02
   2.0735786e-01  -6.0511207e-02
   2.0401338e-01  -6.0098336e-02
   2.0066890e-01  -5.9675914e-02
   1.9732441e-01  -5.9243917e-02
   1.9397993e-01  -5.8802317e-02
   1.9063545e-01  -5.8351085e-02
   1.8729097e-01  -5.7890190e-02
   1.8394649e-01  -5.7419595e-02
   1.8060201e-01  -5.6939263e-02
   1.7725753e-01  -5.6449152e-02
   1.7391304e-01  -5.5949217e-02
   1.7056856e-01  -5.5439408e-02
   1.6722408e-01  -5.4919670e-02
   1.6387960e-01  -5.4389945e-02
   1.6053512e-01  -5.3850169e-02
   1.5719064e-01  -5.3300269e-02
   1.5384615e-01  -5.2740170e-02
   1.5050167e-01  -5.2169787e-02
   1.4715719e-01  -5.1589029e-02
   1.4381271e-01  -5.0997794e-02
   1.4046823e-01  -5.0395974e-02
   1.3712375e-01  -4.9783448e-02
   1.3377926e-01  -4.9160084e-02
   1.3043478e-01  -4.8525740e-02
   1.2709030e-01  -4.7880258e-02
   1.2374582e-01  -4.7223465e-02
   1.2040134e-01  -4.6555172e-02
   1.1705686e-01  -4.5875171e-02
   1.1371237e-01  -4.5183234e-02
   1.1036789e-01  -4.4479110e-02
   1.0702341e-01  -4.3762521e-02
   1.0367893e-01  -4.3033163e-02
   1.0033445e-01  -4.2290698e-02
   9.6989967e-02  -4.1534752e-02
   9.3645485e-02  -4.0764911e-02
   9.0301003e-02  -3.9980712e-02
   8.6956522e-02  -3.9181644e-02
   8.3612040e-02  -3.8367133e-02
   8.0267559e-02  -3.7536534e-02
   7.6923077e-02  -3.6689126e-02
   7.3578595e-02  -3.5824094e-02
   7.0234114e-02  -3.4940514e-02
   6.6889632e-02  -3.4037336e-02
   6.3545151e-02  -3.3113360e-02
   6.0200669e-02  -3.2167208e-02
   5.6856187e-02  -3.1197285e-02
   5.3511706e-02  -3.0201737e-02
   5.0167224e-02  -2.9178387e-02
   4.6822742e-02  -2.8124661e-02
   4.3478261e-02  -2.7037484e-02
   4.0133779e-02  -2.5913136e-02
   3.6789298e-02  -2.4747062e-02
   3.3444816e-02  -2.3533590e-02
   3.0100334e-02  -2.2265527e-02
   2.6755853e-02  -2.0933540e-02
   2.3411371e-02  -1.9525167e-02
   2.0066890e-02  -1.8023174e-02
   1.6722408e-02  -1.6402576e-02
   1.3377926e-02  -1.4624792e-02
   1.0033445e-02  -1.2624491e-02
   6.6889632e-03  -1.0273593e-02
   3.3444816e-03  -7.2397193e-03
   0.0000000e+00   5.0000000e-04
