   0.0000000e+00   0.0000000e+00
   3.3444816e-03   8.9532036e-03
   6.6889632e-03   1.2695070e-02
   1.0033445e-02   1.5587618e-02
   1.3377926e-02   1.8042898e-02
   1.6722408e-02   2.0219824e-02
   2.0066890e-02   2.2199525e-02
   2.3411371e-02   2.4029965e-02
   2.6755853e-02   2.5742232e-02
   3.0100334e-02   2.7357807e-02
   3.3444816e-02   2.8892240e-02
   3.6789298e-02   3.0357204e-02
   4.0133779e-02   3.1761712e-02
   4.3478261e-02   3.3112889e-02
   4.6822742e-02   3.4416474e-02
   5.0167224e-02   3.5677168e-02
   5.3511706e-02   3.6898873e-02
   5.6856187e-02   3.8084871e-02
   6.0200669e-02   3.9237947e-02
   6.3545151e-02   4.0360488e-02
   6.6889632e-02   4.1454561e-02
   7.0234114e-02   4.2521961e-02
   7.3578595e-02   4.3564265e-02
   7.6923077e-02   4.4582864e-02
   8.0267559e-02   4.5578990e-02
   8.3612040e-02   4.6553743e-02
   8.6956522e-02   4.7508108e-02
   9.0301003e-02   4.8442971e-02
   9.3645485e-02   4.9359134e-02
   9.6989967e-02   5.0257323e-02
   1.0033445e-01   5.1138199e-02
   1.0367893e-01   5.2002366e-02
   1.0702341e-01   5.2850378e-02
   1.1036789e-01   5.3682744e-02
   1.1371237e-01   5.4499934e-02
   1.1705686e-01   5.5302380e-02
   1.2040134e-01   5.6090486e-02
   1.2374582e-01   5.6864624e-02
   1.2709030e-01   5.7625143e-02
   1.3043478e-01   5.8372369e-02
   1.3377926e-01   5.9106605e-02
   1.3712375e-01   5.9828137e-02
   1.4046823e-01   6.0537233e-02
   1.4381271e-01   6.1234147e-02
   1.4715719e-01   6.1919116e-02
   1.5050167e-01   6.2592366e-02
   1.5384615e-01   6.3254110e-02
   1.5719064e-01   6.3904553e-02
   1.6053512e-01   6.4543886e-02
   1.6387960e-01   6.5172293e-02
   1.6722408e-01   6.5789949e-02
   1.7056856e-01   6.6397022e-02
   1.7391304e-01   6.6993671e-02
   1.7725753e-01   6.7580051e-02
   1.8060201e-01   6.8156307e-02
   1.8394649e-01   6.8722583e-02
   1.8729097e-01   6.9279013e-02
   1.9063545e-01   6.9825729e-02
   1.9397993e-01   7.0362857e-02
   1.9732441e-01   7.0890520e-02
   2.0066890e-01   7.1408836e-02
   2.0401338e-01   7.1917919e-02
   2.0735786e-01   7.2417879e-02
   2.1070234e-01   7.2908825e-02
   2.1404682e-01   7.3390860e-02
   2.1739130e-01   7.3864087e-02
   2.2073579e-01   7.4328602e-02
   2.2408027e-01   7.4784503e-02
   2.2742475e-01   7.5231884e-02
   2.3076923e-01   7.5670834e-02
   2.3411371e-01   7.6101443e-02
   2.3745819e-01   7.6523799e-02
   2.4080268e-01   7.6937985e-02
   2.4414716e-01   7.7344085e-02
   2.4749164e-01   7.7742179e-02
   2.5083612e-01   7.8132348e-02
   2.5418060e-01   7.8514669e-02
   2.5752508e-01   7.8889218e-02
   2.6086957e-01   7.9256070e-02
   2.6421405e-01   7.9615297e-02
   2.6755853e-01   7.9966973e-02
   2.7090301e-01   8.0311166e-02
   2.7424749e-01   8.0647947e-02
   2.7759197e-01   8.0977382e-02
   2.8093645e-01   8.1299540e-02
   2.8428094e-01   8.1614485e-02
   2.8762542e-01   8.1922281e-02
   2.9096990e-01   8.2222991e-02
   2.9431438e-01   8.2516679e-02
   2.9765886e-01   8.2803404e-02
   3.0100334e-01   8.3083226e-02
   3.0434783e-01   8.3356206e-02
   3.0769231e-01   8.3622400e-02
   3.1103679e-01   8.3881866e-02
   3.1438127e-01   8.4134660e-02
   3.1772575e-01   8.4380836e-02
   3.2107023e-01   8.4620449e-02
   3.2441472e-01   8.4853553e-02
   3.2775920e-01   8.5080199e-02
   3.3110368e-01   8.5300439e-02
   3.3444816e-01   8.5514324e-02
   3.3779264e-01   8.5721903e-02
   3.4113712e-01   8.5923225e-02
   3.4448161e-01   8.6118338e-02
   3.4782609e-01   8.6307289e-02
   3.5117057e-01   8.6490124e-02
   3.5451505e-01   8.6666889e-02
   3.5785953e-01   8.6837628e-02
   3.6120401e-01   8.7002385e-02
   3.6454849e-01   8.7161202e-02
   3.6789298e-01   8.7314123e-02
   3.7123746e-01   8.7461187e-02
   3.7458194e-01   8.7602434e-02
   3.7792642e-01   8.7737906e-02
   3.8127090e-01   8.7867639e-02
   3.8461538e-01   8.7991672e-02
   3.8795987e-01   8.8110042e-02
   3.9130435e-01   8.8222785e-02
   3.9464883e-01   8.8329935e-02
   3.9799331e-01   8.8431527e-02
   4.0133779e-01   8.8527595e-02
   4.0468227e-01   8.8618171e-02
   4.0802676e-01   8.8703287e-02
   4.1137124e-01   8.8782974e-02
   4.1471572e-01   8.8857261e-02
   4.1806020e-01   8.8926178e-02
   4.2140468e-01   8.8989753e-02
   4.2474916e-01   8.9048013e-02
   4.2809365e-01   8.9100984e-02
   4.3143813e-01   8.9148693e-02
   4.3478261e-01   8.9191163e-02
   4.3812709e-01   8.9228418e-02
   4.4147157e-01   8.9260481e-02
   4.4481605e-01   8.9287374e-02
   4.4816054e-01   8.9309117e-02
   4.5150502e-01   8.9325731e-02
   4.5484950e-01   8.9337234e-02
   4.5819398e-01   8.9343645e-02
   4.6153846e-01   8.9344979e-02
   4.6488294e-01   8.9341255e-02
   4.6822742e-01   8.9332485e-02
   4.7157191e-01   8.9318686e-02
   4.7491639e-01   8.9299869e-02
   4.7826087e-01   8.9276047e-02
   4.8160535e-01   8.9247231e-02
   4.8494983e-01   8.9213430e-02
   4.8829431e-01   8.9174655e-02
   4.9163880e-01   8.9130913e-02
   4.9498328e-01   8.9082211e-02
   4.9832776e-01   8.9028554e-02
   5.0167224e-01   8.8969949e-02
   5.0501672e-01   8.8906399e-02
   5.0836120e-01   8.8837905e-02
   5.1170569e-01   8.8764471e-02
   5.1505017e-01   8.8686097e-02
   5.1839465e-01   8.8602782e-02
   5.2173913e-01   8.8514524e-02
   5.2508361e-01   8.8421322e-02
   5.2842809e-01   8.8323170e-02
   5.3177258e-01   8.8220065e-02
   5.3511706e-01   8.8112000e-02
   5.3846154e-01   8.7998968e-02
   5.4180602e-01   8.7880960e-02
   5.4515050e-01   8.7757967e-02
   5.4849498e-01   8.7629978e-02
   5.5183946e-01   8.7496982e-02
   5.5518395e-01   8.7358966e-02
   5.5852843e-01   8.7215914e-02
   5.6187291e-01   8.7067812e-02
   5.6521739e-01   8.6914644e-02
   5.6856187e-01   8.6756390e-02
   5.7190635e-01   8.6593033e-02
   5.7525084e-01   8.6424552e-02
   5.7859532e-01   8.6250925e-02
   5.8193980e-01   8.6072130e-02
   5.8528428e-01   8.5888142e-02
   5.8862876e-01   8.5698937e-02
   5.9197324e-01   8.5504487e-02
   5.9531773e-01   8.5304766e-02
   5.9866221e-01   8.5099743e-02
   6.0200669e-01   8.4889388e-02
   6.0535117e-01   8.4673670e-02
   6.0869565e-01   8.4452556e-02
   6.1204013e-01   8.4226011e-02
   6.1538462e-01   8.3994000e-02
   6.1872910e-01   8.3756485e-02
   6.2207358e-01   8.3513429e-02
   6.2541806e-01   8.3264791e-02
   6.2876254e-01   8.3010530e-02
   6.3210702e-01   8.2750605e-02
   6.3545151e-01   8.2484971e-02
   6.3879599e-01   8.2213584e-02
   6.4214047e-01   8.1936395e-02
   6.4548495e-01   8.1653359e-02
   6.4882943e-01   8.1364425e-02
   6.5217391e-01   8.1069542e-02
   6.5551839e-01   8.0768658e-02
   6.5886288e-01   8.0461721e-02
   6.6220736e-01   8.0148673e-02
   6.6555184e-01   7.9829460e-02
   6.6889632e-01   7.9504023e-02
   6.7224080e-01   7.9172303e-02
   6.7558528e-01   7.8834239e-02
   6.7892977e-01   7.8489768e-02
   6.8227425e-01   7.8138827e-02
   6.8561873e-01   7.7781350e-02
   6.8896321e-01   7.7417271e-02
   6.9230769e-01   7.7046521e-02
   6.9565217e-01   7.6669030e-02
   6.9899666e-01   7.6284727e-02
   7.0234114e-01   7.5893539e-02
   7.0568562e-01   7.5495392e-02
   7.0903010e-01   7.5090210e-02
   7.1237458e-01   7.4677914e-02
   7.1571906e-01   7.4258427e-02
   7.1906355e-01   7.3831667e-02
   7.2240803e-01   7.3397553e-02
   7.2575251e-01   7.2955999e-02
   7.2909699e-01   7.2506922e-02
   7.3244147e-01   7.2050234e-02
   7.3578595e-01   7.1585846e-02
   7.3913043e-01   7.1113669e-02
   7.4247492e-01   7.0633610e-02
   7.4581940e-01   7.0145575e-02
   7.4916388e-01   6.9649471e-02
   7.5250836e-01   6.9145200e-02
   7.5585284e-01   6.8632664e-02
   7.5919732e-01   6.8111762e-02
   7.6254181e-01   6.7582394e-02
   7.6588629e-01   6.7044456e-02
   7.6923077e-01   6.6497842e-02
   7.7257525e-01   6.5942446e-02
   7.7591973e-01   6.5378160e-02
   7.7926421e-01   6.4804874e-02
   7.8260870e-01   6.4222476e-02
   7.8595318e-01   6.3630851e-02
   7.8929766e-01   6.3029886e-02
   7.9264214e-01   6.2419463e-02
   7.9598662e-01   6.1799463e-02
   7.9933110e-01   6.1169767e-02
   8.0267559e-01   6.0530251e-02
   8.0602007e-01   5.9880792e-02
   8.0936455e-01   5.9221265e-02
   8.1270903e-01   5.8551541e-02
   8.1605351e-01   5.7871492e-02
   8.1939799e-01   5.7180987e-02
   8.2274247e-01   5.6479892e-02
   8.2608696e-01   5.5768073e-02
   8.2943144e-01   5.5045395e-02
   8.3277592e-01   5.4311717e-02
   8.3612040e-01   5.3566902e-02
   8.3946488e-01   5.2810806e-02
   8.4280936e-01   5.2043287e-02
   8.4615385e-01   5.1264198e-02
   8.4949833e-01   5.0473392e-02
   8.5284281e-01   4.9670720e-02
   8.5618729e-01   4.8856031e-02
   8.5953177e-01   4.8029173e-02
   8.6287625e-01   4.7189990e-02
   8.6622074e-01   4.6338325e-02
   8.6956522e-01   4.5474020e-02
   8.7290970e-01   4.4596916e-02
   8.7625418e-01   4.3706848e-02
   8.7959866e-01   4.2803654e-02
   8.8294314e-01   4.1887167e-02
   8.8628763e-01   4.0957219e-02
   8.8963211e-01   4.0013639e-02
   8.9297659e-01   3.9056257e-02
   8.9632107e-01   3.8084898e-02
   8.9966555e-01   3.7099387e-02
   9.0301003e-01   3.6099545e-02
   9.0635452e-01   3.5085193e-02
   9.0969900e-01   3.4056150e-02
   9.1304348e-01   3.3012231e-02
   9.1638796e-01   3.1953252e-02
   9.1973244e-01   3.0879024e-02
   9.2307692e-01   2.9789358e-02
   9.2642140e-01   2.8684063e-02
   9.2976589e-01   2.7562945e-02
   9.3311037e-01   2.6425809e-02
   9.3645485e-01   2.5272456e-02
   9.3979933e-01   2.4102687e-02
   9.4314381e-01   2.2916302e-02
   9.4648829e-01   2.1713095e-02
   9.4983278e-01   2.0492861e-02
   9.5317726e-01   1.9255394e-02
   9.5652174e-01   1.8000482e-02
   9.5986622e-01   1.6727914e-02
   9.6321070e-01   1.5437476e-02
   9.6655518e-01   1.4128953e-02
   9.6989967e-01   1.2802126e-02
   9.7324415e-01   1.1456775e-02
   9.7658863e-01   1.0092677e-02
   9.7993311e-01   8.7096097e-03
   9.8327759e-01   7.3073453e-03
   9.8662207e-01   5.8856556e-03
   9.8996656e-01   4.4443100e-03
   9.9331104e-01   2.9830757e-03
   9.9665552e-01   1.5017181e-03
   1.0000000e+00   0.0000000e+00
   1.0000000e+00   0.0000000e+00
   9.9665552e-01   1.1173785e-03
   9.9331104e-01   2.2115161e-03
   9.8996656e-01   3.2827753e-03
   9.8662207e-01   4.3315154e-03
   9.8327759e-01   5.3580914e-03
   9.7993311e-01   6.3628548e-03
   9.7658863e-01   7.3461533e-03
   9.7324415e-01   8.3083309e-03
   9.6989967e-01   9.2497277e-03
   9.6655518e-01   1.0170680e-02
   9.6321070e-01   1.1071522e-02
   9.5986622e-01   1.1952581e-02
   9.5652174e-01   1.2814184e-02
   9.5317726e-01   1.3656651e-02
   9.4983278e-01   1.4480302e-02
   9.4648829e-01   1.5285451e-02
   9.4314381e-01   1.6072409e-02
   9.3979933e-01   1.6841483e-02
   9.3645485e-01   1.7592977e-02
   9.3311037e-01   1.8327191e-02
   9.2976589e-01   1.9044422e-02
   9.2642140e-01   1.9744962e-02
   9.2307692e-01   2.0429102e-02
   9.1973244e-01   2.1097127e-02
   9.1638796e-01   2.1749320e-02
   9.1304348e-01   2.2385960e-02
   9.0969900e-01   2.3007323e-02
   9.0635452e-01   2.3613680e-02
   9.0301003e-01   2.4205300e-02
   8.9966555e-01   2.4782449e-02
   8.9632107e-01   2.5345387e-02
   8.9297659e-01   2.5894374e-02
   8.8963211e-01   2.6429665e-02
   8.8628763e-01   2.6951510e-02
   8.8294314e-01   2.7460159e-02
   8.7959866e-01   2.7955857e-02
   8.7625418e-01   2.8438844e-02
   8.7290970e-01   2.8909358e-02
   8.6956522e-01   2.9367636e-02
   8.6622074e-01   2.9813909e-02
   8.6287625e-01   3.0248404e-02
   8.5953177e-01   3.0671347e-02
   8.5618729e-01   3.1082961e-02
   8.5284281e-01   3.1483462e-02
   8.4949833e-01   3.1873068e-02
   8.4615385e-01   3.2251990e-02
   8.4280936e-01   3.2620437e-02
   8.3946488e-01   3.2978614e-02
   8.3612040e-01   3.3326726e-02
   8.3277592e-01   3.3664971e-02
   8.2943144e-01   3.3993545e-02
   8.2608696e-01   3.4312643e-02
   8.2274247e-01   3.4622454e-02
   8.1939799e-01   3.4923165e-02
   8.1605351e-01   3.5214960e-02
   8.1270903e-01   3.5498022e-02
   8.0936455e-01   3.5772526e-02
   8.0602007e-01   3.6038649e-02
   8.0267559e-01   3.6296563e-02
   7.9933110e-01   3.6546437e-02
   7.9598662e-01   3.6788435e-02
   7.9264214e-01   3.7022723e-02
   7.8929766e-01   3.7249460e-02
   7.8595318e-01   3.7468802e-02
   7.8260870e-01   3.7680905e-02
   7.7926421e-01   3.7885920e-02
   7.7591973e-01   3.8083996e-02
   7.7257525e-01   3.8275278e-02
   7.6923077e-01   3.8459909e-02
   7.6588629e-01   3.8638029e-02
   7.6254181e-01   3.8809776e-02
   7.5919732e-01   3.8975284e-02
   7.5585284e-01   3.9134684e-02
   7.5250836e-01   3.9288107e-02
   7.4916388e-01   3.9435677e-02
   7.4581940e-01   3.9577519e-02
   7.4247492e-01   3.9713754e-02
   7.3913043e-01   3.9844499e-02
   7.3578595e-01   3.9969870e-02
   7.3244147e-01   4.0089980e-02
   7.2909699e-01   4.0204939e-02
   7.2575251e-01   4.0314854e-02
   7.2240803e-01   4.0419832e-02
   7.1906355e-01   4.0519974e-02
   7.1571906e-01   4.0615379e-02
   7.1237458e-01   4.0706147e-02
   7.0903010e-01   4.0792370e-02
   7.0568562e-01   4.0874142e-02
   7.0234114e-01   4.0951553e-02
   6.9899666e-01   4.1024689e-02
   6.9565217e-01   4.1093636e-02
   6.9230769e-01   4.1158477e-02
   6.8896321e-01   4.1219291e-02
   6.8561873e-01   4.1276156e-02
   6.8227425e-01   4.1329147e-02
   6.7892977e-01   4.1378339e-02
   6.7558528e-01   4.1423800e-02
   6.7224080e-01   4.1465600e-02
   6.6889632e-01   4.1503804e-02
   6.6555184e-01   4.1538477e-02
   6.6220736e-01   4.1569680e-02
   6.5886288e-01   4.1597473e-02
   6.5551839e-01   4.1621911e-02
   6.5217391e-01   4.1643052e-02
   6.4882943e-01   4.1660946e-02
   6.4548495e-01   4.1675645e-02
   6.4214047e-01   4.1687198e-02
   6.3879599e-01   4.1695650e-02
   6.3545151e-01   4.1701046e-02
   6.3210702e-01   4.1703429e-02
   6.2876254e-01   4.1702837e-02
   6.2541806e-01   4.1699311e-02
   6.2207358e-01   4.1692885e-02
   6.1872910e-01   4.1683594e-02
   6.1538462e-01   4.1671470e-02
   6.1204013e-01   4.1656544e-02
   6.0869565e-01   4.1638843e-02
   6.0535117e-01   4.1618395e-02
   6.0200669e-01   4.1595224e-02
   5.9866221e-01   4.1569353e-02
   5.9531773e-01   4.1540803e-02
   5.9197324e-01   4.1509593e-02
   5.8862876e-01   4.1475740e-02
   5.8528428e-01   4.1439260e-02
   5.8193980e-01   4.1400167e-02
   5.7859532e-01   4.1358474e-02
   5.7525084e-01   4.1314190e-02
   5.7190635e-01   4.1267326e-02
   5.6856187e-01   4.1217887e-02
   5.6521739e-01   4.1165880e-02
   5.6187291e-01   4.1111309e-02
   5.5852843e-01   4.1054176e-02
   5.5518395e-01   4.0994483e-02
   5.5183946e-01   4.0932228e-02
   5.4849498e-01   4.0867411e-02
   5.4515050e-01   4.0800027e-02
   5.4180602e-01   4.0730071e-02
   5.3846154e-01   4.0657538e-02
   5.3511706e-01   4.0582421e-02
   5.3177258e-01   4.0504709e-02
   5.2842809e-01   4.0424392e-02
   5.2508361e-01   4.0341460e-02
   5.2173913e-01   4.0255900e-02
   5.1839465e-01   4.0167696e-02
   5.1505017e-01   4.0076835e-02
   5.1170569e-01   3.9983299e-02
   5.0836120e-01   3.9887072e-02
   5.0501672e-01   3.9788134e-02
   5.0167224e-01   3.9686466e-02
   4.9832776e-01   3.9582047e-02
   4.9498328e-01   3.9474855e-02
   4.9163880e-01   3.9364868e-02
   4.8829431e-01   3.9252060e-02
   4.8494983e-01   3.9136409e-02
   4.8160535e-01   3.9017888e-02
   4.7826087e-01   3.8896471e-02
   4.7491639e-01   3.8772130e-02
   4.7157191e-01   3.8644838e-02
   4.6822742e-01   3.8514565e-02
   4.6488294e-01   3.8381282e-02
   4.6153846e-01   3.8244959e-02
   4.5819398e-01   3.8105564e-02
   4.5484950e-01   3.7963066e-02
   4.5150502e-01   3.7817434e-02
   4.4816054e-01   3.7668633e-02
   4.4481605e-01   3.7516631e-02
   4.4147157e-01   3.7361395e-02
   4.3812709e-01   3.7202889e-02
   4.3478261e-01   3.7041080e-02
   4.3143813e-01   3.6875932e-02
   4.2809365e-01   3.6707410e-02
   4.2474916e-01   3.6535479e-02
   4.2140468e-01   3.6360102e-02
   4.1806020e-01   3.6181244e-02
   4.1471572e-01   3.5998869e-02
   4.1137124e-01   3.5812940e-02
   4.0802676e-01   3.5623421e-02
   4.0468227e-01   3.5430275e-02
   4.0133779e-01   3.5233467e-02
   3.9799331e-01   3.5032959e-02
   3.9464883e-01   3.4828715e-02
   3.9130435e-01   3.4620700e-02
   3.8795987e-01   3.4408877e-02
   3.8461538e-01   3.4193211e-02
   3.8127090e-01   3.3973666e-02
   3.7792642e-01   3.3750207e-02
   3.7458194e-01   3.3522800e-02
   3.7123746e-01   3.3291411e-02
   3.6789298e-01   3.3056006e-02
   3.6454849e-01   3.2816551e-02
   3.6120401e-01   3.2573015e-02
   3.5785953e-01   3.2325365e-02
   3.5451505e-01   3.2073571e-02
   3.5117057e-01   3.1817601e-02
   3.4782609e-01   3.1557427e-02
   3.4448161e-01   3.1293020e-02
   3.4113712e-01   3.1024352e-02
   3.3779264e-01   3.0751398e-02
   3.3444816e-01   3.0474130e-02
   3.3110368e-01   3.0192526e-02
   3.2775920e-01   2.9906561e-02
   3.2441472e-01   2.9616215e-02
   3.2107023e-01   2.9321466e-02
   3.1772575e-01   2.9022297e-02
   3.1438127e-01   2.8718689e-02
   3.1103679e-01   2.8410627e-02
   3.0769231e-01   2.8098097e-02
   3.0434783e-01   2.7781087e-02
   3.0100334e-01   2.7459585e-02
   2.9765886e-01   2.7133584e-02
   2.9431438e-01   2.6803076e-02
   2.9096990e-01   2.6468059e-02
   2.8762542e-01   2.6128529e-02
   2.8428094e-01   2.5784487e-02
   2.8093645e-01   2.5435935e-02
   2.7759197e-01   2.5082878e-02
   2.7424749e-01   2.4725325e-02
   2.7090301e-01   2.4363285e-02
   2.6755853e-01   2.3996773e-02
   2.6421405e-01   2.3625804e-02
   2.6086957e-01   2.3250398e-02
   2.5752508e-01   2.2870578e-02
   2.5418060e-01   2.2486368e-02
   2.5083612e-01   2.2097800e-02
   2.4749164e-01   2.1704907e-02
   2.4414716e-01   2.1307724e-02
   2.4080268e-01   2.0906293e-02
   2.3745819e-01   2.0500659e-02
   2.3411371e-01   2.0090871e-02
   2.3076923e-01   1.9676983e-02
   2.2742475e-01   1.9259052e-02
   2.2408027e-01   1.8837143e-02
   2.2073579e-01   1.8411322e-02
   2.1739130e-01   1.7981664e-02
   2.1404682e-01   1.7548246e-02
   2.1070234e-01   1.7111154e-02
   2.0735786e-01   1.6670477e-02
   2.0401338e-01   1.6226312e-02
   2.0066890e-01   1.5778761e-02
   1.9732441e-01   1.5327933e-02
   1.9397993e-01   1.4873945e-02
   1.9063545e-01   1.4416921e-02
   1.8729097e-01   1.3956992e-02
   1.8394649e-01   1.3494296e-02
   1.8060201e-01   1.3028981e-02
   1.7725753e-01   1.2561203e-02
   1.7391304e-01   1.2091127e-02
   1.7056856e-01   1.1618929e-02
   1.6722408e-01   1.1144791e-02
   1.6387960e-01   1.0668911e-02
   1.6053512e-01   1.0191493e-02
   1.5719064e-01   9.7127551e-03
   1.5384615e-01   9.2329279e-03
   1.5050167e-01   8.7522540e-03
   1.4715719e-01   8.2709896e-03
   1.4381271e-01   7.7894055e-03
   1.4046823e-01   7.3077875e-03
   1.3712375e-01   6.8264377e-03
   1.3377926e-01   6.3456750e-03
   1.3043478e-01   5.8658366e-03
   1.2709030e-01   5.3872790e-03
   1.2374582e-01   4.9103794e-03
   1.2040134e-01   4.4355366e-03
   1.1705686e-01   3.9631736e-03
   1.1371237e-01   3.4937381e-03
   1.1036789e-01   3.0277056e-03
   1.0702341e-01   2.5655804e-03
   1.0367893e-01   2.1078992e-03
   1.0033445e-01   1.6552327e-03
   9.6989967e-02   1.2081893e-03
   9.3645485e-02   7.6741847e-04
   9.0301003e-02   3.3361453e-04
   8.6956522e-02  -9.2478746e-05
   8.3612040e-02  -5.1006295e-04
   8.0267559e-02  -9.1827898e-04
   7.6923077e-02  -1.3162001e-03
   7.3578595e-02  -1.7028234e-03
   7.0234114e-02  -2.0770606e-03
   6.6889632e-02  -2.4377257e-03
   6.3545151e-02  -2.7835214e-03
   6.0200669e-02  -3.1130217e-03
   5.6856187e-02  -3.4246511e-03
   5.3511706e-02  -3.7166583e-03
   5.0167224e-02  -3.9870833e-03
   4.6822742e-02  -4.2337148e-03
   4.3478261e-02  -4.4540356e-03
   4.0133779e-02  -4.6451491e-03
   3.6789298e-02  -4.8036800e-03
   3.3444816e-02  -4.9256364e-03
   3.0100334e-02  -5.0062107e-03
   2.6755853e-02  -5.0394844e-03
   2.3411371e-02  -5.0179686e-03
   2.0066890e-02  -4.9318502e-03
   1.6722408e-02  -4.7676658e-03
   1.3377926e-02  -4.5057441e-03
   1.0033445e-02  -4.1145948e-03
   6.6889632e-03  -3.5358986e-03
   3.3444816e-03  -2.6269804e-03
   0.0000000e+00   0.0000000e+00
