   0.0000000e+00   2.6900000e-03
   3.3444816e-03   1.2340512e-02
   6.6889632e-03   1.7507991e-02
   1.0033445e-02   2.1509317e-02
   1.3377926e-02   2.4911386e-02
   1.6722408e-02   2.7932688e-02
   2.0066890e-02   3.0684696e-02
   2.3411371e-02   3.3233262e-02
   2.6755853e-02   3.5621044e-02
   3.0100334e-02   3.7877488e-02
   3.3444816e-02   4.0023897e-02
   3.6789298e-02   4.2076242e-02
   4.0133779e-02   4.4046846e-02
   4.3478261e-02   4.5945437e-02
   4.6822742e-02   4.7779842e-02
   5.0167224e-02   4.9556464e-02
   5.3511706e-02   5.1280610e-02
   5.6856187e-02   5.2956734e-02
   6.0200669e-02   5.4588612e-02
   6.3545151e-02   5.6179475e-02
   6.6889632e-02   5.7732108e-02
   7.0234114e-02   5.9248933e-02
   7.3578595e-02   6.0732067e-02
   7.6923077e-02   6.2183374e-02
   8.0267559e-02   6.3604502e-02
   8.3612040e-02   6.4996915e-02
   8.6956522e-02   6.6361921e-02
   9.0301003e-02   6.7700695e-02
   9.3645485e-02   6.9014291e-02
   9.6989967e-02   7.0303666e-02
   1.0033445e-01   7.1569683e-02
   1.0367893e-01   7.2813130e-02
   1.0702341e-01   7.4034725e-02
   1.1036789e-01   7.5235126e-02
   1.1371237e-01   7.6414935e-02
   1.1705686e-01   7.7574706e-02
   1.2040134e-01   7.8714951e-02
   1.2374582e-01   7.9836142e-02
   1.2709030e-01   8.0938718e-02
   1.3043478e-01   8.2023084e-02
   1.3377926e-01   8.3089618e-02
   1.3712375e-01   8.4138673e-02
   1.4046823e-01   8.5170578e-02
   1.4381271e-01   8.6185641e-02
   1.4715719e-01   8.7184150e-02
   1.5050167e-01   8.8166377e-02
   1.5384615e-01   8.9132577e-02
   1.5719064e-01   9.0082990e-02
   1.6053512e-01   9.1017844e-02
   1.6387960e-01   9.1937353e-02
   1.6722408e-01   9.2841720e-02
   1.7056856e-01   9.3731138e-02
   1.7391304e-01   9.4605790e-02
   1.7725753e-01   9.5465851e-02
   1.8060201e-01   9.6311486e-02
   1.8394649e-01   9.7142854e-02
   1.8729097e-01   9.7960107e-02
   1.9063545e-01   9.8763389e-02
   1.9397993e-01   9.9552840e-02
   1.9732441e-01   1.0032859e-01
   2.0066890e-01   1.0109077e-01
   2.0401338e-01   1.0183951e-01
   2.0735786e-01   1.0257491e-01
   2.1070234e-01   1.0329710e-01
   2.1404682e-01   1.0400619e-01
   2.1739130e-01   1.0470227e-01
   2.2073579e-01   1.0538547e-01
   2.2408027e-01   1.0605587e-01
   2.2742475e-01   1.0671357e-01
   2.3076923e-01   1.0735867e-01
   2.3411371e-01   1.0799126e-01
   2.3745819e-01   1.0861142e-01
   2.4080268e-01   1.0921925e-01
   2.4414716e-01   1.0981483e-01
   2.4749164e-01   1.1039824e-01
   2.5083612e-01   1.1096956e-01
   2.5418060e-01   1.1152887e-01
   2.5752508e-01   1.1207625e-01
   2.6086957e-01   1.1261177e-01
   2.6421405e-01   1.1313550e-01
   2.6755853e-01   1.1364753e-01
   2.7090301e-01   1.1414791e-01
   2.7424749e-01   1.1463672e-01
   2.7759197e-01   1.1511402e-01
   2.8093645e-01   1.1557989e-01
   2.8428094e-01   1.1603439e-01
   2.8762542e-01   1.1647758e-01
   2.9096990e-01   1.1690953e-01
   2.9431438e-01   1.1733030e-01
   2.9765886e-01   1.1773995e-01
   3.0100334e-01   1.1813854e-01
   3.0434783e-01   1.1852614e-01
   3.0769231e-01   1.1890280e-01
   3.1103679e-01   1.1926858e-01
   3.1438127e-01   1.1962353e-01
   3.1772575e-01   1.1996772e-01
   3.2107023e-01   1.2030120e-01
   3.2441472e-01   1.2062403e-01
   3.2775920e-01   1.2093625e-01
   3.3110368e-01   1.2123793e-01
   3.3444816e-01   1.2152912e-01
   3.3779264e-01   1.2180987e-01
   3.4113712e-01   1.2208024e-01
   3.4448161e-01   1.2234026e-01
   3.4782609e-01   1.2259000e-01
   3.5117057e-01   1.2282951e-01
   3.5451505e-01   1.2305883e-01
   3.5785953e-01   1.2327802e-01
   3.6120401e-01   1.2348712e-01
   3.6454849e-01   1.2368618e-01
   3.6789298e-01   1.2387525e-01
   3.7123746e-01   1.2405438e-01
   3.7458194e-01   1.2422361e-01
   3.7792642e-01   1.2438299e-01
   3.8127090e-01   1.2453257e-01
   3.8461538e-01   1.2467238e-01
   3.8795987e-01   1.2480248e-01
   3.9130435e-01   1.2492291e-01
   3.9464883e-01   1.2503370e-01
   3.9799331e-01   1.2513492e-01
   4.0133779e-01   1.2522659e-01
   4.0468227e-01   1.2530876e-01
   4.0802676e-01   1.2538147e-01
   4.1137124e-01   1.2544477e-01
   4.1471572e-01   1.2549869e-01
   4.1806020e-01   1.2554327e-01
   4.2140468e-01   1.2557855e-01
   4.2474916e-01   1.2560458e-01
   4.2809365e-01   1.2562138e-01
   4.3143813e-01   1.2562901e-01
   4.3478261e-01   1.2562749e-01
   4.3812709e-01   1.2561686e-01
   4.4147157e-01   1.2559716e-01
   4.4481605e-01   1.2556843e-01
   4.4816054e-01   1.2553070e-01
   4.5150502e-01   1.2548401e-01
   4.5484950e-01   1.2542839e-01
   4.5819398e-01   1.2536387e-01
   4.6153846e-01   1.2529049e-01
   4.6488294e-01   1.2520828e-01
   4.6822742e-01   1.2511727e-01
   4.7157191e-01   1.2501750e-01
   4.7491639e-01   1.2490899e-01
   4.7826087e-01   1.2479178e-01
   4.8160535e-01   1.2466590e-01
   4.8494983e-01   1.2453137e-01
   4.8829431e-01   1.2438823e-01
   4.9163880e-01   1.2423650e-01
   4.9498328e-01   1.2407621e-01
   4.9832776e-01   1.2390739e-01
   5.0167224e-01   1.2373006e-01
   5.0501672e-01   1.2354426e-01
   5.0836120e-01   1.2334999e-01
   5.1170569e-01   1.2314730e-01
   5.1505017e-01   1.2293620e-01
   5.1839465e-01   1.2271672e-01
   5.2173913e-01   1.2248888e-01
   5.2508361e-01   1.2225271e-01
   5.2842809e-01   1.2200821e-01
   5.3177258e-01   1.2175542e-01
   5.3511706e-01   1.2149436e-01
   5.3846154e-01   1.2122503e-01
   5.4180602e-01   1.2094747e-01
   5.4515050e-01   1.2066170e-01
   5.4849498e-01   1.2036772e-01
   5.5183946e-01   1.2006555e-01
   5.5518395e-01   1.1975522e-01
   5.5852843e-01   1.1943673e-01
   5.6187291e-01   1.1911010e-01
   5.6521739e-01   1.1877535e-01
   5.6856187e-01   1.1843248e-01
   5.7190635e-01   1.1808151e-01
   5.7525084e-01   1.1772246e-01
   5.7859532e-01   1.1735533e-01
   5.8193980e-01   1.1698013e-01
   5.8528428e-01   1.1659687e-01
   5.8862876e-01   1.1620556e-01
   5.9197324e-01   1.1580621e-01
   5.9531773e-01   1.1539883e-01
   5.9866221e-01   1.1498341e-01
   6.0200669e-01   1.1455998e-01
   6.0535117e-01   1.1412852e-01
   6.0869565e-01   1.1368905e-01
   6.1204013e-01   1.1324157e-01
   6.1538462e-01   1.1278608e-01
   6.1872910e-01   1.1232258e-01
   6.2207358e-01   1.1185107e-01
   6.2541806e-01   1.1137155e-01
   6.2876254e-01   1.1088402e-01
   6.3210702e-01   1.1038849e-01
   6.3545151e-01   1.0988493e-01
   6.3879599e-01   1.0937336e-01
   6.4214047e-01   1.0885377e-01
   6.4548495e-01   1.0832614e-01
   6.4882943e-01   1.0779048e-01
   6.5217391e-01   1.0724678e-01
   6.5551839e-01   1.0669503e-01
   6.5886288e-01   1.0613522e-01
   6.6220736e-01   1.0556734e-01
   6.6555184e-01   1.0499137e-01
   6.6889632e-01   1.0440731e-01
   6.7224080e-01   1.0381515e-01
   6.7558528e-01   1.0321487e-01
   6.7892977e-01   1.0260645e-01
   6.8227425e-01   1.0198988e-01
   6.8561873e-01   1.0136514e-01
   6.8896321e-01   1.0073222e-01
   6.9230769e-01   1.0009110e-01
   6.9565217e-01   9.9441747e-02
   6.9899666e-01   9.8784153e-02
   7.0234114e-01   9.8118294e-02
   7.0568562e-01   9.7444146e-02
   7.0903010e-01   9.6761686e-02
   7.1237458e-01   9.6070888e-02
   7.1571906e-01   9.5371728e-02
   7.1906355e-01   9.4664179e-02
   7.2240803e-01   9.3948212e-02
   7.2575251e-01   9.3223798e-02
   7.2909699e-01   9.2490909e-02
   7.3244147e-01   9.1749513e-02
   7.3578595e-01   9.0999577e-02
   7.3913043e-01   9.0241070e-02
   7.4247492e-01   8.9473955e-02
   7.4581940e-01   8.8698200e-02
   7.4916388e-01   8.7913766e-02
   7.5250836e-01   8.7120617e-02
   7.5585284e-01   8.6318714e-02
   7.5919732e-01   8.5508018e-02
   7.6254181e-01   8.4688487e-02
   7.6588629e-01   8.3860080e-02
   7.6923077e-01   8.3022753e-02
   7.7257525e-01   8.2176463e-02
   7.7591973e-01   8.1321165e-02
   7.7926421e-01   8.0456811e-02
   7.8260870e-01   7.9583355e-02
   7.8595318e-01   7.8700748e-02
   7.8929766e-01   7.7808939e-02
   7.9264214e-01   7.6907877e-02
   7.9598662e-01   7.5997512e-02
   7.9933110e-01   7.5077788e-02
   8.0267559e-01   7.4148651e-02
   8.0602007e-01   7.3210046e-02
   8.0936455e-01   7.2261916e-02
   8.1270903e-01   7.1304202e-02
   8.1605351e-01   7.0336844e-02
   8.1939799e-01   6.9359784e-02
   8.2274247e-01   6.8372957e-02
   8.2608696e-01   6.7376302e-02
   8.2943144e-01   6.6369754e-02
   8.3277592e-01   6.5353247e-02
   8.3612040e-01   6.4326715e-02
   8.3946488e-01   6.3290090e-02
   8.4280936e-01   6.2243302e-02
   8.4615385e-01   6.1186280e-02
   8.4949833e-01   6.0118953e-02
   8.5284281e-01   5.9041248e-02
   8.5618729e-01   5.7953090e-02
   8.5953177e-01   5.6854404e-02
   8.6287625e-01   5.5745112e-02
   8.6622074e-01   5.4625136e-02
   8.6956522e-01   5.3494397e-02
   8.7290970e-01   5.2352813e-02
   8.7625418e-01   5.1200303e-02
   8.7959866e-01   5.0036783e-02
   8.8294314e-01   4.8862168e-02
   8.8628763e-01   4.7676372e-02
   8.8963211e-01   4.6479307e-02
   8.9297659e-01   4.5270884e-02
   8.9632107e-01   4.4051013e-02
   8.9966555e-01   4.2819603e-02
   9.0301003e-01   4.1576560e-02
   9.0635452e-01   4.0321790e-02
   9.0969900e-01   3.9055198e-02
   9.1304348e-01   3.7776686e-02
   9.1638796e-01   3.6486156e-02
   9.1973244e-01   3.5183508e-02
   9.2307692e-01   3.3868641e-02
   9.2642140e-01   3.2541452e-02
   9.2976589e-01   3.1201836e-02
   9.3311037e-01   2.9849690e-02
   9.3645485e-01   2.8484905e-02
   9.3979933e-01   2.7107373e-02
   9.4314381e-01   2.5716985e-02
   9.4648829e-01   2.4313630e-02
   9.4983278e-01   2.2897194e-02
   9.5317726e-01   2.1467564e-02
   9.5652174e-01   2.0024625e-02
   9.5986622e-01   1.8568258e-02
   9.6321070e-01   1.7098347e-02
   9.6655518e-01   1.5614770e-02
   9.6989967e-01   1.4117408e-02
   9.7324415e-01   1.2606136e-02
   9.7658863e-01   1.1080830e-02
   9.7993311e-01   9.5413657e-03
   9.8327759e-01   7.9876145e-03
   9.8662207e-01   6.4194479e-03
   9.8996656e-01   4.8367357e-03
   9.9331104e-01   3.2393461e-03
   9.9665552e-01   1.6271458e-03
   1.0000000e+00   0.0000000e+00
   1.0000000e+00   0.0000000e+00
   9.9665552e-01   7.1358027e-04
   9.9331104e-01   1.3990372e-03
   9.8996656e-01   2.0568529e-03
   9.8662207e-01   2.6875053e-03
   9.8327759e-01   3.2914678e-03
   9.7993311e-01   3.8692096e-03
   9.7658863e-01   4.4211955e-03
   9.7324415e-01   4.9478862e-03
   9.6989967e-01   5.4497378e-03
   9.6655518e-01   5.9272025e-03
   9.6321070e-01   6.3807280e-03
   9.5986622e-01   6.8107579e-03
   9.5652174e-01   7.2177313e-03
   9.5317726e-01   7.6020835e-03
   9.4983278e-01   7.9642452e-03
   9.4648829e-01   8.3046433e-03
   9.4314381e-01   8.6237001e-03
   9.3979933e-01   8.9218341e-03
   9.3645485e-01   9.1994595e-03
   9.3311037e-01   9.4569863e-03
   9.2976589e-01   9.6948204e-03
   9.2642140e-01   9.9133638e-03
   9.2307692e-01   1.0113014e-02
   9.1973244e-01   1.0294165e-02
   9.1638796e-01   1.0457206e-02
   9.1304348e-01   1.0602523e-02
   9.0969900e-01   1.0730497e-02
   9.0635452e-01   1.0841506e-02
   9.0301003e-01   1.0935923e-02
   8.9966555e-01   1.1014117e-02
   8.9632107e-01   1.1076455e-02
   8.9297659e-01   1.1123297e-02
   8.8963211e-01   1.1155001e-02
   8.8628763e-01   1.1171921e-02
   8.8294314e-01   1.1174406e-02
   8.7959866e-01   1.1162802e-02
   8.7625418e-01   1.1137451e-02
   8.7290970e-01   1.1098691e-02
   8.6956522e-01   1.1046856e-02
   8.6622074e-01   1.0982276e-02
   8.6287625e-01   1.0905277e-02
   8.5953177e-01   1.0816182e-02
   8.5618729e-01   1.0715310e-02
   8.5284281e-01   1.0602976e-02
   8.4949833e-01   1.0479490e-02
   8.4615385e-01   1.0345161e-02
   8.4280936e-01   1.0200291e-02
   8.3946488e-01   1.0045180e-02
   8.3612040e-01   9.8801255e-03
   8.3277592e-01   9.7054187e-03
   8.2943144e-01   9.5213486e-03
   8.2608696e-01   9.3282002e-03
   8.2274247e-01   9.1262549e-03
   8.1939799e-01   8.9157903e-03
   8.1605351e-01   8.6970805e-03
   8.1270903e-01   8.4703959e-03
   8.0936455e-01   8.2360032e-03
   8.0602007e-01   7.9941658e-03
   8.0267559e-01   7.7451432e-03
   7.9933110e-01   7.4891916e-03
   7.9598662e-01   7.2265633e-03
   7.9264214e-01   6.9575075e-03
   7.8929766e-01   6.6822695e-03
   7.8595318e-01   6.4010913e-03
   7.8260870e-01   6.1142115e-03
   7.7926421e-01   5.8218650e-03
   7.7591973e-01   5.5242833e-03
   7.7257525e-01   5.2216946e-03
   7.6923077e-01   4.9143236e-03
   7.6588629e-01   4.6023915e-03
   7.6254181e-01   4.2861163e-03
   7.5919732e-01   3.9657123e-03
   7.5585284e-01   3.6413909e-03
   7.5250836e-01   3.3133598e-03
   7.4916388e-01   2.9818235e-03
   7.4581940e-01   2.6469832e-03
   7.4247492e-01   2.3090367e-03
   7.3913043e-01   1.9681788e-03
   7.3578595e-01   1.6246006e-03
   7.3244147e-01   1.2784904e-03
   7.2909699e-01   9.3003298e-04
   7.2575251e-01   5.7941006e-04
   7.2240803e-01   2.2680012e-04
   7.1906355e-01  -1.2762155e-04
   7.1571906e-01  -4.8368278e-04
   7.1237458e-01  -8.4121458e-04
   7.0903010e-01  -1.2000510e-03
   7.0568562e-01  -1.5600294e-03
   7.0234114e-01  -1.9209899e-03
   6.9899666e-01  -2.2827760e-03
   6.9565217e-01  -2.6452341e-03
   6.9230769e-01  -3.0082136e-03
   6.8896321e-01  -3.3715671e-03
   6.8561873e-01  -3.7351499e-03
   6.8227425e-01  -4.0988206e-03
   6.7892977e-01  -4.4624405e-03
   6.7558528e-01  -4.8258740e-03
   6.7224080e-01  -5.1889884e-03
   6.6889632e-01  -5.5516538e-03
   6.6555184e-01  -5.9137434e-03
   6.6220736e-01  -6.2751331e-03
   6.5886288e-01  -6.6357016e-03
   6.5551839e-01  -6.9953306e-03
   6.5217391e-01  -7.3539046e-03
   6.4882943e-01  -7.7113106e-03
   6.4548495e-01  -8.0674388e-03
   6.4214047e-01  -8.4221818e-03
   6.3879599e-01  -8.7754351e-03
   6.3545151e-01  -9.1270970e-03
   6.3210702e-01  -9.4770683e-03
   6.2876254e-01  -9.8252525e-03
   6.2541806e-01  -1.0171556e-02
   6.2207358e-01  -1.0515887e-02
   6.1872910e-01  -1.0858158e-02
   6.1538462e-01  -1.1198282e-02
   6.1204013e-01  -1.1536177e-02
   6.0869565e-01  -1.1871761e-02
   6.0535117e-01  -1.2204955e-02
   6.0200669e-01  -1.2535685e-02
   5.9866221e-01  -1.2863877e-02
   5.9531773e-01  -1.3189459e-02
   5.9197324e-01  -1.3512365e-02
   5.8862876e-01  -1.3832526e-02
   5.8528428e-01  -1.4149881e-02
   5.8193980e-01  -1.4464368e-02
   5.7859532e-01  -1.4775927e-02
   5.7525084e-01  -1.5084503e-02
   5.7190635e-01  -1.5390041e-02
   5.6856187e-01  -1.5692489e-02
   5.6521739e-01  -1.5991798e-02
   5.6187291e-01  -1.6287920e-02
   5.5852843e-01  -1.6580809e-02
   5.5518395e-01  -1.6870424e-02
   5.5183946e-01  -1.7156722e-02
   5.4849498e-01  -1.7439666e-02
   5.4515050e-01  -1.7719218e-02
   5.4180602e-01  -1.7995345e-02
   5.3846154e-01  -1.8268013e-02
   5.3511706e-01  -1.8537193e-02
   5.3177258e-01  -1.8802855e-02
   5.2842809e-01  -1.9064974e-02
   5.2508361e-01  -1.9323526e-02
   5.2173913e-01  -1.9578487e-02
   5.1839465e-01  -1.9829837e-02
   5.1505017e-01  -2.0077558e-02
   5.1170569e-01  -2.0321632e-02
   5.0836120e-01  -2.0562045e-02
   5.0501672e-01  -2.0798784e-02
   5.0167224e-01  -2.1031837e-02
   4.9832776e-01  -2.1261194e-02
   4.9498328e-01  -2.1486848e-02
   4.9163880e-01  -2.1708793e-02
   4.8829431e-01  -2.1927024e-02
   4.8494983e-01  -2.2141537e-02
   4.8160535e-01  -2.2352333e-02
   4.7826087e-01  -2.2559410e-02
   4.7491639e-01  -2.2762772e-02
   4.7157191e-01  -2.2962420e-02
   4.6822742e-01  -2.3158361e-02
   4.6488294e-01  -2.3350600e-02
   4.6153846e-01  -2.3539145e-02
   4.5819398e-01  -2.3724005e-02
   4.5484950e-01  -2.3905191e-02
   4.5150502e-01  -2.4082714e-02
   4.4816054e-01  -2.4256588e-02
   4.4481605e-01  -2.4426827e-02
   4.4147157e-01  -2.4593445e-02
   4.3812709e-01  -2.4756462e-02
   4.3478261e-01  -2.4915893e-02
   4.3143813e-01  -2.5071758e-02
   4.2809365e-01  -2.5224077e-02
   4.2474916e-01  -2.5372871e-02
   4.2140468e-01  -2.5518163e-02
   4.1806020e-01  -2.5659975e-02
   4.1471572e-01  -2.5798331e-02
   4.1137124e-01  -2.5933257e-02
   4.0802676e-01  -2.6064778e-02
   4.0468227e-01  -2.6192921e-02
   4.0133779e-01  -2.6317713e-02
   3.9799331e-01  -2.6439181e-02
   3.9464883e-01  -2.6557356e-02
   3.9130435e-01  -2.6672265e-02
   3.8795987e-01  -2.6783940e-02
   3.8461538e-01  -2.6892410e-02
   3.8127090e-01  -2.6997706e-02
   3.7792642e-01  -2.7099861e-02
   3.7458194e-01  -2.7198905e-02
   3.7123746e-01  -2.7294871e-02
   3.6789298e-01  -2.7387792e-02
   3.6454849e-01  -2.7477700e-02
   3.6120401e-01  -2.7564628e-02
   3.5785953e-01  -2.7648609e-02
   3.5451505e-01  -2.7729677e-02
   3.5117057e-01  -2.7807864e-02
   3.4782609e-01  -2.7883204e-02
   3.4448161e-01  -2.7955729e-02
   3.4113712e-01  -2.8025474e-02
   3.3779264e-01  -2.8092470e-02
   3.3444816e-01  -2.8156750e-02
   3.3110368e-01  -2.8218346e-02
   3.2775920e-01  -2.8277290e-02
   3.2441472e-01  -2.8333613e-02
   3.2107023e-01  -2.8387345e-02
   3.1772575e-01  -2.8438518e-02
   3.1438127e-01  -2.8487160e-02
   3.1103679e-01  -2.8533301e-02
   3.0769231e-01  -2.8576967e-02
   3.0434783e-01  -2.8618186e-02
   3.0100334e-01  -2.8656984e-02
   2.9765886e-01  -2.8693385e-02
   2.9431438e-01  -2.8727414e-02
   2.9096990e-01  -2.8759092e-02
   2.8762542e-01  -2.8788440e-02
   2.8428094e-01  -2.8815479e-02
   2.8093645e-01  -2.8840226e-02
   2.7759197e-01  -2.8862697e-02
   2.7424749e-01  -2.8882907e-02
   2.7090301e-01  -2.8900868e-02
   2.6755853e-01  -2.8916592e-02
   2.6421405e-01  -2.8930086e-02
   2.6086957e-01  -2.8941357e-02
   2.5752508e-01  -2.8950409e-02
   2.5418060e-01  -2.8957242e-02
   2.5083612e-01  -2.8961857e-02
   2.4749164e-01  -2.8964248e-02
   2.4414716e-01  -2.8964408e-02
   2.4080268e-01  -2.8962327e-02
   2.3745819e-01  -2.8957992e-02
   2.3411371e-01  -2.8951385e-02
   2.3076923e-01  -2.8942486e-02
   2.2742475e-01  -2.8931270e-02
   2.2408027e-01  -2.8917709e-02
   2.2073579e-01  -2.8901769e-02
   2.1739130e-01  -2.8883413e-02
   2.1404682e-01  -2.8862599e-02
   2.1070234e-01  -2.8839280e-02
   2.0735786e-01  -2.8813403e-02
   2.0401338e-01  -2.8784910e-02
   2.0066890e-01  -2.8753737e-02
   1.9732441e-01  -2.8719815e-02
   1.9397993e-01  -2.8683066e-02
   1.9063545e-01  -2.8643407e-02
   1.8729097e-01  -2.8600747e-02
   1.8394649e-01  -2.8554989e-02
   1.8060201e-01  -2.8506025e-02
   1.7725753e-01  -2.8453741e-02
   1.7391304e-01  -2.8398012e-02
   1.7056856e-01  -2.8338705e-02
   1.6722408e-01  -2.8275676e-02
   1.6387960e-01  -2.8208771e-02
   1.6053512e-01  -2.8137823e-02
   1.5719064e-01  -2.8062654e-02
   1.5384615e-01  -2.7983073e-02
   1.5050167e-01  -2.7898874e-02
   1.4715719e-01  -2.7809839e-02
   1.4381271e-01  -2.7715731e-02
   1.4046823e-01  -2.7616297e-02
   1.3712375e-01  -2.7511268e-02
   1.3377926e-01  -2.7400353e-02
   1.3043478e-01  -2.7283241e-02
   1.2709030e-01  -2.7159598e-02
   1.2374582e-01  -2.7029067e-02
   1.2040134e-01  -2.6891264e-02
   1.1705686e-01  -2.6745776e-02
   1.1371237e-01  -2.6592158e-02
   1.1036789e-01  -2.6429933e-02
   1.0702341e-01  -2.6258586e-02
   1.0367893e-01  -2.6077561e-02
   1.0033445e-01  -2.5886258e-02
   9.6989967e-02  -2.5684027e-02
   9.3645485e-02  -2.5470163e-02
   9.0301003e-02  -2.5243900e-02
   8.6956522e-02  -2.5004404e-02
   8.3612040e-02  -2.4750766e-02
   8.0267559e-02  -2.4481988e-02
   7.6923077e-02  -2.4196975e-02
   7.3578595e-02  -2.3894522e-02
   7.0234114e-02  -2.3573295e-02
   6.6889632e-02  -2.3231810e-02
   6.3545151e-02  -2.2868414e-02
   6.0200669e-02  -2.2481249e-02
   5.6856187e-02  -2.2068220e-02
   5.3511706e-02  -2.1626943e-02
   5.0167224e-02  -2.1154688e-02
   4.6822742e-02  -2.0648301e-02
   4.3478261e-02  -2.0104099e-02
   4.0133779e-02  -1.9517734e-02
   3.6789298e-02  -1.8884000e-02
   3.3444816e-02  -1.8196563e-02
   3.0100334e-02  -1.7447573e-02
   2.6755853e-02  -1.6627067e-02
   2.3411371e-02  -1.5722036e-02
   2.0066890e-02  -1.4714873e-02
   1.6722408e-02  -1.3580594e-02
   1.3377926e-02  -1.2281407e-02
   1.0033445e-02  -1.0754602e-02
   6.6889632e-03  -8.8796361e-03
   3.3444816e-03  -6.3497590e-03
   0.0000000e+00   2.6900000e-03
