   0.0000000e+00   2.1000000e-04
   3.3444816e-03   1.2929871e-02
   6.6889632e-03   1.8316385e-02
   1.0033445e-02   2.2469114e-02
   1.3377926e-02   2.5985210e-02
   1.6722408e-02   2.9095297e-02
   2.0066890e-02   3.1917283e-02
   2.3411371e-02   3.4520975e-02
   2.6755853e-02   3.6951689e-02
   3.0100334e-02   3.9240780e-02
   3.3444816e-02   4.1410983e-02
   3.6789298e-02   4.3479385e-02
   4.0133779e-02   4.5459200e-02
   4.3478261e-02   4.7360887e-02
   4.6822742e-02   4.9192880e-02
   5.0167224e-02   5.0962098e-02
   5.3511706e-02   5.2674288e-02
   5.6856187e-02   5.4334287e-02
   6.0200669e-02   5.5946204e-02
   6.3545151e-02   5.7513565e-02
   6.6889632e-02   5.9039417e-02
   7.0234114e-02   6.0526415e-02
   7.3578595e-02   6.1976886e-02
   7.6923077e-02   6.3392883e-02
   8.0267559e-02   6.4776226e-02
   8.3612040e-02   6.6128534e-02
   8.6956522e-02   6.7451259e-02
   9.0301003e-02   6.8745704e-02
   9.3645485e-02   7.0013044e-02
   9.6989967e-02   7.1254344e-02
   1.0033445e-01   7.2470570e-02
   1.0367893e-01   7.3662603e-02
   1.0702341e-01   7.4831246e-02
   1.1036789e-01   7.5977237e-02
   1.1371237e-01   7.7101253e-02
   1.1705686e-01   7.8203916e-02
   1.2040134e-01   7.9285802e-02
   1.2374582e-01   8.0347441e-02
   1.2709030e-01   8.1389327e-02
   1.3043478e-01   8.2411917e-02
   1.3377926e-01   8.3415636e-02
   1.3712375e-01   8.4400881e-02
   1.4046823e-01   8.5368022e-02
   1.4381271e-01   8.6317406e-02
   1.4715719e-01   8.7249356e-02
   1.5050167e-01   8.8164176e-02
   1.5384615e-01   8.9062154e-02
   1.5719064e-01   8.9943556e-02
   1.6053512e-01   9.0808637e-02
   1.6387960e-01   9.1657636e-02
   1.6722408e-01   9.2490779e-02
   1.7056856e-01   9.3308280e-02
   1.7391304e-01   9.4110341e-02
   1.7725753e-01   9.4897154e-02
   1.8060201e-01   9.5668903e-02
   1.8394649e-01   9.6425759e-02
   1.8729097e-01   9.7167890e-02
   1.9063545e-01   9.7895452e-02
   1.9397993e-01   9.8608597e-02
   1.9732441e-01   9.9307467e-02
   2.0066890e-01   9.9992200e-02
   2.0401338e-01   1.0066293e-01
   2.0735786e-01   1.0131978e-01
   2.1070234e-01   1.0196287e-01
   2.1404682e-01   1.0259232e-01
   2.1739130e-01   1.0320825e-01
   2.2073579e-01   1.0381075e-01
   2.2408027e-01   1.0439994e-01
   2.2742475e-01   1.0497591e-01
   2.3076923e-01   1.0553876e-01
   2.3411371e-01   1.0608859e-01
   2.3745819e-01   1.0662549e-01
   2.4080268e-01   1.0714954e-01
   2.4414716e-01   1.0766084e-01
   2.4749164e-01   1.0815945e-01
   2.5083612e-01   1.0864548e-01
   2.5418060e-01   1.0911898e-01
   2.5752508e-01   1.0958005e-01
   2.6086957e-01   1.1002875e-01
   2.6421405e-01   1.1046516e-01
   2.6755853e-01   1.1088935e-01
   2.7090301e-01   1.1130139e-01
   2.7424749e-01   1.1170134e-01
   2.7759197e-01   1.1208928e-01
   2.8093645e-01   1.1246527e-01
   2.8428094e-01   1.1282937e-01
   2.8762542e-01   1.1318165e-01
   2.9096990e-01   1.1352217e-01
   2.9431438e-01   1.1385099e-01
   2.9765886e-01   1.1416817e-01
   3.0100334e-01   1.1447377e-01
   3.0434783e-01   1.1476784e-01
   3.0769231e-01   1.1505045e-01
   3.1103679e-01   1.1532165e-01
   3.1438127e-01   1.1558149e-01
   3.1772575e-01   1.1583004e-01
   3.2107023e-01   1.1606734e-01
   3.2441472e-01   1.1629346e-01
   3.2775920e-01   1.1650844e-01
   3.3110368e-01   1.1671233e-01
   3.3444816e-01   1.1690520e-01
   3.3779264e-01   1.1708708e-01
   3.4113712e-01   1.1725804e-01
   3.4448161e-01   1.1741812e-01
   3.4782609e-01   1.1756738e-01
   3.5117057e-01   1.1770586e-01
   3.5451505e-01   1.1783362e-01
   3.5785953e-01   1.1795071e-01
   3.6120401e-01   1.1805717e-01
   3.6454849e-01   1.1815305e-01
   3.6789298e-01   1.1823840e-01
   3.7123746e-01   1.1831328e-01
   3.7458194e-01   1.1837773e-01
   3.7792642e-01   1.1843180e-01
   3.8127090e-01   1.1847553e-01
   3.8461538e-01   1.1850898e-01
   3.8795987e-01   1.1853220e-01
   3.9130435e-01   1.1854522e-01
   3.9464883e-01   1.1854810e-01
   3.9799331e-01   1.1854089e-01
   4.0133779e-01   1.1852364e-01
   4.0468227e-01   1.1849638e-01
   4.0802676e-01   1.1845917e-01
   4.1137124e-01   1.1841206e-01
   4.1471572e-01   1.1835509e-01
   4.1806020e-01   1.1828831e-01
   4.2140468e-01   1.1821177e-01
   4.2474916e-01   1.1812551e-01
   4.2809365e-01   1.1802959e-01
   4.3143813e-01   1.1792404e-01
   4.3478261e-01   1.1780891e-01
   4.3812709e-01   1.1768426e-01
   4.4147157e-01   1.1755013e-01
   4.4481605e-01   1.1740656e-01
   4.4816054e-01   1.1725361e-01
   4.5150502e-01   1.1709131e-01
   4.5484950e-01   1.1691972e-01
   4.5819398e-01   1.1673888e-01
   4.6153846e-01   1.1654885e-01
   4.6488294e-01   1.1634966e-01
   4.6822742e-01   1.1614136e-01
   4.7157191e-01   1.1592401e-01
   4.7491639e-01   1.1569764e-01
   4.7826087e-01   1.1546231e-01
   4.8160535e-01   1.1521807e-01
   4.8494983e-01   1.1496495e-01
   4.8829431e-01   1.1470301e-01
   4.9163880e-01   1.1443229e-01
   4.9498328e-01   1.1415284e-01
   4.9832776e-01   1.1386471e-01
   5.0167224e-01   1.1356795e-01
   5.0501672e-01   1.1326260e-01
   5.0836120e-01   1.1294871e-01
   5.1170569e-01   1.1262633e-01
   5.1505017e-01   1.1229550e-01
   5.1839465e-01   1.1195628e-01
   5.2173913e-01   1.1160871e-01
   5.2508361e-01   1.1125283e-01
   5.2842809e-01   1.1088871e-01
   5.3177258e-01   1.1051637e-01
   5.3511706e-01   1.1013588e-01
   5.3846154e-01   1.0974727e-01
   5.4180602e-01   1.0935061e-01
   5.4515050e-01   1.0894593e-01
   5.4849498e-01   1.0853328e-01
   5.5183946e-01   1.0811271e-01
   5.5518395e-01   1.0768427e-01
   5.5852843e-01   1.0724801e-01
   5.6187291e-01   1.0680397e-01
   5.6521739e-01   1.0635221e-01
   5.6856187e-01   1.0589277e-01
   5.7190635e-01   1.0542570e-01
   5.7525084e-01   1.0495105e-01
   5.7859532e-01   1.0446886e-01
   5.8193980e-01   1.0397919e-01
   5.8528428e-01   1.0348208e-01
   5.8862876e-01   1.0297759e-01
   5.9197324e-01   1.0246575e-01
   5.9531773e-01   1.0194663e-01
   5.9866221e-01   1.0142026e-01
   6.0200669e-01   1.0088670e-01
   6.0535117e-01   1.0034600e-01
   6.0869565e-01   9.9798195e-02
   6.1204013e-01   9.9243346e-02
   6.1538462e-01   9.8681499e-02
   6.1872910e-01   9.8112701e-02
   6.2207358e-01   9.7537002e-02
   6.2541806e-01   9.6954451e-02
   6.2876254e-01   9.6365097e-02
   6.3210702e-01   9.5768988e-02
   6.3545151e-01   9.5166174e-02
   6.3879599e-01   9.4556702e-02
   6.4214047e-01   9.3940623e-02
   6.4548495e-01   9.3317986e-02
   6.4882943e-01   9.2688838e-02
   6.5217391e-01   9.2053230e-02
   6.5551839e-01   9.1411210e-02
   6.5886288e-01   9.0762827e-02
   6.6220736e-01   9.0108130e-02
   6.6555184e-01   8.9447168e-02
   6.6889632e-01   8.8779991e-02
   6.7224080e-01   8.8106647e-02
   6.7558528e-01   8.7427186e-02
   6.7892977e-01   8.6741656e-02
   6.8227425e-01   8.6050106e-02
   6.8561873e-01   8.5352585e-02
   6.8896321e-01   8.4649144e-02
   6.9230769e-01   8.3939829e-02
   6.9565217e-01   8.3224692e-02
   6.9899666e-01   8.2503779e-02
   7.0234114e-01   8.1777142e-02
   7.0568562e-01   8.1044827e-02
   7.0903010e-01   8.0306886e-02
   7.1237458e-01   7.9563365e-02
   7.1571906e-01   7.8814315e-02
   7.1906355e-01   7.8059785e-02
   7.2240803e-01   7.7299822e-02
   7.2575251e-01   7.6534476e-02
   7.2909699e-01   7.5763797e-02
   7.3244147e-01   7.4987831e-02
   7.3578595e-01   7.4206630e-02
   7.3913043e-01   7.3420240e-02
   7.4247492e-01   7.2628711e-02
   7.4581940e-01   7.1832092e-02
   7.4916388e-01   7.1030431e-02
   7.5250836e-01   7.0223777e-02
   7.5585284e-01   6.9412178e-02
   7.5919732e-01   6.8595683e-02
   7.6254181e-01   6.7774340e-02
   7.6588629e-01   6.6948198e-02
   7.6923077e-01   6.6117305e-02
   7.7257525e-01   6.5281710e-02
   7.7591973e-01   6.4441460e-02
   7.7926421e-01   6.3596605e-02
   7.8260870e-01   6.2747191e-02
   7.8595318e-01   6.1893268e-02
   7.8929766e-01   6.1034882e-02
   7.9264214e-01   6.0172084e-02
   7.9598662e-01   5.9304919e-02
   7.9933110e-01   5.8433436e-02
   8.0267559e-01   5.7557684e-02
   8.0602007e-01   5.6677709e-02
   8.0936455e-01   5.5793559e-02
   8.1270903e-01   5.4905282e-02
   8.1605351e-01   5.4012925e-02
   8.1939799e-01   5.3116536e-02
   8.2274247e-01   5.2216162e-02
   8.2608696e-01   5.1311850e-02
   8.2943144e-01   5.0403648e-02
   8.3277592e-01   4.9491603e-02
   8.3612040e-01   4.8575761e-02
   8.3946488e-01   4.7656170e-02
   8.4280936e-01   4.6732876e-02
   8.4615385e-01   4.5805927e-02
   8.4949833e-01   4.4875368e-02
   8.5284281e-01   4.3941247e-02
   8.5618729e-01   4.3003610e-02
   8.5953177e-01   4.2062504e-02
   8.6287625e-01   4.1117974e-02
   8.6622074e-01   4.0170066e-02
   8.6956522e-01   3.9218828e-02
   8.7290970e-01   3.8264304e-02
   8.7625418e-01   3.7306541e-02
   8.7959866e-01   3.6345584e-02
   8.8294314e-01   3.5381480e-02
   8.8628763e-01   3.4414273e-02
   8.8963211e-01   3.3444009e-02
   8.9297659e-01   3.2470733e-02
   8.9632107e-01   3.1494490e-02
   8.9966555e-01   3.0515327e-02
   9.0301003e-01   2.9533286e-02
   9.0635452e-01   2.8548414e-02
   9.0969900e-01   2.7560755e-02
   9.1304348e-01   2.6570353e-02
   9.1638796e-01   2.5577253e-02
   9.1973244e-01   2.4581500e-02
   9.2307692e-01   2.3583137e-02
   9.2642140e-01   2.2582208e-02
   9.2976589e-01   2.1578758e-02
   9.3311037e-01   2.0572829e-02
   9.3645485e-01   1.9564467e-02
   9.3979933e-01   1.8553713e-02
   9.4314381e-01   1.7540612e-02
   9.4648829e-01   1.6525207e-02
   9.4983278e-01   1.5507541e-02
   9.5317726e-01   1.4487656e-02
   9.5652174e-01   1.3465596e-02
   9.5986622e-01   1.2441402e-02
   9.6321070e-01   1.1415119e-02
   9.6655518e-01   1.0386786e-02
   9.6989967e-01   9.3564481e-03
   9.7324415e-01   8.3241457e-03
   9.7658863e-01   7.2899209e-03
   9.7993311e-01   6.2538155e-03
   9.8327759e-01   5.2158708e-03
   9.8662207e-01   4.1761283e-03
   9.8996656e-01   3.1346290e-03
   9.9331104e-01   2.0914141e-03
   9.9665552e-01   1.0465242e-03
   1.0000000e+00   0.0000000e+00
   1.0000000e+00   0.0000000e+00
   9.9665552e-01   4.4060308e-04
   9.9331104e-01   8.5505396e-04
   9.8996656e-01   1.2438676e-03
   9.8662207e-01   1.6075539e-03
   9.8327759e-01   1.9466180e-03
   9.7993311e-01   2.2615600e-03
   9.7658863e-01   2.5528751e-03
   9.7324415e-01   2.8210536e-03
   9.6989967e-01   3.0665811e-03
   9.6655518e-01   3.2899381e-03
   9.6321070e-01   3.4916003e-03
   9.5986622e-01   3.6720387e-03
   9.5652174e-01   3.8317194e-03
   9.5317726e-01   3.9711036e-03
   9.4983278e-01   4.0906479e-03
   9.4648829e-01   4.1908040e-03
   9.4314381e-01   4.2720189e-03
   9.3979933e-01   4.3347348e-03
   9.3645485e-01   4.3793893e-03
   9.3311037e-01   4.4064152e-03
   9.2976589e-01   4.4162405e-03
   9.2642140e-01   4.4092887e-03
   9.2307692e-01   4.3859787e-03
   9.1973244e-01   4.3467244e-03
   9.1638796e-01   4.2919355e-03
   9.1304348e-01   4.2220168e-03
   9.0969900e-01   4.1373685e-03
   9.0635452e-01   4.0383864e-03
   9.0301003e-01   3.9254616e-03
   8.9966555e-01   3.7989807e-03
   8.9632107e-01   3.6593257e-03
   8.9297659e-01   3.5068741e-03
   8.8963211e-01   3.3419990e-03
   8.8628763e-01   3.1650688e-03
   8.8294314e-01   2.9764477e-03
   8.7959866e-01   2.7764951e-03
   8.7625418e-01   2.5655664e-03
   8.7290970e-01   2.3440122e-03
   8.6956522e-01   2.1121789e-03
   8.6622074e-01   1.8704084e-03
   8.6287625e-01   1.6190382e-03
   8.5953177e-01   1.3584016e-03
   8.5618729e-01   1.0888275e-03
   8.5284281e-01   8.1064043e-04
   8.4949833e-01   5.2416058e-04
   8.4615385e-01   2.2970395e-04
   8.4280936e-01  -7.2417791e-05
   8.3946488e-01  -3.8189721e-04
   8.3612040e-01  -6.9843112e-04
   8.3277592e-01  -1.0217205e-03
   8.2943144e-01  -1.3514707e-03
   8.2608696e-01  -1.6873911e-03
   8.2274247e-01  -2.0291952e-03
   8.1939799e-01  -2.3766009e-03
   8.1605351e-01  -2.7293299e-03
   8.1270903e-01  -3.0871083e-03
   8.0936455e-01  -3.4496663e-03
   8.0602007e-01  -3.8167378e-03
   8.0267559e-01  -4.1880613e-03
   7.9933110e-01  -4.5633789e-03
   7.9598662e-01  -4.9424371e-03
   7.9264214e-01  -5.3249861e-03
   7.8929766e-01  -5.7107802e-03
   7.8595318e-01  -6.0995777e-03
   7.8260870e-01  -6.4911409e-03
   7.7926421e-01  -6.8852360e-03
   7.7591973e-01  -7.2816330e-03
   7.7257525e-01  -7.6801060e-03
   7.6923077e-01  -8.0804329e-03
   7.6588629e-01  -8.4823953e-03
   7.6254181e-01  -8.8857790e-03
   7.5919732e-01  -9.2903733e-03
   7.5585284e-01  -9.6959714e-03
   7.5250836e-01  -1.0102370e-02
   7.4916388e-01  -1.0509371e-02
   7.4581940e-01  -1.0916778e-02
   7.4247492e-01  -1.1324399e-02
   7.3913043e-01  -1.1732047e-02
   7.3578595e-01  -1.2139537e-02
   7.3244147e-01  -1.2546688e-02
   7.2909699e-01  -1.2953324e-02
   7.2575251e-01  -1.3359271e-02
   7.2240803e-01  -1.3764359e-02
   7.1906355e-01  -1.4168422e-02
   7.1571906e-01  -1.4571298e-02
   7.1237458e-01  -1.4972828e-02
   7.0903010e-01  -1.5372855e-02
   7.0568562e-01  -1.5771229e-02
   7.0234114e-01  -1.6167800e-02
   6.9899666e-01  -1.6562424e-02
   6.9565217e-01  -1.6954959e-02
   6.9230769e-01  -1.7345266e-02
   6.8896321e-01  -1.7733212e-02
   6.8561873e-01  -1.8118665e-02
   6.8227425e-01  -1.8501496e-02
   6.7892977e-01  -1.8881582e-02
   6.7558528e-01  -1.9258801e-02
   6.7224080e-01  -1.9633034e-02
   6.6889632e-01  -2.0004168e-02
   6.6555184e-01  -2.0372091e-02
   6.6220736e-01  -2.0736695e-02
   6.5886288e-01  -2.1097874e-02
   6.5551839e-01  -2.1455527e-02
   6.5217391e-01  -2.1809555e-02
   6.4882943e-01  -2.2159863e-02
   6.4548495e-01  -2.2506359e-02
   6.4214047e-01  -2.2848952e-02
   6.3879599e-01  -2.3187558e-02
   6.3545151e-01  -2.3522093e-02
   6.3210702e-01  -2.3852477e-02
   6.2876254e-01  -2.4178633e-02
   6.2541806e-01  -2.4500487e-02
   6.2207358e-01  -2.4817968e-02
   6.1872910e-01  -2.5131008e-02
   6.1538462e-01  -2.5439541e-02
   6.1204013e-01  -2.5743506e-02
   6.0869565e-01  -2.6042843e-02
   6.0535117e-01  -2.6337495e-02
   6.0200669e-01  -2.6627408e-02
   5.9866221e-01  -2.6912532e-02
   5.9531773e-01  -2.7192819e-02
   5.9197324e-01  -2.7468222e-02
   5.8862876e-01  -2.7738700e-02
   5.8528428e-01  -2.8004212e-02
   5.8193980e-01  -2.8264722e-02
   5.7859532e-01  -2.8520193e-02
   5.7525084e-01  -2.8770595e-02
   5.7190635e-01  -2.9015898e-02
   5.6856187e-01  -2.9256075e-02
   5.6521739e-01  -2.9491101e-02
   5.6187291e-01  -2.9720955e-02
   5.5852843e-01  -2.9945618e-02
   5.5518395e-01  -3.0165073e-02
   5.5183946e-01  -3.0379304e-02
   5.4849498e-01  -3.0588301e-02
   5.4515050e-01  -3.0792053e-02
   5.4180602e-01  -3.0990554e-02
   5.3846154e-01  -3.1183798e-02
   5.3511706e-01  -3.1371782e-02
   5.3177258e-01  -3.1554507e-02
   5.2842809e-01  -3.1731974e-02
   5.2508361e-01  -3.1904187e-02
   5.2173913e-01  -3.2071153e-02
   5.1839465e-01  -3.2232879e-02
   5.1505017e-01  -3.2389376e-02
   5.1170569e-01  -3.2540658e-02
   5.0836120e-01  -3.2686737e-02
   5.0501672e-01  -3.2827632e-02
   5.0167224e-01  -3.2963361e-02
   4.9832776e-01  -3.3093944e-02
   4.9498328e-01  -3.3219404e-02
   4.9163880e-01  -3.3339766e-02
   4.8829431e-01  -3.3455055e-02
   4.8494983e-01  -3.3565301e-02
   4.8160535e-01  -3.3670532e-02
   4.7826087e-01  -3.3770781e-02
   4.7491639e-01  -3.3866081e-02
   4.7157191e-01  -3.3956467e-02
   4.6822742e-01  -3.4041976e-02
   4.6488294e-01  -3.4122646e-02
   4.6153846e-01  -3.4198519e-02
   4.5819398e-01  -3.4269634e-02
   4.5484950e-01  -3.4336035e-02
   4.5150502e-01  -3.4397767e-02
   4.4816054e-01  -3.4454876e-02
   4.4481605e-01  -3.4507410e-02
   4.4147157e-01  -3.4555416e-02
   4.3812709e-01  -3.4598945e-02
   4.3478261e-01  -3.4638049e-02
   4.3143813e-01  -3.4672780e-02
   4.2809365e-01  -3.4703191e-02
   4.2474916e-01  -3.4729339e-02
   4.2140468e-01  -3.4751279e-02
   4.1806020e-01  -3.4769069e-02
   4.1471572e-01  -3.4782766e-02
   4.1137124e-01  -3.4792430e-02
   4.0802676e-01  -3.4798121e-02
   4.0468227e-01  -3.4799900e-02
   4.0133779e-01  -3.4797829e-02
   3.9799331e-01  -3.4791970e-02
   3.9464883e-01  -3.4782388e-02
   3.9130435e-01  -3.4769147e-02
   3.8795987e-01  -3.4752311e-02
   3.8461538e-01  -3.4731946e-02
   3.8127090e-01  -3.4708117e-02
   3.7792642e-01  -3.4680892e-02
   3.7458194e-01  -3.4650337e-02
   3.7123746e-01  -3.4616521e-02
   3.6789298e-01  -3.4579509e-02
   3.6454849e-01  -3.4539372e-02
   3.6120401e-01  -3.4496176e-02
   3.5785953e-01  -3.4449990e-02
   3.5451505e-01  -3.4400883e-02
   3.5117057e-01  -3.4348924e-02
   3.4782609e-01  -3.4294180e-02
   3.4448161e-01  -3.4236721e-02
   3.4113712e-01  -3.4176615e-02
   3.3779264e-01  -3.4113929e-02
   3.3444816e-01  -3.4048733e-02
   3.3110368e-01  -3.3981092e-02
   3.2775920e-01  -3.3911076e-02
   3.2441472e-01  -3.3838749e-02
   3.2107023e-01  -3.3764178e-02
   3.1772575e-01  -3.3687428e-02
   3.1438127e-01  -3.3608565e-02
   3.1103679e-01  -3.3527651e-02
   3.0769231e-01  -3.3444751e-02
   3.0434783e-01  -3.3359925e-02
   3.0100334e-01  -3.3273235e-02
   2.9765886e-01  -3.3184740e-02
   2.9431438e-01  -3.3094499e-02
   2.9096990e-01  -3.3002569e-02
   2.8762542e-01  -3.2909006e-02
   2.8428094e-01  -3.2813864e-02
   2.8093645e-01  -3.2717195e-02
   2.7759197e-01  -3.2619050e-02
   2.7424749e-01  -3.2519477e-02
   2.7090301e-01  -3.2418524e-02
   2.6755853e-01  -3.2316235e-02
   2.6421405e-01  -3.2212653e-02
   2.6086957e-01  -3.2107817e-02
   2.5752508e-01  -3.2001765e-02
   2.5418060e-01  -3.1894531e-02
   2.5083612e-01  -3.1786148e-02
   2.4749164e-01  -3.1676645e-02
   2.4414716e-01  -3.1566047e-02
   2.4080268e-01  -3.1454377e-02
   2.3745819e-01  -3.1341653e-02
   2.3411371e-01  -3.1227893e-02
   2.3076923e-01  -3.1113105e-02
   2.2742475e-01  -3.0997299e-02
   2.2408027e-01  -3.0880478e-02
   2.2073579e-01  -3.0762640e-02
   2.1739130e-01  -3.0643778e-02
   2.1404682e-01  -3.0523883e-02
   2.1070234e-01  -3.0402937e-02
   2.0735786e-01  -3.0280920e-02
   2.0401338e-01  -3.0157803e-02
   2.0066890e-01  -3.0033553e-02
   1.9732441e-01  -2.9908129e-02
   1.9397993e-01  -2.9781486e-02
   1.9063545e-01  -2.9653569e-02
   1.8729097e-01  -2.9524316e-02
   1.8394649e-01  -2.9393659e-02
   1.8060201e-01  -2.9261519e-02
   1.7725753e-01  -2.9127810e-02
   1.7391304e-01  -2.8992437e-02
   1.7056856e-01  -2.8855293e-02
   1.6722408e-01  -2.8716263e-02
   1.6387960e-01  -2.8575219e-02
   1.6053512e-01  -2.8432022e-02
   1.5719064e-01  -2.8286522e-02
   1.5384615e-01  -2.8138553e-02
   1.5050167e-01  -2.7987936e-02
   1.4715719e-01  -2.7834480e-02
   1.4381271e-01  -2.7677972e-02
   1.4046823e-01  -2.7518188e-02
   1.3712375e-01  -2.7354882e-02
   1.3377926e-01  -2.7187790e-02
   1.3043478e-01  -2.7016625e-02
   1.2709030e-01  -2.6841080e-02
   1.2374582e-01  -2.6660822e-02
   1.2040134e-01  -2.6475492e-02
   1.1705686e-01  -2.6284703e-02
   1.1371237e-01  -2.6088035e-02
   1.1036789e-01  -2.5885036e-02
   1.0702341e-01  -2.5675217e-02
   1.0367893e-01  -2.5458048e-02
   1.0033445e-01  -2.5232955e-02
   9.6989967e-02  -2.4999315e-02
   9.3645485e-02  -2.4756452e-02
   9.0301003e-02  -2.4503628e-02
   8.6956522e-02  -2.4240039e-02
   8.3612040e-02  -2.3964806e-02
   8.0267559e-02  -2.3676966e-02
   7.6923077e-02  -2.3375458e-02
   7.3578595e-02  -2.3059115e-02
   7.0234114e-02  -2.2726644e-02
   6.6889632e-02  -2.2376606e-02
   6.3545151e-02  -2.2007397e-02
   6.0200669e-02  -2.1617216e-02
   5.6856187e-02  -2.1204029e-02
   5.3511706e-02  -2.0765525e-02
   5.0167224e-02  -2.0299057e-02
   4.6822742e-02  -1.9801570e-02
   4.3478261e-02  -1.9269497e-02
   4.0133779e-02  -1.8698630e-02
   3.6789298e-02  -1.8083935e-02
   3.3444816e-02  -1.7419297e-02
   3.0100334e-02  -1.6697137e-02
   2.6755853e-02  -1.5907852e-02
   2.3411371e-02  -1.5038914e-02
   2.0066890e-02  -1.4073385e-02
   1.6722408e-02  -1.2987258e-02
   1.3377926e-02  -1.1744254e-02
   1.0033445e-02  -1.0284231e-02
   6.6889632e-03  -8.4916897e-03
   3.3444816e-03  -6.0729338e-03
   0.0000000e+00   2.1000000e-04
