   0.0000000e+00   2.0000000e-04
   3.3444816e-03   1.2232375e-02
   6.6889632e-03   1.7325012e-02
   1.0033445e-02   2.1249032e-02
   1.3377926e-02   2.4569760e-02
   1.6722408e-02   2.7505591e-02
   2.0066890e-02   3.0168212e-02
   2.3411371e-02   3.2623765e-02
   2.6755853e-02   3.4915198e-02
   3.0100334e-02   3.7072239e-02
   3.3444816e-02   3.9116447e-02
   3.6789298e-02   4.1064031e-02
   4.0133779e-02   4.2927529e-02
   4.3478261e-02   4.4716867e-02
   4.6822742e-02   4.6440055e-02
   5.0167224e-02   4.8103660e-02
   5.3511706e-02   4.9713144e-02
   5.6856187e-02   5.1273100e-02
   6.0200669e-02   5.2787434e-02
   6.3545151e-02   5.4259496e-02
   6.6889632e-02   5.5692183e-02
   7.0234114e-02   5.7088019e-02
   7.3578595e-02   5.8449217e-02
   7.6923077e-02   5.9777728e-02
   8.0267559e-02   6.1075282e-02
   8.3612040e-02   6.2343420e-02
   8.6956522e-02   6.3583522e-02
   9.0301003e-02   6.4796826e-02
   9.3645485e-02   6.5984450e-02
   9.6989967e-02   6.7147405e-02
   1.0033445e-01   6.8286609e-02
   1.0367893e-01   6.9402900e-02
   1.0702341e-01   7.0497039e-02
   1.1036789e-01   7.1569728e-02
   1.1371237e-01   7.2621607e-02
   1.1705686e-01   7.3653268e-02
   1.2040134e-01   7.4665256e-02
   1.2374582e-01   7.5658073e-02
   1.2709030e-01   7.6632186e-02
   1.3043478e-01   7.7588027e-02
   1.3377926e-01   7.8526000e-02
   1.3712375e-01   7.9446477e-02
   1.4046823e-01   8.0349808e-02
   1.4381271e-01   8.1236320e-02
   1.4715719e-01   8.2106317e-02
   1.5050167e-01   8.2960085e-02
   1.5384615e-01   8.3797893e-02
   1.5719064e-01   8.4619992e-02
   1.6053512e-01   8.5426621e-02
   1.6387960e-01   8.6218002e-02
   1.6722408e-01   8.6994347e-02
   1.7056856e-01   8.7755855e-02
   1.7391304e-01   8.8502715e-02
   1.7725753e-01   8.9235104e-02
   1.8060201e-01   8.9953193e-02
   1.8394649e-01   9.0657142e-02
   1.8729097e-01   9.1347103e-02
   1.9063545e-01   9.2023223e-02
   1.9397993e-01   9.2685640e-02
   1.9732441e-01   9.3334486e-02
   2.0066890e-01   9.3969888e-02
   2.0401338e-01   9.4591965e-02
   2.0735786e-01   9.5200833e-02
   2.1070234e-01   9.5796604e-02
   2.1404682e-01   9.6379382e-02
   2.1739130e-01   9.6949271e-02
   2.2073579e-01   9.7506367e-02
   2.2408027e-01   9.8050766e-02
   2.2742475e-01   9.8582558e-02
   2.3076923e-01   9.9101831e-02
   2.3411371e-01   9.9608669e-02
   2.3745819e-01   1.0010315e-01
   2.4080268e-01   1.0058537e-01
   2.4414716e-01   1.0105538e-01
   2.4749164e-01   1.0151327e-01
   2.5083612e-01   1.0195911e-01
   2.5418060e-01   1.0239297e-01
   2.5752508e-01   1.0281492e-01
   2.6086957e-01   1.0322503e-01
   2.6421405e-01   1.0362335e-01
   2.6755853e-01   1.0400995e-01
   2.7090301e-01   1.0438490e-01
   2.7424749e-01   1.0474826e-01
   2.7759197e-01   1.0510007e-01
   2.8093645e-01   1.0544041e-01
   2.8428094e-01   1.0576933e-01
   2.8762542e-01   1.0608688e-01
   2.9096990e-01   1.0639312e-01
   2.9431438e-01   1.0668810e-01
   2.9765886e-01   1.0697187e-01
   3.0100334e-01   1.0724450e-01
   3.0434783e-01   1.0750602e-01
   3.0769231e-01   1.0775649e-01
   3.1103679e-01   1.0799596e-01
   3.1438127e-01   1.0822448e-01
   3.1772575e-01   1.0844210e-01
   3.2107023e-01   1.0864887e-01
   3.2441472e-01   1.0884483e-01
   3.2775920e-01   1.0903004e-01
   3.3110368e-01   1.0920453e-01
   3.3444816e-01   1.0936836e-01
   3.3779264e-01   1.0952157e-01
   3.4113712e-01   1.0966421e-01
   3.4448161e-01   1.0979633e-01
   3.4782609e-01   1.0991797e-01
   3.5117057e-01   1.1002918e-01
   3.5451505e-01   1.1012999e-01
   3.5785953e-01   1.1022047e-01
   3.6120401e-01   1.1030064e-01
   3.6454849e-01   1.1037056e-01
   3.6789298e-01   1.1043028e-01
   3.7123746e-01   1.1047983e-01
   3.7458194e-01   1.1051926e-01
   3.7792642e-01   1.1054862e-01
   3.8127090e-01   1.1056795e-01
   3.8461538e-01   1.1057730e-01
   3.8795987e-01   1.1057670e-01
   3.9130435e-01   1.1056621e-01
   3.9464883e-01   1.1054587e-01
   3.9799331e-01   1.1051572e-01
   4.0133779e-01   1.1047582e-01
   4.0468227e-01   1.1042619e-01
   4.0802676e-01   1.1036690e-01
   4.1137124e-01   1.1029798e-01
   4.1471572e-01   1.1021948e-01
   4.1806020e-01   1.1013144e-01
   4.2140468e-01   1.1003391e-01
   4.2474916e-01   1.0992694e-01
   4.2809365e-01   1.0981057e-01
   4.3143813e-01   1.0968485e-01
   4.3478261e-01   1.0954982e-01
   4.3812709e-01   1.0940553e-01
   4.4147157e-01   1.0925202e-01
   4.4481605e-01   1.0908935e-01
   4.4816054e-01   1.0891756e-01
   4.5150502e-01   1.0873669e-01
   4.5484950e-01   1.0854679e-01
   4.5819398e-01   1.0834792e-01
   4.6153846e-01   1.0814012e-01
   4.6488294e-01   1.0792343e-01
   4.6822742e-01   1.0769790e-01
   4.7157191e-01   1.0746359e-01
   4.7491639e-01   1.0722053e-01
   4.7826087e-01   1.0696879e-01
   4.8160535e-01   1.0670840e-01
   4.8494983e-01   1.0643943e-01
   4.8829431e-01   1.0616191e-01
   4.9163880e-01   1.0587589e-01
   4.9498328e-01   1.0558143e-01
   4.9832776e-01   1.0527858e-01
   5.0167224e-01   1.0496739e-01
   5.0501672e-01   1.0464790e-01
   5.0836120e-01   1.0432017e-01
   5.1170569e-01   1.0398425e-01
   5.1505017e-01   1.0364020e-01
   5.1839465e-01   1.0328806e-01
   5.2173913e-01   1.0292788e-01
   5.2508361e-01   1.0255972e-01
   5.2842809e-01   1.0218363e-01
   5.3177258e-01   1.0179966e-01
   5.3511706e-01   1.0140787e-01
   5.3846154e-01   1.0100831e-01
   5.4180602e-01   1.0060104e-01
   5.4515050e-01   1.0018610e-01
   5.4849498e-01   9.9763555e-02
   5.5183946e-01   9.9333456e-02
   5.5518395e-01   9.8895858e-02
   5.5852843e-01   9.8450817e-02
   5.6187291e-01   9.7998389e-02
   5.6521739e-01   9.7538629e-02
   5.6856187e-01   9.7071593e-02
   5.7190635e-01   9.6597338e-02
   5.7525084e-01   9.6115920e-02
   5.7859532e-01   9.5627397e-02
   5.8193980e-01   9.5131825e-02
   5.8528428e-01   9.4629263e-02
   5.8862876e-01   9.4119767e-02
   5.9197324e-01   9.3603397e-02
   5.9531773e-01   9.3080211e-02
   5.9866221e-01   9.2550268e-02
   6.0200669e-01   9.2013626e-02
   6.0535117e-01   9.1470346e-02
   6.0869565e-01   9.0920486e-02
   6.1204013e-01   9.0364108e-02
   6.1538462e-01   8.9801271e-02
   6.1872910e-01   8.9232035e-02
   6.2207358e-01   8.8656463e-02
   6.2541806e-01   8.8074614e-02
   6.2876254e-01   8.7486552e-02
   6.3210702e-01   8.6892336e-02
   6.3545151e-01   8.6292031e-02
   6.3879599e-01   8.5685697e-02
   6.4214047e-01   8.5073398e-02
   6.4548495e-01   8.4455197e-02
   6.4882943e-01   8.3831158e-02
   6.5217391e-01   8.3201344e-02
   6.5551839e-01   8.2565818e-02
   6.5886288e-01   8.1924646e-02
   6.6220736e-01   8.1277892e-02
   6.6555184e-01   8.0625621e-02
   6.6889632e-01   7.9967898e-02
   6.7224080e-01   7.9304788e-02
   6.7558528e-01   7.8636358e-02
   6.7892977e-01   7.7962673e-02
   6.8227425e-01   7.7283800e-02
   6.8561873e-01   7.6599806e-02
   6.8896321e-01   7.5910758e-02
   6.9230769e-01   7.5216723e-02
   6.9565217e-01   7.4517769e-02
   6.9899666e-01   7.3813963e-02
   7.0234114e-01   7.3105374e-02
   7.0568562e-01   7.2392071e-02
   7.0903010e-01   7.1674122e-02
   7.1237458e-01   7.0951597e-02
   7.1571906e-01   7.0224565e-02
   7.1906355e-01   6.9493096e-02
   7.2240803e-01   6.8757259e-02
   7.2575251e-01   6.8017126e-02
   7.2909699e-01   6.7272767e-02
   7.3244147e-01   6.6524253e-02
   7.3578595e-01   6.5771654e-02
   7.3913043e-01   6.5015044e-02
   7.4247492e-01   6.4254493e-02
   7.4581940e-01   6.3490073e-02
   7.4916388e-01   6.2721858e-02
   7.5250836e-01   6.1949920e-02
   7.5585284e-01   6.1174332e-02
   7.5919732e-01   6.0395167e-02
   7.6254181e-01   5.9612500e-02
   7.6588629e-01   5.8826403e-02
   7.6923077e-01   5.8036951e-02
   7.7257525e-01   5.7244219e-02
   7.7591973e-01   5.6448281e-02
   7.7926421e-01   5.5649213e-02
   7.8260870e-01   5.4847090e-02
   7.8595318e-01   5.4041988e-02
   7.8929766e-01   5.3233982e-02
   7.9264214e-01   5.2423150e-02
   7.9598662e-01   5.1609567e-02
   7.9933110e-01   5.0793310e-02
   8.0267559e-01   4.9974457e-02
   8.0602007e-01   4.9153085e-02
   8.0936455e-01   4.8329271e-02
   8.1270903e-01   4.7503094e-02
   8.1605351e-01   4.6674632e-02
   8.1939799e-01   4.5843964e-02
   8.2274247e-01   4.5011168e-02
   8.2608696e-01   4.4176324e-02
   8.2943144e-01   4.3339510e-02
   8.3277592e-01   4.2500808e-02
   8.3612040e-01   4.1660296e-02
   8.3946488e-01   4.0818055e-02
   8.4280936e-01   3.9974166e-02
   8.4615385e-01   3.9128710e-02
   8.4949833e-01   3.8281767e-02
   8.5284281e-01   3.7433418e-02
   8.5618729e-01   3.6583747e-02
   8.5953177e-01   3.5732834e-02
   8.6287625e-01   3.4880762e-02
   8.6622074e-01   3.4027614e-02
   8.6956522e-01   3.3173472e-02
   8.7290970e-01   3.2318419e-02
   8.7625418e-01   3.1462539e-02
   8.7959866e-01   3.0605915e-02
   8.8294314e-01   2.9748631e-02
   8.8628763e-01   2.8890772e-02
   8.8963211e-01   2.8032422e-02
   8.9297659e-01   2.7173665e-02
   8.9632107e-01   2.6314587e-02
   8.9966555e-01   2.5455272e-02
   9.0301003e-01   2.4595807e-02
   9.0635452e-01   2.3736278e-02
   9.0969900e-01   2.2876770e-02
   9.1304348e-01   2.2017369e-02
   9.1638796e-01   2.1158163e-02
   9.1973244e-01   2.0299238e-02
   9.2307692e-01   1.9440681e-02
   9.2642140e-01   1.8582580e-02
   9.2976589e-01   1.7725023e-02
   9.3311037e-01   1.6868097e-02
   9.3645485e-01   1.6011891e-02
   9.3979933e-01   1.5156494e-02
   9.4314381e-01   1.4301993e-02
   9.4648829e-01   1.3448478e-02
   9.4983278e-01   1.2596038e-02
   9.5317726e-01   1.1744764e-02
   9.5652174e-01   1.0894744e-02
   9.5986622e-01   1.0046069e-02
   9.6321070e-01   9.1988285e-03
   9.6655518e-01   8.3531141e-03
   9.6989967e-01   7.5090163e-03
   9.7324415e-01   6.6666261e-03
   9.7658863e-01   5.8260349e-03
   9.7993311e-01   4.9873344e-03
   9.8327759e-01   4.1506166e-03
   9.8662207e-01   3.3159734e-03
   9.8996656e-01   2.4834974e-03
   9.9331104e-01   1.6532811e-03
   9.9665552e-01   8.2541762e-04
   1.0000000e+00   0.0000000e+00
   1.0000000e+00   0.0000000e+00
   9.9665552e-01   7.4342733e-05
   9.9331104e-01   1.3728341e-04
   9.8996656e-01   1.8908163e-04
   9.8662207e-01   2.2999425e-04
   9.8327759e-01   2.6027534e-04
   9.7993311e-01   2.8017625e-04
   9.7658863e-01   2.8994556e-04
   9.7324415e-01   2.8982912e-04
   9.6989967e-01   2.8007008e-04
   9.6655518e-01   2.6090884e-04
   9.6321070e-01   2.3258313e-04
   9.5986622e-01   1.9532796e-04
   9.5652174e-01   1.4937567e-04
   9.5317726e-01   9.4955906e-05
   9.4983278e-01   3.2295659e-05
   9.4648829e-01  -3.8380743e-05
   9.4314381e-01  -1.1685162e-04
   9.3979933e-01  -2.0289793e-04
   9.3645485e-01  -2.9630325e-04
   9.3311037e-01  -3.9685381e-04
   9.2976589e-01  -5.0433842e-04
   9.2642140e-01  -6.1854850e-04
   9.2307692e-01  -7.3927807e-04
   9.1973244e-01  -8.6632370e-04
   9.1638796e-01  -9.9948458e-04
   9.1304348e-01  -1.1385624e-03
   9.0969900e-01  -1.2833615e-03
   9.0635452e-01  -1.4336887e-03
   9.0301003e-01  -1.5893533e-03
   8.9966555e-01  -1.7501672e-03
   8.9632107e-01  -1.9159448e-03
   8.9297659e-01  -2.0865029e-03
   8.8963211e-01  -2.2616611e-03
   8.8628763e-01  -2.4412411e-03
   8.8294314e-01  -2.6250672e-03
   8.7959866e-01  -2.8129664e-03
   8.7625418e-01  -3.0047678e-03
   8.7290970e-01  -3.2003031e-03
   8.6956522e-01  -3.3994065e-03
   8.6622074e-01  -3.6019146e-03
   8.6287625e-01  -3.8076662e-03
   8.5953177e-01  -4.0165028e-03
   8.5618729e-01  -4.2282681e-03
   8.5284281e-01  -4.4428082e-03
   8.4949833e-01  -4.6599717e-03
   8.4615385e-01  -4.8796094e-03
   8.4280936e-01  -5.1015745e-03
   8.3946488e-01  -5.3257226e-03
   8.3612040e-01  -5.5519115e-03
   8.3277592e-01  -5.7800015e-03
   8.2943144e-01  -6.0098550e-03
   8.2608696e-01  -6.2413369e-03
   8.2274247e-01  -6.4743142e-03
   8.1939799e-01  -6.7086562e-03
   8.1605351e-01  -6.9442347e-03
   8.1270903e-01  -7.1809234e-03
   8.0936455e-01  -7.4185984e-03
   8.0602007e-01  -7.6571382e-03
   8.0267559e-01  -7.8964232e-03
   7.9933110e-01  -8.1363361e-03
   7.9598662e-01  -8.3767621e-03
   7.9264214e-01  -8.6175881e-03
   7.8929766e-01  -8.8587036e-03
   7.8595318e-01  -9.1000000e-03
   7.8260870e-01  -9.3413708e-03
   7.7926421e-01  -9.5827120e-03
   7.7591973e-01  -9.8239213e-03
   7.7257525e-01  -1.0064899e-02
   7.6923077e-01  -1.0305546e-02
   7.6588629e-01  -1.0545769e-02
   7.6254181e-01  -1.0785472e-02
   7.5919732e-01  -1.1024564e-02
   7.5585284e-01  -1.1262955e-02
   7.5250836e-01  -1.1500559e-02
   7.4916388e-01  -1.1737289e-02
   7.4581940e-01  -1.1973062e-02
   7.4247492e-01  -1.2207797e-02
   7.3913043e-01  -1.2441413e-02
   7.3578595e-01  -1.2673834e-02
   7.3244147e-01  -1.2904984e-02
   7.2909699e-01  -1.3134789e-02
   7.2575251e-01  -1.3363178e-02
   7.2240803e-01  -1.3590081e-02
   7.1906355e-01  -1.3815431e-02
   7.1571906e-01  -1.4039160e-02
   7.1237458e-01  -1.4261206e-02
   7.0903010e-01  -1.4481507e-02
   7.0568562e-01  -1.4700001e-02
   7.0234114e-01  -1.4916632e-02
   6.9899666e-01  -1.5131341e-02
   6.9565217e-01  -1.5344075e-02
   6.9230769e-01  -1.5554781e-02
   6.8896321e-01  -1.5763408e-02
   6.8561873e-01  -1.5969906e-02
   6.8227425e-01  -1.6174227e-02
   6.7892977e-01  -1.6376327e-02
   6.7558528e-01  -1.6576161e-02
   6.7224080e-01  -1.6773687e-02
   6.6889632e-01  -1.6968864e-02
   6.6555184e-01  -1.7161654e-02
   6.6220736e-01  -1.7352020e-02
   6.5886288e-01  -1.7539925e-02
   6.5551839e-01  -1.7725337e-02
   6.5217391e-01  -1.7908223e-02
   6.4882943e-01  -1.8088553e-02
   6.4548495e-01  -1.8266297e-02
   6.4214047e-01  -1.8441429e-02
   6.3879599e-01  -1.8613923e-02
   6.3545151e-01  -1.8783755e-02
   6.3210702e-01  -1.8950903e-02
   6.2876254e-01  -1.9115344e-02
   6.2541806e-01  -1.9277061e-02
   6.2207358e-01  -1.9436035e-02
   6.1872910e-01  -1.9592250e-02
   6.1538462e-01  -1.9745690e-02
   6.1204013e-01  -1.9896343e-02
   6.0869565e-01  -2.0044197e-02
   6.0535117e-01  -2.0189240e-02
   6.0200669e-01  -2.0331464e-02
   5.9866221e-01  -2.0470861e-02
   5.9531773e-01  -2.0607425e-02
   5.9197324e-01  -2.0741151e-02
   5.8862876e-01  -2.0872035e-02
   5.8528428e-01  -2.1000076e-02
   5.8193980e-01  -2.1125271e-02
   5.7859532e-01  -2.1247622e-02
   5.7525084e-01  -2.1367131e-02
   5.7190635e-01  -2.1483800e-02
   5.6856187e-01  -2.1597633e-02
   5.6521739e-01  -2.1708637e-02
   5.6187291e-01  -2.1816818e-02
   5.5852843e-01  -2.1922183e-02
   5.5518395e-01  -2.2024742e-02
   5.5183946e-01  -2.2124506e-02
   5.4849498e-01  -2.2221485e-02
   5.4515050e-01  -2.2315692e-02
   5.4180602e-01  -2.2407141e-02
   5.3846154e-01  -2.2495846e-02
   5.3511706e-01  -2.2581825e-02
   5.3177258e-01  -2.2665092e-02
   5.2842809e-01  -2.2745668e-02
   5.2508361e-01  -2.2823569e-02
   5.2173913e-01  -2.2898817e-02
   5.1839465e-01  -2.2971432e-02
   5.1505017e-01  -2.3041436e-02
   5.1170569e-01  -2.3108853e-02
   5.0836120e-01  -2.3173705e-02
   5.0501672e-01  -2.3236018e-02
   5.0167224e-01  -2.3295817e-02
   4.9832776e-01  -2.3353129e-02
   4.9498328e-01  -2.3407980e-02
   4.9163880e-01  -2.3460399e-02
   4.8829431e-01  -2.3510414e-02
   4.8494983e-01  -2.3558056e-02
   4.8160535e-01  -2.3603354e-02
   4.7826087e-01  -2.3646340e-02
   4.7491639e-01  -2.3687045e-02
   4.7157191e-01  -2.3725502e-02
   4.6822742e-01  -2.3761744e-02
   4.6488294e-01  -2.3795804e-02
   4.6153846e-01  -2.3827717e-02
   4.5819398e-01  -2.3857518e-02
   4.5484950e-01  -2.3885242e-02
   4.5150502e-01  -2.3910925e-02
   4.4816054e-01  -2.3934604e-02
   4.4481605e-01  -2.3956315e-02
   4.4147157e-01  -2.3976095e-02
   4.3812709e-01  -2.3993984e-02
   4.3478261e-01  -2.4010018e-02
   4.3143813e-01  -2.4024236e-02
   4.2809365e-01  -2.4036677e-02
   4.2474916e-01  -2.4047381e-02
   4.2140468e-01  -2.4056386e-02
   4.1806020e-01  -2.4063733e-02
   4.1471572e-01  -2.4069461e-02
   4.1137124e-01  -2.4073610e-02
   4.0802676e-01  -2.4076221e-02
   4.0468227e-01  -2.4077333e-02
   4.0133779e-01  -2.4076988e-02
   3.9799331e-01  -2.4075225e-02
   3.9464883e-01  -2.4072086e-02
   3.9130435e-01  -2.4067611e-02
   3.8795987e-01  -2.4061839e-02
   3.8461538e-01  -2.4054812e-02
   3.8127090e-01  -2.4046570e-02
   3.7792642e-01  -2.4037152e-02
   3.7458194e-01  -2.4026598e-02
   3.7123746e-01  -2.4014949e-02
   3.6789298e-01  -2.4002243e-02
   3.6454849e-01  -2.3988520e-02
   3.6120401e-01  -2.3973817e-02
   3.5785953e-01  -2.3958173e-02
   3.5451505e-01  -2.3941627e-02
   3.5117057e-01  -2.3924214e-02
   3.4782609e-01  -2.3905972e-02
   3.4448161e-01  -2.3886938e-02
   3.4113712e-01  -2.3867146e-02
   3.3779264e-01  -2.3846631e-02
   3.3444816e-01  -2.3825427e-02
   3.3110368e-01  -2.3803568e-02
   3.2775920e-01  -2.3781086e-02
   3.2441472e-01  -2.3758012e-02
   3.2107023e-01  -2.3734377e-02
   3.1772575e-01  -2.3710211e-02
   3.1438127e-01  -2.3685542e-02
   3.1103679e-01  -2.3660398e-02
   3.0769231e-01  -2.3634804e-02
   3.0434783e-01  -2.3608785e-02
   3.0100334e-01  -2.3582365e-02
   2.9765886e-01  -2.3555566e-02
   2.9431438e-01  -2.3528408e-02
   2.9096990e-01  -2.3500911e-02
   2.8762542e-01  -2.3473092e-02
   2.8428094e-01  -2.3444967e-02
   2.8093645e-01  -2.3416550e-02
   2.7759197e-01  -2.3387853e-02
   2.7424749e-01  -2.3358885e-02
   2.7090301e-01  -2.3329655e-02
   2.6755853e-01  -2.3300170e-02
   2.6421405e-01  -2.3270431e-02
   2.6086957e-01  -2.3240441e-02
   2.5752508e-01  -2.3210199e-02
   2.5418060e-01  -2.3179700e-02
   2.5083612e-01  -2.3148938e-02
   2.4749164e-01  -2.3117904e-02
   2.4414716e-01  -2.3086585e-02
   2.4080268e-01  -2.3054967e-02
   2.3745819e-01  -2.3023030e-02
   2.3411371e-01  -2.2990752e-02
   2.3076923e-01  -2.2958109e-02
   2.2742475e-01  -2.2925070e-02
   2.2408027e-01  -2.2891603e-02
   2.2073579e-01  -2.2857670e-02
   2.1739130e-01  -2.2823231e-02
   2.1404682e-01  -2.2788239e-02
   2.1070234e-01  -2.2752645e-02
   2.0735786e-01  -2.2716392e-02
   2.0401338e-01  -2.2679421e-02
   2.0066890e-01  -2.2641666e-02
   1.9732441e-01  -2.2603055e-02
   1.9397993e-01  -2.2563512e-02
   1.9063545e-01  -2.2522952e-02
   1.8729097e-01  -2.2481287e-02
   1.8394649e-01  -2.2438418e-02
   1.8060201e-01  -2.2394244e-02
   1.7725753e-01  -2.2348651e-02
   1.7391304e-01  -2.2301520e-02
   1.7056856e-01  -2.2252723e-02
   1.6722408e-01  -2.2202124e-02
   1.6387960e-01  -2.2149575e-02
   1.6053512e-01  -2.2094921e-02
   1.5719064e-01  -2.2037994e-02
   1.5384615e-01  -2.1978617e-02
   1.5050167e-01  -2.1916597e-02
   1.4715719e-01  -2.1851734e-02
   1.4381271e-01  -2.1783809e-02
   1.4046823e-01  -2.1712592e-02
   1.3712375e-01  -2.1637835e-02
   1.3377926e-01  -2.1559276e-02
   1.3043478e-01  -2.1476632e-02
   1.2709030e-01  -2.1389604e-02
   1.2374582e-01  -2.1297869e-02
   1.2040134e-01  -2.1201085e-02
   1.1705686e-01  -2.1098882e-02
   1.1371237e-01  -2.0990867e-02
   1.1036789e-01  -2.0876616e-02
   1.0702341e-01  -2.0755674e-02
   1.0367893e-01  -2.0627553e-02
   1.0033445e-01  -2.0491725e-02
   9.6989967e-02  -2.0347623e-02
   9.3645485e-02  -2.0194632e-02
   9.0301003e-02  -2.0032086e-02
   8.6956522e-02  -1.9859263e-02
   8.3612040e-02  -1.9675376e-02
   8.0267559e-02  -1.9479565e-02
   7.6923077e-02  -1.9270891e-02
   7.3578595e-02  -1.9048318e-02
   7.0234114e-02  -1.8810707e-02
   6.6889632e-02  -1.8556793e-02
   6.3545151e-02  -1.8285170e-02
   6.0200669e-02  -1.7994261e-02
   5.6856187e-02  -1.7682294e-02
   5.3511706e-02  -1.7347255e-02
   5.0167224e-02  -1.6986846e-02
   4.6822742e-02  -1.6598417e-02
   4.3478261e-02  -1.6178879e-02
   4.0133779e-02  -1.5724596e-02
   3.6789298e-02  -1.5231221e-02
   3.3444816e-02  -1.4693482e-02
   3.0100334e-02  -1.4104851e-02
   2.6755853e-02  -1.3457064e-02
   2.3411371e-02  -1.2739352e-02
   2.0066890e-02  -1.1937167e-02
   1.6722408e-02  -1.1029900e-02
   1.3377926e-02  -9.9864347e-03
   1.0033445e-02  -8.7552252e-03
   6.6889632e-03  -7.2373498e-03
   3.3444816e-03  -5.1814750e-03
   0.0000000e+00   2.0000000e-04
