   0.0000000e+00   2.0400000e-03
   3.3444816e-03   1.4317425e-02
   6.6889632e-03   2.0289227e-02
   1.0033445e-02   2.4896281e-02
   1.3377926e-02   2.8798246e-02
   1.6722408e-02   3.2249514e-02
   2.0066890e-02   3.5379920e-02
   2.3411371e-02   3.8266189e-02
   2.6755853e-02   4.0958029e-02
   3.0100334e-02   4.3489757e-02
   3.3444816e-02   4.5886200e-02
   3.6789298e-02   4.8165978e-02
   4.0133779e-02   5.0343456e-02
   4.3478261e-02   5.2429978e-02
   4.6822742e-02   5.4434675e-02
   5.0167224e-02   5.6365018e-02
   5.3511706e-02   5.8227205e-02
   5.6856187e-02   6.0026442e-02
   6.0200669e-02   6.1767145e-02
   6.3545151e-02   6.3453100e-02
   6.6889632e-02   6.5087576e-02
   7.0234114e-02   6.6673419e-02
   7.3578595e-02   6.8213125e-02
   7.6923077e-02   6.9708895e-02
   8.0267559e-02   7.1162684e-02
   8.3612040e-02   7.2576233e-02
   8.6956522e-02   7.3951105e-02
   9.0301003e-02   7.5288709e-02
   9.3645485e-02   7.6590318e-02
   9.6989967e-02   7.7857091e-02
   1.0033445e-01   7.9090084e-02
   1.0367893e-01   8.0290266e-02
   1.0702341e-01   8.1458525e-02
   1.1036789e-01   8.2595684e-02
   1.1371237e-01   8.3702501e-02
   1.1705686e-01   8.4779684e-02
   1.2040134e-01   8.5827888e-02
   1.2374582e-01   8.6847730e-02
   1.2709030e-01   8.7839785e-02
   1.3043478e-01   8.8804594e-02
   1.3377926e-01   8.9742668e-02
   1.3712375e-01   9.0654489e-02
   1.4046823e-01   9.1540515e-02
   1.4381271e-01   9.2401179e-02
   1.4715719e-01   9.3236896e-02
   1.5050167e-01   9.4048059e-02
   1.5384615e-01   9.4835048e-02
   1.5719064e-01   9.5598224e-02
   1.6053512e-01   9.6337935e-02
   1.6387960e-01   9.7054516e-02
   1.6722408e-01   9.7748292e-02
   1.7056856e-01   9.8419575e-02
   1.7391304e-01   9.9068667e-02
   1.7725753e-01   9.9695864e-02
   1.8060201e-01   1.0030145e-01
   1.8394649e-01   1.0088570e-01
   1.8729097e-01   1.0144889e-01
   1.9063545e-01   1.0199129e-01
   1.9397993e-01   1.0251315e-01
   1.9732441e-01   1.0301472e-01
   2.0066890e-01   1.0349626e-01
   2.0401338e-01   1.0395800e-01
   2.0735786e-01   1.0440019e-01
   2.1070234e-01   1.0482307e-01
   2.1404682e-01   1.0522686e-01
   2.1739130e-01   1.0561179e-01
   2.2073579e-01   1.0597809e-01
   2.2408027e-01   1.0632598e-01
   2.2742475e-01   1.0665569e-01
   2.3076923e-01   1.0696742e-01
   2.3411371e-01   1.0726140e-01
   2.3745819e-01   1.0753783e-01
   2.4080268e-01   1.0779693e-01
   2.4414716e-01   1.0803890e-01
   2.4749164e-01   1.0826396e-01
   2.5083612e-01   1.0847231e-01
   2.5418060e-01   1.0866415e-01
   2.5752508e-01   1.0883969e-01
   2.6086957e-01   1.0899912e-01
   2.6421405e-01   1.0914265e-01
   2.6755853e-01   1.0927048e-01
   2.7090301e-01   1.0938280e-01
   2.7424749e-01   1.0947981e-01
   2.7759197e-01   1.0956170e-01
   2.8093645e-01   1.0962867e-01
   2.8428094e-01   1.0968092e-01
   2.8762542e-01   1.0971863e-01
   2.9096990e-01   1.0974199e-01
   2.9431438e-01   1.0975121e-01
   2.9765886e-01   1.0974646e-01
   3.0100334e-01   1.0972794e-01
   3.0434783e-01   1.0969584e-01
   3.0769231e-01   1.0965033e-01
   3.1103679e-01   1.0959162e-01
   3.1438127e-01   1.0951989e-01
   3.1772575e-01   1.0943531e-01
   3.2107023e-01   1.0933808e-01
   3.2441472e-01   1.0922839e-01
   3.2775920e-01   1.0910641e-01
   3.3110368e-01   1.0897232e-01
   3.3444816e-01   1.0882631e-01
   3.3779264e-01   1.0866857e-01
   3.4113712e-01   1.0849926e-01
   3.4448161e-01   1.0831857e-01
   3.4782609e-01   1.0812669e-01
   3.5117057e-01   1.0792378e-01
   3.5451505e-01   1.0771003e-01
   3.5785953e-01   1.0748562e-01
   3.6120401e-01   1.0725071e-01
   3.6454849e-01   1.0700549e-01
   3.6789298e-01   1.0675013e-01
   3.7123746e-01   1.0648481e-01
   3.7458194e-01   1.0620969e-01
   3.7792642e-01   1.0592496e-01
   3.8127090e-01   1.0563077e-01
   3.8461538e-01   1.0532732e-01
   3.8795987e-01   1.0501475e-01
   3.9130435e-01   1.0469325e-01
   3.9464883e-01   1.0436298e-01
   3.9799331e-01   1.0402412e-01
   4.0133779e-01   1.0367682e-01
   4.0468227e-01   1.0332125e-01
   4.0802676e-01   1.0295758e-01
   4.1137124e-01   1.0258597e-01
   4.1471572e-01   1.0220659e-01
   4.1806020e-01   1.0181960e-01
   4.2140468e-01   1.0142516e-01
   4.2474916e-01   1.0102342e-01
   4.2809365e-01   1.0061456e-01
   4.3143813e-01   1.0019872e-01
   4.3478261e-01   9.9776067e-02
   4.3812709e-01   9.9346755e-02
   4.4147157e-01   9.8910939e-02
   4.4481605e-01   9.8468773e-02
   4.4816054e-01   9.8020411e-02
   4.5150502e-01   9.7566003e-02
   4.5484950e-01   9.7105701e-02
   4.5819398e-01   9.6639655e-02
   4.6153846e-01   9.6168012e-02
   4.6488294e-01   9.5690919e-02
   4.6822742e-01   9.5208524e-02
   4.7157191e-01   9.4720969e-02
   4.7491639e-01   9.4228400e-02
   4.7826087e-01   9.3730957e-02
   4.8160535e-01   9.3228782e-02
   4.8494983e-01   9.2722014e-02
   4.8829431e-01   9.2210792e-02
   4.9163880e-01   9.1695252e-02
   4.9498328e-01   9.1175529e-02
   4.9832776e-01   9.0651758e-02
   5.0167224e-01   9.0124072e-02
   5.0501672e-01   8.9592601e-02
   5.0836120e-01   8.9057476e-02
   5.1170569e-01   8.8518824e-02
   5.1505017e-01   8.7976772e-02
   5.1839465e-01   8.7431447e-02
   5.2173913e-01   8.6882970e-02
   5.2508361e-01   8.6331465e-02
   5.2842809e-01   8.5777052e-02
   5.3177258e-01   8.5219851e-02
   5.3511706e-01   8.4659977e-02
   5.3846154e-01   8.4097549e-02
   5.4180602e-01   8.3532678e-02
   5.4515050e-01   8.2965479e-02
   5.4849498e-01   8.2396062e-02
   5.5183946e-01   8.1824535e-02
   5.5518395e-01   8.1251006e-02
   5.5852843e-01   8.0675582e-02
   5.6187291e-01   8.0098364e-02
   5.6521739e-01   7.9519457e-02
   5.6856187e-01   7.8938960e-02
   5.7190635e-01   7.8356971e-02
   5.7525084e-01   7.7773587e-02
   5.7859532e-01   7.7188902e-02
   5.8193980e-01   7.6603011e-02
   5.8528428e-01   7.6016003e-02
   5.8862876e-01   7.5427968e-02
   5.9197324e-01   7.4838993e-02
   5.9531773e-01   7.4249162e-02
   5.9866221e-01   7.3658560e-02
   6.0200669e-01   7.3067268e-02
   6.0535117e-01   7.2475364e-02
   6.0869565e-01   7.1882927e-02
   6.1204013e-01   7.1290030e-02
   6.1538462e-01   7.0696748e-02
   6.1872910e-01   7.0103151e-02
   6.2207358e-01   6.9509309e-02
   6.2541806e-01   6.8915287e-02
   6.2876254e-01   6.8321152e-02
   6.3210702e-01   6.7726964e-02
   6.3545151e-01   6.7132786e-02
   6.3879599e-01   6.6538674e-02
   6.4214047e-01   6.5944685e-02
   6.4548495e-01   6.5350873e-02
   6.4882943e-01   6.4757289e-02
   6.5217391e-01   6.4163982e-02
   6.5551839e-01   6.3571000e-02
   6.5886288e-01   6.2978388e-02
   6.6220736e-01   6.2386186e-02
   6.6555184e-01   6.1794437e-02
   6.6889632e-01   6.1203177e-02
   6.7224080e-01   6.0612442e-02
   6.7558528e-01   6.0022265e-02
   6.7892977e-01   5.9432676e-02
   6.8227425e-01   5.8843704e-02
   6.8561873e-01   5.8255374e-02
   6.8896321e-01   5.7667710e-02
   6.9230769e-01   5.7080733e-02
   6.9565217e-01   5.6494461e-02
   6.9899666e-01   5.5908910e-02
   7.0234114e-01   5.5324093e-02
   7.0568562e-01   5.4740021e-02
   7.0903010e-01   5.4156703e-02
   7.1237458e-01   5.3574144e-02
   7.1571906e-01   5.2992348e-02
   7.1906355e-01   5.2411314e-02
   7.2240803e-01   5.1831041e-02
   7.2575251e-01   5.1251525e-02
   7.2909699e-01   5.0672758e-02
   7.3244147e-01   5.0094730e-02
   7.3578595e-01   4.9517428e-02
   7.3913043e-01   4.8940837e-02
   7.4247492e-01   4.8364940e-02
   7.4581940e-01   4.7789715e-02
   7.4916388e-01   4.7215138e-02
   7.5250836e-01   4.6641184e-02
   7.5585284e-01   4.6067824e-02
   7.5919732e-01   4.5495025e-02
   7.6254181e-01   4.4922753e-02
   7.6588629e-01   4.4350971e-02
   7.6923077e-01   4.3779639e-02
   7.7257525e-01   4.3208712e-02
   7.7591973e-01   4.2638146e-02
   7.7926421e-01   4.2067891e-02
   7.8260870e-01   4.1497896e-02
   7.8595318e-01   4.0928106e-02
   7.8929766e-01   4.0358464e-02
   7.9264214e-01   3.9788908e-02
   7.9598662e-01   3.9219376e-02
   7.9933110e-01   3.8649800e-02
   8.0267559e-01   3.8080112e-02
   8.0602007e-01   3.7510239e-02
   8.0936455e-01   3.6940105e-02
   8.1270903e-01   3.6369633e-02
   8.1605351e-01   3.5798739e-02
   8.1939799e-01   3.5227341e-02
   8.2274247e-01   3.4655350e-02
   8.2608696e-01   3.4082675e-02
   8.2943144e-01   3.3509222e-02
   8.3277592e-01   3.2934895e-02
   8.3612040e-01   3.2359593e-02
   8.3946488e-01   3.1783213e-02
   8.4280936e-01   3.1205648e-02
   8.4615385e-01   3.0626790e-02
   8.4949833e-01   3.0046524e-02
   8.5284281e-01   2.9464735e-02
   8.5618729e-01   2.8881304e-02
   8.5953177e-01   2.8296108e-02
   8.6287625e-01   2.7709021e-02
   8.6622074e-01   2.7119915e-02
   8.6956522e-01   2.6528656e-02
   8.7290970e-01   2.5935110e-02
   8.7625418e-01   2.5339138e-02
   8.7959866e-01   2.4740597e-02
   8.8294314e-01   2.4139341e-02
   8.8628763e-01   2.3535222e-02
   8.8963211e-01   2.2928088e-02
   8.9297659e-01   2.2317782e-02
   8.9632107e-01   2.1704147e-02
   8.9966555e-01   2.1087018e-02
   9.0301003e-01   2.0466231e-02
   9.0635452e-01   1.9841616e-02
   9.0969900e-01   1.9213000e-02
   9.1304348e-01   1.8580207e-02
   9.1638796e-01   1.7943057e-02
   9.1973244e-01   1.7301368e-02
   9.2307692e-01   1.6654952e-02
   9.2642140e-01   1.6003619e-02
   9.2976589e-01   1.5347176e-02
   9.3311037e-01   1.4685425e-02
   9.3645485e-01   1.4018165e-02
   9.3979933e-01   1.3345192e-02
   9.4314381e-01   1.2666298e-02
   9.4648829e-01   1.1981271e-02
   9.4983278e-01   1.1289897e-02
   9.5317726e-01   1.0591956e-02
   9.5652174e-01   9.8872252e-03
   9.5986622e-01   9.1754796e-03
   9.6321070e-01   8.4564890e-03
   9.6655518e-01   7.7300199e-03
   9.6989967e-01   6.9958352e-03
   9.7324415e-01   6.2536940e-03
   9.7658863e-01   5.5033518e-03
   9.7993311e-01   4.7445603e-03
   9.8327759e-01   3.9770675e-03
   9.8662207e-01   3.2006177e-03
   9.8996656e-01   2.4149512e-03
   9.9331104e-01   1.6198048e-03
   9.9665552e-01   8.1491138e-04
   1.0000000e+00   0.0000000e+00
   1.0000000e+00  -0.0000000e+00
   9.9665552e-01  -3.1194745e-04
   9.9331104e-01  -6.2686939e-04
   9.8996656e-01  -9.4460388e-04
   9.8662207e-01  -1.2649911e-03
   9.8327759e-01  -1.5878735e-03
   9.7993311e-01  -1.9130954e-03
   9.7658863e-01  -2.2405037e-03
   9.7324415e-01  -2.5699470e-03
   9.6989967e-01  -2.9012763e-03
   9.6655518e-01  -3.2343446e-03
   9.6321070e-01  -3.5690070e-03
   9.5986622e-01  -3.9051208e-03
   9.5652174e-01  -4.2425452e-03
   9.5317726e-01  -4.5811418e-03
   9.4983278e-01  -4.9207740e-03
   9.4648829e-01  -5.2613073e-03
   9.4314381e-01  -5.6026093e-03
   9.3979933e-01  -5.9445498e-03
   9.3645485e-01  -6.2870005e-03
   9.3311037e-01  -6.6298349e-03
   9.2976589e-01  -6.9729291e-03
   9.2642140e-01  -7.3161606e-03
   9.2307692e-01  -7.6594094e-03
   9.1973244e-01  -8.0025572e-03
   9.1638796e-01  -8.3454878e-03
   9.1304348e-01  -8.6880870e-03
   9.0969900e-01  -9.0302425e-03
   9.0635452e-01  -9.3718440e-03
   9.0301003e-01  -9.7127833e-03
   8.9966555e-01  -1.0052954e-02
   8.9632107e-01  -1.0392251e-02
   8.9297659e-01  -1.0730573e-02
   8.8963211e-01  -1.1067819e-02
   8.8628763e-01  -1.1403890e-02
   8.8294314e-01  -1.1738689e-02
   8.7959866e-01  -1.2072122e-02
   8.7625418e-01  -1.2404095e-02
   8.7290970e-01  -1.2734518e-02
   8.6956522e-01  -1.3063301e-02
   8.6622074e-01  -1.3390357e-02
   8.6287625e-01  -1.3715600e-02
   8.5953177e-01  -1.4038947e-02
   8.5618729e-01  -1.4360315e-02
   8.5284281e-01  -1.4679626e-02
   8.4949833e-01  -1.4996800e-02
   8.4615385e-01  -1.5311761e-02
   8.4280936e-01  -1.5624435e-02
   8.3946488e-01  -1.5934749e-02
   8.3612040e-01  -1.6242632e-02
   8.3277592e-01  -1.6548014e-02
   8.2943144e-01  -1.6850828e-02
   8.2608696e-01  -1.7151008e-02
   8.2274247e-01  -1.7448491e-02
   8.1939799e-01  -1.7743214e-02
   8.1605351e-01  -1.8035116e-02
   8.1270903e-01  -1.8324139e-02
   8.0936455e-01  -1.8610225e-02
   8.0602007e-01  -1.8893320e-02
   8.0267559e-01  -1.9173369e-02
   7.9933110e-01  -1.9450319e-02
   7.9598662e-01  -1.9724122e-02
   7.9264214e-01  -1.9994727e-02
   7.8929766e-01  -2.0262089e-02
   7.8595318e-01  -2.0526160e-02
   7.8260870e-01  -2.0786898e-02
   7.7926421e-01  -2.1044261e-02
   7.7591973e-01  -2.1298206e-02
   7.7257525e-01  -2.1548696e-02
   7.6923077e-01  -2.1795693e-02
   7.6588629e-01  -2.2039162e-02
   7.6254181e-01  -2.2279066e-02
   7.5919732e-01  -2.2515375e-02
   7.5585284e-01  -2.2748056e-02
   7.5250836e-01  -2.2977080e-02
   7.4916388e-01  -2.3202419e-02
   7.4581940e-01  -2.3424045e-02
   7.4247492e-01  -2.3641935e-02
   7.3913043e-01  -2.3856063e-02
   7.3578595e-01  -2.4066408e-02
   7.3244147e-01  -2.4272949e-02
   7.2909699e-01  -2.4475666e-02
   7.2575251e-01  -2.4674543e-02
   7.2240803e-01  -2.4869561e-02
   7.1906355e-01  -2.5060707e-02
   7.1571906e-01  -2.5247966e-02
   7.1237458e-01  -2.5431327e-02
   7.0903010e-01  -2.5610778e-02
   7.0568562e-01  -2.5786311e-02
   7.0234114e-01  -2.5957916e-02
   6.9899666e-01  -2.6125587e-02
   6.9565217e-01  -2.6289320e-02
   6.9230769e-01  -2.6449109e-02
   6.8896321e-01  -2.6604952e-02
   6.8561873e-01  -2.6756847e-02
   6.8227425e-01  -2.6904795e-02
   6.7892977e-01  -2.7048796e-02
   6.7558528e-01  -2.7188853e-02
   6.7224080e-01  -2.7324970e-02
   6.6889632e-01  -2.7457151e-02
   6.6555184e-01  -2.7585402e-02
   6.6220736e-01  -2.7709732e-02
   6.5886288e-01  -2.7830147e-02
   6.5551839e-01  -2.7946659e-02
   6.5217391e-01  -2.8059278e-02
   6.4882943e-01  -2.8168016e-02
   6.4548495e-01  -2.8272886e-02
   6.4214047e-01  -2.8373903e-02
   6.3879599e-01  -2.8471082e-02
   6.3545151e-01  -2.8564440e-02
   6.3210702e-01  -2.8653995e-02
   6.2876254e-01  -2.8739765e-02
   6.2541806e-01  -2.8821771e-02
   6.2207358e-01  -2.8900033e-02
   6.1872910e-01  -2.8974573e-02
   6.1538462e-01  -2.9045415e-02
   6.1204013e-01  -2.9112582e-02
   6.0869565e-01  -2.9176100e-02
   6.0535117e-01  -2.9235994e-02
   6.0200669e-01  -2.9292292e-02
   5.9866221e-01  -2.9345022e-02
   5.9531773e-01  -2.9394213e-02
   5.9197324e-01  -2.9439894e-02
   5.8862876e-01  -2.9482096e-02
   5.8528428e-01  -2.9520852e-02
   5.8193980e-01  -2.9556193e-02
   5.7859532e-01  -2.9588154e-02
   5.7525084e-01  -2.9616768e-02
   5.7190635e-01  -2.9642071e-02
   5.6856187e-01  -2.9664099e-02
   5.6521739e-01  -2.9682889e-02
   5.6187291e-01  -2.9698477e-02
   5.5852843e-01  -2.9710904e-02
   5.5518395e-01  -2.9720207e-02
   5.5183946e-01  -2.9726428e-02
   5.4849498e-01  -2.9729606e-02
   5.4515050e-01  -2.9729782e-02
   5.4180602e-01  -2.9727000e-02
   5.3846154e-01  -2.9721301e-02
   5.3511706e-01  -2.9712730e-02
   5.3177258e-01  -2.9701330e-02
   5.2842809e-01  -2.9687146e-02
   5.2508361e-01  -2.9670222e-02
   5.2173913e-01  -2.9650607e-02
   5.1839465e-01  -2.9628344e-02
   5.1505017e-01  -2.9603482e-02
   5.1170569e-01  -2.9576069e-02
   5.0836120e-01  -2.9546152e-02
   5.0501672e-01  -2.9513779e-02
   5.0167224e-01  -2.9479001e-02
   4.9832776e-01  -2.9441866e-02
   4.9498328e-01  -2.9402424e-02
   4.9163880e-01  -2.9360727e-02
   4.8829431e-01  -2.9316824e-02
   4.8494983e-01  -2.9270767e-02
   4.8160535e-01  -2.9222607e-02
   4.7826087e-01  -2.9172396e-02
   4.7491639e-01  -2.9120186e-02
   4.7157191e-01  -2.9066031e-02
   4.6822742e-01  -2.9009982e-02
   4.6488294e-01  -2.8952093e-02
   4.6153846e-01  -2.8892416e-02
   4.5819398e-01  -2.8831006e-02
   4.5484950e-01  -2.8767915e-02
   4.5150502e-01  -2.8703198e-02
   4.4816054e-01  -2.8636909e-02
   4.4481605e-01  -2.8569101e-02
   4.4147157e-01  -2.8499829e-02
   4.3812709e-01  -2.8429146e-02
   4.3478261e-01  -2.8357108e-02
   4.3143813e-01  -2.8283767e-02
   4.2809365e-01  -2.8209179e-02
   4.2474916e-01  -2.8133397e-02
   4.2140468e-01  -2.8056476e-02
   4.1806020e-01  -2.7978469e-02
   4.1471572e-01  -2.7899431e-02
   4.1137124e-01  -2.7819414e-02
   4.0802676e-01  -2.7738473e-02
   4.0468227e-01  -2.7656660e-02
   4.0133779e-01  -2.7574028e-02
   3.9799331e-01  -2.7490632e-02
   3.9464883e-01  -2.7406521e-02
   3.9130435e-01  -2.7321750e-02
   3.8795987e-01  -2.7236369e-02
   3.8461538e-01  -2.7150429e-02
   3.8127090e-01  -2.7063982e-02
   3.7792642e-01  -2.6977078e-02
   3.7458194e-01  -2.6889767e-02
   3.7123746e-01  -2.6802097e-02
   3.6789298e-01  -2.6714118e-02
   3.6454849e-01  -2.6625878e-02
   3.6120401e-01  -2.6537424e-02
   3.5785953e-01  -2.6448802e-02
   3.5451505e-01  -2.6360059e-02
   3.5117057e-01  -2.6271239e-02
   3.4782609e-01  -2.6182388e-02
   3.4448161e-01  -2.6093547e-02
   3.4113712e-01  -2.6004761e-02
   3.3779264e-01  -2.5916070e-02
   3.3444816e-01  -2.5827514e-02
   3.3110368e-01  -2.5739134e-02
   3.2775920e-01  -2.5650967e-02
   3.2441472e-01  -2.5563050e-02
   3.2107023e-01  -2.5475420e-02
   3.1772575e-01  -2.5388111e-02
   3.1438127e-01  -2.5301155e-02
   3.1103679e-01  -2.5214586e-02
   3.0769231e-01  -2.5128433e-02
   3.0434783e-01  -2.5042725e-02
   3.0100334e-01  -2.4957490e-02
   2.9765886e-01  -2.4872753e-02
   2.9431438e-01  -2.4788537e-02
   2.9096990e-01  -2.4704865e-02
   2.8762542e-01  -2.4621758e-02
   2.8428094e-01  -2.4539233e-02
   2.8093645e-01  -2.4457306e-02
   2.7759197e-01  -2.4375993e-02
   2.7424749e-01  -2.4295304e-02
   2.7090301e-01  -2.4215249e-02
   2.6755853e-01  -2.4135836e-02
   2.6421405e-01  -2.4057070e-02
   2.6086957e-01  -2.3978952e-02
   2.5752508e-01  -2.3901482e-02
   2.5418060e-01  -2.3824658e-02
   2.5083612e-01  -2.3748472e-02
   2.4749164e-01  -2.3672916e-02
   2.4414716e-01  -2.3597978e-02
   2.4080268e-01  -2.3523641e-02
   2.3745819e-01  -2.3449888e-02
   2.3411371e-01  -2.3376695e-02
   2.3076923e-01  -2.3304036e-02
   2.2742475e-01  -2.3231882e-02
   2.2408027e-01  -2.3160198e-02
   2.2073579e-01  -2.3088947e-02
   2.1739130e-01  -2.3018085e-02
   2.1404682e-01  -2.2947565e-02
   2.1070234e-01  -2.2877336e-02
   2.0735786e-01  -2.2807341e-02
   2.0401338e-01  -2.2737518e-02
   2.0066890e-01  -2.2667798e-02
   1.9732441e-01  -2.2598109e-02
   1.9397993e-01  -2.2528373e-02
   1.9063545e-01  -2.2458502e-02
   1.8729097e-01  -2.2388405e-02
   1.8394649e-01  -2.2317984e-02
   1.8060201e-01  -2.2247132e-02
   1.7725753e-01  -2.2175736e-02
   1.7391304e-01  -2.2103673e-02
   1.7056856e-01  -2.2030813e-02
   1.6722408e-01  -2.1957017e-02
   1.6387960e-01  -2.1882137e-02
   1.6053512e-01  -2.1806013e-02
   1.5719064e-01  -2.1728477e-02
   1.5384615e-01  -2.1649349e-02
   1.5050167e-01  -2.1568435e-02
   1.4715719e-01  -2.1485531e-02
   1.4381271e-01  -2.1400420e-02
   1.4046823e-01  -2.1312867e-02
   1.3712375e-01  -2.1222625e-02
   1.3377926e-01  -2.1129429e-02
   1.3043478e-01  -2.1032998e-02
   1.2709030e-01  -2.0933030e-02
   1.2374582e-01  -2.0829204e-02
   1.2040134e-01  -2.0721176e-02
   1.1705686e-01  -2.0608579e-02
   1.1371237e-01  -2.0491020e-02
   1.1036789e-01  -2.0368077e-02
   1.0702341e-01  -2.0239298e-02
   1.0367893e-01  -2.0104198e-02
   1.0033445e-01  -1.9962254e-02
   9.6989967e-02  -1.9812903e-02
   9.3645485e-02  -1.9655536e-02
   9.0301003e-02  -1.9489496e-02
   8.6956522e-02  -1.9314067e-02
   8.3612040e-02  -1.9128475e-02
   8.0267559e-02  -1.8931871e-02
   7.6923077e-02  -1.8723330e-02
   7.3578595e-02  -1.8501834e-02
   7.0234114e-02  -1.8266263e-02
   6.6889632e-02  -1.8015375e-02
   6.3545151e-02  -1.7747789e-02
   6.0200669e-02  -1.7461962e-02
   5.6856187e-02  -1.7156156e-02
   5.3511706e-02  -1.6828403e-02
   5.0167224e-02  -1.6476455e-02
   4.6822742e-02  -1.6097724e-02
   4.3478261e-02  -1.5689195e-02
   4.0133779e-02  -1.5247320e-02
   3.6789298e-02  -1.4767866e-02
   3.3444816e-02  -1.4245693e-02
   3.0100334e-02  -1.3674451e-02
   2.6755853e-02  -1.3046099e-02
   2.3411371e-02  -1.2350168e-02
   2.0066890e-02  -1.1572517e-02
   1.6722408e-02  -1.0693132e-02
   1.3377926e-02  -9.6817991e-03
   1.0033445e-02  -8.4884894e-03
   6.6889632e-03  -7.0172208e-03
   3.3444816e-03  -5.0241925e-03
   0.0000000e+00   2.0400000e-03
