   0.0000000e+00   1.2800000e-03
   3.3444816e-03   1.9989621e-02
   6.6889632e-03   2.8346070e-02
   1.0033445e-02   3.4806141e-02
   1.3377926e-02   4.0289116e-02
   1.6722408e-02   4.5149332e-02
   2.0066890e-02   4.9567560e-02
   2.3411371e-02   5.3650585e-02
   2.6755853e-02   5.7467563e-02
   3.0100334e-02   6.1066223e-02
   3.3444816e-02   6.4481083e-02
   3.6789298e-02   6.7738020e-02
   4.0133779e-02   7.0856990e-02
   4.3478261e-02   7.3853747e-02
   4.6822742e-02   7.6740963e-02
   5.0167224e-02   7.9529002e-02
   5.3511706e-02   8.2226457e-02
   5.6856187e-02   8.4840536e-02
   6.0200669e-02   8.7377355e-02
   6.3545151e-02   8.9842145e-02
   6.6889632e-02   9.2239422e-02
   7.0234114e-02   9.4573114e-02
   7.3578595e-02   9.6846657e-02
   7.6923077e-02   9.9063079e-02
   8.0267559e-02   1.0122506e-01
   8.3612040e-02   1.0333499e-01
   8.6956522e-02   1.0539501e-01
   9.0301003e-02   1.0740703e-01
   9.3645485e-02   1.0937279e-01
   9.6989967e-02   1.1129386e-01
   1.0033445e-01   1.1317167e-01
   1.0367893e-01   1.1500752e-01
   1.0702341e-01   1.1680261e-01
   1.1036789e-01   1.1855804e-01
   1.1371237e-01   1.2027482e-01
   1.1705686e-01   1.2195388e-01
   1.2040134e-01   1.2359610e-01
   1.2374582e-01   1.2520228e-01
   1.2709030e-01   1.2677318e-01
   1.3043478e-01   1.2830950e-01
   1.3377926e-01   1.2981190e-01
   1.3712375e-01   1.3128101e-01
   1.4046823e-01   1.3271740e-01
   1.4381271e-01   1.3412164e-01
   1.4715719e-01   1.3549424e-01
   1.5050167e-01   1.3683570e-01
   1.5384615e-01   1.3814649e-01
   1.5719064e-01   1.3942706e-01
   1.6053512e-01   1.4067785e-01
   1.6387960e-01   1.4189926e-01
   1.6722408e-01   1.4309168e-01
   1.7056856e-01   1.4425550e-01
   1.7391304e-01   1.4539107e-01
   1.7725753e-01   1.4649876e-01
   1.8060201e-01   1.4757889e-01
   1.8394649e-01   1.4863180e-01
   1.8729097e-01   1.4965780e-01
   1.9063545e-01   1.5065721e-01
   1.9397993e-01   1.5163031e-01
   1.9732441e-01   1.5257741e-01
   2.0066890e-01   1.5349878e-01
   2.0401338e-01   1.5439471e-01
   2.0735786e-01   1.5526546e-01
   2.1070234e-01   1.5611130e-01
   2.1404682e-01   1.5693250e-01
   2.1739130e-01   1.5772929e-01
   2.2073579e-01   1.5850194e-01
   2.2408027e-01   1.5925069e-01
   2.2742475e-01   1.5997577e-01
   2.3076923e-01   1.6067744e-01
   2.3411371e-01   1.6135591e-01
   2.3745819e-01   1.6201143e-01
   2.4080268e-01   1.6264422e-01
   2.4414716e-01   1.6325450e-01
   2.4749164e-01   1.6384249e-01
   2.5083612e-01   1.6440843e-01
   2.5418060e-01   1.6495251e-01
   2.5752508e-01   1.6547497e-01
   2.6086957e-01   1.6597600e-01
   2.6421405e-01   1.6645582e-01
   2.6755853e-01   1.6691465e-01
   2.7090301e-01   1.6735268e-01
   2.7424749e-01   1.6777012e-01
   2.7759197e-01   1.6816718e-01
   2.8093645e-01   1.6854406e-01
   2.8428094e-01   1.6890095e-01
   2.8762542e-01   1.6923807e-01
   2.9096990e-01   1.6955560e-01
   2.9431438e-01   1.6985375e-01
   2.9765886e-01   1.7013271e-01
   3.0100334e-01   1.7039267e-01
   3.0434783e-01   1.7063383e-01
   3.0769231e-01   1.7085638e-01
   3.1103679e-01   1.7106051e-01
   3.1438127e-01   1.7124641e-01
   3.1772575e-01   1.7141427e-01
   3.2107023e-01   1.7156429e-01
   3.2441472e-01   1.7169664e-01
   3.2775920e-01   1.7181151e-01
   3.3110368e-01   1.7190909e-01
   3.3444816e-01   1.7198957e-01
   3.3779264e-01   1.7205312e-01
   3.4113712e-01   1.7209993e-01
   3.4448161e-01   1.7213019e-01
   3.4782609e-01   1.7214406e-01
   3.5117057e-01   1.7214174e-01
   3.5451505e-01   1.7212341e-01
   3.5785953e-01   1.7208923e-01
   3.6120401e-01   1.7203939e-01
   3.6454849e-01   1.7197407e-01
   3.6789298e-01   1.7189344e-01
   3.7123746e-01   1.7179767e-01
   3.7458194e-01   1.7168694e-01
   3.7792642e-01   1.7156143e-01
   3.8127090e-01   1.7142130e-01
   3.8461538e-01   1.7126673e-01
   3.8795987e-01   1.7109788e-01
   3.9130435e-01   1.7091493e-01
   3.9464883e-01   1.7071805e-01
   3.9799331e-01   1.7050739e-01
   4.0133779e-01   1.7028313e-01
   4.0468227e-01   1.7004544e-01
   4.0802676e-01   1.6979448e-01
   4.1137124e-01   1.6953041e-01
   4.1471572e-01   1.6925339e-01
   4.1806020e-01   1.6896358e-01
   4.2140468e-01   1.6866116e-01
   4.2474916e-01   1.6834627e-01
   4.2809365e-01   1.6801907e-01
   4.3143813e-01   1.6767972e-01
   4.3478261e-01   1.6732838e-01
   4.3812709e-01   1.6696520e-01
   4.4147157e-01   1.6659033e-01
   4.4481605e-01   1.6620393e-01
   4.4816054e-01   1.6580615e-01
   4.5150502e-01   1.6539714e-01
   4.5484950e-01   1.6497705e-01
   4.5819398e-01   1.6454602e-01
   4.6153846e-01   1.6410420e-01
   4.6488294e-01   1.6365174e-01
   4.6822742e-01   1.6318877e-01
   4.7157191e-01   1.6271545e-01
   4.7491639e-01   1.6223192e-01
   4.7826087e-01   1.6173830e-01
   4.8160535e-01   1.6123474e-01
   4.8494983e-01   1.6072139e-01
   4.8829431e-01   1.6019836e-01
   4.9163880e-01   1.5966580e-01
   4.9498328e-01   1.5912384e-01
   4.9832776e-01   1.5857261e-01
   5.0167224e-01   1.5801224e-01
   5.0501672e-01   1.5744286e-01
   5.0836120e-01   1.5686459e-01
   5.1170569e-01   1.5627756e-01
   5.1505017e-01   1.5568189e-01
   5.1839465e-01   1.5507770e-01
   5.2173913e-01   1.5446512e-01
   5.2508361e-01   1.5384426e-01
   5.2842809e-01   1.5321524e-01
   5.3177258e-01   1.5257817e-01
   5.3511706e-01   1.5193316e-01
   5.3846154e-01   1.5128034e-01
   5.4180602e-01   1.5061980e-01
   5.4515050e-01   1.4995166e-01
   5.4849498e-01   1.4927602e-01
   5.5183946e-01   1.4859298e-01
   5.5518395e-01   1.4790265e-01
   5.5852843e-01   1.4720514e-01
   5.6187291e-01   1.4650053e-01
   5.6521739e-01   1.4578892e-01
   5.6856187e-01   1.4507042e-01
   5.7190635e-01   1.4434510e-01
   5.7525084e-01   1.4361308e-01
   5.7859532e-01   1.4287442e-01
   5.8193980e-01   1.4212922e-01
   5.8528428e-01   1.4137757e-01
   5.8862876e-01   1.4061955e-01
   5.9197324e-01   1.3985524e-01
   5.9531773e-01   1.3908471e-01
   5.9866221e-01   1.3830805e-01
   6.0200669e-01   1.3752533e-01
   6.0535117e-01   1.3673663e-01
   6.0869565e-01   1.3594200e-01
   6.1204013e-01   1.3514153e-01
   6.1538462e-01   1.3433527e-01
   6.1872910e-01   1.3352329e-01
   6.2207358e-01   1.3270566e-01
   6.2541806e-01   1.3188243e-01
   6.2876254e-01   1.3105365e-01
   6.3210702e-01   1.3021939e-01
   6.3545151e-01   1.2937970e-01
   6.3879599e-01   1.2853462e-01
   6.4214047e-01   1.2768420e-01
   6.4548495e-01   1.2682850e-01
   6.4882943e-01   1.2596755e-01
   6.5217391e-01   1.2510139e-01
   6.5551839e-01   1.2423006e-01
   6.5886288e-01   1.2335360e-01
   6.6220736e-01   1.2247204e-01
   6.6555184e-01   1.2158541e-01
   6.6889632e-01   1.2069374e-01
   6.7224080e-01   1.1979705e-01
   6.7558528e-01   1.1889538e-01
   6.7892977e-01   1.1798873e-01
   6.8227425e-01   1.1707713e-01
   6.8561873e-01   1.1616059e-01
   6.8896321e-01   1.1523913e-01
   6.9230769e-01   1.1431275e-01
   6.9565217e-01   1.1338147e-01
   6.9899666e-01   1.1244529e-01
   7.0234114e-01   1.1150421e-01
   7.0568562e-01   1.1055822e-01
   7.0903010e-01   1.0960734e-01
   7.1237458e-01   1.0865154e-01
   7.1571906e-01   1.0769083e-01
   7.1906355e-01   1.0672519e-01
   7.2240803e-01   1.0575461e-01
   7.2575251e-01   1.0477907e-01
   7.2909699e-01   1.0379855e-01
   7.3244147e-01   1.0281302e-01
   7.3578595e-01   1.0182247e-01
   7.3913043e-01   1.0082686e-01
   7.4247492e-01   9.9826165e-02
   7.4581940e-01   9.8820346e-02
   7.4916388e-01   9.7809368e-02
   7.5250836e-01   9.6793190e-02
   7.5585284e-01   9.5771770e-02
   7.5919732e-01   9.4745061e-02
   7.6254181e-01   9.3713015e-02
   7.6588629e-01   9.2675579e-02
   7.6923077e-01   9.1632697e-02
   7.7257525e-01   9.0584313e-02
   7.7591973e-01   8.9530364e-02
   7.7926421e-01   8.8470786e-02
   7.8260870e-01   8.7405511e-02
   7.8595318e-01   8.6334470e-02
   7.8929766e-01   8.5257588e-02
   7.9264214e-01   8.4174788e-02
   7.9598662e-01   8.3085991e-02
   7.9933110e-01   8.1991113e-02
   8.0267559e-01   8.0890067e-02
   8.0602007e-01   7.9782764e-02
   8.0936455e-01   7.8669112e-02
   8.1270903e-01   7.7549013e-02
   8.1605351e-01   7.6422368e-02
   8.1939799e-01   7.5289076e-02
   8.2274247e-01   7.4149028e-02
   8.2608696e-01   7.3002117e-02
   8.2943144e-01   7.1848230e-02
   8.3277592e-01   7.0687250e-02
   8.3612040e-01   6.9519059e-02
   8.3946488e-01   6.8343532e-02
   8.4280936e-01   6.7160545e-02
   8.4615385e-01   6.5969967e-02
   8.4949833e-01   6.4771666e-02
   8.5284281e-01   6.3565505e-02
   8.5618729e-01   6.2351344e-02
   8.5953177e-01   6.1129040e-02
   8.6287625e-01   5.9898445e-02
   8.6622074e-01   5.8659410e-02
   8.6956522e-01   5.7411780e-02
   8.7290970e-01   5.6155398e-02
   8.7625418e-01   5.4890102e-02
   8.7959866e-01   5.3615729e-02
   8.8294314e-01   5.2332110e-02
   8.8628763e-01   5.1039073e-02
   8.8963211e-01   4.9736443e-02
   8.9297659e-01   4.8424040e-02
   8.9632107e-01   4.7101682e-02
   8.9966555e-01   4.5769183e-02
   9.0301003e-01   4.4426353e-02
   9.0635452e-01   4.3072997e-02
   9.0969900e-01   4.1708919e-02
   9.1304348e-01   4.0333916e-02
   9.1638796e-01   3.8947785e-02
   9.1973244e-01   3.7550317e-02
   9.2307692e-01   3.6141299e-02
   9.2642140e-01   3.4720514e-02
   9.2976589e-01   3.3287744e-02
   9.3311037e-01   3.1842764e-02
   9.3645485e-01   3.0385346e-02
   9.3979933e-01   2.8915259e-02
   9.4314381e-01   2.7432267e-02
   9.4648829e-01   2.5936132e-02
   9.4983278e-01   2.4426610e-02
   9.5317726e-01   2.2903455e-02
   9.5652174e-01   2.1366414e-02
   9.5986622e-01   1.9815235e-02
   9.6321070e-01   1.8249656e-02
   9.6655518e-01   1.6669417e-02
   9.6989967e-01   1.5074250e-02
   9.7324415e-01   1.3463884e-02
   9.7658863e-01   1.1838045e-02
   9.7993311e-01   1.0196455e-02
   9.8327759e-01   8.5388290e-03
   9.8662207e-01   6.8648818e-03
   9.8996656e-01   5.1743224e-03
   9.9331104e-01   3.4668556e-03
   9.9665552e-01   1.7421825e-03
   1.0000000e+00   0.0000000e+00
   1.0000000e+00   0.0000000e+00
   9.9665552e-01   8.6857346e-04
   9.9331104e-01   1.7244386e-03
   9.8996656e-01   2.5677974e-03
   9.8662207e-01   3.3988491e-03
   9.8327759e-01   4.2177899e-03
   9.7993311e-01   5.0248128e-03
   9.7658863e-01   5.8201084e-03
   9.7324415e-01   6.6038639e-03
   9.6989967e-01   7.3762638e-03
   9.6655518e-01   8.1374898e-03
   9.6321070e-01   8.8877206e-03
   9.5986622e-01   9.6271321e-03
   9.5652174e-01   1.0355897e-02
   9.5317726e-01   1.1074187e-02
   9.4983278e-01   1.1782167e-02
   9.4648829e-01   1.2480004e-02
   9.4314381e-01   1.3167858e-02
   9.3979933e-01   1.3845889e-02
   9.3645485e-01   1.4514253e-02
   9.3311037e-01   1.5173104e-02
   9.2976589e-01   1.5822593e-02
   9.2642140e-01   1.6462867e-02
   9.2307692e-01   1.7094071e-02
   9.1973244e-01   1.7716350e-02
   9.1638796e-01   1.8329842e-02
   9.1304348e-01   1.8934685e-02
   9.0969900e-01   1.9531014e-02
   9.0635452e-01   2.0118961e-02
   9.0301003e-01   2.0698655e-02
   8.9966555e-01   2.1270223e-02
   8.9632107e-01   2.1833790e-02
   8.9297659e-01   2.2389477e-02
   8.8963211e-01   2.2937403e-02
   8.8628763e-01   2.3477686e-02
   8.8294314e-01   2.4010438e-02
   8.7959866e-01   2.4535772e-02
   8.7625418e-01   2.5053797e-02
   8.7290970e-01   2.5564619e-02
   8.6956522e-01   2.6068343e-02
   8.6622074e-01   2.6565070e-02
   8.6287625e-01   2.7054899e-02
   8.5953177e-01   2.7537927e-02
   8.5618729e-01   2.8014250e-02
   8.5284281e-01   2.8483958e-02
   8.4949833e-01   2.8947141e-02
   8.4615385e-01   2.9403887e-02
   8.4280936e-01   2.9854281e-02
   8.3946488e-01   3.0298405e-02
   8.3612040e-01   3.0736340e-02
   8.3277592e-01   3.1168163e-02
   8.2943144e-01   3.1593952e-02
   8.2608696e-01   3.2013778e-02
   8.2274247e-01   3.2427713e-02
   8.1939799e-01   3.2835827e-02
   8.1605351e-01   3.3238186e-02
   8.1270903e-01   3.3634854e-02
   8.0936455e-01   3.4025895e-02
   8.0602007e-01   3.4411369e-02
   8.0267559e-01   3.4791333e-02
   7.9933110e-01   3.5165844e-02
   7.9598662e-01   3.5534955e-02
   7.9264214e-01   3.5898719e-02
   7.8929766e-01   3.6257186e-02
   7.8595318e-01   3.6610402e-02
   7.8260870e-01   3.6958414e-02
   7.7926421e-01   3.7301265e-02
   7.7591973e-01   3.7638997e-02
   7.7257525e-01   3.7971650e-02
   7.6923077e-01   3.8299261e-02
   7.6588629e-01   3.8621866e-02
   7.6254181e-01   3.8939498e-02
   7.5919732e-01   3.9252190e-02
   7.5585284e-01   3.9559972e-02
   7.5250836e-01   3.9862872e-02
   7.4916388e-01   4.0160915e-02
   7.4581940e-01   4.0454127e-02
   7.4247492e-01   4.0742530e-02
   7.3913043e-01   4.1026145e-02
   7.3578595e-01   4.1304991e-02
   7.3244147e-01   4.1579084e-02
   7.2909699e-01   4.1848442e-02
   7.2575251e-01   4.2113076e-02
   7.2240803e-01   4.2373000e-02
   7.1906355e-01   4.2628224e-02
   7.1571906e-01   4.2878756e-02
   7.1237458e-01   4.3124604e-02
   7.0903010e-01   4.3365773e-02
   7.0568562e-01   4.3602267e-02
   7.0234114e-01   4.3834088e-02
   6.9899666e-01   4.4061237e-02
   6.9565217e-01   4.4283713e-02
   6.9230769e-01   4.4501514e-02
   6.8896321e-01   4.4714635e-02
   6.8561873e-01   4.4923072e-02
   6.8227425e-01   4.5126817e-02
   6.7892977e-01   4.5325863e-02
   6.7558528e-01   4.5520200e-02
   6.7224080e-01   4.5709816e-02
   6.6889632e-01   4.5894700e-02
   6.6555184e-01   4.6074837e-02
   6.6220736e-01   4.6250212e-02
   6.5886288e-01   4.6420810e-02
   6.5551839e-01   4.6586612e-02
   6.5217391e-01   4.6747599e-02
   6.4882943e-01   4.6903751e-02
   6.4548495e-01   4.7055047e-02
   6.4214047e-01   4.7201465e-02
   6.3879599e-01   4.7342979e-02
   6.3545151e-01   4.7479567e-02
   6.3210702e-01   4.7611201e-02
   6.2876254e-01   4.7737854e-02
   6.2541806e-01   4.7859499e-02
   6.2207358e-01   4.7976105e-02
   6.1872910e-01   4.8087644e-02
   6.1538462e-01   4.8194083e-02
   6.1204013e-01   4.8295391e-02
   6.0869565e-01   4.8391534e-02
   6.0535117e-01   4.8482478e-02
   6.0200669e-01   4.8568188e-02
   5.9866221e-01   4.8648629e-02
   5.9531773e-01   4.8723764e-02
   5.9197324e-01   4.8793555e-02
   5.8862876e-01   4.8857964e-02
   5.8528428e-01   4.8916952e-02
   5.8193980e-01   4.8970480e-02
   5.7859532e-01   4.9018507e-02
   5.7525084e-01   4.9060992e-02
   5.7190635e-01   4.9097892e-02
   5.6856187e-01   4.9129167e-02
   5.6521739e-01   4.9154772e-02
   5.6187291e-01   4.9174665e-02
   5.5852843e-01   4.9188801e-02
   5.5518395e-01   4.9197136e-02
   5.5183946e-01   4.9199625e-02
   5.4849498e-01   4.9196222e-02
   5.4515050e-01   4.9186882e-02
   5.4180602e-01   4.9171558e-02
   5.3846154e-01   4.9150204e-02
   5.3511706e-01   4.9122773e-02
   5.3177258e-01   4.9089218e-02
   5.2842809e-01   4.9049492e-02
   5.2508361e-01   4.9003546e-02
   5.2173913e-01   4.8951334e-02
   5.1839465e-01   4.8892807e-02
   5.1505017e-01   4.8827918e-02
   5.1170569e-01   4.8756618e-02
   5.0836120e-01   4.8678859e-02
   5.0501672e-01   4.8594593e-02
   5.0167224e-01   4.8503773e-02
   4.9832776e-01   4.8406349e-02
   4.9498328e-01   4.8302275e-02
   4.9163880e-01   4.8191503e-02
   4.8829431e-01   4.8073984e-02
   4.8494983e-01   4.7949673e-02
   4.8160535e-01   4.7818521e-02
   4.7826087e-01   4.7680483e-02
   4.7491639e-01   4.7535511e-02
   4.7157191e-01   4.7383560e-02
   4.6822742e-01   4.7224585e-02
   4.6488294e-01   4.7058539e-02
   4.6153846e-01   4.6885380e-02
   4.5819398e-01   4.6705062e-02
   4.5484950e-01   4.6517543e-02
   4.5150502e-01   4.6322780e-02
   4.4816054e-01   4.6120730e-02
   4.4481605e-01   4.5911354e-02
   4.4147157e-01   4.5694609e-02
   4.3812709e-01   4.5470458e-02
   4.3478261e-01   4.5238860e-02
   4.3143813e-01   4.4999778e-02
   4.2809365e-01   4.4753177e-02
   4.2474916e-01   4.4499019e-02
   4.2140468e-01   4.4237270e-02
   4.1806020e-01   4.3967898e-02
   4.1471572e-01   4.3690869e-02
   4.1137124e-01   4.3406154e-02
   4.0802676e-01   4.3113722e-02
   4.0468227e-01   4.2813545e-02
   4.0133779e-01   4.2505596e-02
   3.9799331e-01   4.2189851e-02
   3.9464883e-01   4.1866286e-02
   3.9130435e-01   4.1534879e-02
   3.8795987e-01   4.1195609e-02
   3.8461538e-01   4.0848457e-02
   3.8127090e-01   4.0493409e-02
   3.7792642e-01   4.0130448e-02
   3.7458194e-01   3.9759561e-02
   3.7123746e-01   3.9380739e-02
   3.6789298e-01   3.8993972e-02
   3.6454849e-01   3.8599255e-02
   3.6120401e-01   3.8196582e-02
   3.5785953e-01   3.7785953e-02
   3.5451505e-01   3.7367368e-02
   3.5117057e-01   3.6940831e-02
   3.4782609e-01   3.6506346e-02
   3.4448161e-01   3.6063924e-02
   3.4113712e-01   3.5613575e-02
   3.3779264e-01   3.5155313e-02
   3.3444816e-01   3.4689156e-02
   3.3110368e-01   3.4215124e-02
   3.2775920e-01   3.3733241e-02
   3.2441472e-01   3.3243533e-02
   3.2107023e-01   3.2746032e-02
   3.1772575e-01   3.2240770e-02
   3.1438127e-01   3.1727785e-02
   3.1103679e-01   3.1207118e-02
   3.0769231e-01   3.0678814e-02
   3.0434783e-01   3.0142923e-02
   3.0100334e-01   2.9599496e-02
   2.9765886e-01   2.9048593e-02
   2.9431438e-01   2.8490274e-02
   2.9096990e-01   2.7924605e-02
   2.8762542e-01   2.7351659e-02
   2.8428094e-01   2.6771510e-02
   2.8093645e-01   2.6184240e-02
   2.7759197e-01   2.5589934e-02
   2.7424749e-01   2.4988684e-02
   2.7090301e-01   2.4380587e-02
   2.6755853e-01   2.3765745e-02
   2.6421405e-01   2.3144267e-02
   2.6086957e-01   2.2516268e-02
   2.5752508e-01   2.1881867e-02
   2.5418060e-01   2.1241193e-02
   2.5083612e-01   2.0594380e-02
   2.4749164e-01   1.9941568e-02
   2.4414716e-01   1.9282906e-02
   2.4080268e-01   1.8618550e-02
   2.3745819e-01   1.7948663e-02
   2.3411371e-01   1.7273417e-02
   2.3076923e-01   1.6592991e-02
   2.2742475e-01   1.5907574e-02
   2.2408027e-01   1.5217364e-02
   2.2073579e-01   1.4522566e-02
   2.1739130e-01   1.3823399e-02
   2.1404682e-01   1.3120087e-02
   2.1070234e-01   1.2412867e-02
   2.0735786e-01   1.1701988e-02
   2.0401338e-01   1.0987709e-02
   2.0066890e-01   1.0270299e-02
   1.9732441e-01   9.5500426e-03
   1.9397993e-01   8.8272347e-03
   1.9063545e-01   8.1021846e-03
   1.8729097e-01   7.3752154e-03
   1.8394649e-01   6.6466647e-03
   1.8060201e-01   5.9168853e-03
   1.7725753e-01   5.1862460e-03
   1.7391304e-01   4.4551324e-03
   1.7056856e-01   3.7239477e-03
   1.6722408e-01   2.9931133e-03
   1.6387960e-01   2.2630702e-03
   1.6053512e-01   1.5342799e-03
   1.5719064e-01   8.0722516e-04
   1.5384615e-01   8.2411674e-05
   1.5050167e-01  -6.3963095e-04
   1.4715719e-01  -1.3583477e-03
   1.4381271e-01  -2.0731565e-03
   1.4046823e-01  -2.7834470e-03
   1.3712375e-01  -3.4885780e-03
   1.3377926e-01  -4.1878764e-03
   1.3043478e-01  -4.8806342e-03
   1.2709030e-01  -5.5661066e-03
   1.2374582e-01  -6.2435092e-03
   1.2040134e-01  -6.9120150e-03
   1.1705686e-01  -7.5707514e-03
   1.1371237e-01  -8.2187964e-03
   1.1036789e-01  -8.8551743e-03
   1.0702341e-01  -9.4788519e-03
   1.0367893e-01  -1.0088733e-02
   1.0033445e-01  -1.0683651e-02
   9.6989967e-02  -1.1262367e-02
   9.3645485e-02  -1.1823557e-02
   9.0301003e-02  -1.2365805e-02
   8.6956522e-02  -1.2887596e-02
   8.3612040e-02  -1.3387301e-02
   8.0267559e-02  -1.3863164e-02
   7.6923077e-02  -1.4313289e-02
   7.3578595e-02  -1.4735619e-02
   7.0234114e-02  -1.5127914e-02
   6.6889632e-02  -1.5487726e-02
   6.3545151e-02  -1.5812365e-02
   6.0200669e-02  -1.6098863e-02
   5.6856187e-02  -1.6343920e-02
   5.3511706e-02  -1.6543849e-02
   5.0167224e-02  -1.6694494e-02
   4.6822742e-02  -1.6791133e-02
   4.3478261e-02  -1.6828348e-02
   4.0133779e-02  -1.6799847e-02
   3.6789298e-02  -1.6698228e-02
   3.3444816e-02  -1.6514645e-02
   3.0100334e-02  -1.6238323e-02
   2.6755853e-02  -1.5855838e-02
   2.3411371e-02  -1.5349976e-02
   2.0066890e-02  -1.4697870e-02
   1.6722408e-02  -1.3867677e-02
   1.3377926e-02  -1.2812141e-02
   1.0033445e-02  -1.1454356e-02
   6.6889632e-03  -9.6493969e-03
   3.3444816e-03  -7.0360306e-03
   0.0000000e+00   1.2800000e-03
