   0.0000000e+00   0.0000000e+00
   3.3444816e-03   1.0421585e-02
   6.6889632e-03   1.4696007e-02
   1.0033445e-02   1.7947341e-02
   1.3377926e-02   2.0664690e-02
   1.6722408e-02   2.3038135e-02
   2.0066890e-02   2.5165474e-02
   2.3411371e-02   2.7104985e-02
   2.6755853e-02   2.8894755e-02
   3.0100334e-02   3.0561318e-02
   3.3444816e-02   3.2124052e-02
   3.6789298e-02   3.3597623e-02
   4.0133779e-02   3.4993459e-02
   4.3478261e-02   3.6320668e-02
   4.6822742e-02   3.7586655e-02
   5.0167224e-02   3.8797534e-02
   5.3511706e-02   3.9958427e-02
   5.6856187e-02   4.1073674e-02
   6.0200669e-02   4.2146989e-02
   6.3545151e-02   4.3181585e-02
   6.6889632e-02   4.4180257e-02
   7.0234114e-02   4.5145458e-02
   7.3578595e-02   4.6079355e-02
   7.6923077e-02   4.6983869e-02
   8.0267559e-02   4.7860717e-02
   8.3612040e-02   4.8711437e-02
   8.6956522e-02   4.9537416e-02
   9.0301003e-02   5.0339906e-02
   9.3645485e-02   5.1120044e-02
   9.6989967e-02   5.1878863e-02
   1.0033445e-01   5.2617309e-02
   1.0367893e-01   5.3336246e-02
   1.0702341e-01   5.4036467e-02
   1.1036789e-01   5.4718703e-02
   1.1371237e-01   5.5383625e-02
   1.1705686e-01   5.6031856e-02
   1.2040134e-01   5.6663971e-02
   1.2374582e-01   5.7280503e-02
   1.2709030e-01   5.7881947e-02
   1.3043478e-01   5.8468765e-02
   1.3377926e-01   5.9041384e-02
   1.3712375e-01   5.9600206e-02
   1.4046823e-01   6.0145603e-02
   1.4381271e-01   6.0677925e-02
   1.4715719e-01   6.1197497e-02
   1.5050167e-01   6.1704627e-02
   1.5384615e-01   6.2199600e-02
   1.5719064e-01   6.2682686e-02
   1.6053512e-01   6.3154137e-02
   1.6387960e-01   6.3614190e-02
   1.6722408e-01   6.4063069e-02
   1.7056856e-01   6.4500984e-02
   1.7391304e-01   6.4928132e-02
   1.7725753e-01   6.5344699e-02
   1.8060201e-01   6.5750862e-02
   1.8394649e-01   6.6146784e-02
   1.8729097e-01   6.6532623e-02
   1.9063545e-01   6.6908525e-02
   1.9397993e-01   6.7274630e-02
   1.9732441e-01   6.7631068e-02
   2.0066890e-01   6.7977964e-02
   2.0401338e-01   6.8315435e-02
   2.0735786e-01   6.8643592e-02
   2.1070234e-01   6.8962538e-02
   2.1404682e-01   6.9272374e-02
   2.1739130e-01   6.9573193e-02
   2.2073579e-01   6.9865082e-02
   2.2408027e-01   7.0148127e-02
   2.2742475e-01   7.0422407e-02
   2.3076923e-01   7.0687996e-02
   2.3411371e-01   7.0944965e-02
   2.3745819e-01   7.1193382e-02
   2.4080268e-01   7.1433311e-02
   2.4414716e-01   7.1664812e-02
   2.4749164e-01   7.1887943e-02
   2.5083612e-01   7.2102757e-02
   2.5418060e-01   7.2309306e-02
   2.5752508e-01   7.2507639e-02
   2.6086957e-01   7.2697802e-02
   2.6421405e-01   7.2879839e-02
   2.6755853e-01   7.3053792e-02
   2.7090301e-01   7.3219700e-02
   2.7424749e-01   7.3377601e-02
   2.7759197e-01   7.3527532e-02
   2.8093645e-01   7.3669525e-02
   2.8428094e-01   7.3803614e-02
   2.8762542e-01   7.3929829e-02
   2.9096990e-01   7.4048200e-02
   2.9431438e-01   7.4158755e-02
   2.9765886e-01   7.4261521e-02
   3.0100334e-01   7.4356524e-02
   3.0434783e-01   7.4443789e-02
   3.0769231e-01   7.4523339e-02
   3.1103679e-01   7.4595196e-02
   3.1438127e-01   7.4659384e-02
   3.1772575e-01   7.4715923e-02
   3.2107023e-01   7.4764833e-02
   3.2441472e-01   7.4806135e-02
   3.2775920e-01   7.4839847e-02
   3.3110368e-01   7.4865988e-02
   3.3444816e-01   7.4884578e-02
   3.3779264e-01   7.4895632e-02
   3.4113712e-01   7.4899169e-02
   3.4448161e-01   7.4895207e-02
   3.4782609e-01   7.4883761e-02
   3.5117057e-01   7.4864849e-02
   3.5451505e-01   7.4838487e-02
   3.5785953e-01   7.4804692e-02
   3.6120401e-01   7.4763479e-02
   3.6454849e-01   7.4714866e-02
   3.6789298e-01   7.4658869e-02
   3.7123746e-01   7.4595504e-02
   3.7458194e-01   7.4524787e-02
   3.7792642e-01   7.4446736e-02
   3.8127090e-01   7.4361367e-02
   3.8461538e-01   7.4268697e-02
   3.8795987e-01   7.4168743e-02
   3.9130435e-01   7.4061523e-02
   3.9464883e-01   7.3947055e-02
   3.9799331e-01   7.3825357e-02
   4.0133779e-01   7.3696448e-02
   4.0468227e-01   7.3560346e-02
   4.0802676e-01   7.3417070e-02
   4.1137124e-01   7.3266642e-02
   4.1471572e-01   7.3109080e-02
   4.1806020e-01   7.2944406e-02
   4.2140468e-01   7.2772642e-02
   4.2474916e-01   7.2593809e-02
   4.2809365e-01   7.2407929e-02
   4.3143813e-01   7.2215027e-02
   4.3478261e-01   7.2015125e-02
   4.3812709e-01   7.1808248e-02
   4.4147157e-01   7.1594422e-02
   4.4481605e-01   7.1373673e-02
   4.4816054e-01   7.1146026e-02
   4.5150502e-01   7.0911510e-02
   4.5484950e-01   7.0670152e-02
   4.5819398e-01   7.0421982e-02
   4.6153846e-01   7.0167029e-02
   4.6488294e-01   6.9905325e-02
   4.6822742e-01   6.9636900e-02
   4.7157191e-01   6.9361787e-02
   4.7491639e-01   6.9080019e-02
   4.7826087e-01   6.8791631e-02
   4.8160535e-01   6.8496658e-02
   4.8494983e-01   6.8195136e-02
   4.8829431e-01   6.7887101e-02
   4.9163880e-01   6.7572593e-02
   4.9498328e-01   6.7251651e-02
   4.9832776e-01   6.6924313e-02
   5.0167224e-01   6.6590623e-02
   5.0501672e-01   6.6250622e-02
   5.0836120e-01   6.5904353e-02
   5.1170569e-01   6.5551861e-02
   5.1505017e-01   6.5193192e-02
   5.1839465e-01   6.4828392e-02
   5.2173913e-01   6.4457509e-02
   5.2508361e-01   6.4080592e-02
   5.2842809e-01   6.3697692e-02
   5.3177258e-01   6.3308860e-02
   5.3511706e-01   6.2914148e-02
   5.3846154e-01   6.2513611e-02
   5.4180602e-01   6.2107303e-02
   5.4515050e-01   6.1695281e-02
   5.4849498e-01   6.1277602e-02
   5.5183946e-01   6.0854325e-02
   5.5518395e-01   6.0425511e-02
   5.5852843e-01   5.9991221e-02
   5.6187291e-01   5.9551518e-02
   5.6521739e-01   5.9106466e-02
   5.6856187e-01   5.8656130e-02
   5.7190635e-01   5.8200577e-02
   5.7525084e-01   5.7739876e-02
   5.7859532e-01   5.7274096e-02
   5.8193980e-01   5.6803308e-02
   5.8528428e-01   5.6327584e-02
   5.8862876e-01   5.5846999e-02
   5.9197324e-01   5.5361627e-02
   5.9531773e-01   5.4871546e-02
   5.9866221e-01   5.4376834e-02
   6.0200669e-01   5.3877569e-02
   6.0535117e-01   5.3373834e-02
   6.0869565e-01   5.2865711e-02
   6.1204013e-01   5.2353284e-02
   6.1538462e-01   5.1836638e-02
   6.1872910e-01   5.1315862e-02
   6.2207358e-01   5.0791043e-02
   6.2541806e-01   5.0262272e-02
   6.2876254e-01   4.9729641e-02
   6.3210702e-01   4.9193243e-02
   6.3545151e-01   4.8653173e-02
   6.3879599e-01   4.8109527e-02
   6.4214047e-01   4.7562405e-02
   6.4548495e-01   4.7011905e-02
   6.4882943e-01   4.6458130e-02
   6.5217391e-01   4.5901181e-02
   6.5551839e-01   4.5341164e-02
   6.5886288e-01   4.4778186e-02
   6.6220736e-01   4.4212354e-02
   6.6555184e-01   4.3643777e-02
   6.6889632e-01   4.3072568e-02
   6.7224080e-01   4.2498840e-02
   6.7558528e-01   4.1922706e-02
   6.7892977e-01   4.1344284e-02
   6.8227425e-01   4.0763692e-02
   6.8561873e-01   4.0181050e-02
   6.8896321e-01   3.9596480e-02
   6.9230769e-01   3.9010104e-02
   6.9565217e-01   3.8422049e-02
   6.9899666e-01   3.7832441e-02
   7.0234114e-01   3.7241409e-02
   7.0568562e-01   3.6649083e-02
   7.0903010e-01   3.6055597e-02
   7.1237458e-01   3.5461083e-02
   7.1571906e-01   3.4865679e-02
   7.1906355e-01   3.4269522e-02
   7.2240803e-01   3.3672751e-02
   7.2575251e-01   3.3075508e-02
   7.2909699e-01   3.2477937e-02
   7.3244147e-01   3.1880182e-02
   7.3578595e-01   3.1282391e-02
   7.3913043e-01   3.0684713e-02
   7.4247492e-01   3.0087298e-02
   7.4581940e-01   2.9490300e-02
   7.4916388e-01   2.8893872e-02
   7.5250836e-01   2.8298173e-02
   7.5585284e-01   2.7703359e-02
   7.5919732e-01   2.7109591e-02
   7.6254181e-01   2.6517033e-02
   7.6588629e-01   2.5925847e-02
   7.6923077e-01   2.5336201e-02
   7.7257525e-01   2.4748262e-02
   7.7591973e-01   2.4162202e-02
   7.7926421e-01   2.3578191e-02
   7.8260870e-01   2.2996404e-02
   7.8595318e-01   2.2417018e-02
   7.8929766e-01   2.1840210e-02
   7.9264214e-01   2.1266161e-02
   7.9598662e-01   2.0695053e-02
   7.9933110e-01   2.0127070e-02
   8.0267559e-01   1.9562398e-02
   8.0602007e-01   1.9001226e-02
   8.0936455e-01   1.8443745e-02
   8.1270903e-01   1.7890145e-02
   8.1605351e-01   1.7340623e-02
   8.1939799e-01   1.6795374e-02
   8.2274247e-01   1.6254597e-02
   8.2608696e-01   1.5718493e-02
   8.2943144e-01   1.5187265e-02
   8.3277592e-01   1.4661117e-02
   8.3612040e-01   1.4140258e-02
   8.3946488e-01   1.3624895e-02
   8.4280936e-01   1.3115240e-02
   8.4615385e-01   1.2611507e-02
   8.4949833e-01   1.2113911e-02
   8.5284281e-01   1.1622670e-02
   8.5618729e-01   1.1138004e-02
   8.5953177e-01   1.0660135e-02
   8.6287625e-01   1.0189286e-02
   8.6622074e-01   9.7256855e-03
   8.6956522e-01   9.2695606e-03
   8.7290970e-01   8.8211425e-03
   8.7625418e-01   8.3806642e-03
   8.7959866e-01   7.9483608e-03
   8.8294314e-01   7.5244697e-03
   8.8628763e-01   7.1092305e-03
   8.8963211e-01   6.7028851e-03
   8.9297659e-01   6.3056776e-03
   8.9632107e-01   5.9178542e-03
   8.9966555e-01   5.5396636e-03
   9.0301003e-01   5.1713565e-03
   9.0635452e-01   4.8131861e-03
   9.0969900e-01   4.4654077e-03
   9.1304348e-01   4.1282789e-03
   9.1638796e-01   3.8020597e-03
   9.1973244e-01   3.4870123e-03
   9.2307692e-01   3.1834011e-03
   9.2642140e-01   2.8914930e-03
   9.2976589e-01   2.6115571e-03
   9.3311037e-01   2.3438649e-03
   9.3645485e-01   2.0886900e-03
   9.3979933e-01   1.8463086e-03
   9.4314381e-01   1.6169992e-03
   9.4648829e-01   1.4010425e-03
   9.4983278e-01   1.1987216e-03
   9.5317726e-01   1.0103219e-03
   9.5652174e-01   8.3613146e-04
   9.5986622e-01   6.7644036e-04
   9.6321070e-01   5.3154121e-04
   9.6655518e-01   4.0172899e-04
   9.6989967e-01   2.8730108e-04
   9.7324415e-01   1.8855722e-04
   9.7658863e-01   1.0579960e-04
   9.7993311e-01   3.9332772e-05
   9.8327759e-01  -1.0536261e-05
   9.8662207e-01  -4.3498090e-05
   9.8996656e-01  -5.9240875e-05
   9.9331104e-01  -5.7450340e-05
   9.9665552e-01  -3.7809769e-05
   1.0000000e+00   0.0000000e+00
   1.0000000e+00   0.0000000e+00
   9.9665552e-01   3.7809766e-05
   9.9331104e-01   5.7450334e-05
   9.8996656e-01   5.9240866e-05
   9.8662207e-01   4.3498078e-05
   9.8327759e-01   1.0536246e-05
   9.7993311e-01  -3.9332790e-05
   9.7658863e-01  -1.0579962e-04
   9.7324415e-01  -1.8855725e-04
   9.6989967e-01  -2.8730110e-04
   9.6655518e-01  -4.0172902e-04
   9.6321070e-01  -5.3154124e-04
   9.5986622e-01  -6.7644039e-04
   9.5652174e-01  -8.3613150e-04
   9.5317726e-01  -1.0103220e-03
   9.4983278e-01  -1.1987216e-03
   9.4648829e-01  -1.4010425e-03
   9.4314381e-01  -1.6169993e-03
   9.3979933e-01  -1.8463087e-03
   9.3645485e-01  -2.0886901e-03
   9.3311037e-01  -2.3438649e-03
   9.2976589e-01  -2.6115572e-03
   9.2642140e-01  -2.8914931e-03
   9.2307692e-01  -3.1834011e-03
   9.1973244e-01  -3.4870123e-03
   9.1638796e-01  -3.8020598e-03
   9.1304348e-01  -4.1282790e-03
   9.0969900e-01  -4.4654077e-03
   9.0635452e-01  -4.8131862e-03
   9.0301003e-01  -5.1713566e-03
   8.9966555e-01  -5.5396636e-03
   8.9632107e-01  -5.9178543e-03
   8.9297659e-01  -6.3056776e-03
   8.8963211e-01  -6.7028852e-03
   8.8628763e-01  -7.1092306e-03
   8.8294314e-01  -7.5244697e-03
   8.7959866e-01  -7.9483608e-03
   8.7625418e-01  -8.3806643e-03
   8.7290970e-01  -8.8211426e-03
   8.6956522e-01  -9.2695607e-03
   8.6622074e-01  -9.7256856e-03
   8.6287625e-01  -1.0189286e-02
   8.5953177e-01  -1.0660135e-02
   8.5618729e-01  -1.1138004e-02
   8.5284281e-01  -1.1622670e-02
   8.4949833e-01  -1.2113911e-02
   8.4615385e-01  -1.2611507e-02
   8.4280936e-01  -1.3115240e-02
   8.3946488e-01  -1.3624895e-02
   8.3612040e-01  -1.4140258e-02
   8.3277592e-01  -1.4661118e-02
   8.2943144e-01  -1.5187265e-02
   8.2608696e-01  -1.5718493e-02
   8.2274247e-01  -1.6254597e-02
   8.1939799e-01  -1.6795374e-02
   8.1605351e-01  -1.7340623e-02
   8.1270903e-01  -1.7890145e-02
   8.0936455e-01  -1.8443745e-02
   8.0602007e-01  -1.9001227e-02
   8.0267559e-01  -1.9562399e-02
   7.9933110e-01  -2.0127070e-02
   7.9598662e-01  -2.0695053e-02
   7.9264214e-01  -2.1266161e-02
   7.8929766e-01  -2.1840210e-02
   7.8595318e-01  -2.2417018e-02
   7.8260870e-01  -2.2996404e-02
   7.7926421e-01  -2.3578191e-02
   7.7591973e-01  -2.4162202e-02
   7.7257525e-01  -2.4748262e-02
   7.6923077e-01  -2.5336201e-02
   7.6588629e-01  -2.5925847e-02
   7.6254181e-01  -2.6517033e-02
   7.5919732e-01  -2.7109591e-02
   7.5585284e-01  -2.7703359e-02
   7.5250836e-01  -2.8298173e-02
   7.4916388e-01  -2.8893873e-02
   7.4581940e-01  -2.9490300e-02
   7.4247492e-01  -3.0087298e-02
   7.3913043e-01  -3.0684713e-02
   7.3578595e-01  -3.1282391e-02
   7.3244147e-01  -3.1880182e-02
   7.2909699e-01  -3.2477937e-02
   7.2575251e-01  -3.3075508e-02
   7.2240803e-01  -3.3672751e-02
   7.1906355e-01  -3.4269522e-02
   7.1571906e-01  -3.4865679e-02
   7.1237458e-01  -3.5461084e-02
   7.0903010e-01  -3.6055597e-02
   7.0568562e-01  -3.6649084e-02
   7.0234114e-01  -3.7241409e-02
   6.9899666e-01  -3.7832441e-02
   6.9565217e-01  -3.8422049e-02
   6.9230769e-01  -3.9010104e-02
   6.8896321e-01  -3.9596480e-02
   6.8561873e-01  -4.0181050e-02
   6.8227425e-01  -4.0763692e-02
   6.7892977e-01  -4.1344284e-02
   6.7558528e-01  -4.1922706e-02
   6.7224080e-01  -4.2498840e-02
   6.6889632e-01  -4.3072568e-02
   6.6555184e-01  -4.3643777e-02
   6.6220736e-01  -4.4212354e-02
   6.5886288e-01  -4.4778186e-02
   6.5551839e-01  -4.5341164e-02
   6.5217391e-01  -4.5901181e-02
   6.4882943e-01  -4.6458130e-02
   6.4548495e-01  -4.7011905e-02
   6.4214047e-01  -4.7562405e-02
   6.3879599e-01  -4.8109528e-02
   6.3545151e-01  -4.8653173e-02
   6.3210702e-01  -4.9193243e-02
   6.2876254e-01  -4.9729641e-02
   6.2541806e-01  -5.0262272e-02
   6.2207358e-01  -5.0791043e-02
   6.1872910e-01  -5.1315862e-02
   6.1538462e-01  -5.1836638e-02
   6.1204013e-01  -5.2353284e-02
   6.0869565e-01  -5.2865711e-02
   6.0535117e-01  -5.3373834e-02
   6.0200669e-01  -5.3877569e-02
   5.9866221e-01  -5.4376834e-02
   5.9531773e-01  -5.4871546e-02
   5.9197324e-01  -5.5361627e-02
   5.8862876e-01  -5.5846999e-02
   5.8528428e-01  -5.6327584e-02
   5.8193980e-01  -5.6803308e-02
   5.7859532e-01  -5.7274096e-02
   5.7525084e-01  -5.7739876e-02
   5.7190635e-01  -5.8200577e-02
   5.6856187e-01  -5.8656130e-02
   5.6521739e-01  -5.9106466e-02
   5.6187291e-01  -5.9551518e-02
   5.5852843e-01  -5.9991221e-02
   5.5518395e-01  -6.0425511e-02
   5.5183946e-01  -6.0854326e-02
   5.4849498e-01  -6.1277602e-02
   5.4515050e-01  -6.1695281e-02
   5.4180602e-01  -6.2107303e-02
   5.3846154e-01  -6.2513611e-02
   5.3511706e-01  -6.2914148e-02
   5.3177258e-01  -6.3308860e-02
   5.2842809e-01  -6.3697692e-02
   5.2508361e-01  -6.4080592e-02
   5.2173913e-01  -6.4457509e-02
   5.1839465e-01  -6.4828392e-02
   5.1505017e-01  -6.5193192e-02
   5.1170569e-01  -6.5551861e-02
   5.0836120e-01  -6.5904353e-02
   5.0501672e-01  -6.6250622e-02
   5.0167224e-01  -6.6590623e-02
   4.9832776e-01  -6.6924314e-02
   4.9498328e-01  -6.7251651e-02
   4.9163880e-01  -6.7572593e-02
   4.8829431e-01  -6.7887101e-02
   4.8494983e-01  -6.8195136e-02
   4.8160535e-01  -6.8496658e-02
   4.7826087e-01  -6.8791631e-02
   4.7491639e-01  -6.9080019e-02
   4.7157191e-01  -6.9361787e-02
   4.6822742e-01  -6.9636900e-02
   4.6488294e-01  -6.9905325e-02
   4.6153846e-01  -7.0167029e-02
   4.5819398e-01  -7.0421982e-02
   4.5484950e-01  -7.0670152e-02
   4.5150502e-01  -7.0911510e-02
   4.4816054e-01  -7.1146026e-02
   4.4481605e-01  -7.1373673e-02
   4.4147157e-01  -7.1594422e-02
   4.3812709e-01  -7.1808248e-02
   4.3478261e-01  -7.2015125e-02
   4.3143813e-01  -7.2215027e-02
   4.2809365e-01  -7.2407929e-02
   4.2474916e-01  -7.2593809e-02
   4.2140468e-01  -7.2772642e-02
   4.1806020e-01  -7.2944406e-02
   4.1471572e-01  -7.3109080e-02
   4.1137124e-01  -7.3266642e-02
   4.0802676e-01  -7.3417070e-02
   4.0468227e-01  -7.3560346e-02
   4.0133779e-01  -7.3696448e-02
   3.9799331e-01  -7.3825357e-02
   3.9464883e-01  -7.3947055e-02
   3.9130435e-01  -7.4061523e-02
   3.8795987e-01  -7.4168743e-02
   3.8461538e-01  -7.4268697e-02
   3.8127090e-01  -7.4361367e-02
   3.7792642e-01  -7.4446736e-02
   3.7458194e-01  -7.4524787e-02
   3.7123746e-01  -7.4595504e-02
   3.6789298e-01  -7.4658869e-02
   3.6454849e-01  -7.4714866e-02
   3.6120401e-01  -7.4763479e-02
   3.5785953e-01  -7.4804692e-02
   3.5451505e-01  -7.4838487e-02
   3.5117057e-01  -7.4864849e-02
   3.4782609e-01  -7.4883761e-02
   3.4448161e-01  -7.4895207e-02
   3.4113712e-01  -7.4899169e-02
   3.3779264e-01  -7.4895632e-02
   3.3444816e-01  -7.4884578e-02
   3.3110368e-01  -7.4865988e-02
   3.2775920e-01  -7.4839847e-02
   3.2441472e-01  -7.4806135e-02
   3.2107023e-01  -7.4764833e-02
   3.1772575e-01  -7.4715923e-02
   3.1438127e-01  -7.4659384e-02
   3.1103679e-01  -7.4595196e-02
   3.0769231e-01  -7.4523339e-02
   3.0434783e-01  -7.4443789e-02
   3.0100334e-01  -7.4356524e-02
   2.9765886e-01  -7.4261521e-02
   2.9431438e-01  -7.4158755e-02
   2.9096990e-01  -7.4048200e-02
   2.8762542e-01  -7.3929829e-02
   2.8428094e-01  -7.3803614e-02
   2.8093645e-01  -7.3669525e-02
   2.7759197e-01  -7.3527532e-02
   2.7424749e-01  -7.3377601e-02
   2.7090301e-01  -7.3219700e-02
   2.6755853e-01  -7.3053792e-02
   2.6421405e-01  -7.2879839e-02
   2.6086957e-01  -7.2697802e-02
   2.5752508e-01  -7.2507639e-02
   2.5418060e-01  -7.2309306e-02
   2.5083612e-01  -7.2102757e-02
   2.4749164e-01  -7.1887943e-02
   2.4414716e-01  -7.1664812e-02
   2.4080268e-01  -7.1433311e-02
   2.3745819e-01  -7.1193382e-02
   2.3411371e-01  -7.0944965e-02
   2.3076923e-01  -7.0687996e-02
   2.2742475e-01  -7.0422407e-02
   2.2408027e-01  -7.0148127e-02
   2.2073579e-01  -6.9865082e-02
   2.1739130e-01  -6.9573193e-02
   2.1404682e-01  -6.9272374e-02
   2.1070234e-01  -6.8962538e-02
   2.0735786e-01  -6.8643592e-02
   2.0401338e-01  -6.8315435e-02
   2.0066890e-01  -6.7977964e-02
   1.9732441e-01  -6.7631068e-02
   1.9397993e-01  -6.7274630e-02
   1.9063545e-01  -6.6908525e-02
   1.8729097e-01  -6.6532623e-02
   1.8394649e-01  -6.6146784e-02
   1.8060201e-01  -6.5750862e-02
   1.7725753e-01  -6.5344699e-02
   1.7391304e-01  -6.4928132e-02
   1.7056856e-01  -6.4500984e-02
   1.6722408e-01  -6.4063069e-02
   1.6387960e-01  -6.3614190e-02
   1.6053512e-01  -6.3154137e-02
   1.5719064e-01  -6.2682686e-02
   1.5384615e-01  -6.2199600e-02
   1.5050167e-01  -6.1704627e-02
   1.4715719e-01  -6.1197497e-02
   1.4381271e-01  -6.0677925e-02
   1.4046823e-01  -6.0145603e-02
   1.3712375e-01  -5.9600206e-02
   1.3377926e-01  -5.9041384e-02
   1.3043478e-01  -5.8468765e-02
   1.2709030e-01  -5.7881947e-02
   1.2374582e-01  -5.7280503e-02
   1.2040134e-01  -5.6663971e-02
   1.1705686e-01  -5.6031856e-02
   1.1371237e-01  -5.5383625e-02
   1.1036789e-01  -5.4718703e-02
   1.0702341e-01  -5.4036467e-02
   1.0367893e-01  -5.3336246e-02
   1.0033445e-01  -5.2617309e-02
   9.6989967e-02  -5.1878863e-02
   9.3645485e-02  -5.1120044e-02
   9.0301003e-02  -5.0339906e-02
   8.6956522e-02  -4.9537416e-02
   8.3612040e-02  -4.8711437e-02
   8.0267559e-02  -4.7860717e-02
   7.6923077e-02  -4.6983869e-02
   7.3578595e-02  -4.6079355e-02
   7.0234114e-02  -4.5145458e-02
   6.6889632e-02  -4.4180257e-02
   6.3545151e-02  -4.3181585e-02
   6.0200669e-02  -4.2146989e-02
   5.6856187e-02  -4.1073674e-02
   5.3511706e-02  -3.9958427e-02
   5.0167224e-02  -3.8797534e-02
   4.6822742e-02  -3.7586655e-02
   4.3478261e-02  -3.6320668e-02
   4.0133779e-02  -3.4993459e-02
   3.6789298e-02  -3.3597623e-02
   3.3444816e-02  -3.2124052e-02
   3.0100334e-02  -3.0561318e-02
   2.6755853e-02  -2.8894755e-02
   2.3411371e-02  -2.7104985e-02
   2.0066890e-02  -2.5165474e-02
   1.6722408e-02  -2.3038135e-02
   1.3377926e-02  -2.0664690e-02
   1.0033445e-02  -1.7947341e-02
   6.6889632e-03  -1.4696007e-02
   3.3444816e-03  -1.0421585e-02
   0.0000000e+00   0.0000000e+00
