   0.0000000e+00   0.0000000e+00
   3.3444816e-03   1.0174181e-02
   6.6889632e-03   1.4437887e-02
   1.0033445e-02   1.7742840e-02
   1.3377926e-02   2.0556573e-02
   1.6722408e-02   2.3059398e-02
   2.0066890e-02   2.5343383e-02
   2.3411371e-02   2.7462964e-02
   2.6755853e-02   2.9453435e-02
   3.0100334e-02   3.1339182e-02
   3.3444816e-02   3.3137858e-02
   3.6789298e-02   3.4862710e-02
   4.0133779e-02   3.6523959e-02
   4.3478261e-02   3.8129677e-02
   4.6822742e-02   3.9686361e-02
   5.0167224e-02   4.1199316e-02
   5.3511706e-02   4.2672942e-02
   5.6856187e-02   4.4110921e-02
   6.0200669e-02   4.5516372e-02
   6.3545151e-02   4.6891952e-02
   6.6889632e-02   4.8239951e-02
   7.0234114e-02   4.9562345e-02
   7.3578595e-02   5.0860858e-02
   7.6923077e-02   5.2136997e-02
   8.0267559e-02   5.3392084e-02
   8.3612040e-02   5.4627287e-02
   8.6956522e-02   5.5843640e-02
   9.0301003e-02   5.7042061e-02
   9.3645485e-02   5.8223365e-02
   9.6989967e-02   5.9388281e-02
   1.0033445e-01   6.0537460e-02
   1.0367893e-01   6.1671485e-02
   1.0702341e-01   6.2790879e-02
   1.1036789e-01   6.3896108e-02
   1.1371237e-01   6.4987596e-02
   1.1705686e-01   6.6065718e-02
   1.2040134e-01   6.7130813e-02
   1.2374582e-01   6.8183188e-02
   1.2709030e-01   6.9223114e-02
   1.3043478e-01   7.0250836e-02
   1.3377926e-01   7.1266574e-02
   1.3712375e-01   7.2270523e-02
   1.4046823e-01   7.3262858e-02
   1.4381271e-01   7.4243735e-02
   1.4715719e-01   7.5213289e-02
   1.5050167e-01   7.6171643e-02
   1.5384615e-01   7.7118902e-02
   1.5719064e-01   7.8055160e-02
   1.6053512e-01   7.8980496e-02
   1.6387960e-01   7.9894979e-02
   1.6722408e-01   8.0798667e-02
   1.7056856e-01   8.1691608e-02
   1.7391304e-01   8.2573840e-02
   1.7725753e-01   8.3445395e-02
   1.8060201e-01   8.4306295e-02
   1.8394649e-01   8.5156556e-02
   1.8729097e-01   8.5996188e-02
   1.9063545e-01   8.6825194e-02
   1.9397993e-01   8.7643570e-02
   1.9732441e-01   8.8451310e-02
   2.0066890e-01   8.9248401e-02
   2.0401338e-01   9.0034826e-02
   2.0735786e-01   9.0810564e-02
   2.1070234e-01   9.1575590e-02
   2.1404682e-01   9.2329876e-02
   2.1739130e-01   9.3073390e-02
   2.2073579e-01   9.3806097e-02
   2.2408027e-01   9.4527962e-02
   2.2742475e-01   9.5238943e-02
   2.3076923e-01   9.5939000e-02
   2.3411371e-01   9.6628087e-02
   2.3745819e-01   9.7306160e-02
   2.4080268e-01   9.7973170e-02
   2.4414716e-01   9.8629068e-02
   2.4749164e-01   9.9273804e-02
   2.5083612e-01   9.9907326e-02
   2.5418060e-01   1.0052958e-01
   2.5752508e-01   1.0114052e-01
   2.6086957e-01   1.0174007e-01
   2.6421405e-01   1.0232820e-01
   2.6755853e-01   1.0290484e-01
   2.7090301e-01   1.0346994e-01
   2.7424749e-01   1.0402344e-01
   2.7759197e-01   1.0456528e-01
   2.8093645e-01   1.0509541e-01
   2.8428094e-01   1.0561377e-01
   2.8762542e-01   1.0612029e-01
   2.9096990e-01   1.0661493e-01
   2.9431438e-01   1.0709763e-01
   2.9765886e-01   1.0756833e-01
   3.0100334e-01   1.0802697e-01
   3.0434783e-01   1.0847349e-01
   3.0769231e-01   1.0890785e-01
   3.1103679e-01   1.0932998e-01
   3.1438127e-01   1.0973984e-01
   3.1772575e-01   1.1013736e-01
   3.2107023e-01   1.1052249e-01
   3.2441472e-01   1.1089519e-01
   3.2775920e-01   1.1125540e-01
   3.3110368e-01   1.1160306e-01
   3.3444816e-01   1.1193813e-01
   3.3779264e-01   1.1226056e-01
   3.4113712e-01   1.1257031e-01
   3.4448161e-01   1.1286731e-01
   3.4782609e-01   1.1315154e-01
   3.5117057e-01   1.1342293e-01
   3.5451505e-01   1.1368146e-01
   3.5785953e-01   1.1392708e-01
   3.6120401e-01   1.1415974e-01
   3.6454849e-01   1.1437941e-01
   3.6789298e-01   1.1458604e-01
   3.7123746e-01   1.1477961e-01
   3.7458194e-01   1.1496007e-01
   3.7792642e-01   1.1512739e-01
   3.8127090e-01   1.1528154e-01
   3.8461538e-01   1.1542249e-01
   3.8795987e-01   1.1555021e-01
   3.9130435e-01   1.1566467e-01
   3.9464883e-01   1.1576583e-01
   3.9799331e-01   1.1585369e-01
   4.0133779e-01   1.1592821e-01
   4.0468227e-01   1.1598938e-01
   4.0802676e-01   1.1603717e-01
   4.1137124e-01   1.1607157e-01
   4.1471572e-01   1.1609255e-01
   4.1806020e-01   1.1610012e-01
   4.2140468e-01   1.1609424e-01
   4.2474916e-01   1.1607492e-01
   4.2809365e-01   1.1604214e-01
   4.3143813e-01   1.1599590e-01
   4.3478261e-01   1.1593620e-01
   4.3812709e-01   1.1586302e-01
   4.4147157e-01   1.1577637e-01
   4.4481605e-01   1.1567626e-01
   4.4816054e-01   1.1556268e-01
   4.5150502e-01   1.1543563e-01
   4.5484950e-01   1.1529514e-01
   4.5819398e-01   1.1514119e-01
   4.6153846e-01   1.1497382e-01
   4.6488294e-01   1.1479303e-01
   4.6822742e-01   1.1459884e-01
   4.7157191e-01   1.1439126e-01
   4.7491639e-01   1.1417032e-01
   4.7826087e-01   1.1393604e-01
   4.8160535e-01   1.1368845e-01
   4.8494983e-01   1.1342756e-01
   4.8829431e-01   1.1315342e-01
   4.9163880e-01   1.1286605e-01
   4.9498328e-01   1.1256549e-01
   4.9832776e-01   1.1225178e-01
   5.0167224e-01   1.1192495e-01
   5.0501672e-01   1.1158504e-01
   5.0836120e-01   1.1123210e-01
   5.1170569e-01   1.1086618e-01
   5.1505017e-01   1.1048732e-01
   5.1839465e-01   1.1009558e-01
   5.2173913e-01   1.0969100e-01
   5.2508361e-01   1.0927365e-01
   5.2842809e-01   1.0884359e-01
   5.3177258e-01   1.0840087e-01
   5.3511706e-01   1.0794556e-01
   5.3846154e-01   1.0747773e-01
   5.4180602e-01   1.0699744e-01
   5.4515050e-01   1.0650477e-01
   5.4849498e-01   1.0599979e-01
   5.5183946e-01   1.0548258e-01
   5.5518395e-01   1.0495322e-01
   5.5852843e-01   1.0441179e-01
   5.6187291e-01   1.0385838e-01
   5.6521739e-01   1.0329307e-01
   5.6856187e-01   1.0271595e-01
   5.7190635e-01   1.0212712e-01
   5.7525084e-01   1.0152668e-01
   5.7859532e-01   1.0091472e-01
   5.8193980e-01   1.0029134e-01
   5.8528428e-01   9.9656651e-02
   5.8862876e-01   9.9010759e-02
   5.9197324e-01   9.8353773e-02
   5.9531773e-01   9.7685806e-02
   5.9866221e-01   9.7006975e-02
   6.0200669e-01   9.6317397e-02
   6.0535117e-01   9.5617196e-02
   6.0869565e-01   9.4906494e-02
   6.1204013e-01   9.4185421e-02
   6.1538462e-01   9.3454106e-02
   6.1872910e-01   9.2712683e-02
   6.2207358e-01   9.1961288e-02
   6.2541806e-01   9.1200061e-02
   6.2876254e-01   9.0429143e-02
   6.3210702e-01   8.9648682e-02
   6.3545151e-01   8.8858824e-02
   6.3879599e-01   8.8059722e-02
   6.4214047e-01   8.7251530e-02
   6.4548495e-01   8.6434405e-02
   6.4882943e-01   8.5608509e-02
   6.5217391e-01   8.4774005e-02
   6.5551839e-01   8.3931061e-02
   6.5886288e-01   8.3079846e-02
   6.6220736e-01   8.2220533e-02
   6.6555184e-01   8.1353300e-02
   6.6889632e-01   8.0478325e-02
   6.7224080e-01   7.9595791e-02
   6.7558528e-01   7.8705884e-02
   6.7892977e-01   7.7808793e-02
   6.8227425e-01   7.6904711e-02
   6.8561873e-01   7.5993834e-02
   6.8896321e-01   7.5076359e-02
   6.9230769e-01   7.4152489e-02
   6.9565217e-01   7.3222430e-02
   6.9899666e-01   7.2286390e-02
   7.0234114e-01   7.1344581e-02
   7.0568562e-01   7.0397219e-02
   7.0903010e-01   6.9444521e-02
   7.1237458e-01   6.8486710e-02
   7.1571906e-01   6.7524012e-02
   7.1906355e-01   6.6556654e-02
   7.2240803e-01   6.5584868e-02
   7.2575251e-01   6.4608891e-02
   7.2909699e-01   6.3628960e-02
   7.3244147e-01   6.2645319e-02
   7.3578595e-01   6.1658212e-02
   7.3913043e-01   6.0667889e-02
   7.4247492e-01   5.9674602e-02
   7.4581940e-01   5.8678607e-02
   7.4916388e-01   5.7680164e-02
   7.5250836e-01   5.6679535e-02
   7.5585284e-01   5.5676987e-02
   7.5919732e-01   5.4672789e-02
   7.6254181e-01   5.3667216e-02
   7.6588629e-01   5.2660543e-02
   7.6923077e-01   5.1653052e-02
   7.7257525e-01   5.0645027e-02
   7.7591973e-01   4.9636754e-02
   7.7926421e-01   4.8628526e-02
   7.8260870e-01   4.7620637e-02
   7.8595318e-01   4.6613385e-02
   7.8929766e-01   4.5607073e-02
   7.9264214e-01   4.4602005e-02
   7.9598662e-01   4.3598491e-02
   7.9933110e-01   4.2596845e-02
   8.0267559e-01   4.1597382e-02
   8.0602007e-01   4.0600422e-02
   8.0936455e-01   3.9606290e-02
   8.1270903e-01   3.8615313e-02
   8.1605351e-01   3.7627822e-02
   8.1939799e-01   3.6644152e-02
   8.2274247e-01   3.5664642e-02
   8.2608696e-01   3.4689634e-02
   8.2943144e-01   3.3719475e-02
   8.3277592e-01   3.2754513e-02
   8.3612040e-01   3.1795104e-02
   8.3946488e-01   3.0841604e-02
   8.4280936e-01   2.9894375e-02
   8.4615385e-01   2.8953781e-02
   8.4949833e-01   2.8020192e-02
   8.5284281e-01   2.7093980e-02
   8.5618729e-01   2.6175521e-02
   8.5953177e-01   2.5265197e-02
   8.6287625e-01   2.4363390e-02
   8.6622074e-01   2.3470489e-02
   8.6956522e-01   2.2586887e-02
   8.7290970e-01   2.1712978e-02
   8.7625418e-01   2.0849163e-02
   8.7959866e-01   1.9995844e-02
   8.8294314e-01   1.9153431e-02
   8.8628763e-01   1.8322333e-02
   8.8963211e-01   1.7502966e-02
   8.9297659e-01   1.6695751e-02
   8.9632107e-01   1.5901109e-02
   8.9966555e-01   1.5119468e-02
   9.0301003e-01   1.4351260e-02
   9.0635452e-01   1.3596919e-02
   9.0969900e-01   1.2856885e-02
   9.1304348e-01   1.2131601e-02
   9.1638796e-01   1.1421514e-02
   9.1973244e-01   1.0727076e-02
   9.2307692e-01   1.0048741e-02
   9.2642140e-01   9.3869691e-03
   9.2976589e-01   8.7422237e-03
   9.3311037e-01   8.1149723e-03
   9.3645485e-01   7.5056863e-03
   9.3979933e-01   6.9148413e-03
   9.4314381e-01   6.3429171e-03
   9.4648829e-01   5.7903976e-03
   9.4983278e-01   5.2577706e-03
   9.5317726e-01   4.7455282e-03
   9.5652174e-01   4.2541667e-03
   9.5986622e-01   3.7841865e-03
   9.6321070e-01   3.3360920e-03
   9.6655518e-01   2.9103920e-03
   9.6989967e-01   2.5075994e-03
   9.7324415e-01   2.1282311e-03
   9.7658863e-01   1.7728085e-03
   9.7993311e-01   1.4418570e-03
   9.8327759e-01   1.1359063e-03
   9.8662207e-01   8.5549030e-04
   9.8996656e-01   6.0114716e-04
   9.9331104e-01   3.7341925e-04
   9.9665552e-01   1.7285323e-04
   1.0000000e+00   0.0000000e+00
   1.0000000e+00  -0.0000000e+00
   9.9665552e-01  -3.4421588e-04
   9.9331104e-01  -6.8669985e-04
   9.8996656e-01  -1.0274220e-03
   9.8662207e-01  -1.3663530e-03
   9.8327759e-01  -1.7034643e-03
   9.7993311e-01  -2.0387277e-03
   9.7658863e-01  -2.3721159e-03
   9.7324415e-01  -2.7036019e-03
   9.6989967e-01  -3.0331596e-03
   9.6655518e-01  -3.3607634e-03
   9.6321070e-01  -3.6863881e-03
   9.5986622e-01  -4.0100095e-03
   9.5652174e-01  -4.3316036e-03
   9.5317726e-01  -4.6511472e-03
   9.4983278e-01  -4.9686177e-03
   9.4648829e-01  -5.2839931e-03
   9.4314381e-01  -5.5972517e-03
   9.3979933e-01  -5.9083728e-03
   9.3645485e-01  -6.2173359e-03
   9.3311037e-01  -6.5241214e-03
   9.2976589e-01  -6.8287100e-03
   9.2642140e-01  -7.1310832e-03
   9.2307692e-01  -7.4312229e-03
   9.1973244e-01  -7.7291116e-03
   9.1638796e-01  -8.0247324e-03
   9.1304348e-01  -8.3180688e-03
   9.0969900e-01  -8.6091051e-03
   9.0635452e-01  -8.8978259e-03
   9.0301003e-01  -9.1842166e-03
   8.9966555e-01  -9.4682630e-03
   8.9632107e-01  -9.7499513e-03
   8.9297659e-01  -1.0029269e-02
   8.8963211e-01  -1.0306202e-02
   8.8628763e-01  -1.0580740e-02
   8.8294314e-01  -1.0852870e-02
   8.7959866e-01  -1.1122582e-02
   8.7625418e-01  -1.1389865e-02
   8.7290970e-01  -1.1654710e-02
   8.6956522e-01  -1.1917106e-02
   8.6622074e-01  -1.2177045e-02
   8.6287625e-01  -1.2434518e-02
   8.5953177e-01  -1.2689518e-02
   8.5618729e-01  -1.2942036e-02
   8.5284281e-01  -1.3192066e-02
   8.4949833e-01  -1.3439602e-02
   8.4615385e-01  -1.3684637e-02
   8.4280936e-01  -1.3927167e-02
   8.3946488e-01  -1.4167185e-02
   8.3612040e-01  -1.4404687e-02
   8.3277592e-01  -1.4639670e-02
   8.2943144e-01  -1.4872130e-02
   8.2608696e-01  -1.5102063e-02
   8.2274247e-01  -1.5329467e-02
   8.1939799e-01  -1.5554340e-02
   8.1605351e-01  -1.5776680e-02
   8.1270903e-01  -1.5996485e-02
   8.0936455e-01  -1.6213755e-02
   8.0602007e-01  -1.6428490e-02
   8.0267559e-01  -1.6640689e-02
   7.9933110e-01  -1.6850352e-02
   7.9598662e-01  -1.7057482e-02
   7.9264214e-01  -1.7262078e-02
   7.8929766e-01  -1.7464143e-02
   7.8595318e-01  -1.7663679e-02
   7.8260870e-01  -1.7860689e-02
   7.7926421e-01  -1.8055175e-02
   7.7591973e-01  -1.8247141e-02
   7.7257525e-01  -1.8436590e-02
   7.6923077e-01  -1.8623528e-02
   7.6588629e-01  -1.8807958e-02
   7.6254181e-01  -1.8989885e-02
   7.5919732e-01  -1.9169316e-02
   7.5585284e-01  -1.9346254e-02
   7.5250836e-01  -1.9520708e-02
   7.4916388e-01  -1.9692683e-02
   7.4581940e-01  -1.9862186e-02
   7.4247492e-01  -2.0029225e-02
   7.3913043e-01  -2.0193807e-02
   7.3578595e-01  -2.0355939e-02
   7.3244147e-01  -2.0515631e-02
   7.2909699e-01  -2.0672891e-02
   7.2575251e-01  -2.0827728e-02
   7.2240803e-01  -2.0980152e-02
   7.1906355e-01  -2.1130172e-02
   7.1571906e-01  -2.1277798e-02
   7.1237458e-01  -2.1423040e-02
   7.0903010e-01  -2.1565910e-02
   7.0568562e-01  -2.1706417e-02
   7.0234114e-01  -2.1844575e-02
   6.9899666e-01  -2.1980393e-02
   6.9565217e-01  -2.2113885e-02
   6.9230769e-01  -2.2245062e-02
   6.8896321e-01  -2.2373937e-02
   6.8561873e-01  -2.2500522e-02
   6.8227425e-01  -2.2624832e-02
   6.7892977e-01  -2.2746878e-02
   6.7558528e-01  -2.2866675e-02
   6.7224080e-01  -2.2984237e-02
   6.6889632e-01  -2.3099578e-02
   6.6555184e-01  -2.3212712e-02
   6.6220736e-01  -2.3323654e-02
   6.5886288e-01  -2.3432419e-02
   6.5551839e-01  -2.3539022e-02
   6.5217391e-01  -2.3643479e-02
   6.4882943e-01  -2.3745805e-02
   6.4548495e-01  -2.3846016e-02
   6.4214047e-01  -2.3944128e-02
   6.3879599e-01  -2.4040158e-02
   6.3545151e-01  -2.4134122e-02
   6.3210702e-01  -2.4226036e-02
   6.2876254e-01  -2.4315919e-02
   6.2541806e-01  -2.4403786e-02
   6.2207358e-01  -2.4489656e-02
   6.1872910e-01  -2.4573545e-02
   6.1538462e-01  -2.4655472e-02
   6.1204013e-01  -2.4735453e-02
   6.0869565e-01  -2.4813509e-02
   6.0535117e-01  -2.4889655e-02
   6.0200669e-01  -2.4963911e-02
   5.9866221e-01  -2.5036296e-02
   5.9531773e-01  -2.5106827e-02
   5.9197324e-01  -2.5175524e-02
   5.8862876e-01  -2.5242405e-02
   5.8528428e-01  -2.5307490e-02
   5.8193980e-01  -2.5370797e-02
   5.7859532e-01  -2.5432346e-02
   5.7525084e-01  -2.5492155e-02
   5.7190635e-01  -2.5550245e-02
   5.6856187e-01  -2.5606635e-02
   5.6521739e-01  -2.5661345e-02
   5.6187291e-01  -2.5714393e-02
   5.5852843e-01  -2.5765800e-02
   5.5518395e-01  -2.5815585e-02
   5.5183946e-01  -2.5863769e-02
   5.4849498e-01  -2.5910371e-02
   5.4515050e-01  -2.5955410e-02
   5.4180602e-01  -2.5998908e-02
   5.3846154e-01  -2.6040883e-02
   5.3511706e-01  -2.6081356e-02
   5.3177258e-01  -2.6120347e-02
   5.2842809e-01  -2.6157875e-02
   5.2508361e-01  -2.6193960e-02
   5.2173913e-01  -2.6228623e-02
   5.1839465e-01  -2.6261883e-02
   5.1505017e-01  -2.6293760e-02
   5.1170569e-01  -2.6324273e-02
   5.0836120e-01  -2.6353443e-02
   5.0501672e-01  -2.6381289e-02
   5.0167224e-01  -2.6407830e-02
   4.9832776e-01  -2.6433087e-02
   4.9498328e-01  -2.6457078e-02
   4.9163880e-01  -2.6479822e-02
   4.8829431e-01  -2.6501340e-02
   4.8494983e-01  -2.6521649e-02
   4.8160535e-01  -2.6540769e-02
   4.7826087e-01  -2.6558718e-02
   4.7491639e-01  -2.6575516e-02
   4.7157191e-01  -2.6591180e-02
   4.6822742e-01  -2.6605728e-02
   4.6488294e-01  -2.6619180e-02
   4.6153846e-01  -2.6631552e-02
   4.5819398e-01  -2.6642862e-02
   4.5484950e-01  -2.6653128e-02
   4.5150502e-01  -2.6662367e-02
   4.4816054e-01  -2.6670595e-02
   4.4481605e-01  -2.6677830e-02
   4.4147157e-01  -2.6684088e-02
   4.3812709e-01  -2.6689384e-02
   4.3478261e-01  -2.6693735e-02
   4.3143813e-01  -2.6697157e-02
   4.2809365e-01  -2.6699663e-02
   4.2474916e-01  -2.6701270e-02
   4.2140468e-01  -2.6701991e-02
   4.1806020e-01  -2.6701840e-02
   4.1471572e-01  -2.6700832e-02
   4.1137124e-01  -2.6698980e-02
   4.0802676e-01  -2.6696295e-02
   4.0468227e-01  -2.6692792e-02
   4.0133779e-01  -2.6688481e-02
   3.9799331e-01  -2.6683375e-02
   3.9464883e-01  -2.6677483e-02
   3.9130435e-01  -2.6670818e-02
   3.8795987e-01  -2.6663388e-02
   3.8461538e-01  -2.6655203e-02
   3.8127090e-01  -2.6646272e-02
   3.7792642e-01  -2.6636604e-02
   3.7458194e-01  -2.6626205e-02
   3.7123746e-01  -2.6615083e-02
   3.6789298e-01  -2.6603245e-02
   3.6454849e-01  -2.6590696e-02
   3.6120401e-01  -2.6577440e-02
   3.5785953e-01  -2.6563483e-02
   3.5451505e-01  -2.6548828e-02
   3.5117057e-01  -2.6533477e-02
   3.4782609e-01  -2.6517434e-02
   3.4448161e-01  -2.6500698e-02
   3.4113712e-01  -2.6483270e-02
   3.3779264e-01  -2.6465150e-02
   3.3444816e-01  -2.6446336e-02
   3.3110368e-01  -2.6426825e-02
   3.2775920e-01  -2.6406615e-02
   3.2441472e-01  -2.6385701e-02
   3.2107023e-01  -2.6364077e-02
   3.1772575e-01  -2.6341738e-02
   3.1438127e-01  -2.6318675e-02
   3.1103679e-01  -2.6294880e-02
   3.0769231e-01  -2.6270342e-02
   3.0434783e-01  -2.6245051e-02
   3.0100334e-01  -2.6218994e-02
   2.9765886e-01  -2.6192157e-02
   2.9431438e-01  -2.6164526e-02
   2.9096990e-01  -2.6136083e-02
   2.8762542e-01  -2.6106812e-02
   2.8428094e-01  -2.6076691e-02
   2.8093645e-01  -2.6045701e-02
   2.7759197e-01  -2.6013818e-02
   2.7424749e-01  -2.5981018e-02
   2.7090301e-01  -2.5947276e-02
   2.6755853e-01  -2.5912563e-02
   2.6421405e-01  -2.5876849e-02
   2.6086957e-01  -2.5840103e-02
   2.5752508e-01  -2.5802291e-02
   2.5418060e-01  -2.5763377e-02
   2.5083612e-01  -2.5723323e-02
   2.4749164e-01  -2.5682090e-02
   2.4414716e-01  -2.5639633e-02
   2.4080268e-01  -2.5595909e-02
   2.3745819e-01  -2.5550870e-02
   2.3411371e-01  -2.5504466e-02
   2.3076923e-01  -2.5456642e-02
   2.2742475e-01  -2.5407345e-02
   2.2408027e-01  -2.5356514e-02
   2.2073579e-01  -2.5304088e-02
   2.1739130e-01  -2.5250001e-02
   2.1404682e-01  -2.5194186e-02
   2.1070234e-01  -2.5136569e-02
   2.0735786e-01  -2.5077074e-02
   2.0401338e-01  -2.5015622e-02
   2.0066890e-01  -2.4952128e-02
   1.9732441e-01  -2.4886505e-02
   1.9397993e-01  -2.4818660e-02
   1.9063545e-01  -2.4748494e-02
   1.8729097e-01  -2.4675905e-02
   1.8394649e-01  -2.4600785e-02
   1.8060201e-01  -2.4523022e-02
   1.7725753e-01  -2.4442495e-02
   1.7391304e-01  -2.4359079e-02
   1.7056856e-01  -2.4272642e-02
   1.6722408e-01  -2.4183045e-02
   1.6387960e-01  -2.4090143e-02
   1.6053512e-01  -2.3993780e-02
   1.5719064e-01  -2.3893794e-02
   1.5384615e-01  -2.3790015e-02
   1.5050167e-01  -2.3682262e-02
   1.4715719e-01  -2.3570343e-02
   1.4381271e-01  -2.3454058e-02
   1.4046823e-01  -2.3333194e-02
   1.3712375e-01  -2.3207525e-02
   1.3377926e-01  -2.3076813e-02
   1.3043478e-01  -2.2940805e-02
   1.2709030e-01  -2.2799233e-02
   1.2374582e-01  -2.2651811e-02
   1.2040134e-01  -2.2498236e-02
   1.1705686e-01  -2.2338184e-02
   1.1371237e-01  -2.2171312e-02
   1.1036789e-01  -2.1997250e-02
   1.0702341e-01  -2.1815605e-02
   1.0367893e-01  -2.1625953e-02
   1.0033445e-01  -2.1427841e-02
   9.6989967e-02  -2.1220780e-02
   9.3645485e-02  -2.1004241e-02
   9.0301003e-02  -2.0777653e-02
   8.6956522e-02  -2.0540397e-02
   8.3612040e-02  -2.0291799e-02
   8.0267559e-02  -2.0031123e-02
   7.6923077e-02  -1.9757560e-02
   7.3578595e-02  -1.9470226e-02
   7.0234114e-02  -1.9168139e-02
   6.6889632e-02  -1.8850211e-02
   6.3545151e-02  -1.8515230e-02
   6.0200669e-02  -1.8161832e-02
   5.6856187e-02  -1.7788481e-02
   5.3511706e-02  -1.7393426e-02
   5.0167224e-02  -1.6974661e-02
   4.6822742e-02  -1.6529865e-02
   4.3478261e-02  -1.6056321e-02
   4.0133779e-02  -1.5550818e-02
   3.6789298e-02  -1.5009499e-02
   3.3444816e-02  -1.4427659e-02
   3.0100334e-02  -1.3799451e-02
   2.6755853e-02  -1.3117429e-02
   2.3411371e-02  -1.2371837e-02
   2.0066890e-02  -1.1549425e-02
   1.6722408e-02  -1.0631321e-02
   1.3377926e-02  -9.5888708e-03
   1.0033445e-02  -8.3743459e-03
   6.6889632e-03  -6.8956533e-03
   3.3444816e-03  -4.9175381e-03
   0.0000000e+00   0.0000000e+00
