   0.0000000e+00   0.0000000e+00
   3.3444816e-03   7.1118304e-03
   6.6889632e-03   1.0043205e-02
   1.0033445e-02   1.2282156e-02
   1.3377926e-02   1.4160590e-02
   1.6722408e-02   1.5807185e-02
   2.0066890e-02   1.7287978e-02
   2.3411371e-02   1.8642218e-02
   2.6755853e-02   1.9895484e-02
   3.0100334e-02   2.1065548e-02
   3.3444816e-02   2.2165350e-02
   3.6789298e-02   2.3204658e-02
   4.0133779e-02   2.4191059e-02
   4.3478261e-02   2.5130586e-02
   4.6822742e-02   2.6028126e-02
   5.0167224e-02   2.6887709e-02
   5.3511706e-02   2.7712699e-02
   5.6856187e-02   2.8505939e-02
   6.0200669e-02   2.9269861e-02
   6.3545151e-02   3.0006560e-02
   6.6889632e-02   3.0717858e-02
   7.0234114e-02   3.1405350e-02
   7.3578595e-02   3.2070445e-02
   7.6923077e-02   3.2714389e-02
   8.0267559e-02   3.3338297e-02
   8.3612040e-02   3.3943166e-02
   8.6956522e-02   3.4529895e-02
   9.0301003e-02   3.5099296e-02
   9.3645485e-02   3.5652108e-02
   9.6989967e-02   3.6189002e-02
   1.0033445e-01   3.6710593e-02
   1.0367893e-01   3.7217446e-02
   1.0702341e-01   3.7710078e-02
   1.1036789e-01   3.8188970e-02
   1.1371237e-01   3.8654563e-02
   1.1705686e-01   3.9107268e-02
   1.2040134e-01   3.9547467e-02
   1.2374582e-01   3.9975517e-02
   1.2709030e-01   4.0391748e-02
   1.3043478e-01   4.0796472e-02
   1.3377926e-01   4.1189980e-02
   1.3712375e-01   4.1572546e-02
   1.4046823e-01   4.1944428e-02
   1.4381271e-01   4.2305868e-02
   1.4715719e-01   4.2657096e-02
   1.5050167e-01   4.2998328e-02
   1.5384615e-01   4.3329770e-02
   1.5719064e-01   4.3651617e-02
   1.6053512e-01   4.3964054e-02
   1.6387960e-01   4.4267257e-02
   1.6722408e-01   4.4561394e-02
   1.7056856e-01   4.4846625e-02
   1.7391304e-01   4.5123103e-02
   1.7725753e-01   4.5390974e-02
   1.8060201e-01   4.5650379e-02
   1.8394649e-01   4.5901451e-02
   1.8729097e-01   4.6144320e-02
   1.9063545e-01   4.6379110e-02
   1.9397993e-01   4.6605939e-02
   1.9732441e-01   4.6824922e-02
   2.0066890e-01   4.7036171e-02
   2.0401338e-01   4.7239792e-02
   2.0735786e-01   4.7435888e-02
   2.1070234e-01   4.7624560e-02
   2.1404682e-01   4.7805902e-02
   2.1739130e-01   4.7980010e-02
   2.2073579e-01   4.8146974e-02
   2.2408027e-01   4.8306883e-02
   2.2742475e-01   4.8459821e-02
   2.3076923e-01   4.8605872e-02
   2.3411371e-01   4.8745117e-02
   2.3745819e-01   4.8877634e-02
   2.4080268e-01   4.9003502e-02
   2.4414716e-01   4.9122795e-02
   2.4749164e-01   4.9235585e-02
   2.5083612e-01   4.9341946e-02
   2.5418060e-01   4.9441946e-02
   2.5752508e-01   4.9535654e-02
   2.6086957e-01   4.9623137e-02
   2.6421405e-01   4.9704462e-02
   2.6755853e-01   4.9779692e-02
   2.7090301e-01   4.9848890e-02
   2.7424749e-01   4.9912119e-02
   2.7759197e-01   4.9969439e-02
   2.8093645e-01   5.0020911e-02
   2.8428094e-01   5.0066594e-02
   2.8762542e-01   5.0106545e-02
   2.9096990e-01   5.0140821e-02
   2.9431438e-01   5.0169479e-02
   2.9765886e-01   5.0192574e-02
   3.0100334e-01   5.0210162e-02
   3.0434783e-01   5.0222295e-02
   3.0769231e-01   5.0229027e-02
   3.1103679e-01   5.0230411e-02
   3.1438127e-01   5.0226498e-02
   3.1772575e-01   5.0217341e-02
   3.2107023e-01   5.0202989e-02
   3.2441472e-01   5.0183494e-02
   3.2775920e-01   5.0158904e-02
   3.3110368e-01   5.0129270e-02
   3.3444816e-01   5.0094640e-02
   3.3779264e-01   5.0055062e-02
   3.4113712e-01   5.0010585e-02
   3.4448161e-01   4.9961255e-02
   3.4782609e-01   4.9907120e-02
   3.5117057e-01   4.9848227e-02
   3.5451505e-01   4.9784622e-02
   3.5785953e-01   4.9716352e-02
   3.6120401e-01   4.9643462e-02
   3.6454849e-01   4.9565997e-02
   3.6789298e-01   4.9484003e-02
   3.7123746e-01   4.9397525e-02
   3.7458194e-01   4.9306607e-02
   3.7792642e-01   4.9211294e-02
   3.8127090e-01   4.9111630e-02
   3.8461538e-01   4.9007659e-02
   3.8795987e-01   4.8899425e-02
   3.9130435e-01   4.8786971e-02
   3.9464883e-01   4.8670341e-02
   3.9799331e-01   4.8549578e-02
   4.0133779e-01   4.8424725e-02
   4.0468227e-01   4.8295824e-02
   4.0802676e-01   4.8162919e-02
   4.1137124e-01   4.8026052e-02
   4.1471572e-01   4.7885265e-02
   4.1806020e-01   4.7740600e-02
   4.2140468e-01   4.7592101e-02
   4.2474916e-01   4.7439808e-02
   4.2809365e-01   4.7283764e-02
   4.3143813e-01   4.7124010e-02
   4.3478261e-01   4.6960589e-02
   4.3812709e-01   4.6793541e-02
   4.4147157e-01   4.6622909e-02
   4.4481605e-01   4.6448733e-02
   4.4816054e-01   4.6271056e-02
   4.5150502e-01   4.6089917e-02
   4.5484950e-01   4.5905360e-02
   4.5819398e-01   4.5717423e-02
   4.6153846e-01   4.5526150e-02
   4.6488294e-01   4.5331580e-02
   4.6822742e-01   4.5133755e-02
   4.7157191e-01   4.4932716e-02
   4.7491639e-01   4.4728502e-02
   4.7826087e-01   4.4521157e-02
   4.8160535e-01   4.4310719e-02
   4.8494983e-01   4.4097229e-02
   4.8829431e-01   4.3880729e-02
   4.9163880e-01   4.3661259e-02
   4.9498328e-01   4.3438860e-02
   4.9832776e-01   4.3213572e-02
   5.0167224e-01   4.2985435e-02
   5.0501672e-01   4.2754491e-02
   5.0836120e-01   4.2520780e-02
   5.1170569e-01   4.2284342e-02
   5.1505017e-01   4.2045218e-02
   5.1839465e-01   4.1803448e-02
   5.2173913e-01   4.1559073e-02
   5.2508361e-01   4.1312133e-02
   5.2842809e-01   4.1062668e-02
   5.3177258e-01   4.0810720e-02
   5.3511706e-01   4.0556328e-02
   5.3846154e-01   4.0299532e-02
   5.4180602e-01   4.0040374e-02
   5.4515050e-01   3.9778893e-02
   5.4849498e-01   3.9515131e-02
   5.5183946e-01   3.9249127e-02
   5.5518395e-01   3.8980921e-02
   5.5852843e-01   3.8710555e-02
   5.6187291e-01   3.8438068e-02
   5.6521739e-01   3.8163501e-02
   5.6856187e-01   3.7886894e-02
   5.7190635e-01   3.7608288e-02
   5.7525084e-01   3.7327723e-02
   5.7859532e-01   3.7045240e-02
   5.8193980e-01   3.6760879e-02
   5.8528428e-01   3.6474680e-02
   5.8862876e-01   3.6186683e-02
   5.9197324e-01   3.5896930e-02
   5.9531773e-01   3.5605461e-02
   5.9866221e-01   3.5312316e-02
   6.0200669e-01   3.5017535e-02
   6.0535117e-01   3.4721160e-02
   6.0869565e-01   3.4423230e-02
   6.1204013e-01   3.4123786e-02
   6.1538462e-01   3.3822869e-02
   6.1872910e-01   3.3520519e-02
   6.2207358e-01   3.3216776e-02
   6.2541806e-01   3.2911682e-02
   6.2876254e-01   3.2605276e-02
   6.3210702e-01   3.2297600e-02
   6.3545151e-01   3.1988694e-02
   6.3879599e-01   3.1678598e-02
   6.4214047e-01   3.1367353e-02
   6.4548495e-01   3.1055000e-02
   6.4882943e-01   3.0741579e-02
   6.5217391e-01   3.0427131e-02
   6.5551839e-01   3.0111697e-02
   6.5886288e-01   2.9795317e-02
   6.6220736e-01   2.9478032e-02
   6.6555184e-01   2.9159883e-02
   6.6889632e-01   2.8840910e-02
   6.7224080e-01   2.8521154e-02
   6.7558528e-01   2.8200656e-02
   6.7892977e-01   2.7879457e-02
   6.8227425e-01   2.7557597e-02
   6.8561873e-01   2.7235117e-02
   6.8896321e-01   2.6912058e-02
   6.9230769e-01   2.6588461e-02
   6.9565217e-01   2.6264366e-02
   6.9899666e-01   2.5939815e-02
   7.0234114e-01   2.5614847e-02
   7.0568562e-01   2.5289505e-02
   7.0903010e-01   2.4963828e-02
   7.1237458e-01   2.4637858e-02
   7.1571906e-01   2.4311635e-02
   7.1906355e-01   2.3985201e-02
   7.2240803e-01   2.3658596e-02
   7.2575251e-01   2.3331862e-02
   7.2909699e-01   2.3005038e-02
   7.3244147e-01   2.2678167e-02
   7.3578595e-01   2.2351288e-02
   7.3913043e-01   2.2024443e-02
   7.4247492e-01   2.1697674e-02
   7.4581940e-01   2.1371019e-02
   7.4916388e-01   2.1044522e-02
   7.5250836e-01   2.0718222e-02
   7.5585284e-01   2.0392161e-02
   7.5919732e-01   2.0066379e-02
   7.6254181e-01   1.9740918e-02
   7.6588629e-01   1.9415819e-02
   7.6923077e-01   1.9091122e-02
   7.7257525e-01   1.8766868e-02
   7.7591973e-01   1.8443099e-02
   7.7926421e-01   1.8119856e-02
   7.8260870e-01   1.7797179e-02
   7.8595318e-01   1.7475110e-02
   7.8929766e-01   1.7153689e-02
   7.9264214e-01   1.6832958e-02
   7.9598662e-01   1.6512957e-02
   7.9933110e-01   1.6193728e-02
   8.0267559e-01   1.5875311e-02
   8.0602007e-01   1.5557748e-02
   8.0936455e-01   1.5241080e-02
   8.1270903e-01   1.4925347e-02
   8.1605351e-01   1.4610591e-02
   8.1939799e-01   1.4296852e-02
   8.2274247e-01   1.3984173e-02
   8.2608696e-01   1.3672592e-02
   8.2943144e-01   1.3362153e-02
   8.3277592e-01   1.3052895e-02
   8.3612040e-01   1.2744859e-02
   8.3946488e-01   1.2438088e-02
   8.4280936e-01   1.2132621e-02
   8.4615385e-01   1.1828499e-02
   8.4949833e-01   1.1525764e-02
   8.5284281e-01   1.1224457e-02
   8.5618729e-01   1.0924618e-02
   8.5953177e-01   1.0626288e-02
   8.6287625e-01   1.0329509e-02
   8.6622074e-01   1.0034321e-02
   8.6956522e-01   9.7407652e-03
   8.7290970e-01   9.4488827e-03
   8.7625418e-01   9.1587142e-03
   8.7959866e-01   8.8703007e-03
   8.8294314e-01   8.5836830e-03
   8.8628763e-01   8.2989020e-03
   8.8963211e-01   8.0159985e-03
   8.9297659e-01   7.7350135e-03
   8.9632107e-01   7.4559877e-03
   8.9966555e-01   7.1789620e-03
   9.0301003e-01   6.9039771e-03
   9.0635452e-01   6.6310739e-03
   9.0969900e-01   6.3602932e-03
   9.1304348e-01   6.0916757e-03
   9.1638796e-01   5.8252621e-03
   9.1973244e-01   5.5610932e-03
   9.2307692e-01   5.2992098e-03
   9.2642140e-01   5.0396524e-03
   9.2976589e-01   4.7824618e-03
   9.3311037e-01   4.5276786e-03
   9.3645485e-01   4.2753435e-03
   9.3979933e-01   4.0254971e-03
   9.4314381e-01   3.7781799e-03
   9.4648829e-01   3.5334327e-03
   9.4983278e-01   3.2912958e-03
   9.5317726e-01   3.0518099e-03
   9.5652174e-01   2.8150155e-03
   9.5986622e-01   2.5809530e-03
   9.6321070e-01   2.3496629e-03
   9.6655518e-01   2.1211857e-03
   9.6989967e-01   1.8955618e-03
   9.7324415e-01   1.6728315e-03
   9.7658863e-01   1.4530353e-03
   9.7993311e-01   1.2362135e-03
   9.8327759e-01   1.0224063e-03
   9.8662207e-01   8.1165417e-04
   9.8996656e-01   6.0399724e-04
   9.9331104e-01   3.9947577e-04
   9.9665552e-01   1.9812997e-04
   1.0000000e+00   0.0000000e+00
   1.0000000e+00  -0.0000000e+00
   9.9665552e-01  -1.9812995e-04
   9.9331104e-01  -3.9947573e-04
   9.8996656e-01  -6.0399718e-04
   9.8662207e-01  -8.1165410e-04
   9.8327759e-01  -1.0224063e-03
   9.7993311e-01  -1.2362134e-03
   9.7658863e-01  -1.4530352e-03
   9.7324415e-01  -1.6728314e-03
   9.6989967e-01  -1.8955616e-03
   9.6655518e-01  -2.1211855e-03
   9.6321070e-01  -2.3496627e-03
   9.5986622e-01  -2.5809528e-03
   9.5652174e-01  -2.8150152e-03
   9.5317726e-01  -3.0518097e-03
   9.4983278e-01  -3.2912955e-03
   9.4648829e-01  -3.5334324e-03
   9.4314381e-01  -3.7781797e-03
   9.3979933e-01  -4.0254968e-03
   9.3645485e-01  -4.2753432e-03
   9.3311037e-01  -4.5276783e-03
   9.2976589e-01  -4.7824615e-03
   9.2642140e-01  -5.0396521e-03
   9.2307692e-01  -5.2992094e-03
   9.1973244e-01  -5.5610929e-03
   9.1638796e-01  -5.8252617e-03
   9.1304348e-01  -6.0916753e-03
   9.0969900e-01  -6.3602928e-03
   9.0635452e-01  -6.6310735e-03
   9.0301003e-01  -6.9039767e-03
   8.9966555e-01  -7.1789615e-03
   8.9632107e-01  -7.4559872e-03
   8.9297659e-01  -7.7350130e-03
   8.8963211e-01  -8.0159980e-03
   8.8628763e-01  -8.2989015e-03
   8.8294314e-01  -8.5836825e-03
   8.7959866e-01  -8.8703002e-03
   8.7625418e-01  -9.1587137e-03
   8.7290970e-01  -9.4488822e-03
   8.6956522e-01  -9.7407647e-03
   8.6622074e-01  -1.0034320e-02
   8.6287625e-01  -1.0329508e-02
   8.5953177e-01  -1.0626287e-02
   8.5618729e-01  -1.0924617e-02
   8.5284281e-01  -1.1224456e-02
   8.4949833e-01  -1.1525763e-02
   8.4615385e-01  -1.1828498e-02
   8.4280936e-01  -1.2132620e-02
   8.3946488e-01  -1.2438087e-02
   8.3612040e-01  -1.2744859e-02
   8.3277592e-01  -1.3052894e-02
   8.2943144e-01  -1.3362152e-02
   8.2608696e-01  -1.3672592e-02
   8.2274247e-01  -1.3984172e-02
   8.1939799e-01  -1.4296852e-02
   8.1605351e-01  -1.4610590e-02
   8.1270903e-01  -1.4925346e-02
   8.0936455e-01  -1.5241079e-02
   8.0602007e-01  -1.5557748e-02
   8.0267559e-01  -1.5875311e-02
   7.9933110e-01  -1.6193727e-02
   7.9598662e-01  -1.6512956e-02
   7.9264214e-01  -1.6832957e-02
   7.8929766e-01  -1.7153688e-02
   7.8595318e-01  -1.7475109e-02
   7.8260870e-01  -1.7797178e-02
   7.7926421e-01  -1.8119855e-02
   7.7591973e-01  -1.8443099e-02
   7.7257525e-01  -1.8766868e-02
   7.6923077e-01  -1.9091121e-02
   7.6588629e-01  -1.9415818e-02
   7.6254181e-01  -1.9740917e-02
   7.5919732e-01  -2.0066379e-02
   7.5585284e-01  -2.0392160e-02
   7.5250836e-01  -2.0718221e-02
   7.4916388e-01  -2.1044521e-02
   7.4581940e-01  -2.1371019e-02
   7.4247492e-01  -2.1697673e-02
   7.3913043e-01  -2.2024443e-02
   7.3578595e-01  -2.2351288e-02
   7.3244147e-01  -2.2678166e-02
   7.2909699e-01  -2.3005038e-02
   7.2575251e-01  -2.3331861e-02
   7.2240803e-01  -2.3658596e-02
   7.1906355e-01  -2.3985201e-02
   7.1571906e-01  -2.4311635e-02
   7.1237458e-01  -2.4637857e-02
   7.0903010e-01  -2.4963827e-02
   7.0568562e-01  -2.5289504e-02
   7.0234114e-01  -2.5614846e-02
   6.9899666e-01  -2.5939814e-02
   6.9565217e-01  -2.6264365e-02
   6.9230769e-01  -2.6588460e-02
   6.8896321e-01  -2.6912058e-02
   6.8561873e-01  -2.7235117e-02
   6.8227425e-01  -2.7557596e-02
   6.7892977e-01  -2.7879456e-02
   6.7558528e-01  -2.8200656e-02
   6.7224080e-01  -2.8521154e-02
   6.6889632e-01  -2.8840909e-02
   6.6555184e-01  -2.9159882e-02
   6.6220736e-01  -2.9478032e-02
   6.5886288e-01  -2.9795316e-02
   6.5551839e-01  -3.0111696e-02
   6.5217391e-01  -3.0427131e-02
   6.4882943e-01  -3.0741578e-02
   6.4548495e-01  -3.1054999e-02
   6.4214047e-01  -3.1367352e-02
   6.3879599e-01  -3.1678597e-02
   6.3545151e-01  -3.1988693e-02
   6.3210702e-01  -3.2297600e-02
   6.2876254e-01  -3.2605276e-02
   6.2541806e-01  -3.2911681e-02
   6.2207358e-01  -3.3216776e-02
   6.1872910e-01  -3.3520518e-02
   6.1538462e-01  -3.3822868e-02
   6.1204013e-01  -3.4123786e-02
   6.0869565e-01  -3.4423229e-02
   6.0535117e-01  -3.4721159e-02
   6.0200669e-01  -3.5017535e-02
   5.9866221e-01  -3.5312315e-02
   5.9531773e-01  -3.5605461e-02
   5.9197324e-01  -3.5896930e-02
   5.8862876e-01  -3.6186683e-02
   5.8528428e-01  -3.6474679e-02
   5.8193980e-01  -3.6760878e-02
   5.7859532e-01  -3.7045239e-02
   5.7525084e-01  -3.7327723e-02
   5.7190635e-01  -3.7608288e-02
   5.6856187e-01  -3.7886894e-02
   5.6521739e-01  -3.8163500e-02
   5.6187291e-01  -3.8438067e-02
   5.5852843e-01  -3.8710554e-02
   5.5518395e-01  -3.8980920e-02
   5.5183946e-01  -3.9249126e-02
   5.4849498e-01  -3.9515130e-02
   5.4515050e-01  -3.9778893e-02
   5.4180602e-01  -4.0040373e-02
   5.3846154e-01  -4.0299532e-02
   5.3511706e-01  -4.0556327e-02
   5.3177258e-01  -4.0810719e-02
   5.2842809e-01  -4.1062668e-02
   5.2508361e-01  -4.1312132e-02
   5.2173913e-01  -4.1559072e-02
   5.1839465e-01  -4.1803447e-02
   5.1505017e-01  -4.2045217e-02
   5.1170569e-01  -4.2284341e-02
   5.0836120e-01  -4.2520779e-02
   5.0501672e-01  -4.2754491e-02
   5.0167224e-01  -4.2985435e-02
   4.9832776e-01  -4.3213571e-02
   4.9498328e-01  -4.3438859e-02
   4.9163880e-01  -4.3661259e-02
   4.8829431e-01  -4.3880729e-02
   4.8494983e-01  -4.4097229e-02
   4.8160535e-01  -4.4310718e-02
   4.7826087e-01  -4.4521156e-02
   4.7491639e-01  -4.4728502e-02
   4.7157191e-01  -4.4932715e-02
   4.6822742e-01  -4.5133755e-02
   4.6488294e-01  -4.5331580e-02
   4.6153846e-01  -4.5526149e-02
   4.5819398e-01  -4.5717423e-02
   4.5484950e-01  -4.5905359e-02
   4.5150502e-01  -4.6089917e-02
   4.4816054e-01  -4.6271055e-02
   4.4481605e-01  -4.6448733e-02
   4.4147157e-01  -4.6622908e-02
   4.3812709e-01  -4.6793541e-02
   4.3478261e-01  -4.6960588e-02
   4.3143813e-01  -4.7124010e-02
   4.2809365e-01  -4.7283763e-02
   4.2474916e-01  -4.7439807e-02
   4.2140468e-01  -4.7592100e-02
   4.1806020e-01  -4.7740600e-02
   4.1471572e-01  -4.7885264e-02
   4.1137124e-01  -4.8026051e-02
   4.0802676e-01  -4.8162918e-02
   4.0468227e-01  -4.8295823e-02
   4.0133779e-01  -4.8424724e-02
   3.9799331e-01  -4.8549577e-02
   3.9464883e-01  -4.8670341e-02
   3.9130435e-01  -4.8786971e-02
   3.8795987e-01  -4.8899425e-02
   3.8461538e-01  -4.9007659e-02
   3.8127090e-01  -4.9111630e-02
   3.7792642e-01  -4.9211294e-02
   3.7458194e-01  -4.9306606e-02
   3.7123746e-01  -4.9397524e-02
   3.6789298e-01  -4.9484002e-02
   3.6454849e-01  -4.9565996e-02
   3.6120401e-01  -4.9643461e-02
   3.5785953e-01  -4.9716351e-02
   3.5451505e-01  -4.9784622e-02
   3.5117057e-01  -4.9848227e-02
   3.4782609e-01  -4.9907120e-02
   3.4448161e-01  -4.9961254e-02
   3.4113712e-01  -5.0010584e-02
   3.3779264e-01  -5.0055062e-02
   3.3444816e-01  -5.0094639e-02
   3.3110368e-01  -5.0129270e-02
   3.2775920e-01  -5.0158904e-02
   3.2441472e-01  -5.0183493e-02
   3.2107023e-01  -5.0202989e-02
   3.1772575e-01  -5.0217340e-02
   3.1438127e-01  -5.0226497e-02
   3.1103679e-01  -5.0230410e-02
   3.0769231e-01  -5.0229026e-02
   3.0434783e-01  -5.0222294e-02
   3.0100334e-01  -5.0210161e-02
   2.9765886e-01  -5.0192574e-02
   2.9431438e-01  -5.0169478e-02
   2.9096990e-01  -5.0140820e-02
   2.8762542e-01  -5.0106544e-02
   2.8428094e-01  -5.0066593e-02
   2.8093645e-01  -5.0020911e-02
   2.7759197e-01  -4.9969439e-02
   2.7424749e-01  -4.9912118e-02
   2.7090301e-01  -4.9848889e-02
   2.6755853e-01  -4.9779691e-02
   2.6421405e-01  -4.9704461e-02
   2.6086957e-01  -4.9623137e-02
   2.5752508e-01  -4.9535653e-02
   2.5418060e-01  -4.9441945e-02
   2.5083612e-01  -4.9341945e-02
   2.4749164e-01  -4.9235585e-02
   2.4414716e-01  -4.9122794e-02
   2.4080268e-01  -4.9003501e-02
   2.3745819e-01  -4.8877634e-02
   2.3411371e-01  -4.8745116e-02
   2.3076923e-01  -4.8605871e-02
   2.2742475e-01  -4.8459820e-02
   2.2408027e-01  -4.8306882e-02
   2.2073579e-01  -4.8146974e-02
   2.1739130e-01  -4.7980010e-02
   2.1404682e-01  -4.7805902e-02
   2.1070234e-01  -4.7624559e-02
   2.0735786e-01  -4.7435888e-02
   2.0401338e-01  -4.7239792e-02
   2.0066890e-01  -4.7036171e-02
   1.9732441e-01  -4.6824922e-02
   1.9397993e-01  -4.6605938e-02
   1.9063545e-01  -4.6379109e-02
   1.8729097e-01  -4.6144320e-02
   1.8394649e-01  -4.5901451e-02
   1.8060201e-01  -4.5650378e-02
   1.7725753e-01  -4.5390974e-02
   1.7391304e-01  -4.5123102e-02
   1.7056856e-01  -4.4846624e-02
   1.6722408e-01  -4.4561393e-02
   1.6387960e-01  -4.4267256e-02
   1.6053512e-01  -4.3964053e-02
   1.5719064e-01  -4.3651616e-02
   1.5384615e-01  -4.3329770e-02
   1.5050167e-01  -4.2998327e-02
   1.4715719e-01  -4.2657095e-02
   1.4381271e-01  -4.2305867e-02
   1.4046823e-01  -4.1944427e-02
   1.3712375e-01  -4.1572546e-02
   1.3377926e-01  -4.1189979e-02
   1.3043478e-01  -4.0796471e-02
   1.2709030e-01  -4.0391747e-02
   1.2374582e-01  -3.9975516e-02
   1.2040134e-01  -3.9547467e-02
   1.1705686e-01  -3.9107268e-02
   1.1371237e-01  -3.8654562e-02
   1.1036789e-01  -3.8188969e-02
   1.0702341e-01  -3.7710078e-02
   1.0367893e-01  -3.7217445e-02
   1.0033445e-01  -3.6710593e-02
   9.6989967e-02  -3.6189001e-02
   9.3645485e-02  -3.5652107e-02
   9.0301003e-02  -3.5099296e-02
   8.6956522e-02  -3.4529895e-02
   8.3612040e-02  -3.3943166e-02
   8.0267559e-02  -3.3338297e-02
   7.6923077e-02  -3.2714389e-02
   7.3578595e-02  -3.2070444e-02
   7.0234114e-02  -3.1405350e-02
   6.6889632e-02  -3.0717857e-02
   6.3545151e-02  -3.0006560e-02
   6.0200669e-02  -2.9269861e-02
   5.6856187e-02  -2.8505939e-02
   5.3511706e-02  -2.7712698e-02
   5.0167224e-02  -2.6887709e-02
   4.6822742e-02  -2.6028126e-02
   4.3478261e-02  -2.5130585e-02
   4.0133779e-02  -2.4191059e-02
   3.6789298e-02  -2.3204658e-02
   3.3444816e-02  -2.2165350e-02
   3.0100334e-02  -2.1065548e-02
   2.6755853e-02  -1.9895484e-02
   2.3411371e-02  -1.8642217e-02
   2.0066890e-02  -1.7287978e-02
   1.6722408e-02  -1.5807185e-02
   1.3377926e-02  -1.4160590e-02
   1.0033445e-02  -1.2282156e-02
   6.6889632e-03  -1.0043205e-02
   3.3444816e-03  -7.1118303e-03
   0.0000000e+00   0.0000000e+00
