   0.0000000e+00  -1.9000000e-04
   3.3444816e-03   8.1573755e-03
   6.6889632e-03   1.1573690e-02
   1.0033445e-02   1.4218869e-02
   1.3377926e-02   1.6467371e-02
   1.6722408e-02   1.8463434e-02
   2.0066890e-02   2.0280598e-02
   2.3411371e-02   2.1962272e-02
   2.6755853e-02   2.3536549e-02
   3.0100334e-02   2.5022806e-02
   3.3444816e-02   2.6435046e-02
   3.6789298e-02   2.7783756e-02
   4.0133779e-02   2.9077022e-02
   4.3478261e-02   3.0321217e-02
   4.6822742e-02   3.1521467e-02
   5.0167224e-02   3.2681958e-02
   5.3511706e-02   3.3806161e-02
   5.6856187e-02   3.4896983e-02
   6.0200669e-02   3.5956887e-02
   6.3545151e-02   3.6987981e-02
   6.6889632e-02   3.7992082e-02
   7.0234114e-02   3.8970766e-02
   7.3578595e-02   3.9925415e-02
   7.6923077e-02   4.0857242e-02
   8.0267559e-02   4.1767323e-02
   8.3612040e-02   4.2656612e-02
   8.6956522e-02   4.3525965e-02
   9.0301003e-02   4.4376149e-02
   9.3645485e-02   4.5207856e-02
   9.6989967e-02   4.6021712e-02
   1.0033445e-01   4.6818286e-02
   1.0367893e-01   4.7598097e-02
   1.0702341e-01   4.8361621e-02
   1.1036789e-01   4.9109294e-02
   1.1371237e-01   4.9841517e-02
   1.1705686e-01   5.0558662e-02
   1.2040134e-01   5.1261072e-02
   1.2374582e-01   5.1949068e-02
   1.2709030e-01   5.2622948e-02
   1.3043478e-01   5.3282988e-02
   1.3377926e-01   5.3929451e-02
   1.3712375e-01   5.4562581e-02
   1.4046823e-01   5.5182608e-02
   1.4381271e-01   5.5789749e-02
   1.4715719e-01   5.6384212e-02
   1.5050167e-01   5.6966189e-02
   1.5384615e-01   5.7535868e-02
   1.5719064e-01   5.8093424e-02
   1.6053512e-01   5.8639025e-02
   1.6387960e-01   5.9172833e-02
   1.6722408e-01   5.9695002e-02
   1.7056856e-01   6.0205680e-02
   1.7391304e-01   6.0705009e-02
   1.7725753e-01   6.1193127e-02
   1.8060201e-01   6.1670165e-02
   1.8394649e-01   6.2136253e-02
   1.8729097e-01   6.2591515e-02
   1.9063545e-01   6.3036070e-02
   1.9397993e-01   6.3470035e-02
   1.9732441e-01   6.3893524e-02
   2.0066890e-01   6.4306649e-02
   2.0401338e-01   6.4709517e-02
   2.0735786e-01   6.5102233e-02
   2.1070234e-01   6.5484901e-02
   2.1404682e-01   6.5857623e-02
   2.1739130e-01   6.6220497e-02
   2.2073579e-01   6.6573621e-02
   2.2408027e-01   6.6917090e-02
   2.2742475e-01   6.7250998e-02
   2.3076923e-01   6.7575438e-02
   2.3411371e-01   6.7890500e-02
   2.3745819e-01   6.8196275e-02
   2.4080268e-01   6.8492851e-02
   2.4414716e-01   6.8780316e-02
   2.4749164e-01   6.9058756e-02
   2.5083612e-01   6.9328256e-02
   2.5418060e-01   6.9588900e-02
   2.5752508e-01   6.9840773e-02
   2.6086957e-01   7.0083957e-02
   2.6421405e-01   7.0318534e-02
   2.6755853e-01   7.0544584e-02
   2.7090301e-01   7.0762190e-02
   2.7424749e-01   7.0971429e-02
   2.7759197e-01   7.1172382e-02
   2.8093645e-01   7.1365127e-02
   2.8428094e-01   7.1549742e-02
   2.8762542e-01   7.1726305e-02
   2.9096990e-01   7.1894892e-02
   2.9431438e-01   7.2055579e-02
   2.9765886e-01   7.2208443e-02
   3.0100334e-01   7.2353558e-02
   3.0434783e-01   7.2491001e-02
   3.0769231e-01   7.2620844e-02
   3.1103679e-01   7.2743163e-02
   3.1438127e-01   7.2858031e-02
   3.1772575e-01   7.2965520e-02
   3.2107023e-01   7.3065705e-02
   3.2441472e-01   7.3158656e-02
   3.2775920e-01   7.3244446e-02
   3.3110368e-01   7.3323147e-02
   3.3444816e-01   7.3394830e-02
   3.3779264e-01   7.3459565e-02
   3.4113712e-01   7.3517423e-02
   3.4448161e-01   7.3568473e-02
   3.4782609e-01   7.3612786e-02
   3.5117057e-01   7.3650430e-02
   3.5451505e-01   7.3681474e-02
   3.5785953e-01   7.3705987e-02
   3.6120401e-01   7.3724037e-02
   3.6454849e-01   7.3735690e-02
   3.6789298e-01   7.3741015e-02
   3.7123746e-01   7.3740079e-02
   3.7458194e-01   7.3732946e-02
   3.7792642e-01   7.3719685e-02
   3.8127090e-01   7.3700359e-02
   3.8461538e-01   7.3675034e-02
   3.8795987e-01   7.3643776e-02
   3.9130435e-01   7.3606647e-02
   3.9464883e-01   7.3563713e-02
   3.9799331e-01   7.3515036e-02
   4.0133779e-01   7.3460679e-02
   4.0468227e-01   7.3400705e-02
   4.0802676e-01   7.3335176e-02
   4.1137124e-01   7.3264153e-02
   4.1471572e-01   7.3187697e-02
   4.1806020e-01   7.3105870e-02
   4.2140468e-01   7.3018730e-02
   4.2474916e-01   7.2926338e-02
   4.2809365e-01   7.2828753e-02
   4.3143813e-01   7.2726033e-02
   4.3478261e-01   7.2618236e-02
   4.3812709e-01   7.2505420e-02
   4.4147157e-01   7.2387642e-02
   4.4481605e-01   7.2264958e-02
   4.4816054e-01   7.2137424e-02
   4.5150502e-01   7.2005095e-02
   4.5484950e-01   7.1868026e-02
   4.5819398e-01   7.1726271e-02
   4.6153846e-01   7.1579885e-02
   4.6488294e-01   7.1428918e-02
   4.6822742e-01   7.1273425e-02
   4.7157191e-01   7.1113456e-02
   4.7491639e-01   7.0949064e-02
   4.7826087e-01   7.0780297e-02
   4.8160535e-01   7.0607207e-02
   4.8494983e-01   7.0429842e-02
   4.8829431e-01   7.0248250e-02
   4.9163880e-01   7.0062481e-02
   4.9498328e-01   6.9872579e-02
   4.9832776e-01   6.9678594e-02
   5.0167224e-01   6.9480569e-02
   5.0501672e-01   6.9278550e-02
   5.0836120e-01   6.9072582e-02
   5.1170569e-01   6.8862707e-02
   5.1505017e-01   6.8648970e-02
   5.1839465e-01   6.8431411e-02
   5.2173913e-01   6.8210073e-02
   5.2508361e-01   6.7984997e-02
   5.2842809e-01   6.7756221e-02
   5.3177258e-01   6.7523785e-02
   5.3511706e-01   6.7287728e-02
   5.3846154e-01   6.7048086e-02
   5.4180602e-01   6.6804897e-02
   5.4515050e-01   6.6558197e-02
   5.4849498e-01   6.6308020e-02
   5.5183946e-01   6.6054401e-02
   5.5518395e-01   6.5797373e-02
   5.5852843e-01   6.5536969e-02
   5.6187291e-01   6.5273220e-02
   5.6521739e-01   6.5006157e-02
   5.6856187e-01   6.4735811e-02
   5.7190635e-01   6.4462209e-02
   5.7525084e-01   6.4185382e-02
   5.7859532e-01   6.3905354e-02
   5.8193980e-01   6.3622154e-02
   5.8528428e-01   6.3335806e-02
   5.8862876e-01   6.3046335e-02
   5.9197324e-01   6.2753764e-02
   5.9531773e-01   6.2458117e-02
   5.9866221e-01   6.2159414e-02
   6.0200669e-01   6.1857676e-02
   6.0535117e-01   6.1552924e-02
   6.0869565e-01   6.1245175e-02
   6.1204013e-01   6.0934448e-02
   6.1538462e-01   6.0620760e-02
   6.1872910e-01   6.0304125e-02
   6.2207358e-01   5.9984559e-02
   6.2541806e-01   5.9662075e-02
   6.2876254e-01   5.9336687e-02
   6.3210702e-01   5.9008405e-02
   6.3545151e-01   5.8677241e-02
   6.3879599e-01   5.8343203e-02
   6.4214047e-01   5.8006301e-02
   6.4548495e-01   5.7666541e-02
   6.4882943e-01   5.7323930e-02
   6.5217391e-01   5.6978473e-02
   6.5551839e-01   5.6630174e-02
   6.5886288e-01   5.6279036e-02
   6.6220736e-01   5.5925061e-02
   6.6555184e-01   5.5568250e-02
   6.6889632e-01   5.5208603e-02
   6.7224080e-01   5.4846117e-02
   6.7558528e-01   5.4480790e-02
   6.7892977e-01   5.4112618e-02
   6.8227425e-01   5.3741597e-02
   6.8561873e-01   5.3367719e-02
   6.8896321e-01   5.2990979e-02
   6.9230769e-01   5.2611366e-02
   6.9565217e-01   5.2228872e-02
   6.9899666e-01   5.1843485e-02
   7.0234114e-01   5.1455193e-02
   7.0568562e-01   5.1063984e-02
   7.0903010e-01   5.0669841e-02
   7.1237458e-01   5.0272750e-02
   7.1571906e-01   4.9872693e-02
   7.1906355e-01   4.9469651e-02
   7.2240803e-01   4.9063606e-02
   7.2575251e-01   4.8654537e-02
   7.2909699e-01   4.8242420e-02
   7.3244147e-01   4.7827233e-02
   7.3578595e-01   4.7408951e-02
   7.3913043e-01   4.6987548e-02
   7.4247492e-01   4.6562997e-02
   7.4581940e-01   4.6135268e-02
   7.4916388e-01   4.5704333e-02
   7.5250836e-01   4.5270158e-02
   7.5585284e-01   4.4832713e-02
   7.5919732e-01   4.4391963e-02
   7.6254181e-01   4.3947872e-02
   7.6588629e-01   4.3500404e-02
   7.6923077e-01   4.3049521e-02
   7.7257525e-01   4.2595183e-02
   7.7591973e-01   4.2137349e-02
   7.7926421e-01   4.1675978e-02
   7.8260870e-01   4.1211026e-02
   7.8595318e-01   4.0742446e-02
   7.8929766e-01   4.0270194e-02
   7.9264214e-01   3.9794222e-02
   7.9598662e-01   3.9314479e-02
   7.9933110e-01   3.8830915e-02
   8.0267559e-01   3.8343479e-02
   8.0602007e-01   3.7852116e-02
   8.0936455e-01   3.7356772e-02
   8.1270903e-01   3.6857389e-02
   8.1605351e-01   3.6353910e-02
   8.1939799e-01   3.5846276e-02
   8.2274247e-01   3.5334425e-02
   8.2608696e-01   3.4818296e-02
   8.2943144e-01   3.4297823e-02
   8.3277592e-01   3.3772942e-02
   8.3612040e-01   3.3243586e-02
   8.3946488e-01   3.2709686e-02
   8.4280936e-01   3.2171172e-02
   8.4615385e-01   3.1627973e-02
   8.4949833e-01   3.1080016e-02
   8.5284281e-01   3.0527225e-02
   8.5618729e-01   2.9969526e-02
   8.5953177e-01   2.9406840e-02
   8.6287625e-01   2.8839087e-02
   8.6622074e-01   2.8266187e-02
   8.6956522e-01   2.7688058e-02
   8.7290970e-01   2.7104616e-02
   8.7625418e-01   2.6515774e-02
   8.7959866e-01   2.5921446e-02
   8.8294314e-01   2.5321543e-02
   8.8628763e-01   2.4715975e-02
   8.8963211e-01   2.4104648e-02
   8.9297659e-01   2.3487470e-02
   8.9632107e-01   2.2864346e-02
   8.9966555e-01   2.2235178e-02
   9.0301003e-01   2.1599867e-02
   9.0635452e-01   2.0958314e-02
   9.0969900e-01   2.0310417e-02
   9.1304348e-01   1.9656072e-02
   9.1638796e-01   1.8995173e-02
   9.1973244e-01   1.8327614e-02
   9.2307692e-01   1.7653286e-02
   9.2642140e-01   1.6972079e-02
   9.2976589e-01   1.6283881e-02
   9.3311037e-01   1.5588578e-02
   9.3645485e-01   1.4886055e-02
   9.3979933e-01   1.4176194e-02
   9.4314381e-01   1.3458877e-02
   9.4648829e-01   1.2733983e-02
   9.4983278e-01   1.2001390e-02
   9.5317726e-01   1.1260973e-02
   9.5652174e-01   1.0512607e-02
   9.5986622e-01   9.7561642e-03
   9.6321070e-01   8.9915154e-03
   9.6655518e-01   8.2185293e-03
   9.6989967e-01   7.4370731e-03
   9.7324415e-01   6.6470122e-03
   9.7658863e-01   5.8482100e-03
   9.7993311e-01   5.0405283e-03
   9.8327759e-01   4.2238271e-03
   9.8662207e-01   3.3979645e-03
   9.8996656e-01   2.5627969e-03
   9.9331104e-01   1.7181788e-03
   9.9665552e-01   8.6396287e-04
   1.0000000e+00   0.0000000e+00
   1.0000000e+00   0.0000000e+00
   9.9665552e-01   3.7831884e-04
   9.9331104e-01   7.5618284e-04
   9.8996656e-01   1.1335275e-03
   9.8662207e-01   1.5102886e-03
   9.8327759e-01   1.8864027e-03
   9.7993311e-01   2.2618064e-03
   9.7658863e-01   2.6364370e-03
   9.7324415e-01   3.0102320e-03
   9.6989967e-01   3.3831297e-03
   9.6655518e-01   3.7550684e-03
   9.6321070e-01   4.1259872e-03
   9.5986622e-01   4.4958253e-03
   9.5652174e-01   4.8645227e-03
   9.5317726e-01   5.2320196e-03
   9.4983278e-01   5.5982566e-03
   9.4648829e-01   5.9631750e-03
   9.4314381e-01   6.3267162e-03
   9.3979933e-01   6.6888223e-03
   9.3645485e-01   7.0494357e-03
   9.3311037e-01   7.4084993e-03
   9.2976589e-01   7.7659565e-03
   9.2642140e-01   8.1217511e-03
   9.2307692e-01   8.4758272e-03
   9.1973244e-01   8.8281295e-03
   9.1638796e-01   9.1786032e-03
   9.1304348e-01   9.5271938e-03
   9.0969900e-01   9.8738473e-03
   9.0635452e-01   1.0218510e-02
   9.0301003e-01   1.0561129e-02
   8.9966555e-01   1.0901652e-02
   8.9632107e-01   1.1240026e-02
   8.9297659e-01   1.1576200e-02
   8.8963211e-01   1.1910123e-02
   8.8628763e-01   1.2241742e-02
   8.8294314e-01   1.2571009e-02
   8.7959866e-01   1.2897874e-02
   8.7625418e-01   1.3222286e-02
   8.7290970e-01   1.3544197e-02
   8.6956522e-01   1.3863558e-02
   8.6622074e-01   1.4180321e-02
   8.6287625e-01   1.4494439e-02
   8.5953177e-01   1.4805864e-02
   8.5618729e-01   1.5114550e-02
   8.5284281e-01   1.5420450e-02
   8.4949833e-01   1.5723518e-02
   8.4615385e-01   1.6023710e-02
   8.4280936e-01   1.6320980e-02
   8.3946488e-01   1.6615285e-02
   8.3612040e-01   1.6906579e-02
   8.3277592e-01   1.7194820e-02
   8.2943144e-01   1.7479965e-02
   8.2608696e-01   1.7761971e-02
   8.2274247e-01   1.8040797e-02
   8.1939799e-01   1.8316399e-02
   8.1605351e-01   1.8588739e-02
   8.1270903e-01   1.8857774e-02
   8.0936455e-01   1.9123466e-02
   8.0602007e-01   1.9385773e-02
   8.0267559e-01   1.9644658e-02
   7.9933110e-01   1.9900081e-02
   7.9598662e-01   2.0152004e-02
   7.9264214e-01   2.0400389e-02
   7.8929766e-01   2.0645200e-02
   7.8595318e-01   2.0886400e-02
   7.8260870e-01   2.1123952e-02
   7.7926421e-01   2.1357820e-02
   7.7591973e-01   2.1587970e-02
   7.7257525e-01   2.1814366e-02
   7.6923077e-01   2.2036975e-02
   7.6588629e-01   2.2255762e-02
   7.6254181e-01   2.2470694e-02
   7.5919732e-01   2.2681739e-02
   7.5585284e-01   2.2888865e-02
   7.5250836e-01   2.3092038e-02
   7.4916388e-01   2.3291229e-02
   7.4581940e-01   2.3486407e-02
   7.4247492e-01   2.3677541e-02
   7.3913043e-01   2.3864601e-02
   7.3578595e-01   2.4047559e-02
   7.3244147e-01   2.4226385e-02
   7.2909699e-01   2.4401052e-02
   7.2575251e-01   2.4571532e-02
   7.2240803e-01   2.4737797e-02
   7.1906355e-01   2.4899821e-02
   7.1571906e-01   2.5057579e-02
   7.1237458e-01   2.5211043e-02
   7.0903010e-01   2.5360190e-02
   7.0568562e-01   2.5504995e-02
   7.0234114e-01   2.5645434e-02
   6.9899666e-01   2.5781484e-02
   6.9565217e-01   2.5913120e-02
   6.9230769e-01   2.6040323e-02
   6.8896321e-01   2.6163068e-02
   6.8561873e-01   2.6281336e-02
   6.8227425e-01   2.6395105e-02
   6.7892977e-01   2.6504355e-02
   6.7558528e-01   2.6609066e-02
   6.7224080e-01   2.6709221e-02
   6.6889632e-01   2.6804799e-02
   6.6555184e-01   2.6895783e-02
   6.6220736e-01   2.6982156e-02
   6.5886288e-01   2.7063901e-02
   6.5551839e-01   2.7141001e-02
   6.5217391e-01   2.7213441e-02
   6.4882943e-01   2.7281206e-02
   6.4548495e-01   2.7344281e-02
   6.4214047e-01   2.7402652e-02
   6.3879599e-01   2.7456306e-02
   6.3545151e-01   2.7505230e-02
   6.3210702e-01   2.7549412e-02
   6.2876254e-01   2.7588840e-02
   6.2541806e-01   2.7623503e-02
   6.2207358e-01   2.7653392e-02
   6.1872910e-01   2.7678495e-02
   6.1538462e-01   2.7698803e-02
   6.1204013e-01   2.7714309e-02
   6.0869565e-01   2.7725004e-02
   6.0535117e-01   2.7730881e-02
   6.0200669e-01   2.7731933e-02
   5.9866221e-01   2.7728153e-02
   5.9531773e-01   2.7719537e-02
   5.9197324e-01   2.7706079e-02
   5.8862876e-01   2.7687775e-02
   5.8528428e-01   2.7664622e-02
   5.8193980e-01   2.7636616e-02
   5.7859532e-01   2.7603756e-02
   5.7525084e-01   2.7566039e-02
   5.7190635e-01   2.7523465e-02
   5.6856187e-01   2.7476033e-02
   5.6521739e-01   2.7423743e-02
   5.6187291e-01   2.7366597e-02
   5.5852843e-01   2.7304596e-02
   5.5518395e-01   2.7237743e-02
   5.5183946e-01   2.7166040e-02
   5.4849498e-01   2.7089491e-02
   5.4515050e-01   2.7008101e-02
   5.4180602e-01   2.6921874e-02
   5.3846154e-01   2.6830817e-02
   5.3511706e-01   2.6734936e-02
   5.3177258e-01   2.6634238e-02
   5.2842809e-01   2.6528731e-02
   5.2508361e-01   2.6418424e-02
   5.2173913e-01   2.6303327e-02
   5.1839465e-01   2.6183449e-02
   5.1505017e-01   2.6058801e-02
   5.1170569e-01   2.5929395e-02
   5.0836120e-01   2.5795244e-02
   5.0501672e-01   2.5656360e-02
   5.0167224e-01   2.5512758e-02
   4.9832776e-01   2.5364453e-02
   4.9498328e-01   2.5211459e-02
   4.9163880e-01   2.5053794e-02
   4.8829431e-01   2.4891474e-02
   4.8494983e-01   2.4724517e-02
   4.8160535e-01   2.4552942e-02
   4.7826087e-01   2.4376769e-02
   4.7491639e-01   2.4196018e-02
   4.7157191e-01   2.4010711e-02
   4.6822742e-01   2.3820869e-02
   4.6488294e-01   2.3626516e-02
   4.6153846e-01   2.3427675e-02
   4.5819398e-01   2.3224372e-02
   4.5484950e-01   2.3016631e-02
   4.5150502e-01   2.2804480e-02
   4.4816054e-01   2.2587946e-02
   4.4481605e-01   2.2367057e-02
   4.4147157e-01   2.2141842e-02
   4.3812709e-01   2.1912333e-02
   4.3478261e-01   2.1678560e-02
   4.3143813e-01   2.1440555e-02
   4.2809365e-01   2.1198352e-02
   4.2474916e-01   2.0951985e-02
   4.2140468e-01   2.0701488e-02
   4.1806020e-01   2.0446899e-02
   4.1471572e-01   2.0188255e-02
   4.1137124e-01   1.9925593e-02
   4.0802676e-01   1.9658953e-02
   4.0468227e-01   1.9388377e-02
   4.0133779e-01   1.9113904e-02
   3.9799331e-01   1.8835578e-02
   3.9464883e-01   1.8553443e-02
   3.9130435e-01   1.8267544e-02
   3.8795987e-01   1.7977927e-02
   3.8461538e-01   1.7684638e-02
   3.8127090e-01   1.7387727e-02
   3.7792642e-01   1.7087244e-02
   3.7458194e-01   1.6783238e-02
   3.7123746e-01   1.6475764e-02
   3.6789298e-01   1.6164873e-02
   3.6454849e-01   1.5850621e-02
   3.6120401e-01   1.5533063e-02
   3.5785953e-01   1.5212258e-02
   3.5451505e-01   1.4888265e-02
   3.5117057e-01   1.4561143e-02
   3.4782609e-01   1.4230954e-02
   3.4448161e-01   1.3897762e-02
   3.4113712e-01   1.3561630e-02
   3.3779264e-01   1.3222625e-02
   3.3444816e-01   1.2880816e-02
   3.3110368e-01   1.2536270e-02
   3.2775920e-01   1.2189059e-02
   3.2441472e-01   1.1839256e-02
   3.2107023e-01   1.1486934e-02
   3.1772575e-01   1.1132170e-02
   3.1438127e-01   1.0775040e-02
   3.1103679e-01   1.0415625e-02
   3.0769231e-01   1.0054006e-02
   3.0434783e-01   9.6902656e-03
   3.0100334e-01   9.3244890e-03
   2.9765886e-01   8.9567634e-03
   2.9431438e-01   8.5871776e-03
   2.9096990e-01   8.2158228e-03
   2.8762542e-01   7.8427922e-03
   2.8428094e-01   7.4681811e-03
   2.8093645e-01   7.0920872e-03
   2.7759197e-01   6.7146102e-03
   2.7424749e-01   6.3358525e-03
   2.7090301e-01   5.9559187e-03
   2.6755853e-01   5.5749159e-03
   2.6421405e-01   5.1929539e-03
   2.6086957e-01   4.8101449e-03
   2.5752508e-01   4.4266041e-03
   2.5418060e-01   4.0424494e-03
   2.5083612e-01   3.6578013e-03
   2.4749164e-01   3.2727838e-03
   2.4414716e-01   2.8875235e-03
   2.4080268e-01   2.5021506e-03
   2.3745819e-01   2.1167982e-03
   2.3411371e-01   1.7316031e-03
   2.3076923e-01   1.3467055e-03
   2.2742475e-01   9.6224920e-04
   2.2408027e-01   5.7838198e-04
   2.2073579e-01   1.9525540e-04
   2.1739130e-01  -1.8697484e-04
   2.1404682e-01  -5.6814881e-04
   2.1070234e-01  -9.4810215e-04
   2.0735786e-01  -1.3266659e-03
   2.0401338e-01  -1.7036663e-03
   2.0066890e-01  -2.0789245e-03
   1.9732441e-01  -2.4522566e-03
   1.9397993e-01  -2.8234732e-03
   1.9063545e-01  -3.1923791e-03
   1.8729097e-01  -3.5587730e-03
   1.8394649e-01  -3.9224477e-03
   1.8060201e-01  -4.2831892e-03
   1.7725753e-01  -4.6407764e-03
   1.7391304e-01  -4.9949813e-03
   1.7056856e-01  -5.3455680e-03
   1.6722408e-01  -5.6922926e-03
   1.6387960e-01  -6.0349025e-03
   1.6053512e-01  -6.3731365e-03
   1.5719064e-01  -6.7067233e-03
   1.5384615e-01  -7.0353820e-03
   1.5050167e-01  -7.3588205e-03
   1.4715719e-01  -7.6767354e-03
   1.4381271e-01  -7.9888113e-03
   1.4046823e-01  -8.2947195e-03
   1.3712375e-01  -8.5941175e-03
   1.3377926e-01  -8.8866479e-03
   1.3043478e-01  -9.1719372e-03
   1.2709030e-01  -9.4495947e-03
   1.2374582e-01  -9.7192110e-03
   1.2040134e-01  -9.9803568e-03
   1.1705686e-01  -1.0232581e-02
   1.1371237e-01  -1.0475408e-02
   1.1036789e-01  -1.0708338e-02
   1.0702341e-01  -1.0930842e-02
   1.0367893e-01  -1.1142360e-02
   1.0033445e-01  -1.1342299e-02
   9.6989967e-02  -1.1530027e-02
   9.3645485e-02  -1.1704872e-02
   9.0301003e-02  -1.1866115e-02
   8.6956522e-02  -1.2012986e-02
   8.3612040e-02  -1.2144657e-02
   8.0267559e-02  -1.2260235e-02
   7.6923077e-02  -1.2358754e-02
   7.3578595e-02  -1.2439163e-02
   7.0234114e-02  -1.2500314e-02
   6.6889632e-02  -1.2540950e-02
   6.3545151e-02  -1.2559684e-02
   6.0200669e-02  -1.2554977e-02
   5.6856187e-02  -1.2525112e-02
   5.3511706e-02  -1.2468156e-02
   5.0167224e-02  -1.2381920e-02
   4.6822742e-02  -1.2263900e-02
   4.3478261e-02  -1.2111198e-02
   4.0133779e-02  -1.1920428e-02
   3.6789298e-02  -1.1687567e-02
   3.3444816e-02  -1.1407768e-02
   3.0100334e-02  -1.1075069e-02
   2.6755853e-02  -1.0681970e-02
   2.3411371e-02  -1.0218752e-02
   2.0066890e-02  -9.6723688e-03
   1.6722408e-02  -9.0244496e-03
   1.3377926e-02  -8.2474258e-03
   1.0033445e-02  -7.2959160e-03
   6.6889632e-03  -6.0834051e-03
   3.3444816e-03  -4.3916686e-03
   0.0000000e+00  -1.9000000e-04
