   0.0000000e+00   0.0000000e+00
   3.3444816e-03   1.8905797e-02
   6.6889632e-03   2.6719542e-02
   1.0033445e-02   3.2701589e-02
   1.3377926e-02   3.7731827e-02
   1.6722408e-02   4.2151017e-02
   2.0066890e-02   4.6133849e-02
   2.3411371e-02   4.9784032e-02
   2.6755853e-02   5.3169084e-02
   3.0100334e-02   5.6335859e-02
   3.3444816e-02   5.9318430e-02
   3.6789298e-02   6.2142491e-02
   4.0133779e-02   6.4827974e-02
   4.3478261e-02   6.7390709e-02
   4.6822742e-02   6.9843511e-02
   5.0167224e-02   7.2196922e-02
   5.3511706e-02   7.4459743e-02
   5.6856187e-02   7.6639402e-02
   6.0200669e-02   7.8742241e-02
   6.3545151e-02   8.0773723e-02
   6.6889632e-02   8.2738590e-02
   7.0234114e-02   8.4640995e-02
   7.3578595e-02   8.6484595e-02
   7.6923077e-02   8.8272632e-02
   8.0267559e-02   9.0007992e-02
   8.3612040e-02   9.1693265e-02
   8.6956522e-02   9.3330778e-02
   9.0301003e-02   9.4922635e-02
   9.3645485e-02   9.6470746e-02
   9.6989967e-02   9.7976851e-02
   1.0033445e-01   9.9442538e-02
   1.0367893e-01   1.0086927e-01
   1.0702341e-01   1.0225838e-01
   1.1036789e-01   1.0361111e-01
   1.1371237e-01   1.0492861e-01
   1.1705686e-01   1.0621193e-01
   1.2040134e-01   1.0746206e-01
   1.2374582e-01   1.0867993e-01
   1.2709030e-01   1.0986639e-01
   1.3043478e-01   1.1102225e-01
   1.3377926e-01   1.1214827e-01
   1.3712375e-01   1.1324514e-01
   1.4046823e-01   1.1431355e-01
   1.4381271e-01   1.1535411e-01
   1.4715719e-01   1.1636743e-01
   1.5050167e-01   1.1735408e-01
   1.5384615e-01   1.1831458e-01
   1.5719064e-01   1.1924945e-01
   1.6053512e-01   1.2015916e-01
   1.6387960e-01   1.2104419e-01
   1.6722408e-01   1.2190497e-01
   1.7056856e-01   1.2274191e-01
   1.7391304e-01   1.2355543e-01
   1.7725753e-01   1.2434591e-01
   1.8060201e-01   1.2511371e-01
   1.8394649e-01   1.2585920e-01
   1.8729097e-01   1.2658271e-01
   1.9063545e-01   1.2728458e-01
   1.9397993e-01   1.2796511e-01
   1.9732441e-01   1.2862463e-01
   2.0066890e-01   1.2926341e-01
   2.0401338e-01   1.2988176e-01
   2.0735786e-01   1.3047993e-01
   2.1070234e-01   1.3105822e-01
   2.1404682e-01   1.3161687e-01
   2.1739130e-01   1.3215613e-01
   2.2073579e-01   1.3267626e-01
   2.2408027e-01   1.3317749e-01
   2.2742475e-01   1.3366005e-01
   2.3076923e-01   1.3412418e-01
   2.3411371e-01   1.3457009e-01
   2.3745819e-01   1.3499800e-01
   2.4080268e-01   1.3540812e-01
   2.4414716e-01   1.3580066e-01
   2.4749164e-01   1.3617581e-01
   2.5083612e-01   1.3653378e-01
   2.5418060e-01   1.3687476e-01
   2.5752508e-01   1.3719894e-01
   2.6086957e-01   1.3750650e-01
   2.6421405e-01   1.3779763e-01
   2.6755853e-01   1.3807250e-01
   2.7090301e-01   1.3833129e-01
   2.7424749e-01   1.3857418e-01
   2.7759197e-01   1.3880134e-01
   2.8093645e-01   1.3901293e-01
   2.8428094e-01   1.3920911e-01
   2.8762542e-01   1.3939006e-01
   2.9096990e-01   1.3955592e-01
   2.9431438e-01   1.3970686e-01
   2.9765886e-01   1.3984304e-01
   3.0100334e-01   1.3996460e-01
   3.0434783e-01   1.4007170e-01
   3.0769231e-01   1.4016449e-01
   3.1103679e-01   1.4024311e-01
   3.1438127e-01   1.4030771e-01
   3.1772575e-01   1.4035844e-01
   3.2107023e-01   1.4039544e-01
   3.2441472e-01   1.4041885e-01
   3.2775920e-01   1.4042880e-01
   3.3110368e-01   1.4042545e-01
   3.3444816e-01   1.4040892e-01
   3.3779264e-01   1.4037934e-01
   3.4113712e-01   1.4033686e-01
   3.4448161e-01   1.4028161e-01
   3.4782609e-01   1.4021371e-01
   3.5117057e-01   1.4013330e-01
   3.5451505e-01   1.4004051e-01
   3.5785953e-01   1.3993547e-01
   3.6120401e-01   1.3981829e-01
   3.6454849e-01   1.3968911e-01
   3.6789298e-01   1.3954806e-01
   3.7123746e-01   1.3939525e-01
   3.7458194e-01   1.3923081e-01
   3.7792642e-01   1.3905486e-01
   3.8127090e-01   1.3886753e-01
   3.8461538e-01   1.3866892e-01
   3.8795987e-01   1.3845917e-01
   3.9130435e-01   1.3823839e-01
   3.9464883e-01   1.3800669e-01
   3.9799331e-01   1.3776420e-01
   4.0133779e-01   1.3751102e-01
   4.0468227e-01   1.3724728e-01
   4.0802676e-01   1.3697308e-01
   4.1137124e-01   1.3668855e-01
   4.1471572e-01   1.3639379e-01
   4.1806020e-01   1.3608892e-01
   4.2140468e-01   1.3577404e-01
   4.2474916e-01   1.3544927e-01
   4.2809365e-01   1.3511471e-01
   4.3143813e-01   1.3477048e-01
   4.3478261e-01   1.3441668e-01
   4.3812709e-01   1.3405342e-01
   4.4147157e-01   1.3368080e-01
   4.4481605e-01   1.3329894e-01
   4.4816054e-01   1.3290794e-01
   4.5150502e-01   1.3250790e-01
   4.5484950e-01   1.3209892e-01
   4.5819398e-01   1.3168112e-01
   4.6153846e-01   1.3125458e-01
   4.6488294e-01   1.3081942e-01
   4.6822742e-01   1.3037573e-01
   4.7157191e-01   1.2992362e-01
   4.7491639e-01   1.2946318e-01
   4.7826087e-01   1.2899451e-01
   4.8160535e-01   1.2851771e-01
   4.8494983e-01   1.2803289e-01
   4.8829431e-01   1.2754013e-01
   4.9163880e-01   1.2703954e-01
   4.9498328e-01   1.2653120e-01
   4.9832776e-01   1.2601522e-01
   5.0167224e-01   1.2549168e-01
   5.0501672e-01   1.2496069e-01
   5.0836120e-01   1.2442233e-01
   5.1170569e-01   1.2387670e-01
   5.1505017e-01   1.2332389e-01
   5.1839465e-01   1.2276399e-01
   5.2173913e-01   1.2219709e-01
   5.2508361e-01   1.2162328e-01
   5.2842809e-01   1.2104265e-01
   5.3177258e-01   1.2045529e-01
   5.3511706e-01   1.1986129e-01
   5.3846154e-01   1.1926072e-01
   5.4180602e-01   1.1865369e-01
   5.4515050e-01   1.1804027e-01
   5.4849498e-01   1.1742055e-01
   5.5183946e-01   1.1679462e-01
   5.5518395e-01   1.1616255e-01
   5.5852843e-01   1.1552444e-01
   5.6187291e-01   1.1488036e-01
   5.6521739e-01   1.1423039e-01
   5.6856187e-01   1.1357462e-01
   5.7190635e-01   1.1291312e-01
   5.7525084e-01   1.1224598e-01
   5.7859532e-01   1.1157327e-01
   5.8193980e-01   1.1089507e-01
   5.8528428e-01   1.1021147e-01
   5.8862876e-01   1.0952253e-01
   5.9197324e-01   1.0882832e-01
   5.9531773e-01   1.0812894e-01
   5.9866221e-01   1.0742445e-01
   6.0200669e-01   1.0671492e-01
   6.0535117e-01   1.0600043e-01
   6.0869565e-01   1.0528104e-01
   6.1204013e-01   1.0455684e-01
   6.1538462e-01   1.0382789e-01
   6.1872910e-01   1.0309426e-01
   6.2207358e-01   1.0235602e-01
   6.2541806e-01   1.0161324e-01
   6.2876254e-01   1.0086599e-01
   6.3210702e-01   1.0011433e-01
   6.3545151e-01   9.9358323e-02
   6.3879599e-01   9.8598044e-02
   6.4214047e-01   9.7833553e-02
   6.4548495e-01   9.7064914e-02
   6.4882943e-01   9.6292190e-02
   6.5217391e-01   9.5515443e-02
   6.5551839e-01   9.4734733e-02
   6.5886288e-01   9.3950122e-02
   6.6220736e-01   9.3161668e-02
   6.6555184e-01   9.2369430e-02
   6.6889632e-01   9.1573467e-02
   6.7224080e-01   9.0773835e-02
   6.7558528e-01   8.9970591e-02
   6.7892977e-01   8.9163789e-02
   6.8227425e-01   8.8353485e-02
   6.8561873e-01   8.7539732e-02
   6.8896321e-01   8.6722583e-02
   6.9230769e-01   8.5902089e-02
   6.9565217e-01   8.5078302e-02
   6.9899666e-01   8.4251272e-02
   7.0234114e-01   8.3421048e-02
   7.0568562e-01   8.2587678e-02
   7.0903010e-01   8.1751211e-02
   7.1237458e-01   8.0911692e-02
   7.1571906e-01   8.0069168e-02
   7.1906355e-01   7.9223683e-02
   7.2240803e-01   7.8375281e-02
   7.2575251e-01   7.7524005e-02
   7.2909699e-01   7.6669897e-02
   7.3244147e-01   7.5812998e-02
   7.3578595e-01   7.4953349e-02
   7.3913043e-01   7.4090988e-02
   7.4247492e-01   7.3225955e-02
   7.4581940e-01   7.2358286e-02
   7.4916388e-01   7.1488017e-02
   7.5250836e-01   7.0615185e-02
   7.5585284e-01   6.9739824e-02
   7.5919732e-01   6.8861967e-02
   7.6254181e-01   6.7981647e-02
   7.6588629e-01   6.7098895e-02
   7.6923077e-01   6.6213742e-02
   7.7257525e-01   6.5326218e-02
   7.7591973e-01   6.4436351e-02
   7.7926421e-01   6.3544169e-02
   7.8260870e-01   6.2649698e-02
   7.8595318e-01   6.1752964e-02
   7.8929766e-01   6.0853992e-02
   7.9264214e-01   5.9952806e-02
   7.9598662e-01   5.9049427e-02
   7.9933110e-01   5.8143877e-02
   8.0267559e-01   5.7236177e-02
   8.0602007e-01   5.6326346e-02
   8.0936455e-01   5.5414403e-02
   8.1270903e-01   5.4500364e-02
   8.1605351e-01   5.3584247e-02
   8.1939799e-01   5.2666067e-02
   8.2274247e-01   5.1745837e-02
   8.2608696e-01   5.0823570e-02
   8.2943144e-01   4.9899280e-02
   8.3277592e-01   4.8972975e-02
   8.3612040e-01   4.8044668e-02
   8.3946488e-01   4.7114366e-02
   8.4280936e-01   4.6182076e-02
   8.4615385e-01   4.5247806e-02
   8.4949833e-01   4.4311561e-02
   8.5284281e-01   4.3373346e-02
   8.5618729e-01   4.2433163e-02
   8.5953177e-01   4.1491014e-02
   8.6287625e-01   4.0546901e-02
   8.6622074e-01   3.9600823e-02
   8.6956522e-01   3.8652780e-02
   8.7290970e-01   3.7702768e-02
   8.7625418e-01   3.6750785e-02
   8.7959866e-01   3.5796825e-02
   8.8294314e-01   3.4840882e-02
   8.8628763e-01   3.3882950e-02
   8.8963211e-01   3.2923020e-02
   8.9297659e-01   3.1961084e-02
   8.9632107e-01   3.0997129e-02
   8.9966555e-01   3.0031145e-02
   9.0301003e-01   2.9063119e-02
   9.0635452e-01   2.8093036e-02
   9.0969900e-01   2.7120882e-02
   9.1304348e-01   2.6146639e-02
   9.1638796e-01   2.5170290e-02
   9.1973244e-01   2.4191816e-02
   9.2307692e-01   2.3211197e-02
   9.2642140e-01   2.2228412e-02
   9.2976589e-01   2.1243438e-02
   9.3311037e-01   2.0256251e-02
   9.3645485e-01   1.9266825e-02
   9.3979933e-01   1.8275136e-02
   9.4314381e-01   1.7281155e-02
   9.4648829e-01   1.6284853e-02
   9.4983278e-01   1.5286200e-02
   9.5317726e-01   1.4285166e-02
   9.5652174e-01   1.3281717e-02
   9.5986622e-01   1.2275819e-02
   9.6321070e-01   1.1267438e-02
   9.6655518e-01   1.0256537e-02
   9.6989967e-01   9.2430789e-03
   9.7324415e-01   8.2270238e-03
   9.7658863e-01   7.2083318e-03
   9.7993311e-01   6.1869615e-03
   9.8327759e-01   5.1628698e-03
   9.8662207e-01   4.1360127e-03
   9.8996656e-01   3.1063446e-03
   9.9331104e-01   2.0738188e-03
   9.9665552e-01   1.0383871e-03
   1.0000000e+00   0.0000000e+00
   1.0000000e+00   0.0000000e+00
   9.9665552e-01   1.0701964e-06
   9.9331104e-01  -1.7411332e-06
   9.8996656e-01  -8.3480675e-06
   9.8662207e-01  -1.8665862e-05
   9.8327759e-01  -3.2610944e-05
   9.7993311e-01  -5.0100905e-05
   9.7658863e-01  -7.1054499e-05
   9.7324415e-01  -9.5391635e-05
   9.6989967e-01  -1.2303337e-04
   9.6655518e-01  -1.5390190e-04
   9.6321070e-01  -1.8792058e-04
   9.5986622e-01  -2.2501387e-04
   9.5652174e-01  -2.6510738e-04
   9.5317726e-01  -3.0812782e-04
   9.4983278e-01  -3.5400303e-04
   9.4648829e-01  -4.0266197e-04
   9.4314381e-01  -4.5403469e-04
   9.3979933e-01  -5.0805233e-04
   9.3645485e-01  -5.6464715e-04
   9.3311037e-01  -6.2375248e-04
   9.2976589e-01  -6.8530274e-04
   9.2642140e-01  -7.4923340e-04
   9.2307692e-01  -8.1548105e-04
   9.1973244e-01  -8.8398330e-04
   9.1638796e-01  -9.5467883e-04
   9.1304348e-01  -1.0275074e-03
   9.0969900e-01  -1.1024097e-03
   9.0635452e-01  -1.1793277e-03
   9.0301003e-01  -1.2582042e-03
   8.9966555e-01  -1.3389831e-03
   8.9632107e-01  -1.4216092e-03
   8.9297659e-01  -1.5060285e-03
   8.8963211e-01  -1.5921880e-03
   8.8628763e-01  -1.6800356e-03
   8.8294314e-01  -1.7695202e-03
   8.7959866e-01  -1.8605917e-03
   8.7625418e-01  -1.9532011e-03
   8.7290970e-01  -2.0473003e-03
   8.6956522e-01  -2.1428421e-03
   8.6622074e-01  -2.2397803e-03
   8.6287625e-01  -2.3380698e-03
   8.5953177e-01  -2.4376663e-03
   8.5618729e-01  -2.5385265e-03
   8.5284281e-01  -2.6406080e-03
   8.4949833e-01  -2.7438694e-03
   8.4615385e-01  -2.8482702e-03
   8.4280936e-01  -2.9537708e-03
   8.3946488e-01  -3.0603326e-03
   8.3612040e-01  -3.1679177e-03
   8.3277592e-01  -3.2764894e-03
   8.2943144e-01  -3.3860116e-03
   8.2608696e-01  -3.4964493e-03
   8.2274247e-01  -3.6077683e-03
   8.1939799e-01  -3.7199353e-03
   8.1605351e-01  -3.8329177e-03
   8.1270903e-01  -3.9466841e-03
   8.0936455e-01  -4.0612037e-03
   8.0602007e-01  -4.1764465e-03
   8.0267559e-01  -4.2923836e-03
   7.9933110e-01  -4.4089866e-03
   7.9598662e-01  -4.5262283e-03
   7.9264214e-01  -4.6440819e-03
   7.8929766e-01  -4.7625218e-03
   7.8595318e-01  -4.8815230e-03
   7.8260870e-01  -5.0010612e-03
   7.7926421e-01  -5.1211132e-03
   7.7591973e-01  -5.2416562e-03
   7.7257525e-01  -5.3626686e-03
   7.6923077e-01  -5.4841291e-03
   7.6588629e-01  -5.6060175e-03
   7.6254181e-01  -5.7283143e-03
   7.5919732e-01  -5.8510006e-03
   7.5585284e-01  -5.9740583e-03
   7.5250836e-01  -6.0974701e-03
   7.4916388e-01  -6.2212194e-03
   7.4581940e-01  -6.3452902e-03
   7.4247492e-01  -6.4696673e-03
   7.3913043e-01  -6.5943362e-03
   7.3578595e-01  -6.7192831e-03
   7.3244147e-01  -6.8444948e-03
   7.2909699e-01  -6.9699587e-03
   7.2575251e-01  -7.0956632e-03
   7.2240803e-01  -7.2215970e-03
   7.1906355e-01  -7.3477496e-03
   7.1571906e-01  -7.4741111e-03
   7.1237458e-01  -7.6006723e-03
   7.0903010e-01  -7.7274245e-03
   7.0568562e-01  -7.8543597e-03
   7.0234114e-01  -7.9814705e-03
   6.9899666e-01  -8.1087500e-03
   6.9565217e-01  -8.2361921e-03
   6.9230769e-01  -8.3637910e-03
   6.8896321e-01  -8.4915417e-03
   6.8561873e-01  -8.6194395e-03
   6.8227425e-01  -8.7474806e-03
   6.7892977e-01  -8.8756615e-03
   6.7558528e-01  -9.0039792e-03
   6.7224080e-01  -9.1324313e-03
   6.6889632e-01  -9.2610161e-03
   6.6555184e-01  -9.3897320e-03
   6.6220736e-01  -9.5185782e-03
   6.5886288e-01  -9.6475542e-03
   6.5551839e-01  -9.7766602e-03
   6.5217391e-01  -9.9058966e-03
   6.4882943e-01  -1.0035265e-02
   6.4548495e-01  -1.0164765e-02
   6.4214047e-01  -1.0294401e-02
   6.3879599e-01  -1.0424173e-02
   6.3545151e-01  -1.0554085e-02
   6.3210702e-01  -1.0684140e-02
   6.2876254e-01  -1.0814341e-02
   6.2541806e-01  -1.0944692e-02
   6.2207358e-01  -1.1075197e-02
   6.1872910e-01  -1.1205861e-02
   6.1538462e-01  -1.1336689e-02
   6.1204013e-01  -1.1467686e-02
   6.0869565e-01  -1.1598858e-02
   6.0535117e-01  -1.1730210e-02
   6.0200669e-01  -1.1861749e-02
   5.9866221e-01  -1.1993481e-02
   5.9531773e-01  -1.2125413e-02
   5.9197324e-01  -1.2257552e-02
   5.8862876e-01  -1.2389906e-02
   5.8528428e-01  -1.2522481e-02
   5.8193980e-01  -1.2655285e-02
   5.7859532e-01  -1.2788327e-02
   5.7525084e-01  -1.2921615e-02
   5.7190635e-01  -1.3055156e-02
   5.6856187e-01  -1.3188961e-02
   5.6521739e-01  -1.3323036e-02
   5.6187291e-01  -1.3457391e-02
   5.5852843e-01  -1.3592036e-02
   5.5518395e-01  -1.3726978e-02
   5.5183946e-01  -1.3862228e-02
   5.4849498e-01  -1.3997795e-02
   5.4515050e-01  -1.4133687e-02
   5.4180602e-01  -1.4269915e-02
   5.3846154e-01  -1.4406488e-02
   5.3511706e-01  -1.4543416e-02
   5.3177258e-01  -1.4680707e-02
   5.2842809e-01  -1.4818372e-02
   5.2508361e-01  -1.4956420e-02
   5.2173913e-01  -1.5094861e-02
   5.1839465e-01  -1.5233704e-02
   5.1505017e-01  -1.5372958e-02
   5.1170569e-01  -1.5512634e-02
   5.0836120e-01  -1.5652739e-02
   5.0501672e-01  -1.5793284e-02
   5.0167224e-01  -1.5934277e-02
   4.9832776e-01  -1.6075727e-02
   4.9498328e-01  -1.6217643e-02
   4.9163880e-01  -1.6360033e-02
   4.8829431e-01  -1.6502906e-02
   4.8494983e-01  -1.6646270e-02
   4.8160535e-01  -1.6790133e-02
   4.7826087e-01  -1.6934501e-02
   4.7491639e-01  -1.7079384e-02
   4.7157191e-01  -1.7224787e-02
   4.6822742e-01  -1.7370717e-02
   4.6488294e-01  -1.7517182e-02
   4.6153846e-01  -1.7664186e-02
   4.5819398e-01  -1.7811735e-02
   4.5484950e-01  -1.7959835e-02
   4.5150502e-01  -1.8108491e-02
   4.4816054e-01  -1.8257706e-02
   4.4481605e-01  -1.8407485e-02
   4.4147157e-01  -1.8557831e-02
   4.3812709e-01  -1.8708747e-02
   4.3478261e-01  -1.8860235e-02
   4.3143813e-01  -1.9012298e-02
   4.2809365e-01  -1.9164935e-02
   4.2474916e-01  -1.9318148e-02
   4.2140468e-01  -1.9471937e-02
   4.1806020e-01  -1.9626300e-02
   4.1471572e-01  -1.9781236e-02
   4.1137124e-01  -1.9936744e-02
   4.0802676e-01  -2.0092819e-02
   4.0468227e-01  -2.0249458e-02
   4.0133779e-01  -2.0406657e-02
   3.9799331e-01  -2.0564409e-02
   3.9464883e-01  -2.0722709e-02
   3.9130435e-01  -2.0881549e-02
   3.8795987e-01  -2.1040920e-02
   3.8461538e-01  -2.1200814e-02
   3.8127090e-01  -2.1361220e-02
   3.7792642e-01  -2.1522127e-02
   3.7458194e-01  -2.1683521e-02
   3.7123746e-01  -2.1845390e-02
   3.6789298e-01  -2.2007719e-02
   3.6454849e-01  -2.2170490e-02
   3.6120401e-01  -2.2333688e-02
   3.5785953e-01  -2.2497293e-02
   3.5451505e-01  -2.2661285e-02
   3.5117057e-01  -2.2825642e-02
   3.4782609e-01  -2.2990343e-02
   3.4448161e-01  -2.3155361e-02
   3.4113712e-01  -2.3320671e-02
   3.3779264e-01  -2.3486246e-02
   3.3444816e-01  -2.3652056e-02
   3.3110368e-01  -2.3818070e-02
   3.2775920e-01  -2.3984255e-02
   3.2441472e-01  -2.4150576e-02
   3.2107023e-01  -2.4316997e-02
   3.1772575e-01  -2.4483480e-02
   3.1438127e-01  -2.4649983e-02
   3.1103679e-01  -2.4816464e-02
   3.0769231e-01  -2.4982878e-02
   3.0434783e-01  -2.5149178e-02
   3.0100334e-01  -2.5315314e-02
   2.9765886e-01  -2.5481234e-02
   2.9431438e-01  -2.5646884e-02
   2.9096990e-01  -2.5812207e-02
   2.8762542e-01  -2.5977143e-02
   2.8428094e-01  -2.6141630e-02
   2.8093645e-01  -2.6305602e-02
   2.7759197e-01  -2.6468991e-02
   2.7424749e-01  -2.6631725e-02
   2.7090301e-01  -2.6793731e-02
   2.6755853e-01  -2.6954929e-02
   2.6421405e-01  -2.7115240e-02
   2.6086957e-01  -2.7274577e-02
   2.5752508e-01  -2.7432852e-02
   2.5418060e-01  -2.7589973e-02
   2.5083612e-01  -2.7745844e-02
   2.4749164e-01  -2.7900363e-02
   2.4414716e-01  -2.8053426e-02
   2.4080268e-01  -2.8204924e-02
   2.3745819e-01  -2.8354743e-02
   2.3411371e-01  -2.8502764e-02
   2.3076923e-01  -2.8648863e-02
   2.2742475e-01  -2.8792911e-02
   2.2408027e-01  -2.8934773e-02
   2.2073579e-01  -2.9074310e-02
   2.1739130e-01  -2.9211375e-02
   2.1404682e-01  -2.9345815e-02
   2.1070234e-01  -2.9477472e-02
   2.0735786e-01  -2.9606181e-02
   2.0401338e-01  -2.9731767e-02
   2.0066890e-01  -2.9854052e-02
   1.9732441e-01  -2.9972847e-02
   1.9397993e-01  -3.0087955e-02
   1.9063545e-01  -3.0199172e-02
   1.8729097e-01  -3.0306285e-02
   1.8394649e-01  -3.0409069e-02
   1.8060201e-01  -3.0507291e-02
   1.7725753e-01  -3.0600708e-02
   1.7391304e-01  -3.0689064e-02
   1.7056856e-01  -3.0772092e-02
   1.6722408e-01  -3.0849514e-02
   1.6387960e-01  -3.0921036e-02
   1.6053512e-01  -3.0986353e-02
   1.5719064e-01  -3.1045143e-02
   1.5384615e-01  -3.1097070e-02
   1.5050167e-01  -3.1141779e-02
   1.4715719e-01  -3.1178899e-02
   1.4381271e-01  -3.1208039e-02
   1.4046823e-01  -3.1228787e-02
   1.3712375e-01  -3.1240712e-02
   1.3377926e-01  -3.1243355e-02
   1.3043478e-01  -3.1236234e-02
   1.2709030e-01  -3.1218841e-02
   1.2374582e-01  -3.1190636e-02
   1.2040134e-01  -3.1151048e-02
   1.1705686e-01  -3.1099471e-02
   1.1371237e-01  -3.1035260e-02
   1.1036789e-01  -3.0957732e-02
   1.0702341e-01  -3.0866155e-02
   1.0367893e-01  -3.0759748e-02
   1.0033445e-01  -3.0637678e-02
   9.6989967e-02  -3.0499047e-02
   9.3645485e-02  -3.0342893e-02
   9.0301003e-02  -3.0168178e-02
   8.6956522e-02  -2.9973778e-02
   8.3612040e-02  -2.9758478e-02
   8.0267559e-02  -2.9520954e-02
   7.6923077e-02  -2.9259761e-02
   7.3578595e-02  -2.8973316e-02
   7.0234114e-02  -2.8659876e-02
   6.6889632e-02  -2.8317515e-02
   6.3545151e-02  -2.7944090e-02
   6.0200669e-02  -2.7537208e-02
   5.6856187e-02  -2.7094175e-02
   5.3511706e-02  -2.6611937e-02
   5.0167224e-02  -2.6087008e-02
   4.6822742e-02  -2.5515365e-02
   4.3478261e-02  -2.4892324e-02
   4.0133779e-02  -2.4212362e-02
   3.6789298e-02  -2.3468877e-02
   3.3444816e-02  -2.2653847e-02
   3.0100334e-02  -2.1757333e-02
   2.6755853e-02  -2.0766733e-02
   2.3411371e-02  -1.9665601e-02
   2.0066890e-02  -1.8431683e-02
   1.6722408e-02  -1.7033408e-02
   1.3377926e-02  -1.5423029e-02
   1.0033445e-02  -1.3521326e-02
   6.6889632e-03  -1.1176050e-02
   3.3444816e-03  -7.9998839e-03
   0.0000000e+00   0.0000000e+00
