   0.0000000e+00   0.0000000e+00
   3.3444816e-03   8.6191919e-03
   6.6889632e-03   1.2366137e-02
   1.0033445e-02   1.5356044e-02
   1.3377926e-02   1.7968282e-02
   1.6722408e-02   2.0346417e-02
   2.0066890e-02   2.2562286e-02
   2.3411371e-02   2.4657455e-02
   2.6755853e-02   2.6658251e-02
   3.0100334e-02   2.8582418e-02
   3.3444816e-02   3.0442466e-02
   3.6789298e-02   3.2247524e-02
   4.0133779e-02   3.4004436e-02
   4.3478261e-02   3.5718440e-02
   4.6822742e-02   3.7393621e-02
   5.0167224e-02   3.9033205e-02
   5.3511706e-02   4.0639776e-02
   5.6856187e-02   4.2215423e-02
   6.0200669e-02   4.3761850e-02
   6.3545151e-02   4.5280458e-02
   6.6889632e-02   4.6772405e-02
   7.0234114e-02   4.8238655e-02
   7.3578595e-02   4.9680017e-02
   7.6923077e-02   5.1097168e-02
   8.0267559e-02   5.2490682e-02
   8.3612040e-02   5.3861045e-02
   8.6956522e-02   5.5208671e-02
   9.0301003e-02   5.6533913e-02
   9.3645485e-02   5.7837078e-02
   9.6989967e-02   5.9118427e-02
   1.0033445e-01   6.0378188e-02
   1.0367893e-01   6.1616561e-02
   1.0702341e-01   6.2833720e-02
   1.1036789e-01   6.4029820e-02
   1.1371237e-01   6.5204998e-02
   1.1705686e-01   6.6359379e-02
   1.2040134e-01   6.7493074e-02
   1.2374582e-01   6.8606187e-02
   1.2709030e-01   6.9698813e-02
   1.3043478e-01   7.0771042e-02
   1.3377926e-01   7.1822959e-02
   1.3712375e-01   7.2854645e-02
   1.4046823e-01   7.3866179e-02
   1.4381271e-01   7.4857638e-02
   1.4715719e-01   7.5829097e-02
   1.5050167e-01   7.6780633e-02
   1.5384615e-01   7.7712321e-02
   1.5719064e-01   7.8624238e-02
   1.6053512e-01   7.9516460e-02
   1.6387960e-01   8.0389067e-02
   1.6722408e-01   8.1242140e-02
   1.7056856e-01   8.2075759e-02
   1.7391304e-01   8.2890010e-02
   1.7725753e-01   8.3684979e-02
   1.8060201e-01   8.4460754e-02
   1.8394649e-01   8.5217427e-02
   1.8729097e-01   8.5955093e-02
   1.9063545e-01   8.6673846e-02
   1.9397993e-01   8.7373788e-02
   1.9732441e-01   8.8055019e-02
   2.0066890e-01   8.8717645e-02
   2.0401338e-01   8.9361773e-02
   2.0735786e-01   8.9987514e-02
   2.1070234e-01   9.0594980e-02
   2.1404682e-01   9.1184289e-02
   2.1739130e-01   9.1755557e-02
   2.2073579e-01   9.2308908e-02
   2.2408027e-01   9.2844465e-02
   2.2742475e-01   9.3362354e-02
   2.3076923e-01   9.3862706e-02
   2.3411371e-01   9.4345652e-02
   2.3745819e-01   9.4811327e-02
   2.4080268e-01   9.5259868e-02
   2.4414716e-01   9.5691414e-02
   2.4749164e-01   9.6106107e-02
   2.5083612e-01   9.6504091e-02
   2.5418060e-01   9.6885512e-02
   2.5752508e-01   9.7250518e-02
   2.6086957e-01   9.7599261e-02
   2.6421405e-01   9.7931892e-02
   2.6755853e-01   9.8248567e-02
   2.7090301e-01   9.8549441e-02
   2.7424749e-01   9.8834674e-02
   2.7759197e-01   9.9104425e-02
   2.8093645e-01   9.9358855e-02
   2.8428094e-01   9.9598129e-02
   2.8762542e-01   9.9822411e-02
   2.9096990e-01   1.0003187e-01
   2.9431438e-01   1.0022667e-01
   2.9765886e-01   1.0040698e-01
   3.0100334e-01   1.0057297e-01
   3.0434783e-01   1.0072482e-01
   3.0769231e-01   1.0086269e-01
   3.1103679e-01   1.0098677e-01
   3.1438127e-01   1.0109722e-01
   3.1772575e-01   1.0119423e-01
   3.2107023e-01   1.0127796e-01
   3.2441472e-01   1.0134860e-01
   3.2775920e-01   1.0140633e-01
   3.3110368e-01   1.0145132e-01
   3.3444816e-01   1.0148376e-01
   3.3779264e-01   1.0150382e-01
   3.4113712e-01   1.0151168e-01
   3.4448161e-01   1.0150754e-01
   3.4782609e-01   1.0149156e-01
   3.5117057e-01   1.0146393e-01
   3.5451505e-01   1.0142484e-01
   3.5785953e-01   1.0137446e-01
   3.6120401e-01   1.0131298e-01
   3.6454849e-01   1.0124058e-01
   3.6789298e-01   1.0115744e-01
   3.7123746e-01   1.0106374e-01
   3.7458194e-01   1.0095968e-01
   3.7792642e-01   1.0084542e-01
   3.8127090e-01   1.0072116e-01
   3.8461538e-01   1.0058707e-01
   3.8795987e-01   1.0044334e-01
   3.9130435e-01   1.0029014e-01
   3.9464883e-01   1.0012766e-01
   3.9799331e-01   9.9956079e-02
   4.0133779e-01   9.9775571e-02
   4.0468227e-01   9.9586318e-02
   4.0802676e-01   9.9388498e-02
   4.1137124e-01   9.9182288e-02
   4.1471572e-01   9.8967865e-02
   4.1806020e-01   9.8745405e-02
   4.2140468e-01   9.8515081e-02
   4.2474916e-01   9.8277069e-02
   4.2809365e-01   9.8031541e-02
   4.3143813e-01   9.7778668e-02
   4.3478261e-01   9.7518622e-02
   4.3812709e-01   9.7251572e-02
   4.4147157e-01   9.6977686e-02
   4.4481605e-01   9.6697132e-02
   4.4816054e-01   9.6410074e-02
   4.5150502e-01   9.6116678e-02
   4.5484950e-01   9.5817106e-02
   4.5819398e-01   9.5511520e-02
   4.6153846e-01   9.5200080e-02
   4.6488294e-01   9.4882944e-02
   4.6822742e-01   9.4560270e-02
   4.7157191e-01   9.4232213e-02
   4.7491639e-01   9.3898925e-02
   4.7826087e-01   9.3560559e-02
   4.8160535e-01   9.3217265e-02
   4.8494983e-01   9.2869192e-02
   4.8829431e-01   9.2516484e-02
   4.9163880e-01   9.2159288e-02
   4.9498328e-01   9.1797745e-02
   4.9832776e-01   9.1431995e-02
   5.0167224e-01   9.1062178e-02
   5.0501672e-01   9.0688429e-02
   5.0836120e-01   9.0310883e-02
   5.1170569e-01   8.9929671e-02
   5.1505017e-01   8.9544923e-02
   5.1839465e-01   8.9156768e-02
   5.2173913e-01   8.8765329e-02
   5.2508361e-01   8.8370730e-02
   5.2842809e-01   8.7973091e-02
   5.3177258e-01   8.7572531e-02
   5.3511706e-01   8.7169165e-02
   5.3846154e-01   8.6763105e-02
   5.4180602e-01   8.6354463e-02
   5.4515050e-01   8.5943346e-02
   5.4849498e-01   8.5529860e-02
   5.5183946e-01   8.5114106e-02
   5.5518395e-01   8.4696186e-02
   5.5852843e-01   8.4276196e-02
   5.6187291e-01   8.3854230e-02
   5.6521739e-01   8.3430380e-02
   5.6856187e-01   8.3004735e-02
   5.7190635e-01   8.2577380e-02
   5.7525084e-01   8.2148399e-02
   5.7859532e-01   8.1717870e-02
   5.8193980e-01   8.1285871e-02
   5.8528428e-01   8.0852476e-02
   5.8862876e-01   8.0417755e-02
   5.9197324e-01   7.9981776e-02
   5.9531773e-01   7.9544603e-02
   5.9866221e-01   7.9106297e-02
   6.0200669e-01   7.8666917e-02
   6.0535117e-01   7.8226517e-02
   6.0869565e-01   7.7785148e-02
   6.1204013e-01   7.7342858e-02
   6.1538462e-01   7.6899692e-02
   6.1872910e-01   7.6455692e-02
   6.2207358e-01   7.6010895e-02
   6.2541806e-01   7.5565335e-02
   6.2876254e-01   7.5119044e-02
   6.3210702e-01   7.4672048e-02
   6.3545151e-01   7.4224371e-02
   6.3879599e-01   7.3776033e-02
   6.4214047e-01   7.3327051e-02
   6.4548495e-01   7.2877438e-02
   6.4882943e-01   7.2427201e-02
   6.5217391e-01   7.1976348e-02
   6.5551839e-01   7.1524878e-02
   6.5886288e-01   7.1072791e-02
   6.6220736e-01   7.0620078e-02
   6.6555184e-01   7.0166732e-02
   6.6889632e-01   6.9712737e-02
   6.7224080e-01   6.9258075e-02
   6.7558528e-01   6.8802725e-02
   6.7892977e-01   6.8346661e-02
   6.8227425e-01   6.7889853e-02
   6.8561873e-01   6.7432267e-02
   6.8896321e-01   6.6973864e-02
   6.9230769e-01   6.6514603e-02
   6.9565217e-01   6.6054437e-02
   6.9899666e-01   6.5593315e-02
   7.0234114e-01   6.5131183e-02
   7.0568562e-01   6.4667982e-02
   7.0903010e-01   6.4203648e-02
   7.1237458e-01   6.3738113e-02
   7.1571906e-01   6.3271305e-02
   7.1906355e-01   6.2803149e-02
   7.2240803e-01   6.2333563e-02
   7.2575251e-01   6.1862461e-02
   7.2909699e-01   6.1389755e-02
   7.3244147e-01   6.0915350e-02
   7.3578595e-01   6.0439147e-02
   7.3913043e-01   5.9961043e-02
   7.4247492e-01   5.9480930e-02
   7.4581940e-01   5.8998696e-02
   7.4916388e-01   5.8514223e-02
   7.5250836e-01   5.8027390e-02
   7.5585284e-01   5.7538070e-02
   7.5919732e-01   5.7046131e-02
   7.6254181e-01   5.6551439e-02
   7.6588629e-01   5.6053852e-02
   7.6923077e-01   5.5553225e-02
   7.7257525e-01   5.5049407e-02
   7.7591973e-01   5.4542243e-02
   7.7926421e-01   5.4031573e-02
   7.8260870e-01   5.3517232e-02
   7.8595318e-01   5.2999049e-02
   7.8929766e-01   5.2476850e-02
   7.9264214e-01   5.1950455e-02
   7.9598662e-01   5.1419679e-02
   7.9933110e-01   5.0884331e-02
   8.0267559e-01   5.0344217e-02
   8.0602007e-01   4.9799136e-02
   8.0936455e-01   4.9248883e-02
   8.1270903e-01   4.8693247e-02
   8.1605351e-01   4.8132012e-02
   8.1939799e-01   4.7564958e-02
   8.2274247e-01   4.6991859e-02
   8.2608696e-01   4.6412482e-02
   8.2943144e-01   4.5826591e-02
   8.3277592e-01   4.5233944e-02
   8.3612040e-01   4.4634293e-02
   8.3946488e-01   4.4027386e-02
   8.4280936e-01   4.3412965e-02
   8.4615385e-01   4.2790765e-02
   8.4949833e-01   4.2160518e-02
   8.5284281e-01   4.1521949e-02
   8.5618729e-01   4.0874778e-02
   8.5953177e-01   4.0218720e-02
   8.6287625e-01   3.9553483e-02
   8.6622074e-01   3.8878771e-02
   8.6956522e-01   3.8194281e-02
   8.7290970e-01   3.7499705e-02
   8.7625418e-01   3.6794731e-02
   8.7959866e-01   3.6079038e-02
   8.8294314e-01   3.5352301e-02
   8.8628763e-01   3.4614191e-02
   8.8963211e-01   3.3864370e-02
   8.9297659e-01   3.3102497e-02
   8.9632107e-01   3.2328223e-02
   8.9966555e-01   3.1541195e-02
   9.0301003e-01   3.0741052e-02
   9.0635452e-01   2.9927431e-02
   9.0969900e-01   2.9099958e-02
   9.1304348e-01   2.8258257e-02
   9.1638796e-01   2.7401944e-02
   9.1973244e-01   2.6530631e-02
   9.2307692e-01   2.5643922e-02
   9.2642140e-01   2.4741415e-02
   9.2976589e-01   2.3822705e-02
   9.3311037e-01   2.2887376e-02
   9.3645485e-01   2.1935011e-02
   9.3979933e-01   2.0965183e-02
   9.4314381e-01   1.9977461e-02
   9.4648829e-01   1.8971407e-02
   9.4983278e-01   1.7946577e-02
   9.5317726e-01   1.6902521e-02
   9.5652174e-01   1.5838782e-02
   9.5986622e-01   1.4754899e-02
   9.6321070e-01   1.3650402e-02
   9.6655518e-01   1.2524816e-02
   9.6989967e-01   1.1377660e-02
   9.7324415e-01   1.0208446e-02
   9.7658863e-01   9.0166795e-03
   9.7993311e-01   7.8018602e-03
   9.8327759e-01   6.5634813e-03
   9.8662207e-01   5.3010295e-03
   9.8996656e-01   4.0139849e-03
   9.9331104e-01   2.7018213e-03
   9.9665552e-01   1.3640061e-03
   1.0000000e+00   0.0000000e+00
   1.0000000e+00  -0.0000000e+00
   9.9665552e-01  -1.4283040e-04
   9.9331104e-01  -2.8236022e-04
   9.8996656e-01  -4.1860716e-04
   9.8662207e-01  -5.5158925e-04
   9.8327759e-01  -6.8132493e-04
   9.7993311e-01  -8.0783299e-04
   9.7658863e-01  -9.3113256e-04
   9.7324415e-01  -1.0512432e-03
   9.6989967e-01  -1.1681847e-03
   9.6655518e-01  -1.2819773e-03
   9.6321070e-01  -1.3926417e-03
   9.5986622e-01  -1.5001986e-03
   9.5652174e-01  -1.6046694e-03
   9.5317726e-01  -1.7060758e-03
   9.4983278e-01  -1.8044396e-03
   9.4648829e-01  -1.8997831e-03
   9.4314381e-01  -1.9921289e-03
   9.3979933e-01  -2.0815000e-03
   9.3645485e-01  -2.1679197e-03
   9.3311037e-01  -2.2514116e-03
   9.2976589e-01  -2.3319995e-03
   9.2642140e-01  -2.4097078e-03
   9.2307692e-01  -2.4845609e-03
   9.1973244e-01  -2.5565837e-03
   9.1638796e-01  -2.6258014e-03
   9.1304348e-01  -2.6922395e-03
   9.0969900e-01  -2.7559238e-03
   9.0635452e-01  -2.8168802e-03
   9.0301003e-01  -2.8751353e-03
   8.9966555e-01  -2.9307156e-03
   8.9632107e-01  -2.9836480e-03
   8.9297659e-01  -3.0339599e-03
   8.8963211e-01  -3.0816788e-03
   8.8628763e-01  -3.1268324e-03
   8.8294314e-01  -3.1694488e-03
   8.7959866e-01  -3.2095564e-03
   8.7625418e-01  -3.2471837e-03
   8.7290970e-01  -3.2823596e-03
   8.6956522e-01  -3.3151134e-03
   8.6622074e-01  -3.3454743e-03
   8.6287625e-01  -3.3734720e-03
   8.5953177e-01  -3.3991365e-03
   8.5618729e-01  -3.4224978e-03
   8.5284281e-01  -3.4435864e-03
   8.4949833e-01  -3.4624328e-03
   8.4615385e-01  -3.4790681e-03
   8.4280936e-01  -3.4935232e-03
   8.3946488e-01  -3.5058295e-03
   8.3612040e-01  -3.5160186e-03
   8.3277592e-01  -3.5241223e-03
   8.2943144e-01  -3.5301725e-03
   8.2608696e-01  -3.5342015e-03
   8.2274247e-01  -3.5362416e-03
   8.1939799e-01  -3.5363256e-03
   8.1605351e-01  -3.5344863e-03
   8.1270903e-01  -3.5307567e-03
   8.0936455e-01  -3.5251700e-03
   8.0602007e-01  -3.5177598e-03
   8.0267559e-01  -3.5085595e-03
   7.9933110e-01  -3.4976030e-03
   7.9598662e-01  -3.4849243e-03
   7.9264214e-01  -3.4705575e-03
   7.8929766e-01  -3.4545370e-03
   7.8595318e-01  -3.4368972e-03
   7.8260870e-01  -3.4176729e-03
   7.7926421e-01  -3.3968988e-03
   7.7591973e-01  -3.3746100e-03
   7.7257525e-01  -3.3508416e-03
   7.6923077e-01  -3.3256288e-03
   7.6588629e-01  -3.2990071e-03
   7.6254181e-01  -3.2710121e-03
   7.5919732e-01  -3.2416794e-03
   7.5585284e-01  -3.2110449e-03
   7.5250836e-01  -3.1791445e-03
   7.4916388e-01  -3.1460144e-03
   7.4581940e-01  -3.1116907e-03
   7.4247492e-01  -3.0762098e-03
   7.3913043e-01  -3.0396081e-03
   7.3578595e-01  -3.0019220e-03
   7.3244147e-01  -2.9631883e-03
   7.2909699e-01  -2.9234436e-03
   7.2575251e-01  -2.8827248e-03
   7.2240803e-01  -2.8410688e-03
   7.1906355e-01  -2.7985126e-03
   7.1571906e-01  -2.7550932e-03
   7.1237458e-01  -2.7108478e-03
   7.0903010e-01  -2.6658135e-03
   7.0568562e-01  -2.6200277e-03
   7.0234114e-01  -2.5735276e-03
   6.9899666e-01  -2.5263507e-03
   6.9565217e-01  -2.4785344e-03
   6.9230769e-01  -2.4301161e-03
   6.8896321e-01  -2.3811333e-03
   6.8561873e-01  -2.3316237e-03
   6.8227425e-01  -2.2816247e-03
   6.7892977e-01  -2.2311739e-03
   6.7558528e-01  -2.1803091e-03
   6.7224080e-01  -2.1290677e-03
   6.6889632e-01  -2.0774874e-03
   6.6555184e-01  -2.0256059e-03
   6.6220736e-01  -1.9734607e-03
   6.5886288e-01  -1.9210896e-03
   6.5551839e-01  -1.8685300e-03
   6.5217391e-01  -1.8158196e-03
   6.4882943e-01  -1.7629960e-03
   6.4548495e-01  -1.7100967e-03
   6.4214047e-01  -1.6571591e-03
   6.3879599e-01  -1.6042207e-03
   6.3545151e-01  -1.5513190e-03
   6.3210702e-01  -1.4984911e-03
   6.2876254e-01  -1.4457746e-03
   6.2541806e-01  -1.3932064e-03
   6.2207358e-01  -1.3408239e-03
   6.1872910e-01  -1.2886641e-03
   6.1538462e-01  -1.2367638e-03
   6.1204013e-01  -1.1851601e-03
   6.0869565e-01  -1.1338897e-03
   6.0535117e-01  -1.0829893e-03
   6.0200669e-01  -1.0324955e-03
   5.9866221e-01  -9.8244476e-04
   5.9531773e-01  -9.3287334e-04
   5.9197324e-01  -8.8381749e-04
   5.8862876e-01  -8.3531327e-04
   5.8528428e-01  -7.8739659e-04
   5.8193980e-01  -7.4010323e-04
   5.7859532e-01  -6.9346879e-04
   5.7525084e-01  -6.4752872e-04
   5.7190635e-01  -6.0231828e-04
   5.6856187e-01  -5.5787257e-04
   5.6521739e-01  -5.1422647e-04
   5.6187291e-01  -4.7141471e-04
   5.5852843e-01  -4.2947177e-04
   5.5518395e-01  -3.8843195e-04
   5.5183946e-01  -3.4832933e-04
   5.4849498e-01  -3.0919774e-04
   5.4515050e-01  -2.7107080e-04
   5.4180602e-01  -2.3398187e-04
   5.3846154e-01  -1.9796407e-04
   5.3511706e-01  -1.6305025e-04
   5.3177258e-01  -1.2927301e-04
   5.2842809e-01  -9.6664658e-05
   5.2508361e-01  -6.5257211e-05
   5.2173913e-01  -3.5082405e-05
   5.1839465e-01  -6.1716665e-06
   5.1505017e-01   2.1443890e-05
   5.1170569e-01   4.7733473e-05
   5.0836120e-01   7.2666622e-05
   5.0501672e-01   9.6213215e-05
   5.0167224e-01   1.1834349e-04
   4.9832776e-01   1.3902803e-04
   4.9498328e-01   1.5823780e-04
   4.9163880e-01   1.7594415e-04
   4.8829431e-01   1.9211881e-04
   4.8494983e-01   2.0673392e-04
   4.8160535e-01   2.1976204e-04
   4.7826087e-01   2.3117613e-04
   4.7491639e-01   2.4094960e-04
   4.7157191e-01   2.4905632e-04
   4.6822742e-01   2.5547059e-04
   4.6488294e-01   2.6016721e-04
   4.6153846e-01   2.6312143e-04
   4.5819398e-01   2.6430901e-04
   4.5484950e-01   2.6370623e-04
   4.5150502e-01   2.6128985e-04
   4.4816054e-01   2.5703721e-04
   4.4481605e-01   2.5092616e-04
   4.4147157e-01   2.4293513e-04
   4.3812709e-01   2.3304309e-04
   4.3478261e-01   2.2122964e-04
   4.3143813e-01   2.0747494e-04
   4.2809365e-01   1.9175980e-04
   4.2474916e-01   1.7406563e-04
   4.2140468e-01   1.5437451e-04
   4.1806020e-01   1.3266915e-04
   4.1471572e-01   1.0893297e-04
   4.1137124e-01   8.3150053e-05
   4.0802676e-01   5.5305215e-05
   4.0468227e-01   2.5383984e-05
   4.0133779e-01  -6.6273655e-06
   3.9799331e-01  -4.0741798e-05
   3.9464883e-01  -7.6971499e-05
   3.9130435e-01  -1.1532786e-04
   3.8795987e-01  -1.5582144e-04
   3.8461538e-01  -1.9846198e-04
   3.8127090e-01  -2.4325836e-04
   3.7792642e-01  -2.9021858e-04
   3.7458194e-01  -3.3934974e-04
   3.7123746e-01  -3.9065803e-04
   3.6789298e-01  -4.4414868e-04
   3.6454849e-01  -4.9982598e-04
   3.6120401e-01  -5.5769321e-04
   3.5785953e-01  -6.1775264e-04
   3.5451505e-01  -6.8000553e-04
   3.5117057e-01  -7.4445204e-04
   3.4782609e-01  -8.1109126e-04
   3.4448161e-01  -8.7992117e-04
   3.4113712e-01  -9.5093859e-04
   3.3779264e-01  -1.0241392e-03
   3.3444816e-01  -1.0995174e-03
   3.3110368e-01  -1.1770665e-03
   3.2775920e-01  -1.2567784e-03
   3.2441472e-01  -1.3386438e-03
   3.2107023e-01  -1.4226520e-03
   3.1772575e-01  -1.5087909e-03
   3.1438127e-01  -1.5970473e-03
   3.1103679e-01  -1.6874061e-03
   3.0769231e-01  -1.7798511e-03
   3.0434783e-01  -1.8743643e-03
   3.0100334e-01  -1.9709265e-03
   2.9765886e-01  -2.0695165e-03
   2.9431438e-01  -2.1701118e-03
   2.9096990e-01  -2.2726880e-03
   2.8762542e-01  -2.3772189e-03
   2.8428094e-01  -2.4836768e-03
   2.8093645e-01  -2.5920320e-03
   2.7759197e-01  -2.7022528e-03
   2.7424749e-01  -2.8143057e-03
   2.7090301e-01  -2.9281552e-03
   2.6755853e-01  -3.0437637e-03
   2.6421405e-01  -3.1610914e-03
   2.6086957e-01  -3.2800964e-03
   2.5752508e-01  -3.4007346e-03
   2.5418060e-01  -3.5229593e-03
   2.5083612e-01  -3.6467218e-03
   2.4749164e-01  -3.7719704e-03
   2.4414716e-01  -3.8986513e-03
   2.4080268e-01  -4.0267078e-03
   2.3745819e-01  -4.1560805e-03
   2.3411371e-01  -4.2867071e-03
   2.3076923e-01  -4.4185224e-03
   2.2742475e-01  -4.5514583e-03
   2.2408027e-01  -4.6854432e-03
   2.2073579e-01  -4.8204026e-03
   2.1739130e-01  -4.9562582e-03
   2.1404682e-01  -5.0929285e-03
   2.1070234e-01  -5.2303281e-03
   2.0735786e-01  -5.3683680e-03
   2.0401338e-01  -5.5069550e-03
   2.0066890e-01  -5.6459918e-03
   1.9732441e-01  -5.7853769e-03
   1.9397993e-01  -5.9250043e-03
   1.9063545e-01  -6.0647630e-03
   1.8729097e-01  -6.2045375e-03
   1.8394649e-01  -6.3442067e-03
   1.8060201e-01  -6.4836446e-03
   1.7725753e-01  -6.6227192e-03
   1.7391304e-01  -6.7612925e-03
   1.7056856e-01  -6.8992207e-03
   1.6722408e-01  -7.0363530e-03
   1.6387960e-01  -7.1725319e-03
   1.6053512e-01  -7.3075925e-03
   1.5719064e-01  -7.4413624e-03
   1.5384615e-01  -7.5736608e-03
   1.5050167e-01  -7.7042986e-03
   1.4715719e-01  -7.8330772e-03
   1.4381271e-01  -7.9597886e-03
   1.4046823e-01  -8.0842142e-03
   1.3712375e-01  -8.2061245e-03
   1.3377926e-01  -8.3252782e-03
   1.3043478e-01  -8.4414214e-03
   1.2709030e-01  -8.5542867e-03
   1.2374582e-01  -8.6635921e-03
   1.2040134e-01  -8.7690398e-03
   1.1705686e-01  -8.8703154e-03
   1.1371237e-01  -8.9670859e-03
   1.1036789e-01  -9.0589983e-03
   1.0702341e-01  -9.1456782e-03
   1.0367893e-01  -9.2267273e-03
   1.0033445e-01  -9.3017214e-03
   9.6989967e-02  -9.3702077e-03
   9.3645485e-02  -9.4317017e-03
   9.0301003e-02  -9.4856841e-03
   8.6956522e-02  -9.5315967e-03
   8.3612040e-02  -9.5688375e-03
   8.0267559e-02  -9.5967558e-03
   7.6923077e-02  -9.6146455e-03
   7.3578595e-02  -9.6217376e-03
   7.0234114e-02  -9.6171911e-03
   6.6889632e-02  -9.6000826e-03
   6.3545151e-02  -9.5693925e-03
   6.0200669e-02  -9.5239887e-03
   5.6856187e-02  -9.4626071e-03
   5.3511706e-02  -9.3838255e-03
   5.0167224e-02  -9.2860314e-03
   4.6822742e-02  -9.1673803e-03
   4.3478261e-02  -9.0257403e-03
   4.0133779e-02  -8.8586181e-03
   3.6789298e-02  -8.6630579e-03
   3.3444816e-02  -8.4354979e-03
   3.0100334e-02  -8.1715629e-03
   2.6755853e-02  -7.8657529e-03
   2.3411371e-02  -7.5109517e-03
   2.0066890e-02  -7.0976136e-03
   1.6722408e-02  -6.6123150e-03
   1.3377926e-02  -6.0349299e-03
   1.0033445e-02  -5.3323582e-03
   6.6889632e-03  -4.4415416e-03
   3.3444816e-03  -3.2034886e-03
   0.0000000e+00   0.0000000e+00
