   0.0000000e+00   0.0000000e+00
   3.3444816e-03   1.1147525e-02
   6.6889632e-03   1.5767647e-02
   1.0033445e-02   1.9313216e-02
   1.3377926e-02   2.2301553e-02
   1.6722408e-02   2.4932775e-02
   2.0066890e-02   2.7309357e-02
   2.3411371e-02   2.9492064e-02
   2.6755853e-02   3.1520408e-02
   3.0100334e-02   3.3421773e-02
   3.3444816e-02   3.5216051e-02
   3.6789298e-02   3.6918219e-02
   4.0133779e-02   3.8539883e-02
   4.3478261e-02   4.0090248e-02
   4.6822742e-02   4.1576754e-02
   5.0167224e-02   4.3005516e-02
   5.3511706e-02   4.4381631e-02
   5.6856187e-02   4.5709396e-02
   6.0200669e-02   4.6992473e-02
   6.3545151e-02   4.8234015e-02
   6.6889632e-02   4.9436756e-02
   7.0234114e-02   5.0603084e-02
   7.3578595e-02   5.1735103e-02
   7.6923077e-02   5.2834675e-02
   8.0267559e-02   5.3903455e-02
   8.3612040e-02   5.4942927e-02
   8.6956522e-02   5.5954425e-02
   9.0301003e-02   5.6939152e-02
   9.3645485e-02   5.7898200e-02
   9.6989967e-02   5.8832563e-02
   1.0033445e-01   5.9743148e-02
   1.0367893e-01   6.0630789e-02
   1.0702341e-01   6.1496249e-02
   1.1036789e-01   6.2340236e-02
   1.1371237e-01   6.3163400e-02
   1.1705686e-01   6.3966348e-02
   1.2040134e-01   6.4749642e-02
   1.2374582e-01   6.5513807e-02
   1.2709030e-01   6.6259333e-02
   1.3043478e-01   6.6986680e-02
   1.3377926e-01   6.7696278e-02
   1.3712375e-01   6.8388532e-02
   1.4046823e-01   6.9063825e-02
   1.4381271e-01   6.9722517e-02
   1.4715719e-01   7.0364948e-02
   1.5050167e-01   7.0991444e-02
   1.5384615e-01   7.1602310e-02
   1.5719064e-01   7.2197839e-02
   1.6053512e-01   7.2778308e-02
   1.6387960e-01   7.3343984e-02
   1.6722408e-01   7.3895120e-02
   1.7056856e-01   7.4431959e-02
   1.7391304e-01   7.4954734e-02
   1.7725753e-01   7.5463667e-02
   1.8060201e-01   7.5958975e-02
   1.8394649e-01   7.6440863e-02
   1.8729097e-01   7.6909531e-02
   1.9063545e-01   7.7365171e-02
   1.9397993e-01   7.7807969e-02
   1.9732441e-01   7.8238104e-02
   2.0066890e-01   7.8655750e-02
   2.0401338e-01   7.9061077e-02
   2.0735786e-01   7.9454247e-02
   2.1070234e-01   7.9835419e-02
   2.1404682e-01   8.0204749e-02
   2.1739130e-01   8.0562387e-02
   2.2073579e-01   8.0908478e-02
   2.2408027e-01   8.1243167e-02
   2.2742475e-01   8.1566593e-02
   2.3076923e-01   8.1878891e-02
   2.3411371e-01   8.2180195e-02
   2.3745819e-01   8.2470636e-02
   2.4080268e-01   8.2750340e-02
   2.4414716e-01   8.3019434e-02
   2.4749164e-01   8.3278038e-02
   2.5083612e-01   8.3526274e-02
   2.5418060e-01   8.3764259e-02
   2.5752508e-01   8.3992110e-02
   2.6086957e-01   8.4209940e-02
   2.6421405e-01   8.4417860e-02
   2.6755853e-01   8.4615982e-02
   2.7090301e-01   8.4804413e-02
   2.7424749e-01   8.4983260e-02
   2.7759197e-01   8.5152629e-02
   2.8093645e-01   8.5312622e-02
   2.8428094e-01   8.5463343e-02
   2.8762542e-01   8.5604891e-02
   2.9096990e-01   8.5737367e-02
   2.9431438e-01   8.5860868e-02
   2.9765886e-01   8.5975492e-02
   3.0100334e-01   8.6081333e-02
   3.0434783e-01   8.6178487e-02
   3.0769231e-01   8.6267047e-02
   3.1103679e-01   8.6347106e-02
   3.1438127e-01   8.6418754e-02
   3.1772575e-01   8.6482083e-02
   3.2107023e-01   8.6537181e-02
   3.2441472e-01   8.6584137e-02
   3.2775920e-01   8.6623038e-02
   3.3110368e-01   8.6653972e-02
   3.3444816e-01   8.6677023e-02
   3.3779264e-01   8.6692277e-02
   3.4113712e-01   8.6699818e-02
   3.4448161e-01   8.6699728e-02
   3.4782609e-01   8.6692092e-02
   3.5117057e-01   8.6676989e-02
   3.5451505e-01   8.6654501e-02
   3.5785953e-01   8.6624709e-02
   3.6120401e-01   8.6587691e-02
   3.6454849e-01   8.6543527e-02
   3.6789298e-01   8.6492294e-02
   3.7123746e-01   8.6434070e-02
   3.7458194e-01   8.6368931e-02
   3.7792642e-01   8.6296953e-02
   3.8127090e-01   8.6218212e-02
   3.8461538e-01   8.6132781e-02
   3.8795987e-01   8.6040736e-02
   3.9130435e-01   8.5942149e-02
   3.9464883e-01   8.5837092e-02
   3.9799331e-01   8.5725638e-02
   4.0133779e-01   8.5607859e-02
   4.0468227e-01   8.5483824e-02
   4.0802676e-01   8.5353604e-02
   4.1137124e-01   8.5217268e-02
   4.1471572e-01   8.5074885e-02
   4.1806020e-01   8.4926524e-02
   4.2140468e-01   8.4772250e-02
   4.2474916e-01   8.4612133e-02
   4.2809365e-01   8.4446237e-02
   4.3143813e-01   8.4274629e-02
   4.3478261e-01   8.4097373e-02
   4.3812709e-01   8.3914534e-02
   4.4147157e-01   8.3726176e-02
   4.4481605e-01   8.3532362e-02
   4.4816054e-01   8.3333154e-02
   4.5150502e-01   8.3128614e-02
   4.5484950e-01   8.2918804e-02
   4.5819398e-01   8.2703784e-02
   4.6153846e-01   8.2483614e-02
   4.6488294e-01   8.2258353e-02
   4.6822742e-01   8.2028061e-02
   4.7157191e-01   8.1792795e-02
   4.7491639e-01   8.1552613e-02
   4.7826087e-01   8.1307571e-02
   4.8160535e-01   8.1057726e-02
   4.8494983e-01   8.0803133e-02
   4.8829431e-01   8.0543848e-02
   4.9163880e-01   8.0279924e-02
   4.9498328e-01   8.0011414e-02
   4.9832776e-01   7.9738372e-02
   5.0167224e-01   7.9460851e-02
   5.0501672e-01   7.9178900e-02
   5.0836120e-01   7.8892573e-02
   5.1170569e-01   7.8601917e-02
   5.1505017e-01   7.8306984e-02
   5.1839465e-01   7.8007821e-02
   5.2173913e-01   7.7704477e-02
   5.2508361e-01   7.7397000e-02
   5.2842809e-01   7.7085436e-02
   5.3177258e-01   7.6769831e-02
   5.3511706e-01   7.6450231e-02
   5.3846154e-01   7.6126679e-02
   5.4180602e-01   7.5799221e-02
   5.4515050e-01   7.5467898e-02
   5.4849498e-01   7.5132755e-02
   5.5183946e-01   7.4793831e-02
   5.5518395e-01   7.4451169e-02
   5.5852843e-01   7.4104808e-02
   5.6187291e-01   7.3754788e-02
   5.6521739e-01   7.3401148e-02
   5.6856187e-01   7.3043926e-02
   5.7190635e-01   7.2683159e-02
   5.7525084e-01   7.2318882e-02
   5.7859532e-01   7.1951133e-02
   5.8193980e-01   7.1579946e-02
   5.8528428e-01   7.1205355e-02
   5.8862876e-01   7.0827393e-02
   5.9197324e-01   7.0446093e-02
   5.9531773e-01   7.0061487e-02
   5.9866221e-01   6.9673606e-02
   6.0200669e-01   6.9282479e-02
   6.0535117e-01   6.8888136e-02
   6.0869565e-01   6.8490606e-02
   6.1204013e-01   6.8089916e-02
   6.1538462e-01   6.7686094e-02
   6.1872910e-01   6.7279164e-02
   6.2207358e-01   6.6869153e-02
   6.2541806e-01   6.6456084e-02
   6.2876254e-01   6.6039982e-02
   6.3210702e-01   6.5620868e-02
   6.3545151e-01   6.5198765e-02
   6.3879599e-01   6.4773694e-02
   6.4214047e-01   6.4345674e-02
   6.4548495e-01   6.3914724e-02
   6.4882943e-01   6.3480864e-02
   6.5217391e-01   6.3044110e-02
   6.5551839e-01   6.2604479e-02
   6.5886288e-01   6.2161986e-02
   6.6220736e-01   6.1716646e-02
   6.6555184e-01   6.1268473e-02
   6.6889632e-01   6.0817480e-02
   6.7224080e-01   6.0363679e-02
   6.7558528e-01   5.9907080e-02
   6.7892977e-01   5.9447694e-02
   6.8227425e-01   5.8985531e-02
   6.8561873e-01   5.8520597e-02
   6.8896321e-01   5.8052901e-02
   6.9230769e-01   5.7582449e-02
   6.9565217e-01   5.7109245e-02
   6.9899666e-01   5.6633296e-02
   7.0234114e-01   5.6154603e-02
   7.0568562e-01   5.5673170e-02
   7.0903010e-01   5.5188998e-02
   7.1237458e-01   5.4702087e-02
   7.1571906e-01   5.4212436e-02
   7.1906355e-01   5.3720046e-02
   7.2240803e-01   5.3224912e-02
   7.2575251e-01   5.2727031e-02
   7.2909699e-01   5.2226400e-02
   7.3244147e-01   5.1723011e-02
   7.3578595e-01   5.1216860e-02
   7.3913043e-01   5.0707937e-02
   7.4247492e-01   5.0196235e-02
   7.4581940e-01   4.9681744e-02
   7.4916388e-01   4.9164453e-02
   7.5250836e-01   4.8644351e-02
   7.5585284e-01   4.8121424e-02
   7.5919732e-01   4.7595659e-02
   7.6254181e-01   4.7067041e-02
   7.6588629e-01   4.6535554e-02
   7.6923077e-01   4.6001181e-02
   7.7257525e-01   4.5463903e-02
   7.7591973e-01   4.4923702e-02
   7.7926421e-01   4.4380556e-02
   7.8260870e-01   4.3834445e-02
   7.8595318e-01   4.3285347e-02
   7.8929766e-01   4.2733237e-02
   7.9264214e-01   4.2178090e-02
   7.9598662e-01   4.1619882e-02
   7.9933110e-01   4.1058584e-02
   8.0267559e-01   4.0494169e-02
   8.0602007e-01   3.9926608e-02
   8.0936455e-01   3.9355869e-02
   8.1270903e-01   3.8781923e-02
   8.1605351e-01   3.8204735e-02
   8.1939799e-01   3.7624272e-02
   8.2274247e-01   3.7040500e-02
   8.2608696e-01   3.6453381e-02
   8.2943144e-01   3.5862879e-02
   8.3277592e-01   3.5268956e-02
   8.3612040e-01   3.4671570e-02
   8.3946488e-01   3.4070683e-02
   8.4280936e-01   3.3466251e-02
   8.4615385e-01   3.2858231e-02
   8.4949833e-01   3.2246580e-02
   8.5284281e-01   3.1631250e-02
   8.5618729e-01   3.1012197e-02
   8.5953177e-01   3.0389370e-02
   8.6287625e-01   2.9762722e-02
   8.6622074e-01   2.9132201e-02
   8.6956522e-01   2.8497756e-02
   8.7290970e-01   2.7859335e-02
   8.7625418e-01   2.7216881e-02
   8.7959866e-01   2.6570342e-02
   8.8294314e-01   2.5919658e-02
   8.8628763e-01   2.5264774e-02
   8.8963211e-01   2.4605629e-02
   8.9297659e-01   2.3942163e-02
   8.9632107e-01   2.3274314e-02
   8.9966555e-01   2.2602019e-02
   9.0301003e-01   2.1925215e-02
   9.0635452e-01   2.1243835e-02
   9.0969900e-01   2.0557812e-02
   9.1304348e-01   1.9867079e-02
   9.1638796e-01   1.9171565e-02
   9.1973244e-01   1.8471201e-02
   9.2307692e-01   1.7765915e-02
   9.2642140e-01   1.7055632e-02
   9.2976589e-01   1.6340278e-02
   9.3311037e-01   1.5619777e-02
   9.3645485e-01   1.4894052e-02
   9.3979933e-01   1.4163025e-02
   9.4314381e-01   1.3426614e-02
   9.4648829e-01   1.2684739e-02
   9.4983278e-01   1.1937318e-02
   9.5317726e-01   1.1184266e-02
   9.5652174e-01   1.0425498e-02
   9.5986622e-01   9.6609262e-03
   9.6321070e-01   8.8904639e-03
   9.6655518e-01   8.1140212e-03
   9.6989967e-01   7.3315071e-03
   9.7324415e-01   6.5428295e-03
   9.7658863e-01   5.7478949e-03
   9.7993311e-01   4.9466082e-03
   9.8327759e-01   4.1388730e-03
   9.8662207e-01   3.3245917e-03
   9.8996656e-01   2.5036650e-03
   9.9331104e-01   1.6759923e-03
   9.9665552e-01   8.4147181e-04
   1.0000000e+00   0.0000000e+00
   1.0000000e+00   0.0000000e+00
   9.9665552e-01   9.1432195e-05
   9.9331104e-01   1.8345593e-04
   9.8996656e-01   2.7609959e-04
   9.8662207e-01   3.6939056e-04
   9.8327759e-01   4.6335514e-04
   9.7993311e-01   5.5801861e-04
   9.7658863e-01   6.5340523e-04
   9.7324415e-01   7.4953822e-04
   9.6989967e-01   8.4643980e-04
   9.6655518e-01   9.4413116e-04
   9.6321070e-01   1.0426325e-03
   9.5986622e-01   1.1419630e-03
   9.5652174e-01   1.2421409e-03
   9.5317726e-01   1.3431833e-03
   9.4983278e-01   1.4451065e-03
   9.4648829e-01   1.5479258e-03
   9.4314381e-01   1.6516553e-03
   9.3979933e-01   1.7563085e-03
   9.3645485e-01   1.8618977e-03
   9.3311037e-01   1.9684342e-03
   9.2976589e-01   2.0759286e-03
   9.2642140e-01   2.1843902e-03
   9.2307692e-01   2.2938277e-03
   9.1973244e-01   2.4042488e-03
   9.1638796e-01   2.5156601e-03
   9.1304348e-01   2.6280675e-03
   9.0969900e-01   2.7414758e-03
   9.0635452e-01   2.8558890e-03
   9.0301003e-01   2.9713102e-03
   8.9966555e-01   3.0877416e-03
   8.9632107e-01   3.2051845e-03
   8.9297659e-01   3.3236394e-03
   8.8963211e-01   3.4431057e-03
   8.8628763e-01   3.5635822e-03
   8.8294314e-01   3.6850667e-03
   8.7959866e-01   3.8075561e-03
   8.7625418e-01   3.9310466e-03
   8.7290970e-01   4.0555335e-03
   8.6956522e-01   4.1810112e-03
   8.6622074e-01   4.3074733e-03
   8.6287625e-01   4.4349126e-03
   8.5953177e-01   4.5633211e-03
   8.5618729e-01   4.6926900e-03
   8.5284281e-01   4.8230097e-03
   8.4949833e-01   4.9542696e-03
   8.4615385e-01   5.0864587e-03
   8.4280936e-01   5.2195648e-03
   8.3946488e-01   5.3535753e-03
   8.3612040e-01   5.4884766e-03
   8.3277592e-01   5.6242544e-03
   8.2943144e-01   5.7608936e-03
   8.2608696e-01   5.8983785e-03
   8.2274247e-01   6.0366924e-03
   8.1939799e-01   6.1758182e-03
   8.1605351e-01   6.3157378e-03
   8.1270903e-01   6.4564325e-03
   8.0936455e-01   6.5978829e-03
   8.0602007e-01   6.7400688e-03
   8.0267559e-01   6.8829695e-03
   7.9933110e-01   7.0265633e-03
   7.9598662e-01   7.1708280e-03
   7.9264214e-01   7.3157409e-03
   7.8929766e-01   7.4612783e-03
   7.8595318e-01   7.6074160e-03
   7.8260870e-01   7.7541292e-03
   7.7926421e-01   7.9013924e-03
   7.7591973e-01   8.0491794e-03
   7.7257525e-01   8.1974634e-03
   7.6923077e-01   8.3462171e-03
   7.6588629e-01   8.4954123e-03
   7.6254181e-01   8.6450206e-03
   7.5919732e-01   8.7950127e-03
   7.5585284e-01   8.9453587e-03
   7.5250836e-01   9.0960284e-03
   7.4916388e-01   9.2469906e-03
   7.4581940e-01   9.3982139e-03
   7.4247492e-01   9.5496662e-03
   7.3913043e-01   9.7013148e-03
   7.3578595e-01   9.8531265e-03
   7.3244147e-01   1.0005068e-02
   7.2909699e-01   1.0157104e-02
   7.2575251e-01   1.0309201e-02
   7.2240803e-01   1.0461322e-02
   7.1906355e-01   1.0613433e-02
   7.1571906e-01   1.0765498e-02
   7.1237458e-01   1.0917478e-02
   7.0903010e-01   1.1069338e-02
   7.0568562e-01   1.1221038e-02
   7.0234114e-01   1.1372543e-02
   6.9899666e-01   1.1523811e-02
   6.9565217e-01   1.1674805e-02
   6.9230769e-01   1.1825486e-02
   6.8896321e-01   1.1975812e-02
   6.8561873e-01   1.2125744e-02
   6.8227425e-01   1.2275242e-02
   6.7892977e-01   1.2424263e-02
   6.7558528e-01   1.2572767e-02
   6.7224080e-01   1.2720712e-02
   6.6889632e-01   1.2868055e-02
   6.6555184e-01   1.3014754e-02
   6.6220736e-01   1.3160766e-02
   6.5886288e-01   1.3306047e-02
   6.5551839e-01   1.3450554e-02
   6.5217391e-01   1.3594244e-02
   6.4882943e-01   1.3737071e-02
   6.4548495e-01   1.3878991e-02
   6.4214047e-01   1.4019960e-02
   6.3879599e-01   1.4159933e-02
   6.3545151e-01   1.4298863e-02
   6.3210702e-01   1.4436706e-02
   6.2876254e-01   1.4573415e-02
   6.2541806e-01   1.4708945e-02
   6.2207358e-01   1.4843249e-02
   6.1872910e-01   1.4976280e-02
   6.1538462e-01   1.5107992e-02
   6.1204013e-01   1.5238338e-02
   6.0869565e-01   1.5367271e-02
   6.0535117e-01   1.5494743e-02
   6.0200669e-01   1.5620707e-02
   5.9866221e-01   1.5745116e-02
   5.9531773e-01   1.5867921e-02
   5.9197324e-01   1.5989075e-02
   5.8862876e-01   1.6108530e-02
   5.8528428e-01   1.6226238e-02
   5.8193980e-01   1.6342150e-02
   5.7859532e-01   1.6456219e-02
   5.7525084e-01   1.6568396e-02
   5.7190635e-01   1.6678632e-02
   5.6856187e-01   1.6786880e-02
   5.6521739e-01   1.6893091e-02
   5.6187291e-01   1.6997216e-02
   5.5852843e-01   1.7099207e-02
   5.5518395e-01   1.7199016e-02
   5.5183946e-01   1.7296594e-02
   5.4849498e-01   1.7391893e-02
   5.4515050e-01   1.7484865e-02
   5.4180602e-01   1.7575460e-02
   5.3846154e-01   1.7663632e-02
   5.3511706e-01   1.7749332e-02
   5.3177258e-01   1.7832513e-02
   5.2842809e-01   1.7913125e-02
   5.2508361e-01   1.7991122e-02
   5.2173913e-01   1.8066456e-02
   5.1839465e-01   1.8139080e-02
   5.1505017e-01   1.8208946e-02
   5.1170569e-01   1.8276008e-02
   5.0836120e-01   1.8340218e-02
   5.0501672e-01   1.8401530e-02
   5.0167224e-01   1.8459898e-02
   4.9832776e-01   1.8515276e-02
   4.9498328e-01   1.8567617e-02
   4.9163880e-01   1.8616877e-02
   4.8829431e-01   1.8663010e-02
   4.8494983e-01   1.8705972e-02
   4.8160535e-01   1.8745717e-02
   4.7826087e-01   1.8782202e-02
   4.7491639e-01   1.8815383e-02
   4.7157191e-01   1.8845217e-02
   4.6822742e-01   1.8871659e-02
   4.6488294e-01   1.8894669e-02
   4.6153846e-01   1.8914204e-02
   4.5819398e-01   1.8930223e-02
   4.5484950e-01   1.8942683e-02
   4.5150502e-01   1.8951545e-02
   4.4816054e-01   1.8956769e-02
   4.4481605e-01   1.8958315e-02
   4.4147157e-01   1.8956143e-02
   4.3812709e-01   1.8950217e-02
   4.3478261e-01   1.8940498e-02
   4.3143813e-01   1.8926948e-02
   4.2809365e-01   1.8909532e-02
   4.2474916e-01   1.8888214e-02
   4.2140468e-01   1.8862959e-02
   4.1806020e-01   1.8833731e-02
   4.1471572e-01   1.8800499e-02
   4.1137124e-01   1.8763229e-02
   4.0802676e-01   1.8721889e-02
   4.0468227e-01   1.8676448e-02
   4.0133779e-01   1.8626875e-02
   3.9799331e-01   1.8573142e-02
   3.9464883e-01   1.8515219e-02
   3.9130435e-01   1.8453080e-02
   3.8795987e-01   1.8386697e-02
   3.8461538e-01   1.8316045e-02
   3.8127090e-01   1.8241100e-02
   3.7792642e-01   1.8161837e-02
   3.7458194e-01   1.8078235e-02
   3.7123746e-01   1.7990272e-02
   3.6789298e-01   1.7897927e-02
   3.6454849e-01   1.7801183e-02
   3.6120401e-01   1.7700021e-02
   3.5785953e-01   1.7594424e-02
   3.5451505e-01   1.7484378e-02
   3.5117057e-01   1.7369868e-02
   3.4782609e-01   1.7250882e-02
   3.4448161e-01   1.7127409e-02
   3.4113712e-01   1.6999438e-02
   3.3779264e-01   1.6866962e-02
   3.3444816e-01   1.6729974e-02
   3.3110368e-01   1.6588469e-02
   3.2775920e-01   1.6442443e-02
   3.2441472e-01   1.6291894e-02
   3.2107023e-01   1.6136822e-02
   3.1772575e-01   1.5977228e-02
   3.1438127e-01   1.5813116e-02
   3.1103679e-01   1.5644491e-02
   3.0769231e-01   1.5471360e-02
   3.0434783e-01   1.5293732e-02
   3.0100334e-01   1.5111617e-02
   2.9765886e-01   1.4925030e-02
   2.9431438e-01   1.4733984e-02
   2.9096990e-01   1.4538498e-02
   2.8762542e-01   1.4338590e-02
   2.8428094e-01   1.4134283e-02
   2.8093645e-01   1.3925602e-02
   2.7759197e-01   1.3712572e-02
   2.7424749e-01   1.3495222e-02
   2.7090301e-01   1.3273586e-02
   2.6755853e-01   1.3047696e-02
   2.6421405e-01   1.2817591e-02
   2.6086957e-01   1.2583310e-02
   2.5752508e-01   1.2344897e-02
   2.5418060e-01   1.2102397e-02
   2.5083612e-01   1.1855860e-02
   2.4749164e-01   1.1605337e-02
   2.4414716e-01   1.1350884e-02
   2.4080268e-01   1.1092561e-02
   2.3745819e-01   1.0830430e-02
   2.3411371e-01   1.0564556e-02
   2.3076923e-01   1.0295011e-02
   2.2742475e-01   1.0021868e-02
   2.2408027e-01   9.7452041e-03
   2.2073579e-01   9.4651023e-03
   2.1739130e-01   9.1816488e-03
   2.1404682e-01   8.8949344e-03
   2.1070234e-01   8.6050547e-03
   2.0735786e-01   8.3121099e-03
   2.0401338e-01   8.0162053e-03
   2.0066890e-01   7.7174516e-03
   1.9732441e-01   7.4159646e-03
   1.9397993e-01   7.1118660e-03
   1.9063545e-01   6.8052830e-03
   1.8729097e-01   6.4963492e-03
   1.8394649e-01   6.1852044e-03
   1.8060201e-01   5.8719951e-03
   1.7725753e-01   5.5568747e-03
   1.7391304e-01   5.2400037e-03
   1.7056856e-01   4.9215504e-03
   1.6722408e-01   4.6016909e-03
   1.6387960e-01   4.2806095e-03
   1.6053512e-01   3.9584996e-03
   1.5719064e-01   3.6355633e-03
   1.5384615e-01   3.3120127e-03
   1.5050167e-01   2.9880699e-03
   1.4715719e-01   2.6639679e-03
   1.4381271e-01   2.3399508e-03
   1.4046823e-01   2.0162749e-03
   1.3712375e-01   1.6932093e-03
   1.3377926e-01   1.3710364e-03
   1.3043478e-01   1.0500531e-03
   1.2709030e-01   7.3057175e-04
   1.2374582e-01   4.1292085e-04
   1.2040134e-01   9.7446632e-05
   1.1705686e-01  -2.1548592e-04
   1.1371237e-01  -5.2549155e-04
   1.1036789e-01  -8.3216319e-04
   1.0702341e-01  -1.1350701e-03
   1.0367893e-01  -1.4337561e-03
   1.0033445e-01  -1.7277369e-03
   9.6989967e-02  -2.0164980e-03
   9.3645485e-02  -2.2994914e-03
   9.0301003e-02  -2.5761326e-03
   8.6956522e-02  -2.8457965e-03
   8.3612040e-02  -3.1078133e-03
   8.0267559e-02  -3.3614629e-03
   7.6923077e-02  -3.6059694e-03
   7.3578595e-02  -3.8404936e-03
   7.0234114e-02  -4.0641247e-03
   6.6889632e-02  -4.2758703e-03
   6.3545151e-02  -4.4746438e-03
   6.0200669e-02  -4.6592501e-03
   5.6856187e-02  -4.8283666e-03
   5.3511706e-02  -4.9805206e-03
   5.0167224e-02  -5.1140599e-03
   4.6822742e-02  -5.2271153e-03
   4.3478261e-02  -5.3175520e-03
   4.0133779e-02  -5.3829041e-03
   3.6789298e-02  -5.4202855e-03
   3.3444816e-02  -5.4262657e-03
   3.0100334e-02  -5.3966907e-03
   2.6755853e-02  -5.3264149e-03
   2.3411371e-02  -5.2088832e-03
   2.0066890e-02  -5.0354420e-03
   1.6722408e-02  -4.7941231e-03
   1.3377926e-02  -4.4672874e-03
   1.0033445e-02  -4.0264332e-03
   6.6889632e-03  -3.4182453e-03
   3.3444816e-03  -2.5108619e-03
   0.0000000e+00   0.0000000e+00
