   0.0000000e+00   0.0000000e+00
   3.3444816e-03   1.7002390e-02
   6.6889632e-03   2.4052752e-02
   1.0033445e-02   2.9465340e-02
   1.3377926e-02   3.4028558e-02
   1.6722408e-02   3.8047259e-02
   2.0066890e-02   4.1677467e-02
   2.3411371e-02   4.5011651e-02
   2.6755853e-02   4.8109898e-02
   3.0100334e-02   5.1013826e-02
   3.3444816e-02   5.3753639e-02
   3.6789298e-02   5.6352066e-02
   4.0133779e-02   5.8826701e-02
   4.3478261e-02   6.1191486e-02
   4.6822742e-02   6.3457682e-02
   5.0167224e-02   6.5634534e-02
   5.3511706e-02   6.7729738e-02
   5.6856187e-02   6.9749779e-02
   6.0200669e-02   7.1700178e-02
   6.3545151e-02   7.3585680e-02
   6.6889632e-02   7.5410397e-02
   7.0234114e-02   7.7177920e-02
   7.3578595e-02   7.8891404e-02
   7.6923077e-02   8.0553640e-02
   8.0267559e-02   8.2167111e-02
   8.3612040e-02   8.3734036e-02
   8.6956522e-02   8.5256406e-02
   9.0301003e-02   8.6736022e-02
   9.3645485e-02   8.8174512e-02
   9.6989967e-02   8.9573357e-02
   1.0033445e-01   9.0933911e-02
   1.0367893e-01   9.2257412e-02
   1.0702341e-01   9.3544998e-02
   1.1036789e-01   9.4797720e-02
   1.1371237e-01   9.6016547e-02
   1.1705686e-01   9.7202379e-02
   1.2040134e-01   9.8356052e-02
   1.2374582e-01   9.9478345e-02
   1.2709030e-01   1.0056999e-01
   1.3043478e-01   1.0163166e-01
   1.3377926e-01   1.0266401e-01
   1.3712375e-01   1.0366762e-01
   1.4046823e-01   1.0464308e-01
   1.4381271e-01   1.0559092e-01
   1.4715719e-01   1.0651165e-01
   1.5050167e-01   1.0740575e-01
   1.5384615e-01   1.0827368e-01
   1.5719064e-01   1.0911587e-01
   1.6053512e-01   1.0993274e-01
   1.6387960e-01   1.1072469e-01
   1.6722408e-01   1.1149211e-01
   1.7056856e-01   1.1223535e-01
   1.7391304e-01   1.1295477e-01
   1.7725753e-01   1.1365071e-01
   1.8060201e-01   1.1432349e-01
   1.8394649e-01   1.1497343e-01
   1.8729097e-01   1.1560083e-01
   1.9063545e-01   1.1620599e-01
   1.9397993e-01   1.1678918e-01
   1.9732441e-01   1.1735069e-01
   2.0066890e-01   1.1789079e-01
   2.0401338e-01   1.1840973e-01
   2.0735786e-01   1.1890778e-01
   2.1070234e-01   1.1938517e-01
   2.1404682e-01   1.1984216e-01
   2.1739130e-01   1.2027898e-01
   2.2073579e-01   1.2069586e-01
   2.2408027e-01   1.2109302e-01
   2.2742475e-01   1.2147070e-01
   2.3076923e-01   1.2182910e-01
   2.3411371e-01   1.2216845e-01
   2.3745819e-01   1.2248895e-01
   2.4080268e-01   1.2279082e-01
   2.4414716e-01   1.2307424e-01
   2.4749164e-01   1.2333944e-01
   2.5083612e-01   1.2358660e-01
   2.5418060e-01   1.2381591e-01
   2.5752508e-01   1.2402758e-01
   2.6086957e-01   1.2422179e-01
   2.6421405e-01   1.2439873e-01
   2.6755853e-01   1.2455859e-01
   2.7090301e-01   1.2470155e-01
   2.7424749e-01   1.2482780e-01
   2.7759197e-01   1.2493750e-01
   2.8093645e-01   1.2503085e-01
   2.8428094e-01   1.2510802e-01
   2.8762542e-01   1.2516919e-01
   2.9096990e-01   1.2521453e-01
   2.9431438e-01   1.2524420e-01
   2.9765886e-01   1.2525840e-01
   3.0100334e-01   1.2525728e-01
   3.0434783e-01   1.2524101e-01
   3.0769231e-01   1.2520977e-01
   3.1103679e-01   1.2516372e-01
   3.1438127e-01   1.2510302e-01
   3.1772575e-01   1.2502785e-01
   3.2107023e-01   1.2493836e-01
   3.2441472e-01   1.2483473e-01
   3.2775920e-01   1.2471711e-01
   3.3110368e-01   1.2458566e-01
   3.3444816e-01   1.2444055e-01
   3.3779264e-01   1.2428194e-01
   3.4113712e-01   1.2410999e-01
   3.4448161e-01   1.2392485e-01
   3.4782609e-01   1.2372669e-01
   3.5117057e-01   1.2351567e-01
   3.5451505e-01   1.2329193e-01
   3.5785953e-01   1.2305565e-01
   3.6120401e-01   1.2280696e-01
   3.6454849e-01   1.2254604e-01
   3.6789298e-01   1.2227304e-01
   3.7123746e-01   1.2198810e-01
   3.7458194e-01   1.2169139e-01
   3.7792642e-01   1.2138306e-01
   3.8127090e-01   1.2106326e-01
   3.8461538e-01   1.2073215e-01
   3.8795987e-01   1.2038987e-01
   3.9130435e-01   1.2003658e-01
   3.9464883e-01   1.1967243e-01
   3.9799331e-01   1.1929757e-01
   4.0133779e-01   1.1891216e-01
   4.0468227e-01   1.1851634e-01
   4.0802676e-01   1.1811026e-01
   4.1137124e-01   1.1769407e-01
   4.1471572e-01   1.1726792e-01
   4.1806020e-01   1.1683197e-01
   4.2140468e-01   1.1638634e-01
   4.2474916e-01   1.1593121e-01
   4.2809365e-01   1.1546670e-01
   4.3143813e-01   1.1499297e-01
   4.3478261e-01   1.1451017e-01
   4.3812709e-01   1.1401844e-01
   4.4147157e-01   1.1351792e-01
   4.4481605e-01   1.1300877e-01
   4.4816054e-01   1.1249112e-01
   4.5150502e-01   1.1196512e-01
   4.5484950e-01   1.1143092e-01
   4.5819398e-01   1.1088865e-01
   4.6153846e-01   1.1033846e-01
   4.6488294e-01   1.0978050e-01
   4.6822742e-01   1.0921490e-01
   4.7157191e-01   1.0864180e-01
   4.7491639e-01   1.0806135e-01
   4.7826087e-01   1.0747369e-01
   4.8160535e-01   1.0687896e-01
   4.8494983e-01   1.0627729e-01
   4.8829431e-01   1.0566883e-01
   4.9163880e-01   1.0505371e-01
   4.9498328e-01   1.0443208e-01
   4.9832776e-01   1.0380407e-01
   5.0167224e-01   1.0316981e-01
   5.0501672e-01   1.0252945e-01
   5.0836120e-01   1.0188312e-01
   5.1170569e-01   1.0123096e-01
   5.1505017e-01   1.0057309e-01
   5.1839465e-01   9.9909665e-02
   5.2173913e-01   9.9240806e-02
   5.2508361e-01   9.8566648e-02
   5.2842809e-01   9.7887326e-02
   5.3177258e-01   9.7202972e-02
   5.3511706e-01   9.6513716e-02
   5.3846154e-01   9.5819690e-02
   5.4180602e-01   9.5121025e-02
   5.4515050e-01   9.4417851e-02
   5.4849498e-01   9.3710296e-02
   5.5183946e-01   9.2998489e-02
   5.5518395e-01   9.2282558e-02
   5.5852843e-01   9.1562631e-02
   5.6187291e-01   9.0838834e-02
   5.6521739e-01   9.0111293e-02
   5.6856187e-01   8.9380134e-02
   5.7190635e-01   8.8645481e-02
   5.7525084e-01   8.7907459e-02
   5.7859532e-01   8.7166190e-02
   5.8193980e-01   8.6421798e-02
   5.8528428e-01   8.5674404e-02
   5.8862876e-01   8.4924130e-02
   5.9197324e-01   8.4171096e-02
   5.9531773e-01   8.3415422e-02
   5.9866221e-01   8.2657227e-02
   6.0200669e-01   8.1896630e-02
   6.0535117e-01   8.1133748e-02
   6.0869565e-01   8.0368698e-02
   6.1204013e-01   7.9601596e-02
   6.1538462e-01   7.8832557e-02
   6.1872910e-01   7.8061696e-02
   6.2207358e-01   7.7289127e-02
   6.2541806e-01   7.6514962e-02
   6.2876254e-01   7.5739314e-02
   6.3210702e-01   7.4962293e-02
   6.3545151e-01   7.4184011e-02
   6.3879599e-01   7.3404577e-02
   6.4214047e-01   7.2624100e-02
   6.4548495e-01   7.1842688e-02
   6.4882943e-01   7.1060448e-02
   6.5217391e-01   7.0277485e-02
   6.5551839e-01   6.9493907e-02
   6.5886288e-01   6.8709816e-02
   6.6220736e-01   6.7925316e-02
   6.6555184e-01   6.7140511e-02
   6.6889632e-01   6.6355502e-02
   6.7224080e-01   6.5570389e-02
   6.7558528e-01   6.4785273e-02
   6.7892977e-01   6.4000252e-02
   6.8227425e-01   6.3215426e-02
   6.8561873e-01   6.2430890e-02
   6.8896321e-01   6.1646741e-02
   6.9230769e-01   6.0863074e-02
   6.9565217e-01   6.0079983e-02
   6.9899666e-01   5.9297561e-02
   7.0234114e-01   5.8515901e-02
   7.0568562e-01   5.7735094e-02
   7.0903010e-01   5.6955230e-02
   7.1237458e-01   5.6176397e-02
   7.1571906e-01   5.5398685e-02
   7.1906355e-01   5.4622181e-02
   7.2240803e-01   5.3846970e-02
   7.2575251e-01   5.3073137e-02
   7.2909699e-01   5.2300766e-02
   7.3244147e-01   5.1529941e-02
   7.3578595e-01   5.0760743e-02
   7.3913043e-01   4.9993252e-02
   7.4247492e-01   4.9227549e-02
   7.4581940e-01   4.8463711e-02
   7.4916388e-01   4.7701817e-02
   7.5250836e-01   4.6941943e-02
   7.5585284e-01   4.6184163e-02
   7.5919732e-01   4.5428552e-02
   7.6254181e-01   4.4675182e-02
   7.6588629e-01   4.3924126e-02
   7.6923077e-01   4.3175454e-02
   7.7257525e-01   4.2429235e-02
   7.7591973e-01   4.1685538e-02
   7.7926421e-01   4.0944430e-02
   7.8260870e-01   4.0205976e-02
   7.8595318e-01   3.9470241e-02
   7.8929766e-01   3.8737289e-02
   7.9264214e-01   3.8007182e-02
   7.9598662e-01   3.7279981e-02
   7.9933110e-01   3.6555746e-02
   8.0267559e-01   3.5834535e-02
   8.0602007e-01   3.5116406e-02
   8.0936455e-01   3.4401415e-02
   8.1270903e-01   3.3689616e-02
   8.1605351e-01   3.2981063e-02
   8.1939799e-01   3.2275809e-02
   8.2274247e-01   3.1573903e-02
   8.2608696e-01   3.0875397e-02
   8.2943144e-01   3.0180339e-02
   8.3277592e-01   2.9488774e-02
   8.3612040e-01   2.8800750e-02
   8.3946488e-01   2.8116311e-02
   8.4280936e-01   2.7435500e-02
   8.4615385e-01   2.6758358e-02
   8.4949833e-01   2.6084926e-02
   8.5284281e-01   2.5415243e-02
   8.5618729e-01   2.4749347e-02
   8.5953177e-01   2.4087274e-02
   8.6287625e-01   2.3429059e-02
   8.6622074e-01   2.2774736e-02
   8.6956522e-01   2.2124337e-02
   8.7290970e-01   2.1477893e-02
   8.7625418e-01   2.0835432e-02
   8.7959866e-01   2.0196984e-02
   8.8294314e-01   1.9562575e-02
   8.8628763e-01   1.8932229e-02
   8.8963211e-01   1.8305971e-02
   8.9297659e-01   1.7683822e-02
   8.9632107e-01   1.7065804e-02
   8.9966555e-01   1.6451936e-02
   9.0301003e-01   1.5842236e-02
   9.0635452e-01   1.5236720e-02
   9.0969900e-01   1.4635404e-02
   9.1304348e-01   1.4038300e-02
   9.1638796e-01   1.3445420e-02
   9.1973244e-01   1.2856776e-02
   9.2307692e-01   1.2272375e-02
   9.2642140e-01   1.1692227e-02
   9.2976589e-01   1.1116335e-02
   9.3311037e-01   1.0544705e-02
   9.3645485e-01   9.9773399e-03
   9.3979933e-01   9.4142406e-03
   9.4314381e-01   8.8554071e-03
   9.4648829e-01   8.3008373e-03
   9.4983278e-01   7.7505281e-03
   9.5317726e-01   7.2044745e-03
   9.5652174e-01   6.6626700e-03
   9.5986622e-01   6.1251065e-03
   9.6321070e-01   5.5917743e-03
   9.6655518e-01   5.0626620e-03
   9.6989967e-01   4.5377569e-03
   9.7324415e-01   4.0170444e-03
   9.7658863e-01   3.5005084e-03
   9.7993311e-01   2.9881311e-03
   9.8327759e-01   2.4798932e-03
   9.8662207e-01   1.9757735e-03
   9.8996656e-01   1.4757496e-03
   9.9331104e-01   9.7979694e-04
   9.9665552e-01   4.8788963e-04
   1.0000000e+00   0.0000000e+00
   1.0000000e+00  -0.0000000e+00
   9.9665552e-01  -7.6666973e-05
   9.9331104e-01  -1.5391420e-04
   9.8996656e-01  -2.3167601e-04
   9.8662207e-01  -3.0988804e-04
   9.8327759e-01  -3.8848717e-04
   9.7993311e-01  -4.6741154e-04
   9.7658863e-01  -5.4660057e-04
   9.7324415e-01  -6.2599491e-04
   9.6989967e-01  -7.0553645e-04
   9.6655518e-01  -7.8516834e-04
   9.6321070e-01  -8.6483494e-04
   9.5986622e-01  -9.4448184e-04
   9.5652174e-01  -1.0240559e-03
   9.5317726e-01  -1.1035050e-03
   9.4983278e-01  -1.1827786e-03
   9.4648829e-01  -1.2618270e-03
   9.4314381e-01  -1.3406018e-03
   9.3979933e-01  -1.4190559e-03
   9.3645485e-01  -1.4971433e-03
   9.3311037e-01  -1.5748192e-03
   9.2976589e-01  -1.6520399e-03
   9.2642140e-01  -1.7287628e-03
   9.2307692e-01  -1.8049468e-03
   9.1973244e-01  -1.8805516e-03
   9.1638796e-01  -1.9555382e-03
   9.1304348e-01  -2.0298687e-03
   9.0969900e-01  -2.1035064e-03
   9.0635452e-01  -2.1764155e-03
   9.0301003e-01  -2.2485616e-03
   8.9966555e-01  -2.3199113e-03
   8.9632107e-01  -2.3904323e-03
   8.9297659e-01  -2.4600933e-03
   8.8963211e-01  -2.5288643e-03
   8.8628763e-01  -2.5967163e-03
   8.8294314e-01  -2.6636212e-03
   8.7959866e-01  -2.7295523e-03
   8.7625418e-01  -2.7944837e-03
   8.7290970e-01  -2.8583907e-03
   8.6956522e-01  -2.9212496e-03
   8.6622074e-01  -2.9830377e-03
   8.6287625e-01  -3.0437334e-03
   8.5953177e-01  -3.1033162e-03
   8.5618729e-01  -3.1617665e-03
   8.5284281e-01  -3.2190658e-03
   8.4949833e-01  -3.2751965e-03
   8.4615385e-01  -3.3301421e-03
   8.4280936e-01  -3.3838870e-03
   8.3946488e-01  -3.4364168e-03
   8.3612040e-01  -3.4877179e-03
   8.3277592e-01  -3.5377777e-03
   8.2943144e-01  -3.5865846e-03
   8.2608696e-01  -3.6341279e-03
   8.2274247e-01  -3.6803980e-03
   8.1939799e-01  -3.7253860e-03
   8.1605351e-01  -3.7690843e-03
   8.1270903e-01  -3.8114857e-03
   8.0936455e-01  -3.8525845e-03
   8.0602007e-01  -3.8923756e-03
   8.0267559e-01  -3.9308548e-03
   7.9933110e-01  -3.9680188e-03
   7.9598662e-01  -4.0038654e-03
   7.9264214e-01  -4.0383931e-03
   7.8929766e-01  -4.0716013e-03
   7.8595318e-01  -4.1034902e-03
   7.8260870e-01  -4.1340611e-03
   7.7926421e-01  -4.1633159e-03
   7.7591973e-01  -4.1912575e-03
   7.7257525e-01  -4.2178896e-03
   7.6923077e-01  -4.2432166e-03
   7.6588629e-01  -4.2672439e-03
   7.6254181e-01  -4.2899777e-03
   7.5919732e-01  -4.3114249e-03
   7.5585284e-01  -4.3315933e-03
   7.5250836e-01  -4.3504914e-03
   7.4916388e-01  -4.3681286e-03
   7.4581940e-01  -4.3845149e-03
   7.4247492e-01  -4.3996612e-03
   7.3913043e-01  -4.4135791e-03
   7.3578595e-01  -4.4262809e-03
   7.3244147e-01  -4.4377799e-03
   7.2909699e-01  -4.4480898e-03
   7.2575251e-01  -4.4572251e-03
   7.2240803e-01  -4.4652012e-03
   7.1906355e-01  -4.4720340e-03
   7.1571906e-01  -4.4777401e-03
   7.1237458e-01  -4.4823369e-03
   7.0903010e-01  -4.4858425e-03
   7.0568562e-01  -4.4882755e-03
   7.0234114e-01  -4.4896552e-03
   6.9899666e-01  -4.4900017e-03
   6.9565217e-01  -4.4893357e-03
   6.9230769e-01  -4.4876783e-03
   6.8896321e-01  -4.4850515e-03
   6.8561873e-01  -4.4814778e-03
   6.8227425e-01  -4.4769803e-03
   6.7892977e-01  -4.4715826e-03
   6.7558528e-01  -4.4653091e-03
   6.7224080e-01  -4.4581846e-03
   6.6889632e-01  -4.4502345e-03
   6.6555184e-01  -4.4414848e-03
   6.6220736e-01  -4.4319620e-03
   6.5886288e-01  -4.4216932e-03
   6.5551839e-01  -4.4107059e-03
   6.5217391e-01  -4.3990282e-03
   6.4882943e-01  -4.3866886e-03
   6.4548495e-01  -4.3737163e-03
   6.4214047e-01  -4.3601407e-03
   6.3879599e-01  -4.3459920e-03
   6.3545151e-01  -4.3313007e-03
   6.3210702e-01  -4.3160975e-03
   6.2876254e-01  -4.3004139e-03
   6.2541806e-01  -4.2842818e-03
   6.2207358e-01  -4.2677332e-03
   6.1872910e-01  -4.2508009e-03
   6.1538462e-01  -4.2335179e-03
   6.1204013e-01  -4.2159174e-03
   6.0869565e-01  -4.1980334e-03
   6.0535117e-01  -4.1798999e-03
   6.0200669e-01  -4.1615513e-03
   5.9866221e-01  -4.1430226e-03
   5.9531773e-01  -4.1243487e-03
   5.9197324e-01  -4.1055652e-03
   5.8862876e-01  -4.0867078e-03
   5.8528428e-01  -4.0678125e-03
   5.8193980e-01  -4.0489156e-03
   5.7859532e-01  -4.0300536e-03
   5.7525084e-01  -4.0112633e-03
   5.7190635e-01  -3.9925819e-03
   5.6856187e-01  -3.9740465e-03
   5.6521739e-01  -3.9556946e-03
   5.6187291e-01  -3.9375638e-03
   5.5852843e-01  -3.9196921e-03
   5.5518395e-01  -3.9021175e-03
   5.5183946e-01  -3.8848780e-03
   5.4849498e-01  -3.8680120e-03
   5.4515050e-01  -3.8515580e-03
   5.4180602e-01  -3.8355545e-03
   5.3846154e-01  -3.8200402e-03
   5.3511706e-01  -3.8050537e-03
   5.3177258e-01  -3.7906339e-03
   5.2842809e-01  -3.7768196e-03
   5.2508361e-01  -3.7636497e-03
   5.2173913e-01  -3.7511631e-03
   5.1839465e-01  -3.7393988e-03
   5.1505017e-01  -3.7283956e-03
   5.1170569e-01  -3.7181924e-03
   5.0836120e-01  -3.7088281e-03
   5.0501672e-01  -3.7003415e-03
   5.0167224e-01  -3.6927712e-03
   4.9832776e-01  -3.6861558e-03
   4.9498328e-01  -3.6805340e-03
   4.9163880e-01  -3.6759440e-03
   4.8829431e-01  -3.6724241e-03
   4.8494983e-01  -3.6700124e-03
   4.8160535e-01  -3.6687468e-03
   4.7826087e-01  -3.6686650e-03
   4.7491639e-01  -3.6698044e-03
   4.7157191e-01  -3.6722023e-03
   4.6822742e-01  -3.6758957e-03
   4.6488294e-01  -3.6809213e-03
   4.6153846e-01  -3.6873155e-03
   4.5819398e-01  -3.6951144e-03
   4.5484950e-01  -3.7043538e-03
   4.5150502e-01  -3.7150691e-03
   4.4816054e-01  -3.7272953e-03
   4.4481605e-01  -3.7410670e-03
   4.4147157e-01  -3.7564184e-03
   4.3812709e-01  -3.7733834e-03
   4.3478261e-01  -3.7919951e-03
   4.3143813e-01  -3.8122864e-03
   4.2809365e-01  -3.8342895e-03
   4.2474916e-01  -3.8580362e-03
   4.2140468e-01  -3.8835577e-03
   4.1806020e-01  -3.9108845e-03
   4.1471572e-01  -3.9400466e-03
   4.1137124e-01  -3.9710734e-03
   4.0802676e-01  -4.0039934e-03
   4.0468227e-01  -4.0388346e-03
   4.0133779e-01  -4.0756243e-03
   3.9799331e-01  -4.1143890e-03
   3.9464883e-01  -4.1551543e-03
   3.9130435e-01  -4.1979451e-03
   3.8795987e-01  -4.2427854e-03
   3.8461538e-01  -4.2896985e-03
   3.8127090e-01  -4.3387065e-03
   3.7792642e-01  -4.3898308e-03
   3.7458194e-01  -4.4430918e-03
   3.7123746e-01  -4.4985087e-03
   3.6789298e-01  -4.5560999e-03
   3.6454849e-01  -4.6158826e-03
   3.6120401e-01  -4.6778728e-03
   3.5785953e-01  -4.7420856e-03
   3.5451505e-01  -4.8085347e-03
   3.5117057e-01  -4.8772327e-03
   3.4782609e-01  -4.9481907e-03
   3.4448161e-01  -5.0214187e-03
   3.4113712e-01  -5.0969253e-03
   3.3779264e-01  -5.1747177e-03
   3.3444816e-01  -5.2548017e-03
   3.3110368e-01  -5.3371814e-03
   3.2775920e-01  -5.4218595e-03
   3.2441472e-01  -5.5088372e-03
   3.2107023e-01  -5.5981139e-03
   3.1772575e-01  -5.6896873e-03
   3.1438127e-01  -5.7835535e-03
   3.1103679e-01  -5.8797066e-03
   3.0769231e-01  -5.9781390e-03
   3.0434783e-01  -6.0788411e-03
   3.0100334e-01  -6.1818012e-03
   2.9765886e-01  -6.2870058e-03
   2.9431438e-01  -6.3944390e-03
   2.9096990e-01  -6.5040829e-03
   2.8762542e-01  -6.6159173e-03
   2.8428094e-01  -6.7299195e-03
   2.8093645e-01  -6.8460646e-03
   2.7759197e-01  -6.9643250e-03
   2.7424749e-01  -7.0846709e-03
   2.7090301e-01  -7.2070693e-03
   2.6755853e-01  -7.3314849e-03
   2.6421405e-01  -7.4578792e-03
   2.6086957e-01  -7.5862110e-03
   2.5752508e-01  -7.7164359e-03
   2.5418060e-01  -7.8485065e-03
   2.5083612e-01  -7.9823720e-03
   2.4749164e-01  -8.1179781e-03
   2.4414716e-01  -8.2552673e-03
   2.4080268e-01  -8.3941781e-03
   2.3745819e-01  -8.5346457e-03
   2.3411371e-01  -8.6766008e-03
   2.3076923e-01  -8.8199706e-03
   2.2742475e-01  -8.9646776e-03
   2.2408027e-01  -9.1106403e-03
   2.2073579e-01  -9.2577725e-03
   2.1739130e-01  -9.4059831e-03
   2.1404682e-01  -9.5551765e-03
   2.1070234e-01  -9.7052514e-03
   2.0735786e-01  -9.8561018e-03
   2.0401338e-01  -1.0007616e-02
   2.0066890e-01  -1.0159675e-02
   1.9732441e-01  -1.0312156e-02
   1.9397993e-01  -1.0464930e-02
   1.9063545e-01  -1.0617858e-02
   1.8729097e-01  -1.0770798e-02
   1.8394649e-01  -1.0923598e-02
   1.8060201e-01  -1.1076100e-02
   1.7725753e-01  -1.1228138e-02
   1.7391304e-01  -1.1379536e-02
   1.7056856e-01  -1.1530110e-02
   1.6722408e-01  -1.1679669e-02
   1.6387960e-01  -1.1828008e-02
   1.6053512e-01  -1.1974914e-02
   1.5719064e-01  -1.2120164e-02
   1.5384615e-01  -1.2263522e-02
   1.5050167e-01  -1.2404740e-02
   1.4715719e-01  -1.2543557e-02
   1.4381271e-01  -1.2679698e-02
   1.4046823e-01  -1.2812874e-02
   1.3712375e-01  -1.2942779e-02
   1.3377926e-01  -1.3069092e-02
   1.3043478e-01  -1.3191472e-02
   1.2709030e-01  -1.3309561e-02
   1.2374582e-01  -1.3422979e-02
   1.2040134e-01  -1.3531323e-02
   1.1705686e-01  -1.3634168e-02
   1.1371237e-01  -1.3731060e-02
   1.1036789e-01  -1.3821519e-02
   1.0702341e-01  -1.3905034e-02
   1.0367893e-01  -1.3981058e-02
   1.0033445e-01  -1.4049010e-02
   9.6989967e-02  -1.4108266e-02
   9.3645485e-02  -1.4158158e-02
   9.0301003e-02  -1.4197969e-02
   8.6956522e-02  -1.4226925e-02
   8.3612040e-02  -1.4244190e-02
   8.0267559e-02  -1.4248861e-02
   7.6923077e-02  -1.4239954e-02
   7.3578595e-02  -1.4216394e-02
   7.0234114e-02  -1.4177008e-02
   6.6889632e-02  -1.4120503e-02
   6.3545151e-02  -1.4045448e-02
   6.0200669e-02  -1.3950255e-02
   5.6856187e-02  -1.3833147e-02
   5.3511706e-02  -1.3692122e-02
   5.0167224e-02  -1.3524908e-02
   4.6822742e-02  -1.3328902e-02
   4.3478261e-02  -1.3101093e-02
   4.0133779e-02  -1.2837958e-02
   3.6789298e-02  -1.2535313e-02
   3.3444816e-02  -1.2188115e-02
   3.0100334e-02  -1.1790162e-02
   2.6755853e-02  -1.1333653e-02
   2.3411371e-02  -1.0808487e-02
   2.0066890e-02  -1.0201103e-02
   1.6722408e-02  -9.4924208e-03
   1.3377926e-02  -8.6538113e-03
   1.0033445e-02  -7.6381578e-03
   6.6889632e-03  -6.3556336e-03
   3.3444816e-03  -4.5795747e-03
   0.0000000e+00   0.0000000e+00
