   0.0000000e+00   0.0000000e+00
   3.3444816e-03   1.2571342e-02
   6.6889632e-03   1.7740285e-02
   1.0033445e-02   2.1679908e-02
   1.3377926e-02   2.4978440e-02
   1.6722408e-02   2.7864176e-02
   2.0066890e-02   3.0454404e-02
   2.3411371e-02   3.2818916e-02
   2.6755853e-02   3.5003257e-02
   3.0100334e-02   3.7039107e-02
   3.3444816e-02   3.8949568e-02
   3.6789298e-02   4.0752103e-02
   4.0133779e-02   4.2460297e-02
   4.3478261e-02   4.4084969e-02
   4.6822742e-02   4.5634900e-02
   5.0167224e-02   4.7117338e-02
   5.3511706e-02   4.8538349e-02
   5.6856187e-02   4.9903069e-02
   6.0200669e-02   5.1215894e-02
   6.3545151e-02   5.2480623e-02
   6.6889632e-02   5.3700566e-02
   7.0234114e-02   5.4878626e-02
   7.3578595e-02   5.6017371e-02
   7.6923077e-02   5.7119079e-02
   8.0267559e-02   5.8185790e-02
   8.3612040e-02   5.9219335e-02
   8.6956522e-02   6.0221366e-02
   9.0301003e-02   6.1193381e-02
   9.3645485e-02   6.2136742e-02
   9.6989967e-02   6.3052693e-02
   1.0033445e-01   6.3942375e-02
   1.0367893e-01   6.4806835e-02
   1.0702341e-01   6.5647040e-02
   1.1036789e-01   6.6463884e-02
   1.1371237e-01   6.7258193e-02
   1.1705686e-01   6.8030739e-02
   1.2040134e-01   6.8782237e-02
   1.2374582e-01   6.9513357e-02
   1.2709030e-01   7.0224726e-02
   1.3043478e-01   7.0916929e-02
   1.3377926e-01   7.1590518e-02
   1.3712375e-01   7.2246012e-02
   1.4046823e-01   7.2883899e-02
   1.4381271e-01   7.3504641e-02
   1.4715719e-01   7.4108675e-02
   1.5050167e-01   7.4696412e-02
   1.5384615e-01   7.5268246e-02
   1.5719064e-01   7.5824549e-02
   1.6053512e-01   7.6365674e-02
   1.6387960e-01   7.6891959e-02
   1.6722408e-01   7.7403724e-02
   1.7056856e-01   7.7901277e-02
   1.7391304e-01   7.8384910e-02
   1.7725753e-01   7.8854905e-02
   1.8060201e-01   7.9311529e-02
   1.8394649e-01   7.9755040e-02
   1.8729097e-01   8.0185685e-02
   1.9063545e-01   8.0603702e-02
   1.9397993e-01   8.1009318e-02
   1.9732441e-01   8.1402754e-02
   2.0066890e-01   8.1784221e-02
   2.0401338e-01   8.2153922e-02
   2.0735786e-01   8.2512055e-02
   2.1070234e-01   8.2858810e-02
   2.1404682e-01   8.3194370e-02
   2.1739130e-01   8.3518913e-02
   2.2073579e-01   8.3832611e-02
   2.2408027e-01   8.4135629e-02
   2.2742475e-01   8.4428130e-02
   2.3076923e-01   8.4710269e-02
   2.3411371e-01   8.4982199e-02
   2.3745819e-01   8.5244066e-02
   2.4080268e-01   8.5496014e-02
   2.4414716e-01   8.5738183e-02
   2.4749164e-01   8.5970706e-02
   2.5083612e-01   8.6193716e-02
   2.5418060e-01   8.6407342e-02
   2.5752508e-01   8.6611707e-02
   2.6086957e-01   8.6806934e-02
   2.6421405e-01   8.6993142e-02
   2.6755853e-01   8.7170446e-02
   2.7090301e-01   8.7338959e-02
   2.7424749e-01   8.7498792e-02
   2.7759197e-01   8.7650052e-02
   2.8093645e-01   8.7792844e-02
   2.8428094e-01   8.7927273e-02
   2.8762542e-01   8.8053438e-02
   2.9096990e-01   8.8171437e-02
   2.9431438e-01   8.8281368e-02
   2.9765886e-01   8.8383325e-02
   3.0100334e-01   8.8477399e-02
   3.0434783e-01   8.8563683e-02
   3.0769231e-01   8.8642263e-02
   3.1103679e-01   8.8713228e-02
   3.1438127e-01   8.8776663e-02
   3.1772575e-01   8.8832650e-02
   3.2107023e-01   8.8881273e-02
   3.2441472e-01   8.8922611e-02
   3.2775920e-01   8.8956745e-02
   3.3110368e-01   8.8983750e-02
   3.3444816e-01   8.9003704e-02
   3.3779264e-01   8.9016681e-02
   3.4113712e-01   8.9022754e-02
   3.4448161e-01   8.9021996e-02
   3.4782609e-01   8.9014478e-02
   3.5117057e-01   8.9000269e-02
   3.5451505e-01   8.8979438e-02
   3.5785953e-01   8.8952053e-02
   3.6120401e-01   8.8918178e-02
   3.6454849e-01   8.8877880e-02
   3.6789298e-01   8.8831223e-02
   3.7123746e-01   8.8778270e-02
   3.7458194e-01   8.8719082e-02
   3.7792642e-01   8.8653720e-02
   3.8127090e-01   8.8582245e-02
   3.8461538e-01   8.8504716e-02
   3.8795987e-01   8.8421190e-02
   3.9130435e-01   8.8331725e-02
   3.9464883e-01   8.8236377e-02
   3.9799331e-01   8.8135202e-02
   4.0133779e-01   8.8028253e-02
   4.0468227e-01   8.7915585e-02
   4.0802676e-01   8.7797251e-02
   4.1137124e-01   8.7673302e-02
   4.1471572e-01   8.7543790e-02
   4.1806020e-01   8.7408764e-02
   4.2140468e-01   8.7268276e-02
   4.2474916e-01   8.7122372e-02
   4.2809365e-01   8.6971103e-02
   4.3143813e-01   8.6814514e-02
   4.3478261e-01   8.6652652e-02
   4.3812709e-01   8.6485564e-02
   4.4147157e-01   8.6313294e-02
   4.4481605e-01   8.6135886e-02
   4.4816054e-01   8.5953385e-02
   4.5150502e-01   8.5765834e-02
   4.5484950e-01   8.5573274e-02
   4.5819398e-01   8.5375748e-02
   4.6153846e-01   8.5173296e-02
   4.6488294e-01   8.4965959e-02
   4.6822742e-01   8.4753776e-02
   4.7157191e-01   8.4536786e-02
   4.7491639e-01   8.4315028e-02
   4.7826087e-01   8.4088539e-02
   4.8160535e-01   8.3857356e-02
   4.8494983e-01   8.3621517e-02
   4.8829431e-01   8.3381055e-02
   4.9163880e-01   8.3136007e-02
   4.9498328e-01   8.2886408e-02
   4.9832776e-01   8.2632290e-02
   5.0167224e-01   8.2373688e-02
   5.0501672e-01   8.2110634e-02
   5.0836120e-01   8.1843160e-02
   5.1170569e-01   8.1571298e-02
   5.1505017e-01   8.1295078e-02
   5.1839465e-01   8.1014532e-02
   5.2173913e-01   8.0729687e-02
   5.2508361e-01   8.0440575e-02
   5.2842809e-01   8.0147223e-02
   5.3177258e-01   7.9849658e-02
   5.3511706e-01   7.9547910e-02
   5.3846154e-01   7.9242003e-02
   5.4180602e-01   7.8931965e-02
   5.4515050e-01   7.8617821e-02
   5.4849498e-01   7.8299596e-02
   5.5183946e-01   7.7977315e-02
   5.5518395e-01   7.7651001e-02
   5.5852843e-01   7.7320678e-02
   5.6187291e-01   7.6986368e-02
   5.6521739e-01   7.6648094e-02
   5.6856187e-01   7.6305877e-02
   5.7190635e-01   7.5959738e-02
   5.7525084e-01   7.5609699e-02
   5.7859532e-01   7.5255777e-02
   5.8193980e-01   7.4897994e-02
   5.8528428e-01   7.4536367e-02
   5.8862876e-01   7.4170915e-02
   5.9197324e-01   7.3801656e-02
   5.9531773e-01   7.3428606e-02
   5.9866221e-01   7.3051782e-02
   6.0200669e-01   7.2671200e-02
   6.0535117e-01   7.2286876e-02
   6.0869565e-01   7.1898823e-02
   6.1204013e-01   7.1507057e-02
   6.1538462e-01   7.1111591e-02
   6.1872910e-01   7.0712438e-02
   6.2207358e-01   7.0309610e-02
   6.2541806e-01   6.9903120e-02
   6.2876254e-01   6.9492980e-02
   6.3210702e-01   6.9079198e-02
   6.3545151e-01   6.8661787e-02
   6.3879599e-01   6.8240756e-02
   6.4214047e-01   6.7816114e-02
   6.4548495e-01   6.7387869e-02
   6.4882943e-01   6.6956029e-02
   6.5217391e-01   6.6520602e-02
   6.5551839e-01   6.6081595e-02
   6.5886288e-01   6.5639014e-02
   6.6220736e-01   6.5192864e-02
   6.6555184e-01   6.4743151e-02
   6.6889632e-01   6.4289879e-02
   6.7224080e-01   6.3833052e-02
   6.7558528e-01   6.3372674e-02
   6.7892977e-01   6.2908748e-02
   6.8227425e-01   6.2441275e-02
   6.8561873e-01   6.1970257e-02
   6.8896321e-01   6.1495696e-02
   6.9230769e-01   6.1017592e-02
   6.9565217e-01   6.0535944e-02
   6.9899666e-01   6.0050752e-02
   7.0234114e-01   5.9562015e-02
   7.0568562e-01   5.9069731e-02
   7.0903010e-01   5.8573898e-02
   7.1237458e-01   5.8074512e-02
   7.1571906e-01   5.7571570e-02
   7.1906355e-01   5.7065067e-02
   7.2240803e-01   5.6554999e-02
   7.2575251e-01   5.6041361e-02
   7.2909699e-01   5.5524146e-02
   7.3244147e-01   5.5003348e-02
   7.3578595e-01   5.4478959e-02
   7.3913043e-01   5.3950973e-02
   7.4247492e-01   5.3419379e-02
   7.4581940e-01   5.2884170e-02
   7.4916388e-01   5.2345336e-02
   7.5250836e-01   5.1802867e-02
   7.5585284e-01   5.1256751e-02
   7.5919732e-01   5.0706978e-02
   7.6254181e-01   5.0153534e-02
   7.6588629e-01   4.9596409e-02
   7.6923077e-01   4.9035588e-02
   7.7257525e-01   4.8471057e-02
   7.7591973e-01   4.7902802e-02
   7.7926421e-01   4.7330809e-02
   7.8260870e-01   4.6755060e-02
   7.8595318e-01   4.6175540e-02
   7.8929766e-01   4.5592232e-02
   7.9264214e-01   4.5005119e-02
   7.9598662e-01   4.4414181e-02
   7.9933110e-01   4.3819400e-02
   8.0267559e-01   4.3220757e-02
   8.0602007e-01   4.2618232e-02
   8.0936455e-01   4.2011803e-02
   8.1270903e-01   4.1401449e-02
   8.1605351e-01   4.0787149e-02
   8.1939799e-01   4.0168880e-02
   8.2274247e-01   3.9546618e-02
   8.2608696e-01   3.8920340e-02
   8.2943144e-01   3.8290020e-02
   8.3277592e-01   3.7655634e-02
   8.3612040e-01   3.7017156e-02
   8.3946488e-01   3.6374559e-02
   8.4280936e-01   3.5727816e-02
   8.4615385e-01   3.5076900e-02
   8.4949833e-01   3.4421781e-02
   8.5284281e-01   3.3762431e-02
   8.5618729e-01   3.3098820e-02
   8.5953177e-01   3.2430917e-02
   8.6287625e-01   3.1758691e-02
   8.6622074e-01   3.1082112e-02
   8.6956522e-01   3.0401145e-02
   8.7290970e-01   2.9715758e-02
   8.7625418e-01   2.9025917e-02
   8.7959866e-01   2.8331589e-02
   8.8294314e-01   2.7632737e-02
   8.8628763e-01   2.6929326e-02
   8.8963211e-01   2.6221319e-02
   8.9297659e-01   2.5508680e-02
   8.9632107e-01   2.4791371e-02
   8.9966555e-01   2.4069352e-02
   9.0301003e-01   2.3342586e-02
   9.0635452e-01   2.2611032e-02
   9.0969900e-01   2.1874649e-02
   9.1304348e-01   2.1133396e-02
   9.1638796e-01   2.0387232e-02
   9.1973244e-01   1.9636114e-02
   9.2307692e-01   1.8879999e-02
   9.2642140e-01   1.8118842e-02
   9.2976589e-01   1.7352599e-02
   9.3311037e-01   1.6581224e-02
   9.3645485e-01   1.5804672e-02
   9.3979933e-01   1.5022895e-02
   9.4314381e-01   1.4235847e-02
   9.4648829e-01   1.3443479e-02
   9.4983278e-01   1.2645742e-02
   9.5317726e-01   1.1842587e-02
   9.5652174e-01   1.1033962e-02
   9.5986622e-01   1.0219818e-02
   9.6321070e-01   9.4001030e-03
   9.6655518e-01   8.5747636e-03
   9.6989967e-01   7.7437471e-03
   9.7324415e-01   6.9069996e-03
   9.7658863e-01   6.0644665e-03
   9.7993311e-01   5.2160926e-03
   9.8327759e-01   4.3618216e-03
   9.8662207e-01   3.5015970e-03
   9.8996656e-01   2.6353611e-03
   9.9331104e-01   1.7630557e-03
   9.9665552e-01   8.8462191e-04
   1.0000000e+00   0.0000000e+00
   1.0000000e+00   0.0000000e+00
   9.9665552e-01   3.1039522e-04
   9.9331104e-01   6.1774307e-04
   9.8996656e-01   9.2214297e-04
   9.8662207e-01   1.2236924e-03
   9.8327759e-01   1.5224870e-03
   9.7993311e-01   1.8186203e-03
   9.7658863e-01   2.1121844e-03
   9.7324415e-01   2.4032689e-03
   9.6989967e-01   2.6919622e-03
   9.6655518e-01   2.9783503e-03
   9.6321070e-01   3.2625176e-03
   9.5986622e-01   3.5445467e-03
   9.5652174e-01   3.8245183e-03
   9.5317726e-01   4.1025111e-03
   9.4983278e-01   4.3786024e-03
   9.4648829e-01   4.6528672e-03
   9.4314381e-01   4.9253792e-03
   9.3979933e-01   5.1962099e-03
   9.3645485e-01   5.4654293e-03
   9.3311037e-01   5.7331054e-03
   9.2976589e-01   5.9993047e-03
   9.2642140e-01   6.2640917e-03
   9.2307692e-01   6.5275294e-03
   9.1973244e-01   6.7896787e-03
   9.1638796e-01   7.0505993e-03
   9.1304348e-01   7.3103487e-03
   9.0969900e-01   7.5689829e-03
   9.0635452e-01   7.8265563e-03
   9.0301003e-01   8.0831215e-03
   8.9966555e-01   8.3387293e-03
   8.9632107e-01   8.5934292e-03
   8.9297659e-01   8.8472686e-03
   8.8963211e-01   9.1002935e-03
   8.8628763e-01   9.3525483e-03
   8.8294314e-01   9.6040756e-03
   8.7959866e-01   9.8549166e-03
   8.7625418e-01   1.0105111e-02
   8.7290970e-01   1.0354696e-02
   8.6956522e-01   1.0603708e-02
   8.6622074e-01   1.0852182e-02
   8.6287625e-01   1.1100151e-02
   8.5953177e-01   1.1347647e-02
   8.5618729e-01   1.1594699e-02
   8.5284281e-01   1.1841337e-02
   8.4949833e-01   1.2087586e-02
   8.4615385e-01   1.2333473e-02
   8.4280936e-01   1.2579021e-02
   8.3946488e-01   1.2824253e-02
   8.3612040e-01   1.3069189e-02
   8.3277592e-01   1.3313849e-02
   8.2943144e-01   1.3558252e-02
   8.2608696e-01   1.3802413e-02
   8.2274247e-01   1.4046348e-02
   8.1939799e-01   1.4290069e-02
   8.1605351e-01   1.4533591e-02
   8.1270903e-01   1.4776922e-02
   8.0936455e-01   1.5020073e-02
   8.0602007e-01   1.5263051e-02
   8.0267559e-01   1.5505863e-02
   7.9933110e-01   1.5748515e-02
   7.9598662e-01   1.5991010e-02
   7.9264214e-01   1.6233350e-02
   7.8929766e-01   1.6475537e-02
   7.8595318e-01   1.6717571e-02
   7.8260870e-01   1.6959449e-02
   7.7926421e-01   1.7201170e-02
   7.7591973e-01   1.7442729e-02
   7.7257525e-01   1.7684121e-02
   7.6923077e-01   1.7925338e-02
   7.6588629e-01   1.8166374e-02
   7.6254181e-01   1.8407219e-02
   7.5919732e-01   1.8647862e-02
   7.5585284e-01   1.8888292e-02
   7.5250836e-01   1.9128496e-02
   7.4916388e-01   1.9368459e-02
   7.4581940e-01   1.9608168e-02
   7.4247492e-01   1.9847604e-02
   7.3913043e-01   2.0086751e-02
   7.3578595e-01   2.0325589e-02
   7.3244147e-01   2.0564100e-02
   7.2909699e-01   2.0802261e-02
   7.2575251e-01   2.1040050e-02
   7.2240803e-01   2.1277445e-02
   7.1906355e-01   2.1514420e-02
   7.1571906e-01   2.1750951e-02
   7.1237458e-01   2.1987010e-02
   7.0903010e-01   2.2222570e-02
   7.0568562e-01   2.2457603e-02
   7.0234114e-01   2.2692079e-02
   6.9899666e-01   2.2925966e-02
   6.9565217e-01   2.3159234e-02
   6.9230769e-01   2.3391849e-02
   6.8896321e-01   2.3623778e-02
   6.8561873e-01   2.3854987e-02
   6.8227425e-01   2.4085438e-02
   6.7892977e-01   2.4315097e-02
   6.7558528e-01   2.4543925e-02
   6.7224080e-01   2.4771884e-02
   6.6889632e-01   2.4998934e-02
   6.6555184e-01   2.5225036e-02
   6.6220736e-01   2.5450148e-02
   6.5886288e-01   2.5674229e-02
   6.5551839e-01   2.5897234e-02
   6.5217391e-01   2.6119122e-02
   6.4882943e-01   2.6339847e-02
   6.4548495e-01   2.6559365e-02
   6.4214047e-01   2.6777628e-02
   6.3879599e-01   2.6994591e-02
   6.3545151e-01   2.7210205e-02
   6.3210702e-01   2.7424422e-02
   6.2876254e-01   2.7637194e-02
   6.2541806e-01   2.7848470e-02
   6.2207358e-01   2.8058200e-02
   6.1872910e-01   2.8266333e-02
   6.1538462e-01   2.8472816e-02
   6.1204013e-01   2.8677598e-02
   6.0869565e-01   2.8880626e-02
   6.0535117e-01   2.9081844e-02
   6.0200669e-01   2.9281200e-02
   5.9866221e-01   2.9478638e-02
   5.9531773e-01   2.9674102e-02
   5.9197324e-01   2.9867537e-02
   5.8862876e-01   3.0058885e-02
   5.8528428e-01   3.0248090e-02
   5.8193980e-01   3.0435094e-02
   5.7859532e-01   3.0619839e-02
   5.7525084e-01   3.0802266e-02
   5.7190635e-01   3.0982315e-02
   5.6856187e-01   3.1159928e-02
   5.6521739e-01   3.1335045e-02
   5.6187291e-01   3.1507604e-02
   5.5852843e-01   3.1677545e-02
   5.5518395e-01   3.1844808e-02
   5.5183946e-01   3.2009330e-02
   5.4849498e-01   3.2171049e-02
   5.4515050e-01   3.2329904e-02
   5.4180602e-01   3.2485832e-02
   5.3846154e-01   3.2638770e-02
   5.3511706e-01   3.2788656e-02
   5.3177258e-01   3.2935425e-02
   5.2842809e-01   3.3079015e-02
   5.2508361e-01   3.3219362e-02
   5.2173913e-01   3.3356402e-02
   5.1839465e-01   3.3490071e-02
   5.1505017e-01   3.3620305e-02
   5.1170569e-01   3.3747039e-02
   5.0836120e-01   3.3870210e-02
   5.0501672e-01   3.3989753e-02
   5.0167224e-01   3.4105602e-02
   4.9832776e-01   3.4217695e-02
   4.9498328e-01   3.4325966e-02
   4.9163880e-01   3.4430350e-02
   4.8829431e-01   3.4530784e-02
   4.8494983e-01   3.4627202e-02
   4.8160535e-01   3.4719541e-02
   4.7826087e-01   3.4807736e-02
   4.7491639e-01   3.4891722e-02
   4.7157191e-01   3.4971437e-02
   4.6822742e-01   3.5046815e-02
   4.6488294e-01   3.5117794e-02
   4.6153846e-01   3.5184310e-02
   4.5819398e-01   3.5246300e-02
   4.5484950e-01   3.5303701e-02
   4.5150502e-01   3.5356450e-02
   4.4816054e-01   3.5404484e-02
   4.4481605e-01   3.5447743e-02
   4.4147157e-01   3.5486165e-02
   4.3812709e-01   3.5519688e-02
   4.3478261e-01   3.5548251e-02
   4.3143813e-01   3.5571795e-02
   4.2809365e-01   3.5590259e-02
   4.2474916e-01   3.5603585e-02
   4.2140468e-01   3.5611713e-02
   4.1806020e-01   3.5614586e-02
   4.1471572e-01   3.5612146e-02
   4.1137124e-01   3.5604336e-02
   4.0802676e-01   3.5591100e-02
   4.0468227e-01   3.5572382e-02
   4.0133779e-01   3.5548127e-02
   3.9799331e-01   3.5518282e-02
   3.9464883e-01   3.5482794e-02
   3.9130435e-01   3.5441609e-02
   3.8795987e-01   3.5394677e-02
   3.8461538e-01   3.5341947e-02
   3.8127090e-01   3.5283368e-02
   3.7792642e-01   3.5218894e-02
   3.7458194e-01   3.5148475e-02
   3.7123746e-01   3.5072065e-02
   3.6789298e-01   3.4989620e-02
   3.6454849e-01   3.4901093e-02
   3.6120401e-01   3.4806443e-02
   3.5785953e-01   3.4705626e-02
   3.5451505e-01   3.4598603e-02
   3.5117057e-01   3.4485335e-02
   3.4782609e-01   3.4365782e-02
   3.4448161e-01   3.4239908e-02
   3.4113712e-01   3.4107678e-02
   3.3779264e-01   3.3969059e-02
   3.3444816e-01   3.3824017e-02
   3.3110368e-01   3.3672523e-02
   3.2775920e-01   3.3514547e-02
   3.2441472e-01   3.3350062e-02
   3.2107023e-01   3.3179042e-02
   3.1772575e-01   3.3001464e-02
   3.1438127e-01   3.2817305e-02
   3.1103679e-01   3.2626546e-02
   3.0769231e-01   3.2429169e-02
   3.0434783e-01   3.2225157e-02
   3.0100334e-01   3.2014497e-02
   2.9765886e-01   3.1797176e-02
   2.9431438e-01   3.1573185e-02
   2.9096990e-01   3.1342517e-02
   2.8762542e-01   3.1105167e-02
   2.8428094e-01   3.0861132e-02
   2.8093645e-01   3.0610413e-02
   2.7759197e-01   3.0353011e-02
   2.7424749e-01   3.0088932e-02
   2.7090301e-01   2.9818185e-02
   2.6755853e-01   2.9540779e-02
   2.6421405e-01   2.9256728e-02
   2.6086957e-01   2.8966049e-02
   2.5752508e-01   2.8668762e-02
   2.5418060e-01   2.8364890e-02
   2.5083612e-01   2.8054459e-02
   2.4749164e-01   2.7737498e-02
   2.4414716e-01   2.7414041e-02
   2.4080268e-01   2.7084124e-02
   2.3745819e-01   2.6747788e-02
   2.3411371e-01   2.6405077e-02
   2.3076923e-01   2.6056038e-02
   2.2742475e-01   2.5700725e-02
   2.2408027e-01   2.5339194e-02
   2.2073579e-01   2.4971506e-02
   2.1739130e-01   2.4597726e-02
   2.1404682e-01   2.4217924e-02
   2.1070234e-01   2.3832174e-02
   2.0735786e-01   2.3440558e-02
   2.0401338e-01   2.3043160e-02
   2.0066890e-01   2.2640069e-02
   1.9732441e-01   2.2231383e-02
   1.9397993e-01   2.1817203e-02
   1.9063545e-01   2.1397636e-02
   1.8729097e-01   2.0972796e-02
   1.8394649e-01   2.0542803e-02
   1.8060201e-01   2.0107785e-02
   1.7725753e-01   1.9667875e-02
   1.7391304e-01   1.9223215e-02
   1.7056856e-01   1.8773952e-02
   1.6722408e-01   1.8320244e-02
   1.6387960e-01   1.7862254e-02
   1.6053512e-01   1.7400157e-02
   1.5719064e-01   1.6934133e-02
   1.5384615e-01   1.6464376e-02
   1.5050167e-01   1.5991085e-02
   1.4715719e-01   1.5514472e-02
   1.4381271e-01   1.5034760e-02
   1.4046823e-01   1.4552182e-02
   1.3712375e-01   1.4066983e-02
   1.3377926e-01   1.3579421e-02
   1.3043478e-01   1.3089767e-02
   1.2709030e-01   1.2598307e-02
   1.2374582e-01   1.2105340e-02
   1.2040134e-01   1.1611182e-02
   1.1705686e-01   1.1116165e-02
   1.1371237e-01   1.0620639e-02
   1.1036789e-01   1.0124973e-02
   1.0702341e-01   9.6295570e-03
   1.0367893e-01   9.1348012e-03
   1.0033445e-01   8.6411403e-03
   9.6989967e-02   8.1490339e-03
   9.3645485e-02   7.6589687e-03
   9.0301003e-02   7.1714614e-03
   8.6956522e-02   6.6870607e-03
   8.3612040e-02   6.2063505e-03
   8.0267559e-02   5.7299538e-03
   7.6923077e-02   5.2585358e-03
   7.3578595e-02   4.7928097e-03
   7.0234114e-02   4.3335411e-03
   6.6889632e-02   3.8815551e-03
   6.3545151e-02   3.4377436e-03
   6.0200669e-02   3.0030750e-03
   5.6856187e-02   2.5786047e-03
   5.3511706e-02   2.1654895e-03
   5.0167224e-02   1.7650045e-03
   4.6822742e-02   1.3785645e-03
   4.3478261e-02   1.0077524e-03
   4.0133779e-02   6.5435524e-04
   3.6789298e-02   3.2041288e-04
   3.3444816e-02   8.2850036e-06
   3.0100334e-02  -2.7925464e-04
   2.6755853e-02  -5.3888012e-04
   2.3411371e-02  -7.6650247e-04
   2.0066890e-02  -9.5692989e-04
   1.6722408e-02  -1.1032816e-03
   1.3377926e-02  -1.1958802e-03
   1.0033445e-02  -1.2198742e-03
   6.6889632e-03  -1.1490248e-03
   3.3444816e-03  -9.2252281e-04
   0.0000000e+00   0.0000000e+00
