   0.0000000e+00   0.0000000e+00
   3.3444816e-03   1.5392846e-02
   6.6889632e-03   2.1772557e-02
   1.0033445e-02   2.6668218e-02
   1.3377926e-02   3.0794002e-02
   1.6722408e-02   3.4426129e-02
   2.0066890e-02   3.7706008e-02
   2.3411371e-02   4.0717469e-02
   2.6755853e-02   4.3515007e-02
   3.0100334e-02   4.6136376e-02
   3.3444816e-02   4.8608993e-02
   3.6789298e-02   5.0953492e-02
   4.0133779e-02   5.3185857e-02
   4.3478261e-02   5.5318760e-02
   4.6822742e-02   5.7362441e-02
   5.0167224e-02   5.9325312e-02
   5.3511706e-02   6.1214380e-02
   5.6856187e-02   6.3035554e-02
   6.0200669e-02   6.4793867e-02
   6.3545151e-02   6.6493648e-02
   6.6889632e-02   6.8138652e-02
   7.0234114e-02   6.9732161e-02
   7.3578595e-02   7.1277060e-02
   7.6923077e-02   7.2775904e-02
   8.0267559e-02   7.4230968e-02
   8.3612040e-02   7.5644287e-02
   8.6956522e-02   7.7017690e-02
   9.0301003e-02   7.8352831e-02
   9.3645485e-02   7.9651207e-02
   9.6989967e-02   8.0914184e-02
   1.0033445e-01   8.2143008e-02
   1.0367893e-01   8.3338823e-02
   1.0702341e-01   8.4502680e-02
   1.1036789e-01   8.5635550e-02
   1.1371237e-01   8.6738332e-02
   1.1705686e-01   8.7811859e-02
   1.2040134e-01   8.8856908e-02
   1.2374582e-01   8.9874202e-02
   1.2709030e-01   9.0864420e-02
   1.3043478e-01   9.1828195e-02
   1.3377926e-01   9.2766126e-02
   1.3712375e-01   9.3678774e-02
   1.4046823e-01   9.4566670e-02
   1.4381271e-01   9.5430316e-02
   1.4715719e-01   9.6270188e-02
   1.5050167e-01   9.7086738e-02
   1.5384615e-01   9.7880395e-02
   1.5719064e-01   9.8651570e-02
   1.6053512e-01   9.9400652e-02
   1.6387960e-01   1.0012802e-01
   1.6722408e-01   1.0083402e-01
   1.7056856e-01   1.0151901e-01
   1.7391304e-01   1.0218332e-01
   1.7725753e-01   1.0282726e-01
   1.8060201e-01   1.0345114e-01
   1.8394649e-01   1.0405525e-01
   1.8729097e-01   1.0463989e-01
   1.9063545e-01   1.0520533e-01
   1.9397993e-01   1.0575183e-01
   1.9732441e-01   1.0627966e-01
   2.0066890e-01   1.0678907e-01
   2.0401338e-01   1.0728031e-01
   2.0735786e-01   1.0775361e-01
   2.1070234e-01   1.0820922e-01
   2.1404682e-01   1.0864735e-01
   2.1739130e-01   1.0906823e-01
   2.2073579e-01   1.0947207e-01
   2.2408027e-01   1.0985910e-01
   2.2742475e-01   1.1022951e-01
   2.3076923e-01   1.1058352e-01
   2.3411371e-01   1.1092131e-01
   2.3745819e-01   1.1124310e-01
   2.4080268e-01   1.1154907e-01
   2.4414716e-01   1.1183940e-01
   2.4749164e-01   1.1211430e-01
   2.5083612e-01   1.1237393e-01
   2.5418060e-01   1.1261849e-01
   2.5752508e-01   1.1284815e-01
   2.6086957e-01   1.1306309e-01
   2.6421405e-01   1.1326347e-01
   2.6755853e-01   1.1344948e-01
   2.7090301e-01   1.1362128e-01
   2.7424749e-01   1.1377903e-01
   2.7759197e-01   1.1392291e-01
   2.8093645e-01   1.1405307e-01
   2.8428094e-01   1.1416968e-01
   2.8762542e-01   1.1427289e-01
   2.9096990e-01   1.1436287e-01
   2.9431438e-01   1.1443976e-01
   2.9765886e-01   1.1450374e-01
   3.0100334e-01   1.1455494e-01
   3.0434783e-01   1.1459353e-01
   3.0769231e-01   1.1461964e-01
   3.1103679e-01   1.1463344e-01
   3.1438127e-01   1.1463507e-01
   3.1772575e-01   1.1462467e-01
   3.2107023e-01   1.1460240e-01
   3.2441472e-01   1.1456839e-01
   3.2775920e-01   1.1452280e-01
   3.3110368e-01   1.1446576e-01
   3.3444816e-01   1.1439741e-01
   3.3779264e-01   1.1431790e-01
   3.4113712e-01   1.1422737e-01
   3.4448161e-01   1.1412595e-01
   3.4782609e-01   1.1401378e-01
   3.5117057e-01   1.1389100e-01
   3.5451505e-01   1.1375774e-01
   3.5785953e-01   1.1361414e-01
   3.6120401e-01   1.1346033e-01
   3.6454849e-01   1.1329644e-01
   3.6789298e-01   1.1312262e-01
   3.7123746e-01   1.1293898e-01
   3.7458194e-01   1.1274566e-01
   3.7792642e-01   1.1254280e-01
   3.8127090e-01   1.1233050e-01
   3.8461538e-01   1.1210892e-01
   3.8795987e-01   1.1187816e-01
   3.9130435e-01   1.1163837e-01
   3.9464883e-01   1.1138966e-01
   3.9799331e-01   1.1113216e-01
   4.0133779e-01   1.1086599e-01
   4.0468227e-01   1.1059128e-01
   4.0802676e-01   1.1030815e-01
   4.1137124e-01   1.1001672e-01
   4.1471572e-01   1.0971711e-01
   4.1806020e-01   1.0940944e-01
   4.2140468e-01   1.0909383e-01
   4.2474916e-01   1.0877040e-01
   4.2809365e-01   1.0843927e-01
   4.3143813e-01   1.0810055e-01
   4.3478261e-01   1.0775435e-01
   4.3812709e-01   1.0740081e-01
   4.4147157e-01   1.0704002e-01
   4.4481605e-01   1.0667210e-01
   4.4816054e-01   1.0629716e-01
   4.5150502e-01   1.0591533e-01
   4.5484950e-01   1.0552670e-01
   4.5819398e-01   1.0513138e-01
   4.6153846e-01   1.0472950e-01
   4.6488294e-01   1.0432115e-01
   4.6822742e-01   1.0390644e-01
   4.7157191e-01   1.0348548e-01
   4.7491639e-01   1.0305838e-01
   4.7826087e-01   1.0262524e-01
   4.8160535e-01   1.0218617e-01
   4.8494983e-01   1.0174126e-01
   4.8829431e-01   1.0129063e-01
   4.9163880e-01   1.0083437e-01
   4.9498328e-01   1.0037258e-01
   4.9832776e-01   9.9905362e-02
   5.0167224e-01   9.9432819e-02
   5.0501672e-01   9.8955046e-02
   5.0836120e-01   9.8472140e-02
   5.1170569e-01   9.7984197e-02
   5.1505017e-01   9.7491313e-02
   5.1839465e-01   9.6993581e-02
   5.2173913e-01   9.6491094e-02
   5.2508361e-01   9.5983946e-02
   5.2842809e-01   9.5472227e-02
   5.3177258e-01   9.4956027e-02
   5.3511706e-01   9.4435436e-02
   5.3846154e-01   9.3910542e-02
   5.4180602e-01   9.3381433e-02
   5.4515050e-01   9.2848194e-02
   5.4849498e-01   9.2310912e-02
   5.5183946e-01   9.1769669e-02
   5.5518395e-01   9.1224550e-02
   5.5852843e-01   9.0675637e-02
   5.6187291e-01   9.0123010e-02
   5.6521739e-01   8.9566750e-02
   5.6856187e-01   8.9006935e-02
   5.7190635e-01   8.8443644e-02
   5.7525084e-01   8.7876953e-02
   5.7859532e-01   8.7306937e-02
   5.8193980e-01   8.6733672e-02
   5.8528428e-01   8.6157231e-02
   5.8862876e-01   8.5577686e-02
   5.9197324e-01   8.4995108e-02
   5.9531773e-01   8.4409567e-02
   5.9866221e-01   8.3821132e-02
   6.0200669e-01   8.3229870e-02
   6.0535117e-01   8.2635849e-02
   6.0869565e-01   8.2039133e-02
   6.1204013e-01   8.1439787e-02
   6.1538462e-01   8.0837874e-02
   6.1872910e-01   8.0233454e-02
   6.2207358e-01   7.9626590e-02
   6.2541806e-01   7.9017339e-02
   6.2876254e-01   7.8405760e-02
   6.3210702e-01   7.7791910e-02
   6.3545151e-01   7.7175844e-02
   6.3879599e-01   7.6557616e-02
   6.4214047e-01   7.5937281e-02
   6.4548495e-01   7.5314888e-02
   6.4882943e-01   7.4690488e-02
   6.5217391e-01   7.4064132e-02
   6.5551839e-01   7.3435865e-02
   6.5886288e-01   7.2805736e-02
   6.6220736e-01   7.2173789e-02
   6.6555184e-01   7.1540067e-02
   6.6889632e-01   7.0904614e-02
   6.7224080e-01   7.0267470e-02
   6.7558528e-01   6.9628675e-02
   6.7892977e-01   6.8988267e-02
   6.8227425e-01   6.8346284e-02
   6.8561873e-01   6.7702760e-02
   6.8896321e-01   6.7057731e-02
   6.9230769e-01   6.6411229e-02
   6.9565217e-01   6.5763284e-02
   6.9899666e-01   6.5113928e-02
   7.0234114e-01   6.4463189e-02
   7.0568562e-01   6.3811093e-02
   7.0903010e-01   6.3157666e-02
   7.1237458e-01   6.2502932e-02
   7.1571906e-01   6.1846915e-02
   7.1906355e-01   6.1189634e-02
   7.2240803e-01   6.0531111e-02
   7.2575251e-01   5.9871362e-02
   7.2909699e-01   5.9210405e-02
   7.3244147e-01   5.8548254e-02
   7.3578595e-01   5.7884924e-02
   7.3913043e-01   5.7220426e-02
   7.4247492e-01   5.6554771e-02
   7.4581940e-01   5.5887968e-02
   7.4916388e-01   5.5220025e-02
   7.5250836e-01   5.4550947e-02
   7.5585284e-01   5.3880738e-02
   7.5919732e-01   5.3209401e-02
   7.6254181e-01   5.2536938e-02
   7.6588629e-01   5.1863347e-02
   7.6923077e-01   5.1188627e-02
   7.7257525e-01   5.0512774e-02
   7.7591973e-01   4.9835782e-02
   7.7926421e-01   4.9157645e-02
   7.8260870e-01   4.8478354e-02
   7.8595318e-01   4.7797899e-02
   7.8929766e-01   4.7116267e-02
   7.9264214e-01   4.6433444e-02
   7.9598662e-01   4.5749417e-02
   7.9933110e-01   4.5064167e-02
   8.0267559e-01   4.4377676e-02
   8.0602007e-01   4.3689924e-02
   8.0936455e-01   4.3000887e-02
   8.1270903e-01   4.2310544e-02
   8.1605351e-01   4.1618867e-02
   8.1939799e-01   4.0925830e-02
   8.2274247e-01   4.0231403e-02
   8.2608696e-01   3.9535556e-02
   8.2943144e-01   3.8838256e-02
   8.3277592e-01   3.8139468e-02
   8.3612040e-01   3.7439157e-02
   8.3946488e-01   3.6737285e-02
   8.4280936e-01   3.6033812e-02
   8.4615385e-01   3.5328696e-02
   8.4949833e-01   3.4621894e-02
   8.5284281e-01   3.3913361e-02
   8.5618729e-01   3.3203050e-02
   8.5953177e-01   3.2490912e-02
   8.6287625e-01   3.1776896e-02
   8.6622074e-01   3.1060950e-02
   8.6956522e-01   3.0343019e-02
   8.7290970e-01   2.9623048e-02
   8.7625418e-01   2.8900978e-02
   8.7959866e-01   2.8176748e-02
   8.8294314e-01   2.7450298e-02
   8.8628763e-01   2.6721563e-02
   8.8963211e-01   2.5990477e-02
   8.9297659e-01   2.5256973e-02
   8.9632107e-01   2.4520982e-02
   8.9966555e-01   2.3782431e-02
   9.0301003e-01   2.3041248e-02
   9.0635452e-01   2.2297357e-02
   9.0969900e-01   2.1550680e-02
   9.1304348e-01   2.0801139e-02
   9.1638796e-01   2.0048651e-02
   9.1973244e-01   1.9293135e-02
   9.2307692e-01   1.8534504e-02
   9.2642140e-01   1.7772671e-02
   9.2976589e-01   1.7007547e-02
   9.3311037e-01   1.6239041e-02
   9.3645485e-01   1.5467059e-02
   9.3979933e-01   1.4691507e-02
   9.4314381e-01   1.3912287e-02
   9.4648829e-01   1.3129299e-02
   9.4983278e-01   1.2342442e-02
   9.5317726e-01   1.1551613e-02
   9.5652174e-01   1.0756705e-02
   9.5986622e-01   9.9576127e-03
   9.6321070e-01   9.1542247e-03
   9.6655518e-01   8.3464298e-03
   9.6989967e-01   7.5341140e-03
   9.7324415e-01   6.7171613e-03
   9.7658863e-01   5.8954538e-03
   9.7993311e-01   5.0688712e-03
   9.8327759e-01   4.2372912e-03
   9.8662207e-01   3.4005894e-03
   9.8996656e-01   2.5586391e-03
   9.9331104e-01   1.7113118e-03
   9.9665552e-01   8.5847641e-04
   1.0000000e+00   0.0000000e+00
   1.0000000e+00   0.0000000e+00
   9.9665552e-01   3.1959570e-04
   9.9331104e-01   6.3103254e-04
   9.8996656e-01   9.3438394e-04
   9.8662207e-01   1.2297230e-03
   9.8327759e-01   1.5171223e-03
   9.7993311e-01   1.7966544e-03
   9.7658863e-01   2.0683912e-03
   9.7324415e-01   2.3324044e-03
   9.6989967e-01   2.5887654e-03
   9.6655518e-01   2.8375451e-03
   9.6321070e-01   3.0788143e-03
   9.5986622e-01   3.3126431e-03
   9.5652174e-01   3.5391017e-03
   9.5317726e-01   3.7582596e-03
   9.4983278e-01   3.9701861e-03
   9.4648829e-01   4.1749503e-03
   9.4314381e-01   4.3726208e-03
   9.3979933e-01   4.5632658e-03
   9.3645485e-01   4.7469535e-03
   9.3311037e-01   4.9237513e-03
   9.2976589e-01   5.0937266e-03
   9.2642140e-01   5.2569466e-03
   9.2307692e-01   5.4134777e-03
   9.1973244e-01   5.5633863e-03
   9.1638796e-01   5.7067386e-03
   9.1304348e-01   5.8436002e-03
   9.0969900e-01   5.9740364e-03
   9.0635452e-01   6.0981124e-03
   9.0301003e-01   6.2158929e-03
   8.9966555e-01   6.3274424e-03
   8.9632107e-01   6.4328249e-03
   8.9297659e-01   6.5321043e-03
   8.8963211e-01   6.6253440e-03
   8.8628763e-01   6.7126074e-03
   8.8294314e-01   6.7939571e-03
   8.7959866e-01   6.8694559e-03
   8.7625418e-01   6.9391660e-03
   8.7290970e-01   7.0031494e-03
   8.6956522e-01   7.0614677e-03
   8.6622074e-01   7.1141822e-03
   8.6287625e-01   7.1613541e-03
   8.5953177e-01   7.2030441e-03
   8.5618729e-01   7.2393127e-03
   8.5284281e-01   7.2702200e-03
   8.4949833e-01   7.2958260e-03
   8.4615385e-01   7.3161902e-03
   8.4280936e-01   7.3313718e-03
   8.3946488e-01   7.3414300e-03
   8.3612040e-01   7.3464235e-03
   8.3277592e-01   7.3464106e-03
   8.2943144e-01   7.3414496e-03
   8.2608696e-01   7.3315982e-03
   8.2274247e-01   7.3169142e-03
   8.1939799e-01   7.2974547e-03
   8.1605351e-01   7.2732768e-03
   8.1270903e-01   7.2444374e-03
   8.0936455e-01   7.2109928e-03
   8.0602007e-01   7.1729992e-03
   8.0267559e-01   7.1305127e-03
   7.9933110e-01   7.0835889e-03
   7.9598662e-01   7.0322831e-03
   7.9264214e-01   6.9766505e-03
   7.8929766e-01   6.9167461e-03
   7.8595318e-01   6.8526243e-03
   7.8260870e-01   6.7843396e-03
   7.7926421e-01   6.7119460e-03
   7.7591973e-01   6.6354975e-03
   7.7257525e-01   6.5550474e-03
   7.6923077e-01   6.4706493e-03
   7.6588629e-01   6.3823561e-03
   7.6254181e-01   6.2902207e-03
   7.5919732e-01   6.1942957e-03
   7.5585284e-01   6.0946335e-03
   7.5250836e-01   5.9912860e-03
   7.4916388e-01   5.8843052e-03
   7.4581940e-01   5.7737426e-03
   7.4247492e-01   5.6596497e-03
   7.3913043e-01   5.5420776e-03
   7.3578595e-01   5.4210772e-03
   7.3244147e-01   5.2966991e-03
   7.2909699e-01   5.1689939e-03
   7.2575251e-01   5.0380117e-03
   7.2240803e-01   4.9038026e-03
   7.1906355e-01   4.7664163e-03
   7.1571906e-01   4.6259023e-03
   7.1237458e-01   4.4823100e-03
   7.0903010e-01   4.3356886e-03
   7.0568562e-01   4.1860869e-03
   7.0234114e-01   4.0335537e-03
   6.9899666e-01   3.8781373e-03
   6.9565217e-01   3.7198862e-03
   6.9230769e-01   3.5588483e-03
   6.8896321e-01   3.3950716e-03
   6.8561873e-01   3.2286038e-03
   6.8227425e-01   3.0594922e-03
   6.7892977e-01   2.8877842e-03
   6.7558528e-01   2.7135269e-03
   6.7224080e-01   2.5367673e-03
   6.6889632e-01   2.3575519e-03
   6.6555184e-01   2.1759274e-03
   6.6220736e-01   1.9919400e-03
   6.5886288e-01   1.8056361e-03
   6.5551839e-01   1.6170615e-03
   6.5217391e-01   1.4262622e-03
   6.4882943e-01   1.2332837e-03
   6.4548495e-01   1.0381715e-03
   6.4214047e-01   8.4097104e-04
   6.3879599e-01   6.4172740e-04
   6.3545151e-01   4.4048560e-04
   6.3210702e-01   2.3729049e-04
   6.2876254e-01   3.2186767e-05
   6.2541806e-01  -1.7478102e-04
   6.2207358e-01  -3.8356846e-04
   6.1872910e-01  -5.9413132e-04
   6.1538462e-01  -8.0642545e-04
   6.1204013e-01  -1.0204069e-03
   6.0869565e-01  -1.2360318e-03
   6.0535117e-01  -1.4532564e-03
   6.0200669e-01  -1.6720372e-03
   5.9866221e-01  -1.8923306e-03
   5.9531773e-01  -2.1140933e-03
   5.9197324e-01  -2.3372822e-03
   5.8862876e-01  -2.5618540e-03
   5.8528428e-01  -2.7877657e-03
   5.8193980e-01  -3.0149744e-03
   5.7859532e-01  -3.2434374e-03
   5.7525084e-01  -3.4731119e-03
   5.7190635e-01  -3.7039552e-03
   5.6856187e-01  -3.9359249e-03
   5.6521739e-01  -4.1689785e-03
   5.6187291e-01  -4.4030736e-03
   5.5852843e-01  -4.6381679e-03
   5.5518395e-01  -4.8742193e-03
   5.5183946e-01  -5.1111855e-03
   5.4849498e-01  -5.3490244e-03
   5.4515050e-01  -5.5876941e-03
   5.4180602e-01  -5.8271525e-03
   5.3846154e-01  -6.0673577e-03
   5.3511706e-01  -6.3082678e-03
   5.3177258e-01  -6.5498410e-03
   5.2842809e-01  -6.7920354e-03
   5.2508361e-01  -7.0348092e-03
   5.2173913e-01  -7.2781207e-03
   5.1839465e-01  -7.5219282e-03
   5.1505017e-01  -7.7661898e-03
   5.1170569e-01  -8.0108639e-03
   5.0836120e-01  -8.2559087e-03
   5.0501672e-01  -8.5012824e-03
   5.0167224e-01  -8.7469434e-03
   4.9832776e-01  -8.9928498e-03
   4.9498328e-01  -9.2389599e-03
   4.9163880e-01  -9.4852318e-03
   4.8829431e-01  -9.7316237e-03
   4.8494983e-01  -9.9780936e-03
   4.8160535e-01  -1.0224600e-02
   4.7826087e-01  -1.0471100e-02
   4.7491639e-01  -1.0717552e-02
   4.7157191e-01  -1.0963914e-02
   4.6822742e-01  -1.1210144e-02
   4.6488294e-01  -1.1456199e-02
   4.6153846e-01  -1.1702037e-02
   4.5819398e-01  -1.1947615e-02
   4.5484950e-01  -1.2192891e-02
   4.5150502e-01  -1.2437822e-02
   4.4816054e-01  -1.2682365e-02
   4.4481605e-01  -1.2926477e-02
   4.4147157e-01  -1.3170115e-02
   4.3812709e-01  -1.3413236e-02
   4.3478261e-01  -1.3655796e-02
   4.3143813e-01  -1.3897751e-02
   4.2809365e-01  -1.4139058e-02
   4.2474916e-01  -1.4379672e-02
   4.2140468e-01  -1.4619550e-02
   4.1806020e-01  -1.4858646e-02
   4.1471572e-01  -1.5096916e-02
   4.1137124e-01  -1.5334316e-02
   4.0802676e-01  -1.5570799e-02
   4.0468227e-01  -1.5806321e-02
   4.0133779e-01  -1.6040835e-02
   3.9799331e-01  -1.6274295e-02
   3.9464883e-01  -1.6506656e-02
   3.9130435e-01  -1.6737871e-02
   3.8795987e-01  -1.6967891e-02
   3.8461538e-01  -1.7196671e-02
   3.8127090e-01  -1.7424162e-02
   3.7792642e-01  -1.7650316e-02
   3.7458194e-01  -1.7875084e-02
   3.7123746e-01  -1.8098418e-02
   3.6789298e-01  -1.8320268e-02
   3.6454849e-01  -1.8540585e-02
   3.6120401e-01  -1.8759317e-02
   3.5785953e-01  -1.8976414e-02
   3.5451505e-01  -1.9191825e-02
   3.5117057e-01  -1.9405498e-02
   3.4782609e-01  -1.9617381e-02
   3.4448161e-01  -1.9827419e-02
   3.4113712e-01  -2.0035560e-02
   3.3779264e-01  -2.0241750e-02
   3.3444816e-01  -2.0445933e-02
   3.3110368e-01  -2.0648053e-02
   3.2775920e-01  -2.0848055e-02
   3.2441472e-01  -2.1045882e-02
   3.2107023e-01  -2.1241475e-02
   3.1772575e-01  -2.1434775e-02
   3.1438127e-01  -2.1625724e-02
   3.1103679e-01  -2.1814261e-02
   3.0769231e-01  -2.2000325e-02
   3.0434783e-01  -2.2183853e-02
   3.0100334e-01  -2.2364782e-02
   2.9765886e-01  -2.2543048e-02
   2.9431438e-01  -2.2718586e-02
   2.9096990e-01  -2.2891329e-02
   2.8762542e-01  -2.3061210e-02
   2.8428094e-01  -2.3228159e-02
   2.8093645e-01  -2.3392107e-02
   2.7759197e-01  -2.3552983e-02
   2.7424749e-01  -2.3710714e-02
   2.7090301e-01  -2.3865225e-02
   2.6755853e-01  -2.4016441e-02
   2.6421405e-01  -2.4164284e-02
   2.6086957e-01  -2.4308677e-02
   2.5752508e-01  -2.4449538e-02
   2.5418060e-01  -2.4586785e-02
   2.5083612e-01  -2.4720334e-02
   2.4749164e-01  -2.4850098e-02
   2.4414716e-01  -2.4975991e-02
   2.4080268e-01  -2.5097921e-02
   2.3745819e-01  -2.5215795e-02
   2.3411371e-01  -2.5329520e-02
   2.3076923e-01  -2.5438998e-02
   2.2742475e-01  -2.5544129e-02
   2.2408027e-01  -2.5644811e-02
   2.2073579e-01  -2.5740938e-02
   2.1739130e-01  -2.5832401e-02
   2.1404682e-01  -2.5919091e-02
   2.1070234e-01  -2.6000891e-02
   2.0735786e-01  -2.6077684e-02
   2.0401338e-01  -2.6149348e-02
   2.0066890e-01  -2.6215757e-02
   1.9732441e-01  -2.6276782e-02
   1.9397993e-01  -2.6332288e-02
   1.9063545e-01  -2.6382137e-02
   1.8729097e-01  -2.6426186e-02
   1.8394649e-01  -2.6464286e-02
   1.8060201e-01  -2.6496284e-02
   1.7725753e-01  -2.6522019e-02
   1.7391304e-01  -2.6541327e-02
   1.7056856e-01  -2.6554035e-02
   1.6722408e-01  -2.6559965e-02
   1.6387960e-01  -2.6558930e-02
   1.6053512e-01  -2.6550735e-02
   1.5719064e-01  -2.6535180e-02
   1.5384615e-01  -2.6512051e-02
   1.5050167e-01  -2.6481129e-02
   1.4715719e-01  -2.6442181e-02
   1.4381271e-01  -2.6394966e-02
   1.4046823e-01  -2.6339228e-02
   1.3712375e-01  -2.6274701e-02
   1.3377926e-01  -2.6201104e-02
   1.3043478e-01  -2.6118139e-02
   1.2709030e-01  -2.6025494e-02
   1.2374582e-01  -2.5922838e-02
   1.2040134e-01  -2.5809822e-02
   1.1705686e-01  -2.5686074e-02
   1.1371237e-01  -2.5551200e-02
   1.1036789e-01  -2.5404778e-02
   1.0702341e-01  -2.5246361e-02
   1.0367893e-01  -2.5075469e-02
   1.0033445e-01  -2.4891588e-02
   9.6989967e-02  -2.4694166e-02
   9.3645485e-02  -2.4482606e-02
   9.0301003e-02  -2.4256265e-02
   8.6956522e-02  -2.4014445e-02
   8.3612040e-02  -2.3756388e-02
   8.0267559e-02  -2.3481265e-02
   7.6923077e-02  -2.3188168e-02
   7.3578595e-02  -2.2876098e-02
   7.0234114e-02  -2.2543950e-02
   6.6889632e-02  -2.2190497e-02
   6.3545151e-02  -2.1814370e-02
   6.0200669e-02  -2.1414026e-02
   5.6856187e-02  -2.0987725e-02
   5.3511706e-02  -2.0533480e-02
   5.0167224e-02  -2.0049008e-02
   4.6822742e-02  -1.9531665e-02
   4.3478261e-02  -1.8978348e-02
   4.0133779e-02  -1.8385376e-02
   3.6789298e-02  -1.7748322e-02
   3.3444816e-02  -1.7061772e-02
   3.0100334e-02  -1.6318975e-02
   2.6755853e-02  -1.5511315e-02
   2.3411371e-02  -1.4627474e-02
   2.0066890e-02  -1.3652040e-02
   1.6722408e-02  -1.2563007e-02
   1.3377926e-02  -1.1326886e-02
   1.0033445e-02  -9.8877745e-03
   6.6889632e-03  -8.1375928e-03
   3.3444816e-03  -5.7997570e-03
   0.0000000e+00   0.0000000e+00
