   0.0000000e+00   0.0000000e+00
   3.3444816e-03   9.9055078e-03
   6.6889632e-03   1.4046747e-02
   1.0033445e-02   1.7248571e-02
   1.3377926e-02   1.9966541e-02
   1.6722408e-02   2.2376270e-02
   2.0066890e-02   2.4567360e-02
   2.3411371e-02   2.6592745e-02
   2.6755853e-02   2.8486713e-02
   3.0100334e-02   3.0272931e-02
   3.3444816e-02   3.1968518e-02
   3.6789298e-02   3.3586307e-02
   4.0133779e-02   3.5136198e-02
   4.3478261e-02   3.6626005e-02
   4.6822742e-02   3.8062015e-02
   5.0167224e-02   3.9449369e-02
   5.3511706e-02   4.0792329e-02
   5.6856187e-02   4.2094472e-02
   6.0200669e-02   4.3358829e-02
   6.3545151e-02   4.4587995e-02
   6.6889632e-02   4.5784208e-02
   7.0234114e-02   4.6949414e-02
   7.3578595e-02   4.8085316e-02
   7.6923077e-02   4.9193410e-02
   8.0267559e-02   5.0275025e-02
   8.3612040e-02   5.1331340e-02
   8.6956522e-02   5.2363410e-02
   9.0301003e-02   5.3372182e-02
   9.3645485e-02   5.4358512e-02
   9.6989967e-02   5.5323171e-02
   1.0033445e-01   5.6266863e-02
   1.0367893e-01   5.7190228e-02
   1.0702341e-01   5.8093850e-02
   1.1036789e-01   5.8978268e-02
   1.1371237e-01   5.9843975e-02
   1.1705686e-01   6.0691428e-02
   1.2040134e-01   6.1521049e-02
   1.2374582e-01   6.2333230e-02
   1.2709030e-01   6.3128335e-02
   1.3043478e-01   6.3906704e-02
   1.3377926e-01   6.4668655e-02
   1.3712375e-01   6.5414486e-02
   1.4046823e-01   6.6144477e-02
   1.4381271e-01   6.6858891e-02
   1.4715719e-01   6.7557977e-02
   1.5050167e-01   6.8241970e-02
   1.5384615e-01   6.8911092e-02
   1.5719064e-01   6.9565556e-02
   1.6053512e-01   7.0205562e-02
   1.6387960e-01   7.0831303e-02
   1.6722408e-01   7.1442961e-02
   1.7056856e-01   7.2040713e-02
   1.7391304e-01   7.2624726e-02
   1.7725753e-01   7.3195162e-02
   1.8060201e-01   7.3752177e-02
   1.8394649e-01   7.4295920e-02
   1.8729097e-01   7.4826537e-02
   1.9063545e-01   7.5344167e-02
   1.9397993e-01   7.5848945e-02
   1.9732441e-01   7.6341003e-02
   2.0066890e-01   7.6820470e-02
   2.0401338e-01   7.7287468e-02
   2.0735786e-01   7.7742120e-02
   2.1070234e-01   7.8184543e-02
   2.1404682e-01   7.8614852e-02
   2.1739130e-01   7.9033160e-02
   2.2073579e-01   7.9439578e-02
   2.2408027e-01   7.9834214e-02
   2.2742475e-01   8.0217173e-02
   2.3076923e-01   8.0588560e-02
   2.3411371e-01   8.0948478e-02
   2.3745819e-01   8.1297026e-02
   2.4080268e-01   8.1634305e-02
   2.4414716e-01   8.1960413e-02
   2.4749164e-01   8.2275445e-02
   2.5083612e-01   8.2579497e-02
   2.5418060e-01   8.2872663e-02
   2.5752508e-01   8.3155035e-02
   2.6086957e-01   8.3426707e-02
   2.6421405e-01   8.3687770e-02
   2.6755853e-01   8.3938312e-02
   2.7090301e-01   8.4178424e-02
   2.7424749e-01   8.4408194e-02
   2.7759197e-01   8.4627710e-02
   2.8093645e-01   8.4837059e-02
   2.8428094e-01   8.5036328e-02
   2.8762542e-01   8.5225603e-02
   2.9096990e-01   8.5404968e-02
   2.9431438e-01   8.5574509e-02
   2.9765886e-01   8.5734310e-02
   3.0100334e-01   8.5884455e-02
   3.0434783e-01   8.6025026e-02
   3.0769231e-01   8.6156108e-02
   3.1103679e-01   8.6277782e-02
   3.1438127e-01   8.6390130e-02
   3.1772575e-01   8.6493235e-02
   3.2107023e-01   8.6587177e-02
   3.2441472e-01   8.6672037e-02
   3.2775920e-01   8.6747896e-02
   3.3110368e-01   8.6814835e-02
   3.3444816e-01   8.6872932e-02
   3.3779264e-01   8.6922269e-02
   3.4113712e-01   8.6962924e-02
   3.4448161e-01   8.6994977e-02
   3.4782609e-01   8.7018506e-02
   3.5117057e-01   8.7033589e-02
   3.5451505e-01   8.7040305e-02
   3.5785953e-01   8.7038732e-02
   3.6120401e-01   8.7028948e-02
   3.6454849e-01   8.7011030e-02
   3.6789298e-01   8.6985054e-02
   3.7123746e-01   8.6951099e-02
   3.7458194e-01   8.6909240e-02
   3.7792642e-01   8.6859554e-02
   3.8127090e-01   8.6802117e-02
   3.8461538e-01   8.6737004e-02
   3.8795987e-01   8.6664292e-02
   3.9130435e-01   8.6584056e-02
   3.9464883e-01   8.6496370e-02
   3.9799331e-01   8.6401309e-02
   4.0133779e-01   8.6298948e-02
   4.0468227e-01   8.6189361e-02
   4.0802676e-01   8.6072621e-02
   4.1137124e-01   8.5948802e-02
   4.1471572e-01   8.5817979e-02
   4.1806020e-01   8.5680222e-02
   4.2140468e-01   8.5535606e-02
   4.2474916e-01   8.5384202e-02
   4.2809365e-01   8.5226083e-02
   4.3143813e-01   8.5061320e-02
   4.3478261e-01   8.4889985e-02
   4.3812709e-01   8.4712149e-02
   4.4147157e-01   8.4527882e-02
   4.4481605e-01   8.4337255e-02
   4.4816054e-01   8.4140339e-02
   4.5150502e-01   8.3937202e-02
   4.5484950e-01   8.3727914e-02
   4.5819398e-01   8.3512544e-02
   4.6153846e-01   8.3291161e-02
   4.6488294e-01   8.3063832e-02
   4.6822742e-01   8.2830627e-02
   4.7157191e-01   8.2591611e-02
   4.7491639e-01   8.2346853e-02
   4.7826087e-01   8.2096418e-02
   4.8160535e-01   8.1840374e-02
   4.8494983e-01   8.1578786e-02
   4.8829431e-01   8.1311719e-02
   4.9163880e-01   8.1039238e-02
   4.9498328e-01   8.0761408e-02
   4.9832776e-01   8.0478293e-02
   5.0167224e-01   8.0189956e-02
   5.0501672e-01   7.9896460e-02
   5.0836120e-01   7.9597869e-02
   5.1170569e-01   7.9294244e-02
   5.1505017e-01   7.8985647e-02
   5.1839465e-01   7.8672140e-02
   5.2173913e-01   7.8353782e-02
   5.2508361e-01   7.8030635e-02
   5.2842809e-01   7.7702758e-02
   5.3177258e-01   7.7370209e-02
   5.3511706e-01   7.7033048e-02
   5.3846154e-01   7.6691333e-02
   5.4180602e-01   7.6345121e-02
   5.4515050e-01   7.5994469e-02
   5.4849498e-01   7.5639434e-02
   5.5183946e-01   7.5280071e-02
   5.5518395e-01   7.4916436e-02
   5.5852843e-01   7.4548584e-02
   5.6187291e-01   7.4176568e-02
   5.6521739e-01   7.3800441e-02
   5.6856187e-01   7.3420258e-02
   5.7190635e-01   7.3036070e-02
   5.7525084e-01   7.2647929e-02
   5.7859532e-01   7.2255885e-02
   5.8193980e-01   7.1859989e-02
   5.8528428e-01   7.1460292e-02
   5.8862876e-01   7.1056841e-02
   5.9197324e-01   7.0649686e-02
   5.9531773e-01   7.0238873e-02
   5.9866221e-01   6.9824451e-02
   6.0200669e-01   6.9406465e-02
   6.0535117e-01   6.8984962e-02
   6.0869565e-01   6.8559985e-02
   6.1204013e-01   6.8131581e-02
   6.1538462e-01   6.7699790e-02
   6.1872910e-01   6.7264658e-02
   6.2207358e-01   6.6826226e-02
   6.2541806e-01   6.6384535e-02
   6.2876254e-01   6.5939626e-02
   6.3210702e-01   6.5491539e-02
   6.3545151e-01   6.5040312e-02
   6.3879599e-01   6.4585985e-02
   6.4214047e-01   6.4128595e-02
   6.4548495e-01   6.3668178e-02
   6.4882943e-01   6.3204771e-02
   6.5217391e-01   6.2738408e-02
   6.5551839e-01   6.2269125e-02
   6.5886288e-01   6.1796954e-02
   6.6220736e-01   6.1321930e-02
   6.6555184e-01   6.0844082e-02
   6.6889632e-01   6.0363443e-02
   6.7224080e-01   5.9880043e-02
   6.7558528e-01   5.9393911e-02
   6.7892977e-01   5.8905076e-02
   6.8227425e-01   5.8413565e-02
   6.8561873e-01   5.7919406e-02
   6.8896321e-01   5.7422624e-02
   6.9230769e-01   5.6923244e-02
   6.9565217e-01   5.6421291e-02
   6.9899666e-01   5.5916788e-02
   7.0234114e-01   5.5409757e-02
   7.0568562e-01   5.4900219e-02
   7.0903010e-01   5.4388196e-02
   7.1237458e-01   5.3873707e-02
   7.1571906e-01   5.3356770e-02
   7.1906355e-01   5.2837403e-02
   7.2240803e-01   5.2315623e-02
   7.2575251e-01   5.1791447e-02
   7.2909699e-01   5.1264888e-02
   7.3244147e-01   5.0735960e-02
   7.3578595e-01   5.0204678e-02
   7.3913043e-01   4.9671051e-02
   7.4247492e-01   4.9135093e-02
   7.4581940e-01   4.8596812e-02
   7.4916388e-01   4.8056218e-02
   7.5250836e-01   4.7513318e-02
   7.5585284e-01   4.6968119e-02
   7.5919732e-01   4.6420628e-02
   7.6254181e-01   4.5870849e-02
   7.6588629e-01   4.5318787e-02
   7.6923077e-01   4.4764443e-02
   7.7257525e-01   4.4207820e-02
   7.7591973e-01   4.3648919e-02
   7.7926421e-01   4.3087738e-02
   7.8260870e-01   4.2524278e-02
   7.8595318e-01   4.1958534e-02
   7.8929766e-01   4.1390505e-02
   7.9264214e-01   4.0820184e-02
   7.9598662e-01   4.0247567e-02
   7.9933110e-01   3.9672647e-02
   8.0267559e-01   3.9095414e-02
   8.0602007e-01   3.8515862e-02
   8.0936455e-01   3.7933978e-02
   8.1270903e-01   3.7349753e-02
   8.1605351e-01   3.6763173e-02
   8.1939799e-01   3.6174225e-02
   8.2274247e-01   3.5582894e-02
   8.2608696e-01   3.4989165e-02
   8.2943144e-01   3.4393020e-02
   8.3277592e-01   3.3794441e-02
   8.3612040e-01   3.3193409e-02
   8.3946488e-01   3.2589903e-02
   8.4280936e-01   3.1983901e-02
   8.4615385e-01   3.1375381e-02
   8.4949833e-01   3.0764319e-02
   8.5284281e-01   3.0150688e-02
   8.5618729e-01   2.9534463e-02
   8.5953177e-01   2.8915617e-02
   8.6287625e-01   2.8294119e-02
   8.6622074e-01   2.7669939e-02
   8.6956522e-01   2.7043048e-02
   8.7290970e-01   2.6413410e-02
   8.7625418e-01   2.5780994e-02
   8.7959866e-01   2.5145763e-02
   8.8294314e-01   2.4507682e-02
   8.8628763e-01   2.3866712e-02
   8.8963211e-01   2.3222815e-02
   8.9297659e-01   2.2575951e-02
   8.9632107e-01   2.1926077e-02
   8.9966555e-01   2.1273151e-02
   9.0301003e-01   2.0617130e-02
   9.0635452e-01   1.9957968e-02
   9.0969900e-01   1.9295618e-02
   9.1304348e-01   1.8630032e-02
   9.1638796e-01   1.7961161e-02
   9.1973244e-01   1.7288954e-02
   9.2307692e-01   1.6613360e-02
   9.2642140e-01   1.5934325e-02
   9.2976589e-01   1.5251794e-02
   9.3311037e-01   1.4565712e-02
   9.3645485e-01   1.3876021e-02
   9.3979933e-01   1.3182663e-02
   9.4314381e-01   1.2485578e-02
   9.4648829e-01   1.1784704e-02
   9.4983278e-01   1.1079979e-02
   9.5317726e-01   1.0371338e-02
   9.5652174e-01   9.6587158e-03
   9.5986622e-01   8.9420459e-03
   9.6321070e-01   8.2212598e-03
   9.6655518e-01   7.4962877e-03
   9.6989967e-01   6.7670587e-03
   9.7324415e-01   6.0335002e-03
   9.7658863e-01   5.2955382e-03
   9.7993311e-01   4.5530975e-03
   9.8327759e-01   3.8061013e-03
   9.8662207e-01   3.0544714e-03
   9.8996656e-01   2.2981281e-03
   9.9331104e-01   1.5369904e-03
   9.9665552e-01   7.7097566e-04
   1.0000000e+00   0.0000000e+00
   1.0000000e+00  -0.0000000e+00
   9.9665552e-01  -3.0540791e-04
   9.9331104e-01  -6.0260367e-04
   9.8996656e-01  -8.9163560e-04
   9.8662207e-01  -1.1725529e-03
   9.8327759e-01  -1.4454054e-03
   9.7993311e-01  -1.7102440e-03
   9.7658863e-01  -1.9671202e-03
   9.7324415e-01  -2.2160863e-03
   9.6989967e-01  -2.4571955e-03
   9.6655518e-01  -2.6905016e-03
   9.6321070e-01  -2.9160595e-03
   9.5986622e-01  -3.1339244e-03
   9.5652174e-01  -3.3441525e-03
   9.5317726e-01  -3.5468009e-03
   9.4983278e-01  -3.7419272e-03
   9.4648829e-01  -3.9295898e-03
   9.4314381e-01  -4.1098478e-03
   9.3979933e-01  -4.2827612e-03
   9.3645485e-01  -4.4483905e-03
   9.3311037e-01  -4.6067970e-03
   9.2976589e-01  -4.7580428e-03
   9.2642140e-01  -4.9021904e-03
   9.2307692e-01  -5.0393034e-03
   9.1973244e-01  -5.1694457e-03
   9.1638796e-01  -5.2926820e-03
   9.1304348e-01  -5.4090779e-03
   9.0969900e-01  -5.5186993e-03
   9.0635452e-01  -5.6216129e-03
   9.0301003e-01  -5.7178861e-03
   8.9966555e-01  -5.8075870e-03
   8.9632107e-01  -5.8907841e-03
   8.9297659e-01  -5.9675467e-03
   8.8963211e-01  -6.0379446e-03
   8.8628763e-01  -6.1020484e-03
   8.8294314e-01  -6.1599290e-03
   8.7959866e-01  -6.2116582e-03
   8.7625418e-01  -6.2573083e-03
   8.7290970e-01  -6.2969520e-03
   8.6956522e-01  -6.3306627e-03
   8.6622074e-01  -6.3585145e-03
   8.6287625e-01  -6.3805818e-03
   8.5953177e-01  -6.3969398e-03
   8.5618729e-01  -6.4076639e-03
   8.5284281e-01  -6.4128305e-03
   8.4949833e-01  -6.4125161e-03
   8.4615385e-01  -6.4067979e-03
   8.4280936e-01  -6.3957537e-03
   8.3946488e-01  -6.3794615e-03
   8.3612040e-01  -6.3580002e-03
   8.3277592e-01  -6.3314488e-03
   8.2943144e-01  -6.2998871e-03
   8.2608696e-01  -6.2633951e-03
   8.2274247e-01  -6.2220534e-03
   8.1939799e-01  -6.1759430e-03
   8.1605351e-01  -6.1251454e-03
   8.1270903e-01  -6.0697425e-03
   8.0936455e-01  -6.0098167e-03
   8.0602007e-01  -5.9454507e-03
   8.0267559e-01  -5.8767276e-03
   7.9933110e-01  -5.8037310e-03
   7.9598662e-01  -5.7265448e-03
   7.9264214e-01  -5.6452534e-03
   7.8929766e-01  -5.5599415e-03
   7.8595318e-01  -5.4706942e-03
   7.8260870e-01  -5.3775969e-03
   7.7926421e-01  -5.2807353e-03
   7.7591973e-01  -5.1801956e-03
   7.7257525e-01  -5.0760643e-03
   7.6923077e-01  -4.9684280e-03
   7.6588629e-01  -4.8573740e-03
   7.6254181e-01  -4.7429894e-03
   7.5919732e-01  -4.6253621e-03
   7.5585284e-01  -4.5045800e-03
   7.5250836e-01  -4.3807313e-03
   7.4916388e-01  -4.2539044e-03
   7.4581940e-01  -4.1241882e-03
   7.4247492e-01  -3.9916716e-03
   7.3913043e-01  -3.8564439e-03
   7.3578595e-01  -3.7185945e-03
   7.3244147e-01  -3.5782130e-03
   7.2909699e-01  -3.4353894e-03
   7.2575251e-01  -3.2902137e-03
   7.2240803e-01  -3.1427761e-03
   7.1906355e-01  -2.9931672e-03
   7.1571906e-01  -2.8414774e-03
   7.1237458e-01  -2.6877974e-03
   7.0903010e-01  -2.5322183e-03
   7.0568562e-01  -2.3748310e-03
   7.0234114e-01  -2.2157267e-03
   6.9899666e-01  -2.0549965e-03
   6.9565217e-01  -1.8927319e-03
   6.9230769e-01  -1.7290243e-03
   6.8896321e-01  -1.5639653e-03
   6.8561873e-01  -1.3976463e-03
   6.8227425e-01  -1.2301591e-03
   6.7892977e-01  -1.0615953e-03
   6.7558528e-01  -8.9204665e-04
   6.7224080e-01  -7.2160492e-04
   6.6889632e-01  -5.5036185e-04
   6.6555184e-01  -3.7840919e-04
   6.6220736e-01  -2.0583867e-04
   6.5886288e-01  -3.2742009e-05
   6.5551839e-01   1.4078912e-04
   6.5217391e-01   3.1466308e-04
   6.4882943e-01   4.8878831e-04
   6.4548495e-01   6.6307333e-04
   6.4214047e-01   8.3742673e-04
   6.3879599e-01   1.0117572e-03
   6.3545151e-01   1.1859736e-03
   6.3210702e-01   1.3599848e-03
   6.2876254e-01   1.5336998e-03
   6.2541806e-01   1.7070280e-03
   6.2207358e-01   1.8798787e-03
   6.1872910e-01   2.0521615e-03
   6.1538462e-01   2.2237861e-03
   6.1204013e-01   2.3946625e-03
   6.0869565e-01   2.5647008e-03
   6.0535117e-01   2.7338116e-03
   6.0200669e-01   2.9019054e-03
   5.9866221e-01   3.0688932e-03
   5.9531773e-01   3.2346863e-03
   5.9197324e-01   3.3991960e-03
   5.8862876e-01   3.5623342e-03
   5.8528428e-01   3.7240130e-03
   5.8193980e-01   3.8841449e-03
   5.7859532e-01   4.0426426e-03
   5.7525084e-01   4.1994195e-03
   5.7190635e-01   4.3543890e-03
   5.6856187e-01   4.5074650e-03
   5.6521739e-01   4.6585621e-03
   5.6187291e-01   4.8075949e-03
   5.5852843e-01   4.9544788e-03
   5.5518395e-01   5.0991294e-03
   5.5183946e-01   5.2414630e-03
   5.4849498e-01   5.3813962e-03
   5.4515050e-01   5.5188464e-03
   5.4180602e-01   5.6537311e-03
   5.3846154e-01   5.7859689e-03
   5.3511706e-01   5.9154784e-03
   5.3177258e-01   6.0421793e-03
   5.2842809e-01   6.1659915e-03
   5.2508361e-01   6.2868358e-03
   5.2173913e-01   6.4046335e-03
   5.1839465e-01   6.5193066e-03
   5.1505017e-01   6.6307779e-03
   5.1170569e-01   6.7389706e-03
   5.0836120e-01   6.8438091e-03
   5.0501672e-01   6.9452180e-03
   5.0167224e-01   7.0431231e-03
   4.9832776e-01   7.1374508e-03
   4.9498328e-01   7.2281283e-03
   4.9163880e-01   7.3150837e-03
   4.8829431e-01   7.3982459e-03
   4.8494983e-01   7.4775447e-03
   4.8160535e-01   7.5529108e-03
   4.7826087e-01   7.6242759e-03
   4.7491639e-01   7.6915725e-03
   4.7157191e-01   7.7547341e-03
   4.6822742e-01   7.8136953e-03
   4.6488294e-01   7.8683916e-03
   4.6153846e-01   7.9187597e-03
   4.5819398e-01   7.9647373e-03
   4.5484950e-01   8.0062630e-03
   4.5150502e-01   8.0432768e-03
   4.4816054e-01   8.0757198e-03
   4.4481605e-01   8.1035342e-03
   4.4147157e-01   8.1266634e-03
   4.3812709e-01   8.1450522e-03
   4.3478261e-01   8.1586465e-03
   4.3143813e-01   8.1673935e-03
   4.2809365e-01   8.1712419e-03
   4.2474916e-01   8.1701415e-03
   4.2140468e-01   8.1640438e-03
   4.1806020e-01   8.1529015e-03
   4.1471572e-01   8.1366688e-03
   4.1137124e-01   8.1153014e-03
   4.0802676e-01   8.0887566e-03
   4.0468227e-01   8.0569932e-03
   4.0133779e-01   8.0199716e-03
   3.9799331e-01   7.9776539e-03
   3.9464883e-01   7.9300038e-03
   3.9130435e-01   7.8769867e-03
   3.8795987e-01   7.8185699e-03
   3.8461538e-01   7.7547223e-03
   3.8127090e-01   7.6854148e-03
   3.7792642e-01   7.6106201e-03
   3.7458194e-01   7.5303128e-03
   3.7123746e-01   7.4444696e-03
   3.6789298e-01   7.3530690e-03
   3.6454849e-01   7.2560919e-03
   3.6120401e-01   7.1535209e-03
   3.5785953e-01   7.0453411e-03
   3.5451505e-01   6.9315397e-03
   3.5117057e-01   6.8121061e-03
   3.4782609e-01   6.6870321e-03
   3.4448161e-01   6.5563118e-03
   3.4113712e-01   6.4199419e-03
   3.3779264e-01   6.2779214e-03
   3.3444816e-01   6.1302521e-03
   3.3110368e-01   5.9769380e-03
   3.2775920e-01   5.8179863e-03
   3.2441472e-01   5.6534066e-03
   3.2107023e-01   5.4832115e-03
   3.1772575e-01   5.3074163e-03
   3.1438127e-01   5.1260394e-03
   3.1103679e-01   4.9391023e-03
   3.0769231e-01   4.7466294e-03
   3.0434783e-01   4.5486486e-03
   3.0100334e-01   4.3451909e-03
   2.9765886e-01   4.1362906e-03
   2.9431438e-01   3.9219856e-03
   2.9096990e-01   3.7023174e-03
   2.8762542e-01   3.4773309e-03
   2.8428094e-01   3.2470751e-03
   2.8093645e-01   3.0116026e-03
   2.7759197e-01   2.7709700e-03
   2.7424749e-01   2.5252381e-03
   2.7090301e-01   2.2744718e-03
   2.6755853e-01   2.0187403e-03
   2.6421405e-01   1.7581173e-03
   2.6086957e-01   1.4926811e-03
   2.5752508e-01   1.2225147e-03
   2.5418060e-01   9.4770589e-04
   2.5083612e-01   6.6834757e-04
   2.4749164e-01   3.8453776e-04
   2.4414716e-01   9.6379851e-05
   2.4080268e-01  -1.9601728e-04
   2.3745819e-01  -4.9253906e-04
   2.3411371e-01  -7.9306501e-04
   2.3076923e-01  -1.0974686e-03
   2.2742475e-01  -1.4056169e-03
   2.2408027e-01  -1.7173707e-03
   2.2073579e-01  -2.0325838e-03
   2.1739130e-01  -2.3511030e-03
   2.1404682e-01  -2.6727681e-03
   2.1070234e-01  -2.9974110e-03
   2.0735786e-01  -3.3248562e-03
   2.0401338e-01  -3.6549196e-03
   2.0066890e-01  -3.9874090e-03
   1.9732441e-01  -4.3221233e-03
   1.9397993e-01  -4.6588522e-03
   1.9063545e-01  -4.9973758e-03
   1.8729097e-01  -5.3374642e-03
   1.8394649e-01  -5.6788773e-03
   1.8060201e-01  -6.0213639e-03
   1.7725753e-01  -6.3646613e-03
   1.7391304e-01  -6.7084952e-03
   1.7056856e-01  -7.0525783e-03
   1.6722408e-01  -7.3966105e-03
   1.6387960e-01  -7.7402777e-03
   1.6053512e-01  -8.0832513e-03
   1.5719064e-01  -8.4251872e-03
   1.5384615e-01  -8.7657251e-03
   1.5050167e-01  -9.1044879e-03
   1.4715719e-01  -9.4410797e-03
   1.4381271e-01  -9.7750860e-03
   1.4046823e-01  -1.0106071e-02
   1.3712375e-01  -1.0433579e-02
   1.3377926e-01  -1.0757128e-02
   1.3043478e-01  -1.1076214e-02
   1.2709030e-01  -1.1390306e-02
   1.2374582e-01  -1.1698843e-02
   1.2040134e-01  -1.2001235e-02
   1.1705686e-01  -1.2296857e-02
   1.1371237e-01  -1.2585052e-02
   1.1036789e-01  -1.2865120e-02
   1.0702341e-01  -1.3136323e-02
   1.0367893e-01  -1.3397874e-02
   1.0033445e-01  -1.3648937e-02
   9.6989967e-02  -1.3888623e-02
   9.3645485e-02  -1.4115979e-02
   9.0301003e-02  -1.4329988e-02
   8.6956522e-02  -1.4529558e-02
   8.3612040e-02  -1.4713512e-02
   8.0267559e-02  -1.4880584e-02
   7.6923077e-02  -1.5029400e-02
   7.3578595e-02  -1.5158467e-02
   7.0234114e-02  -1.5266160e-02
   6.6889632e-02  -1.5350694e-02
   6.3545151e-02  -1.5410108e-02
   6.0200669e-02  -1.5442227e-02
   5.6856187e-02  -1.5444633e-02
   5.3511706e-02  -1.5414611e-02
   5.0167224e-02  -1.5349094e-02
   4.6822742e-02  -1.5244584e-02
   4.3478261e-02  -1.5097054e-02
   4.0133779e-02  -1.4901811e-02
   3.6789298e-02  -1.4653309e-02
   3.3444816e-02  -1.4344895e-02
   3.0100334e-02  -1.3968425e-02
   2.6755853e-02  -1.3513706e-02
   2.3411371e-02  -1.2967602e-02
   2.0066890e-02  -1.2312568e-02
   1.6722408e-02  -1.1524041e-02
   1.3377926e-02  -1.0565352e-02
   1.0033445e-02  -9.3764631e-03
   6.6889632e-03  -7.8435193e-03
   3.3444816e-03  -5.6807971e-03
   0.0000000e+00   0.0000000e+00
