   0.0000000e+00   0.0000000e+00
   3.3444816e-03   1.8050476e-02
   6.6889632e-03   2.5455277e-02
   1.0033445e-02   3.1087443e-02
   1.3377926e-02   3.5793430e-02
   1.6722408e-02   3.9902001e-02
   2.0066890e-02   4.3582194e-02
   2.3411371e-02   4.6934664e-02
   2.6755853e-02   5.0025148e-02
   3.0100334e-02   5.2899406e-02
   3.3444816e-02   5.5590832e-02
   3.6789298e-02   5.8124688e-02
   4.0133779e-02   6.0520643e-02
   4.3478261e-02   6.2794371e-02
   4.6822742e-02   6.4958607e-02
   5.0167224e-02   6.7023867e-02
   5.3511706e-02   6.8998959e-02
   5.6856187e-02   7.0891348e-02
   6.0200669e-02   7.2707430e-02
   6.3545151e-02   7.4452735e-02
   6.6889632e-02   7.6132082e-02
   7.0234114e-02   7.7749708e-02
   7.3578595e-02   7.9309355e-02
   7.6923077e-02   8.0814353e-02
   8.0267559e-02   8.2267683e-02
   8.3612040e-02   8.3672021e-02
   8.6956522e-02   8.5029786e-02
   9.0301003e-02   8.6343172e-02
   9.3645485e-02   8.7614177e-02
   9.6989967e-02   8.8844625e-02
   1.0033445e-01   9.0036190e-02
   1.0367893e-01   9.1190413e-02
   1.0702341e-01   9.2308714e-02
   1.1036789e-01   9.3392408e-02
   1.1371237e-01   9.4442715e-02
   1.1705686e-01   9.5460768e-02
   1.2040134e-01   9.6447626e-02
   1.2374582e-01   9.7404276e-02
   1.2709030e-01   9.8331642e-02
   1.3043478e-01   9.9230594e-02
   1.3377926e-01   1.0010195e-01
   1.3712375e-01   1.0094647e-01
   1.4046823e-01   1.0176488e-01
   1.4381271e-01   1.0255787e-01
   1.4715719e-01   1.0332608e-01
   1.5050167e-01   1.0407013e-01
   1.5384615e-01   1.0479060e-01
   1.5719064e-01   1.0548805e-01
   1.6053512e-01   1.0616300e-01
   1.6387960e-01   1.0681595e-01
   1.6722408e-01   1.0744739e-01
   1.7056856e-01   1.0805776e-01
   1.7391304e-01   1.0864752e-01
   1.7725753e-01   1.0921707e-01
   1.8060201e-01   1.0976683e-01
   1.8394649e-01   1.1029717e-01
   1.8729097e-01   1.1080846e-01
   1.9063545e-01   1.1130107e-01
   1.9397993e-01   1.1177534e-01
   1.9732441e-01   1.1223159e-01
   2.0066890e-01   1.1267014e-01
   2.0401338e-01   1.1309131e-01
   2.0735786e-01   1.1349538e-01
   2.1070234e-01   1.1388265e-01
   2.1404682e-01   1.1425340e-01
   2.1739130e-01   1.1460788e-01
   2.2073579e-01   1.1494637e-01
   2.2408027e-01   1.1526911e-01
   2.2742475e-01   1.1557635e-01
   2.3076923e-01   1.1586833e-01
   2.3411371e-01   1.1614527e-01
   2.3745819e-01   1.1640741e-01
   2.4080268e-01   1.1665496e-01
   2.4414716e-01   1.1688813e-01
   2.4749164e-01   1.1710713e-01
   2.5083612e-01   1.1731217e-01
   2.5418060e-01   1.1750344e-01
   2.5752508e-01   1.1768113e-01
   2.6086957e-01   1.1784543e-01
   2.6421405e-01   1.1799652e-01
   2.6755853e-01   1.1813458e-01
   2.7090301e-01   1.1825979e-01
   2.7424749e-01   1.1837232e-01
   2.7759197e-01   1.1847233e-01
   2.8093645e-01   1.1855999e-01
   2.8428094e-01   1.1863546e-01
   2.8762542e-01   1.1869890e-01
   2.9096990e-01   1.1875045e-01
   2.9431438e-01   1.1879029e-01
   2.9765886e-01   1.1881854e-01
   3.0100334e-01   1.1883536e-01
   3.0434783e-01   1.1884088e-01
   3.0769231e-01   1.1883526e-01
   3.1103679e-01   1.1881863e-01
   3.1438127e-01   1.1879112e-01
   3.1772575e-01   1.1875287e-01
   3.2107023e-01   1.1870400e-01
   3.2441472e-01   1.1864466e-01
   3.2775920e-01   1.1857495e-01
   3.3110368e-01   1.1849502e-01
   3.3444816e-01   1.1840498e-01
   3.3779264e-01   1.1830495e-01
   3.4113712e-01   1.1819506e-01
   3.4448161e-01   1.1807541e-01
   3.4782609e-01   1.1794614e-01
   3.5117057e-01   1.1780734e-01
   3.5451505e-01   1.1765914e-01
   3.5785953e-01   1.1750165e-01
   3.6120401e-01   1.1733496e-01
   3.6454849e-01   1.1715921e-01
   3.6789298e-01   1.1697448e-01
   3.7123746e-01   1.1678089e-01
   3.7458194e-01   1.1657854e-01
   3.7792642e-01   1.1636753e-01
   3.8127090e-01   1.1614797e-01
   3.8461538e-01   1.1591995e-01
   3.8795987e-01   1.1568358e-01
   3.9130435e-01   1.1543895e-01
   3.9464883e-01   1.1518616e-01
   3.9799331e-01   1.1492530e-01
   4.0133779e-01   1.1465648e-01
   4.0468227e-01   1.1437978e-01
   4.0802676e-01   1.1409530e-01
   4.1137124e-01   1.1380313e-01
   4.1471572e-01   1.1350335e-01
   4.1806020e-01   1.1319607e-01
   4.2140468e-01   1.1288137e-01
   4.2474916e-01   1.1255933e-01
   4.2809365e-01   1.1223004e-01
   4.3143813e-01   1.1189360e-01
   4.3478261e-01   1.1155008e-01
   4.3812709e-01   1.1119956e-01
   4.4147157e-01   1.1084215e-01
   4.4481605e-01   1.1047790e-01
   4.4816054e-01   1.1010692e-01
   4.5150502e-01   1.0972927e-01
   4.5484950e-01   1.0934505e-01
   4.5819398e-01   1.0895432e-01
   4.6153846e-01   1.0855717e-01
   4.6488294e-01   1.0815368e-01
   4.6822742e-01   1.0774392e-01
   4.7157191e-01   1.0732797e-01
   4.7491639e-01   1.0690591e-01
   4.7826087e-01   1.0647781e-01
   4.8160535e-01   1.0604374e-01
   4.8494983e-01   1.0560379e-01
   4.8829431e-01   1.0515802e-01
   4.9163880e-01   1.0470651e-01
   4.9498328e-01   1.0424933e-01
   4.9832776e-01   1.0378654e-01
   5.0167224e-01   1.0331823e-01
   5.0501672e-01   1.0284446e-01
   5.0836120e-01   1.0236530e-01
   5.1170569e-01   1.0188081e-01
   5.1505017e-01   1.0139108e-01
   5.1839465e-01   1.0089616e-01
   5.2173913e-01   1.0039612e-01
   5.2508361e-01   9.9891029e-02
   5.2842809e-01   9.9380954e-02
   5.3177258e-01   9.8865959e-02
   5.3511706e-01   9.8346109e-02
   5.3846154e-01   9.7821468e-02
   5.4180602e-01   9.7292099e-02
   5.4515050e-01   9.6758065e-02
   5.4849498e-01   9.6219430e-02
   5.5183946e-01   9.5676254e-02
   5.5518395e-01   9.5128600e-02
   5.5852843e-01   9.4576528e-02
   5.6187291e-01   9.4020099e-02
   5.6521739e-01   9.3459372e-02
   5.6856187e-01   9.2894406e-02
   5.7190635e-01   9.2325260e-02
   5.7525084e-01   9.1751993e-02
   5.7859532e-01   9.1174662e-02
   5.8193980e-01   9.0593324e-02
   5.8528428e-01   9.0008035e-02
   5.8862876e-01   8.9418853e-02
   5.9197324e-01   8.8825831e-02
   5.9531773e-01   8.8229026e-02
   5.9866221e-01   8.7628492e-02
   6.0200669e-01   8.7024282e-02
   6.0535117e-01   8.6416451e-02
   6.0869565e-01   8.5805052e-02
   6.1204013e-01   8.5190136e-02
   6.1538462e-01   8.4571755e-02
   6.1872910e-01   8.3949962e-02
   6.2207358e-01   8.3324807e-02
   6.2541806e-01   8.2696341e-02
   6.2876254e-01   8.2064613e-02
   6.3210702e-01   8.1429674e-02
   6.3545151e-01   8.0791571e-02
   6.3879599e-01   8.0150354e-02
   6.4214047e-01   7.9506070e-02
   6.4548495e-01   7.8858766e-02
   6.4882943e-01   7.8208491e-02
   6.5217391e-01   7.7555290e-02
   6.5551839e-01   7.6899208e-02
   6.5886288e-01   7.6240293e-02
   6.6220736e-01   7.5578588e-02
   6.6555184e-01   7.4914138e-02
   6.6889632e-01   7.4246986e-02
   6.7224080e-01   7.3577178e-02
   6.7558528e-01   7.2904754e-02
   6.7892977e-01   7.2229759e-02
   6.8227425e-01   7.1552233e-02
   6.8561873e-01   7.0872219e-02
   6.8896321e-01   7.0189757e-02
   6.9230769e-01   6.9504888e-02
   6.9565217e-01   6.8817652e-02
   6.9899666e-01   6.8128088e-02
   7.0234114e-01   6.7436235e-02
   7.0568562e-01   6.6742132e-02
   7.0903010e-01   6.6045816e-02
   7.1237458e-01   6.5347326e-02
   7.1571906e-01   6.4646699e-02
   7.1906355e-01   6.3943970e-02
   7.2240803e-01   6.3239175e-02
   7.2575251e-01   6.2532351e-02
   7.2909699e-01   6.1823532e-02
   7.3244147e-01   6.1112753e-02
   7.3578595e-01   6.0400048e-02
   7.3913043e-01   5.9685450e-02
   7.4247492e-01   5.8968992e-02
   7.4581940e-01   5.8250707e-02
   7.4916388e-01   5.7530626e-02
   7.5250836e-01   5.6808782e-02
   7.5585284e-01   5.6085204e-02
   7.5919732e-01   5.5359924e-02
   7.6254181e-01   5.4632972e-02
   7.6588629e-01   5.3904376e-02
   7.6923077e-01   5.3174166e-02
   7.7257525e-01   5.2442370e-02
   7.7591973e-01   5.1709016e-02
   7.7926421e-01   5.0974132e-02
   7.8260870e-01   5.0237744e-02
   7.8595318e-01   4.9499878e-02
   7.8929766e-01   4.8760561e-02
   7.9264214e-01   4.8019818e-02
   7.9598662e-01   4.7277673e-02
   7.9933110e-01   4.6534151e-02
   8.0267559e-01   4.5789276e-02
   8.0602007e-01   4.5043070e-02
   8.0936455e-01   4.4295557e-02
   8.1270903e-01   4.3546758e-02
   8.1605351e-01   4.2796696e-02
   8.1939799e-01   4.2045391e-02
   8.2274247e-01   4.1292863e-02
   8.2608696e-01   4.0539134e-02
   8.2943144e-01   3.9784222e-02
   8.3277592e-01   3.9028147e-02
   8.3612040e-01   3.8270927e-02
   8.3946488e-01   3.7512579e-02
   8.4280936e-01   3.6753122e-02
   8.4615385e-01   3.5992572e-02
   8.4949833e-01   3.5230945e-02
   8.5284281e-01   3.4468257e-02
   8.5618729e-01   3.3704524e-02
   8.5953177e-01   3.2939759e-02
   8.6287625e-01   3.2173978e-02
   8.6622074e-01   3.1407194e-02
   8.6956522e-01   3.0639419e-02
   8.7290970e-01   2.9870666e-02
   8.7625418e-01   2.9100948e-02
   8.7959866e-01   2.8330275e-02
   8.8294314e-01   2.7558659e-02
   8.8628763e-01   2.6786109e-02
   8.8963211e-01   2.6012635e-02
   8.9297659e-01   2.5238247e-02
   8.9632107e-01   2.4462953e-02
   8.9966555e-01   2.3686762e-02
   9.0301003e-01   2.2909680e-02
   9.0635452e-01   2.2131714e-02
   9.0969900e-01   2.1352871e-02
   9.1304348e-01   2.0573157e-02
   9.1638796e-01   1.9792577e-02
   9.1973244e-01   1.9011136e-02
   9.2307692e-01   1.8228837e-02
   9.2642140e-01   1.7445684e-02
   9.2976589e-01   1.6661679e-02
   9.3311037e-01   1.5876827e-02
   9.3645485e-01   1.5091127e-02
   9.3979933e-01   1.4304582e-02
   9.4314381e-01   1.3517191e-02
   9.4648829e-01   1.2728956e-02
   9.4983278e-01   1.1939875e-02
   9.5317726e-01   1.1149947e-02
   9.5652174e-01   1.0359171e-02
   9.5986622e-01   9.5675434e-03
   9.6321070e-01   8.7750625e-03
   9.6655518e-01   7.9817243e-03
   9.6989967e-01   7.1875248e-03
   9.7324415e-01   6.3924594e-03
   9.7658863e-01   5.5965226e-03
   9.7993311e-01   4.7997087e-03
   9.8327759e-01   4.0020112e-03
   9.8662207e-01   3.2034229e-03
   9.8996656e-01   2.4039362e-03
   9.9331104e-01   1.6035429e-03
   9.9665552e-01   8.0223398e-04
   1.0000000e+00   0.0000000e+00
   1.0000000e+00   0.0000000e+00
   9.9665552e-01   2.4764080e-04
   9.9331104e-01   4.8663157e-04
   9.8996656e-01   7.1723566e-04
   9.8662207e-01   9.3971260e-04
   9.8327759e-01   1.1543181e-03
   9.7993311e-01   1.3613043e-03
   9.7658863e-01   1.5609193e-03
   9.7324415e-01   1.7534076e-03
   9.6989967e-01   1.9390100e-03
   9.6655518e-01   2.1179637e-03
   9.6321070e-01   2.2905019e-03
   9.5986622e-01   2.4568544e-03
   9.5652174e-01   2.6172473e-03
   9.5317726e-01   2.7719030e-03
   9.4983278e-01   2.9210402e-03
   9.4648829e-01   3.0648741e-03
   9.4314381e-01   3.2036162e-03
   9.3979933e-01   3.3374746e-03
   9.3645485e-01   3.4666537e-03
   9.3311037e-01   3.5913542e-03
   9.2976589e-01   3.7117736e-03
   9.2642140e-01   3.8281057e-03
   9.2307692e-01   3.9405406e-03
   9.1973244e-01   4.0492653e-03
   9.1638796e-01   4.1544630e-03
   9.1304348e-01   4.2563137e-03
   9.0969900e-01   4.3549937e-03
   9.0635452e-01   4.4506761e-03
   9.0301003e-01   4.5435304e-03
   8.9966555e-01   4.6337229e-03
   8.9632107e-01   4.7214164e-03
   8.9297659e-01   4.8067702e-03
   8.8963211e-01   4.8899407e-03
   8.8628763e-01   4.9710804e-03
   8.8294314e-01   5.0503389e-03
   8.7959866e-01   5.1278624e-03
   8.7625418e-01   5.2037938e-03
   8.7290970e-01   5.2782727e-03
   8.6956522e-01   5.3514354e-03
   8.6622074e-01   5.4234152e-03
   8.6287625e-01   5.4943420e-03
   8.5953177e-01   5.5643426e-03
   8.5618729e-01   5.6335404e-03
   8.5284281e-01   5.7020560e-03
   8.4949833e-01   5.7700066e-03
   8.4615385e-01   5.8375062e-03
   8.4280936e-01   5.9046661e-03
   8.3946488e-01   5.9715940e-03
   8.3612040e-01   6.0383949e-03
   8.3277592e-01   6.1051706e-03
   8.2943144e-01   6.1720198e-03
   8.2608696e-01   6.2390382e-03
   8.2274247e-01   6.3063187e-03
   8.1939799e-01   6.3739510e-03
   8.1605351e-01   6.4420217e-03
   8.1270903e-01   6.5106149e-03
   8.0936455e-01   6.5798114e-03
   8.0602007e-01   6.6496891e-03
   8.0267559e-01   6.7203232e-03
   7.9933110e-01   6.7917859e-03
   7.9598662e-01   6.8641465e-03
   7.9264214e-01   6.9374716e-03
   7.8929766e-01   7.0118248e-03
   7.8595318e-01   7.0872670e-03
   7.8260870e-01   7.1638564e-03
   7.7926421e-01   7.2416483e-03
   7.7591973e-01   7.3206952e-03
   7.7257525e-01   7.4010471e-03
   7.6923077e-01   7.4827511e-03
   7.6588629e-01   7.5658516e-03
   7.6254181e-01   7.6503905e-03
   7.5919732e-01   7.7364069e-03
   7.5585284e-01   7.8239374e-03
   7.5250836e-01   7.9130158e-03
   7.4916388e-01   8.0036735e-03
   7.4581940e-01   8.0959391e-03
   7.4247492e-01   8.1898390e-03
   7.3913043e-01   8.2853967e-03
   7.3578595e-01   8.3826335e-03
   7.3244147e-01   8.4815679e-03
   7.2909699e-01   8.5822163e-03
   7.2575251e-01   8.6845922e-03
   7.2240803e-01   8.7887071e-03
   7.1906355e-01   8.8945698e-03
   7.1571906e-01   9.0021870e-03
   7.1237458e-01   9.1115626e-03
   7.0903010e-01   9.2226986e-03
   7.0568562e-01   9.3355944e-03
   7.0234114e-01   9.4502472e-03
   6.9899666e-01   9.5666519e-03
   6.9565217e-01   9.6848012e-03
   6.9230769e-01   9.8046855e-03
   6.8896321e-01   9.9262929e-03
   6.8561873e-01   1.0049610e-02
   6.8227425e-01   1.0174619e-02
   6.7892977e-01   1.0301304e-02
   6.7558528e-01   1.0429642e-02
   6.7224080e-01   1.0559612e-02
   6.6889632e-01   1.0691190e-02
   6.6555184e-01   1.0824348e-02
   6.6220736e-01   1.0959057e-02
   6.5886288e-01   1.1095288e-02
   6.5551839e-01   1.1233006e-02
   6.5217391e-01   1.1372179e-02
   6.4882943e-01   1.1512768e-02
   6.4548495e-01   1.1654736e-02
   6.4214047e-01   1.1798042e-02
   6.3879599e-01   1.1942643e-02
   6.3545151e-01   1.2088496e-02
   6.3210702e-01   1.2235555e-02
   6.2876254e-01   1.2383772e-02
   6.2541806e-01   1.2533097e-02
   6.2207358e-01   1.2683479e-02
   6.1872910e-01   1.2834865e-02
   6.1538462e-01   1.2987201e-02
   6.1204013e-01   1.3140430e-02
   6.0869565e-01   1.3294494e-02
   6.0535117e-01   1.3449334e-02
   6.0200669e-01   1.3604889e-02
   5.9866221e-01   1.3761095e-02
   5.9531773e-01   1.3917888e-02
   5.9197324e-01   1.4075203e-02
   5.8862876e-01   1.4232973e-02
   5.8528428e-01   1.4391128e-02
   5.8193980e-01   1.4549599e-02
   5.7859532e-01   1.4708313e-02
   5.7525084e-01   1.4867199e-02
   5.7190635e-01   1.5026182e-02
   5.6856187e-01   1.5185186e-02
   5.6521739e-01   1.5344134e-02
   5.6187291e-01   1.5502949e-02
   5.5852843e-01   1.5661551e-02
   5.5518395e-01   1.5819860e-02
   5.5183946e-01   1.5977793e-02
   5.4849498e-01   1.6135268e-02
   5.4515050e-01   1.6292202e-02
   5.4180602e-01   1.6448509e-02
   5.3846154e-01   1.6604103e-02
   5.3511706e-01   1.6758897e-02
   5.3177258e-01   1.6912803e-02
   5.2842809e-01   1.7065732e-02
   5.2508361e-01   1.7217595e-02
   5.2173913e-01   1.7368300e-02
   5.1839465e-01   1.7517756e-02
   5.1505017e-01   1.7665870e-02
   5.1170569e-01   1.7812550e-02
   5.0836120e-01   1.7957701e-02
   5.0501672e-01   1.8101229e-02
   5.0167224e-01   1.8243039e-02
   4.9832776e-01   1.8383033e-02
   4.9498328e-01   1.8521117e-02
   4.9163880e-01   1.8657192e-02
   4.8829431e-01   1.8791161e-02
   4.8494983e-01   1.8922927e-02
   4.8160535e-01   1.9052389e-02
   4.7826087e-01   1.9179450e-02
   4.7491639e-01   1.9304009e-02
   4.7157191e-01   1.9425967e-02
   4.6822742e-01   1.9545225e-02
   4.6488294e-01   1.9661681e-02
   4.6153846e-01   1.9775235e-02
   4.5819398e-01   1.9885786e-02
   4.5484950e-01   1.9993234e-02
   4.5150502e-01   2.0097477e-02
   4.4816054e-01   2.0198415e-02
   4.4481605e-01   2.0295946e-02
   4.4147157e-01   2.0389970e-02
   4.3812709e-01   2.0480385e-02
   4.3478261e-01   2.0567091e-02
   4.3143813e-01   2.0649987e-02
   4.2809365e-01   2.0728972e-02
   4.2474916e-01   2.0803947e-02
   4.2140468e-01   2.0874812e-02
   4.1806020e-01   2.0941466e-02
   4.1471572e-01   2.1003812e-02
   4.1137124e-01   2.1061750e-02
   4.0802676e-01   2.1115183e-02
   4.0468227e-01   2.1164012e-02
   4.0133779e-01   2.1208142e-02
   3.9799331e-01   2.1247474e-02
   3.9464883e-01   2.1281915e-02
   3.9130435e-01   2.1311369e-02
   3.8795987e-01   2.1335743e-02
   3.8461538e-01   2.1354942e-02
   3.8127090e-01   2.1368876e-02
   3.7792642e-01   2.1377454e-02
   3.7458194e-01   2.1380584e-02
   3.7123746e-01   2.1378178e-02
   3.6789298e-01   2.1370150e-02
   3.6454849e-01   2.1356411e-02
   3.6120401e-01   2.1336878e-02
   3.5785953e-01   2.1311466e-02
   3.5451505e-01   2.1280093e-02
   3.5117057e-01   2.1242679e-02
   3.4782609e-01   2.1199144e-02
   3.4448161e-01   2.1149412e-02
   3.4113712e-01   2.1093405e-02
   3.3779264e-01   2.1031052e-02
   3.3444816e-01   2.0962280e-02
   3.3110368e-01   2.0887018e-02
   3.2775920e-01   2.0805199e-02
   3.2441472e-01   2.0716758e-02
   3.2107023e-01   2.0621631e-02
   3.1772575e-01   2.0519756e-02
   3.1438127e-01   2.0411076e-02
   3.1103679e-01   2.0295534e-02
   3.0769231e-01   2.0173076e-02
   3.0434783e-01   2.0043652e-02
   3.0100334e-01   1.9907214e-02
   2.9765886e-01   1.9763716e-02
   2.9431438e-01   1.9613116e-02
   2.9096990e-01   1.9455376e-02
   2.8762542e-01   1.9290460e-02
   2.8428094e-01   1.9118336e-02
   2.8093645e-01   1.8938974e-02
   2.7759197e-01   1.8752349e-02
   2.7424749e-01   1.8558440e-02
   2.7090301e-01   1.8357229e-02
   2.6755853e-01   1.8148703e-02
   2.6421405e-01   1.7932852e-02
   2.6086957e-01   1.7709671e-02
   2.5752508e-01   1.7479158e-02
   2.5418060e-01   1.7241319e-02
   2.5083612e-01   1.6996161e-02
   2.4749164e-01   1.6743699e-02
   2.4414716e-01   1.6483950e-02
   2.4080268e-01   1.6216939e-02
   2.3745819e-01   1.5942695e-02
   2.3411371e-01   1.5661253e-02
   2.3076923e-01   1.5372655e-02
   2.2742475e-01   1.5076947e-02
   2.2408027e-01   1.4774183e-02
   2.2073579e-01   1.4464423e-02
   2.1739130e-01   1.4147734e-02
   2.1404682e-01   1.3824189e-02
   2.1070234e-01   1.3493870e-02
   2.0735786e-01   1.3156866e-02
   2.0401338e-01   1.2813274e-02
   2.0066890e-01   1.2463198e-02
   1.9732441e-01   1.2106752e-02
   1.9397993e-01   1.1744059e-02
   1.9063545e-01   1.1375250e-02
   1.8729097e-01   1.1000468e-02
   1.8394649e-01   1.0619863e-02
   1.8060201e-01   1.0233597e-02
   1.7725753e-01   9.8418442e-03
   1.7391304e-01   9.4447882e-03
   1.7056856e-01   9.0426258e-03
   1.6722408e-01   8.6355660e-03
   1.6387960e-01   8.2238310e-03
   1.6053512e-01   7.8076568e-03
   1.5719064e-01   7.3872938e-03
   1.5384615e-01   6.9630076e-03
   1.5050167e-01   6.5350800e-03
   1.4715719e-01   6.1038094e-03
   1.4381271e-01   5.6695120e-03
   1.4046823e-01   5.2325228e-03
   1.3712375e-01   4.7931968e-03
   1.3377926e-01   4.3519098e-03
   1.3043478e-01   3.9090600e-03
   1.2709030e-01   3.4650694e-03
   1.2374582e-01   3.0203850e-03
   1.2040134e-01   2.5754810e-03
   1.1705686e-01   2.1308605e-03
   1.1371237e-01   1.6870572e-03
   1.1036789e-01   1.2446383e-03
   1.0702341e-01   8.0420656e-04
   1.0367893e-01   3.6640357e-04
   1.0033445e-01  -6.8087274e-05
   9.6989967e-02  -4.9853701e-04
   9.3645485e-02  -9.2416699e-04
   9.0301003e-02  -1.3441442e-03
   8.6956522e-02  -1.7575756e-03
   8.3612040e-02  -2.1635025e-03
   8.0267559e-02  -2.5608926e-03
   7.6923077e-02  -2.9486320e-03
   7.3578595e-02  -3.3255153e-03
   7.0234114e-02  -3.6902335e-03
   6.6889632e-02  -4.0413606e-03
   6.3545151e-02  -4.3773361e-03
   6.0200669e-02  -4.6964450e-03
   5.6856187e-02  -4.9967923e-03
   5.3511706e-02  -5.2762713e-03
   5.0167224e-02  -5.5325245e-03
   4.6822742e-02  -5.7628924e-03
   4.3478261e-02  -5.9643473e-03
   4.0133779e-02  -6.1334053e-03
   3.6789298e-02  -6.2660067e-03
   3.3444816e-02  -6.3573496e-03
   3.0100334e-02  -6.4016502e-03
   2.6755853e-02  -6.3917865e-03
   2.3411371e-02  -6.3187439e-03
   2.0066890e-02  -6.1707038e-03
   1.6722408e-02  -5.9314405e-03
   1.3377926e-02  -5.5772255e-03
   1.0033445e-02  -5.0700292e-03
   6.6889632e-03  -4.3393140e-03
   3.3444816e-03  -3.2121676e-03
   0.0000000e+00   0.0000000e+00
