   0.0000000e+00   0.0000000e+00
   3.3444816e-03   7.1809369e-03
   6.6889632e-03   1.0262938e-02
   1.0033445e-02   1.2698065e-02
   1.3377926e-02   1.4807336e-02
   1.6722408e-02   1.6713091e-02
   2.0066890e-02   1.8477011e-02
   2.3411371e-02   2.0135082e-02
   2.6755853e-02   2.1710302e-02
   3.0100334e-02   2.3218322e-02
   3.3444816e-02   2.4670294e-02
   3.6789298e-02   2.6074447e-02
   4.0133779e-02   2.7437022e-02
   4.3478261e-02   2.8762861e-02
   4.6822742e-02   3.0055787e-02
   5.0167224e-02   3.1318866e-02
   5.3511706e-02   3.2554587e-02
   5.6856187e-02   3.3764998e-02
   6.0200669e-02   3.4951793e-02
   6.3545151e-02   3.6116391e-02
   6.6889632e-02   3.7259985e-02
   7.0234114e-02   3.8383589e-02
   7.3578595e-02   3.9488064e-02
   7.6923077e-02   4.0574150e-02
   8.0267559e-02   4.1642484e-02
   8.3612040e-02   4.2693616e-02
   8.6956522e-02   4.3728023e-02
   9.0301003e-02   4.4746122e-02
   9.3645485e-02   4.5748276e-02
   9.6989967e-02   4.6734804e-02
   1.0033445e-01   4.7705987e-02
   1.0367893e-01   4.8662072e-02
   1.0702341e-01   4.9603279e-02
   1.1036789e-01   5.0529803e-02
   1.1371237e-01   5.1441817e-02
   1.1705686e-01   5.2339476e-02
   1.2040134e-01   5.3222920e-02
   1.2374582e-01   5.4092273e-02
   1.2709030e-01   5.4947648e-02
   1.3043478e-01   5.5789149e-02
   1.3377926e-01   5.6616868e-02
   1.3712375e-01   5.7430893e-02
   1.4046823e-01   5.8231300e-02
   1.4381271e-01   5.9018165e-02
   1.4715719e-01   5.9791553e-02
   1.5050167e-01   6.0551529e-02
   1.5384615e-01   6.1298152e-02
   1.5719064e-01   6.2031480e-02
   1.6053512e-01   6.2751565e-02
   1.6387960e-01   6.3458459e-02
   1.6722408e-01   6.4152213e-02
   1.7056856e-01   6.4832873e-02
   1.7391304e-01   6.5500488e-02
   1.7725753e-01   6.6155103e-02
   1.8060201e-01   6.6796763e-02
   1.8394649e-01   6.7425514e-02
   1.8729097e-01   6.8041399e-02
   1.9063545e-01   6.8644464e-02
   1.9397993e-01   6.9234752e-02
   1.9732441e-01   6.9812308e-02
   2.0066890e-01   7.0377177e-02
   2.0401338e-01   7.0929404e-02
   2.0735786e-01   7.1469034e-02
   2.1070234e-01   7.1996115e-02
   2.1404682e-01   7.2510693e-02
   2.1739130e-01   7.3012814e-02
   2.2073579e-01   7.3502528e-02
   2.2408027e-01   7.3979884e-02
   2.2742475e-01   7.4444931e-02
   2.3076923e-01   7.4897720e-02
   2.3411371e-01   7.5338303e-02
   2.3745819e-01   7.5766732e-02
   2.4080268e-01   7.6183060e-02
   2.4414716e-01   7.6587343e-02
   2.4749164e-01   7.6979635e-02
   2.5083612e-01   7.7359992e-02
   2.5418060e-01   7.7728472e-02
   2.5752508e-01   7.8085133e-02
   2.6086957e-01   7.8430035e-02
   2.6421405e-01   7.8763237e-02
   2.6755853e-01   7.9084801e-02
   2.7090301e-01   7.9394789e-02
   2.7424749e-01   7.9693263e-02
   2.7759197e-01   7.9980289e-02
   2.8093645e-01   8.0255931e-02
   2.8428094e-01   8.0520255e-02
   2.8762542e-01   8.0773327e-02
   2.9096990e-01   8.1015216e-02
   2.9431438e-01   8.1245990e-02
   2.9765886e-01   8.1465719e-02
   3.0100334e-01   8.1674474e-02
   3.0434783e-01   8.1872324e-02
   3.0769231e-01   8.2059343e-02
   3.1103679e-01   8.2235604e-02
   3.1438127e-01   8.2401180e-02
   3.1772575e-01   8.2556145e-02
   3.2107023e-01   8.2700575e-02
   3.2441472e-01   8.2834546e-02
   3.2775920e-01   8.2958134e-02
   3.3110368e-01   8.3071417e-02
   3.3444816e-01   8.3174474e-02
   3.3779264e-01   8.3267382e-02
   3.4113712e-01   8.3350221e-02
   3.4448161e-01   8.3423071e-02
   3.4782609e-01   8.3486013e-02
   3.5117057e-01   8.3539128e-02
   3.5451505e-01   8.3582497e-02
   3.5785953e-01   8.3616204e-02
   3.6120401e-01   8.3640331e-02
   3.6454849e-01   8.3654961e-02
   3.6789298e-01   8.3660177e-02
   3.7123746e-01   8.3656066e-02
   3.7458194e-01   8.3642710e-02
   3.7792642e-01   8.3620195e-02
   3.8127090e-01   8.3588607e-02
   3.8461538e-01   8.3548032e-02
   3.8795987e-01   8.3498556e-02
   3.9130435e-01   8.3440265e-02
   3.9464883e-01   8.3373246e-02
   3.9799331e-01   8.3297587e-02
   4.0133779e-01   8.3213376e-02
   4.0468227e-01   8.3120699e-02
   4.0802676e-01   8.3019645e-02
   4.1137124e-01   8.2910303e-02
   4.1471572e-01   8.2792760e-02
   4.1806020e-01   8.2667105e-02
   4.2140468e-01   8.2533427e-02
   4.2474916e-01   8.2391815e-02
   4.2809365e-01   8.2242357e-02
   4.3143813e-01   8.2085144e-02
   4.3478261e-01   8.1920264e-02
   4.3812709e-01   8.1747806e-02
   4.4147157e-01   8.1567860e-02
   4.4481605e-01   8.1380514e-02
   4.4816054e-01   8.1185859e-02
   4.5150502e-01   8.0983984e-02
   4.5484950e-01   8.0774978e-02
   4.5819398e-01   8.0558930e-02
   4.6153846e-01   8.0335929e-02
   4.6488294e-01   8.0106064e-02
   4.6822742e-01   7.9869425e-02
   4.7157191e-01   7.9626101e-02
   4.7491639e-01   7.9376179e-02
   4.7826087e-01   7.9119748e-02
   4.8160535e-01   7.8856898e-02
   4.8494983e-01   7.8587715e-02
   4.8829431e-01   7.8312289e-02
   4.9163880e-01   7.8030706e-02
   4.9498328e-01   7.7743055e-02
   4.9832776e-01   7.7449422e-02
   5.0167224e-01   7.7149894e-02
   5.0501672e-01   7.6844559e-02
   5.0836120e-01   7.6533502e-02
   5.1170569e-01   7.6216809e-02
   5.1505017e-01   7.5894567e-02
   5.1839465e-01   7.5566860e-02
   5.2173913e-01   7.5233773e-02
   5.2508361e-01   7.4895392e-02
   5.2842809e-01   7.4551799e-02
   5.3177258e-01   7.4203079e-02
   5.3511706e-01   7.3849315e-02
   5.3846154e-01   7.3490590e-02
   5.4180602e-01   7.3126986e-02
   5.4515050e-01   7.2758584e-02
   5.4849498e-01   7.2385467e-02
   5.5183946e-01   7.2007715e-02
   5.5518395e-01   7.1625408e-02
   5.5852843e-01   7.1238626e-02
   5.6187291e-01   7.0847448e-02
   5.6521739e-01   7.0451953e-02
   5.6856187e-01   7.0052219e-02
   5.7190635e-01   6.9648322e-02
   5.7525084e-01   6.9240340e-02
   5.7859532e-01   6.8828349e-02
   5.8193980e-01   6.8412424e-02
   5.8528428e-01   6.7992639e-02
   5.8862876e-01   6.7569070e-02
   5.9197324e-01   6.7141789e-02
   5.9531773e-01   6.6710869e-02
   5.9866221e-01   6.6276382e-02
   6.0200669e-01   6.5838400e-02
   6.0535117e-01   6.5396991e-02
   6.0869565e-01   6.4952227e-02
   6.1204013e-01   6.4504176e-02
   6.1538462e-01   6.4052905e-02
   6.1872910e-01   6.3598484e-02
   6.2207358e-01   6.3140977e-02
   6.2541806e-01   6.2680450e-02
   6.2876254e-01   6.2216968e-02
   6.3210702e-01   6.1750596e-02
   6.3545151e-01   6.1281395e-02
   6.3879599e-01   6.0809428e-02
   6.4214047e-01   6.0334757e-02
   6.4548495e-01   5.9857441e-02
   6.4882943e-01   5.9377541e-02
   6.5217391e-01   5.8895113e-02
   6.5551839e-01   5.8410216e-02
   6.5886288e-01   5.7922907e-02
   6.6220736e-01   5.7433240e-02
   6.6555184e-01   5.6941270e-02
   6.6889632e-01   5.6447051e-02
   6.7224080e-01   5.5950636e-02
   6.7558528e-01   5.5452075e-02
   6.7892977e-01   5.4951419e-02
   6.8227425e-01   5.4448717e-02
   6.8561873e-01   5.3944018e-02
   6.8896321e-01   5.3437368e-02
   6.9230769e-01   5.2928815e-02
   6.9565217e-01   5.2418402e-02
   6.9899666e-01   5.1906174e-02
   7.0234114e-01   5.1392174e-02
   7.0568562e-01   5.0876442e-02
   7.0903010e-01   5.0359020e-02
   7.1237458e-01   4.9839947e-02
   7.1571906e-01   4.9319260e-02
   7.1906355e-01   4.8796998e-02
   7.2240803e-01   4.8273194e-02
   7.2575251e-01   4.7747885e-02
   7.2909699e-01   4.7221102e-02
   7.3244147e-01   4.6692879e-02
   7.3578595e-01   4.6163246e-02
   7.3913043e-01   4.5632232e-02
   7.4247492e-01   4.5099866e-02
   7.4581940e-01   4.4566175e-02
   7.4916388e-01   4.4031184e-02
   7.5250836e-01   4.3494918e-02
   7.5585284e-01   4.2957399e-02
   7.5919732e-01   4.2418650e-02
   7.6254181e-01   4.1878691e-02
   7.6588629e-01   4.1337541e-02
   7.6923077e-01   4.0795218e-02
   7.7257525e-01   4.0251738e-02
   7.7591973e-01   3.9707115e-02
   7.7926421e-01   3.9161364e-02
   7.8260870e-01   3.8614497e-02
   7.8595318e-01   3.8066524e-02
   7.8929766e-01   3.7517455e-02
   7.9264214e-01   3.6967297e-02
   7.9598662e-01   3.6416058e-02
   7.9933110e-01   3.5863741e-02
   8.0267559e-01   3.5310351e-02
   8.0602007e-01   3.4755890e-02
   8.0936455e-01   3.4200357e-02
   8.1270903e-01   3.3643753e-02
   8.1605351e-01   3.3086075e-02
   8.1939799e-01   3.2527318e-02
   8.2274247e-01   3.1967478e-02
   8.2608696e-01   3.1406547e-02
   8.2943144e-01   3.0844517e-02
   8.3277592e-01   3.0281378e-02
   8.3612040e-01   2.9717117e-02
   8.3946488e-01   2.9151722e-02
   8.4280936e-01   2.8585178e-02
   8.4615385e-01   2.8017468e-02
   8.4949833e-01   2.7448575e-02
   8.5284281e-01   2.6878478e-02
   8.5618729e-01   2.6307157e-02
   8.5953177e-01   2.5734588e-02
   8.6287625e-01   2.5160747e-02
   8.6622074e-01   2.4585608e-02
   8.6956522e-01   2.4009142e-02
   8.7290970e-01   2.3431321e-02
   8.7625418e-01   2.2852113e-02
   8.7959866e-01   2.2271485e-02
   8.8294314e-01   2.1689402e-02
   8.8628763e-01   2.1105828e-02
   8.8963211e-01   2.0520725e-02
   8.9297659e-01   1.9934053e-02
   8.9632107e-01   1.9345771e-02
   8.9966555e-01   1.8755836e-02
   9.0301003e-01   1.8164201e-02
   9.0635452e-01   1.7570821e-02
   9.0969900e-01   1.6975647e-02
   9.1304348e-01   1.6378629e-02
   9.1638796e-01   1.5779713e-02
   9.1973244e-01   1.5178848e-02
   9.2307692e-01   1.4575975e-02
   9.2642140e-01   1.3971039e-02
   9.2976589e-01   1.3363979e-02
   9.3311037e-01   1.2754735e-02
   9.3645485e-01   1.2143242e-02
   9.3979933e-01   1.1529437e-02
   9.4314381e-01   1.0913252e-02
   9.4648829e-01   1.0294618e-02
   9.4983278e-01   9.6734654e-03
   9.5317726e-01   9.0497211e-03
   9.5652174e-01   8.4233109e-03
   9.5986622e-01   7.7941583e-03
   9.6321070e-01   7.1621851e-03
   9.6655518e-01   6.5273112e-03
   9.6989967e-01   5.8894545e-03
   9.7324415e-01   5.2485310e-03
   9.7658863e-01   4.6044545e-03
   9.7993311e-01   3.9571372e-03
   9.8327759e-01   3.3064891e-03
   9.8662207e-01   2.6524182e-03
   9.8996656e-01   1.9948308e-03
   9.9331104e-01   1.3336309e-03
   9.9665552e-01   6.6872063e-04
   1.0000000e+00   0.0000000e+00
   1.0000000e+00  -0.0000000e+00
   9.9665552e-01  -1.0368815e-05
   9.9331104e-01  -1.6719573e-05
   9.8996656e-01  -1.9183405e-05
   9.8662207e-01  -1.7890083e-05
   9.8327759e-01  -1.2968025e-05
   9.7993311e-01  -4.5442945e-06
   9.7658863e-01   7.2553924e-06
   9.7324415e-01   2.2306667e-05
   9.6989967e-01   4.0486501e-05
   9.6655518e-01   6.1673210e-05
   9.6321070e-01   8.5746443e-05
   9.5986622e-01   1.1258718e-04
   9.5652174e-01   1.4207775e-04
   9.5317726e-01   1.7410177e-04
   9.4983278e-01   2.0854422e-04
   9.4648829e-01   2.4529139e-04
   9.4314381e-01   2.8423088e-04
   9.3979933e-01   3.2525160e-04
   9.3645485e-01   3.6824379e-04
   9.3311037e-01   4.1309899e-04
   9.2976589e-01   4.5971004e-04
   9.2642140e-01   5.0797108e-04
   9.2307692e-01   5.5777757e-04
   9.1973244e-01   6.0902623e-04
   9.1638796e-01   6.6161511e-04
   9.1304348e-01   7.1544352e-04
   9.0969900e-01   7.7041208e-04
   9.0635452e-01   8.2642267e-04
   9.0301003e-01   8.8337846e-04
   8.9966555e-01   9.4118390e-04
   8.9632107e-01   9.9974472e-04
   8.9297659e-01   1.0589679e-03
   8.8963211e-01   1.1187617e-03
   8.8628763e-01   1.1790356e-03
   8.8294314e-01   1.2397005e-03
   8.7959866e-01   1.3006683e-03
   8.7625418e-01   1.3618523e-03
   8.7290970e-01   1.4231672e-03
   8.6956522e-01   1.4845286e-03
   8.6622074e-01   1.5458537e-03
   8.6287625e-01   1.6070606e-03
   8.5953177e-01   1.6680689e-03
   8.5618729e-01   1.7287995e-03
   8.5284281e-01   1.7891741e-03
   8.4949833e-01   1.8491161e-03
   8.4615385e-01   1.9085498e-03
   8.4280936e-01   1.9674010e-03
   8.3946488e-01   2.0255965e-03
   8.3612040e-01   2.0830644e-03
   8.3277592e-01   2.1397339e-03
   8.2943144e-01   2.1955357e-03
   8.2608696e-01   2.2504013e-03
   8.2274247e-01   2.3042638e-03
   8.1939799e-01   2.3570572e-03
   8.1605351e-01   2.4087169e-03
   8.1270903e-01   2.4591793e-03
   8.0936455e-01   2.5083821e-03
   8.0602007e-01   2.5562643e-03
   8.0267559e-01   2.6027658e-03
   7.9933110e-01   2.6478280e-03
   7.9598662e-01   2.6913931e-03
   7.9264214e-01   2.7334049e-03
   7.8929766e-01   2.7738081e-03
   7.8595318e-01   2.8125485e-03
   7.8260870e-01   2.8495733e-03
   7.7926421e-01   2.8848307e-03
   7.7591973e-01   2.9182701e-03
   7.7257525e-01   2.9498421e-03
   7.6923077e-01   2.9794984e-03
   7.6588629e-01   3.0071918e-03
   7.6254181e-01   3.0328763e-03
   7.5919732e-01   3.0565071e-03
   7.5585284e-01   3.0780404e-03
   7.5250836e-01   3.0974336e-03
   7.4916388e-01   3.1146453e-03
   7.4581940e-01   3.1296350e-03
   7.4247492e-01   3.1423637e-03
   7.3913043e-01   3.1527932e-03
   7.3578595e-01   3.1608865e-03
   7.3244147e-01   3.1666077e-03
   7.2909699e-01   3.1699222e-03
   7.2575251e-01   3.1707962e-03
   7.2240803e-01   3.1691972e-03
   7.1906355e-01   3.1650938e-03
   7.1571906e-01   3.1584556e-03
   7.1237458e-01   3.1492534e-03
   7.0903010e-01   3.1374589e-03
   7.0568562e-01   3.1230453e-03
   7.0234114e-01   3.1059863e-03
   6.9899666e-01   3.0862573e-03
   6.9565217e-01   3.0638342e-03
   6.9230769e-01   3.0386944e-03
   6.8896321e-01   3.0108162e-03
   6.8561873e-01   2.9801790e-03
   6.8227425e-01   2.9467632e-03
   6.7892977e-01   2.9105504e-03
   6.7558528e-01   2.8715230e-03
   6.7224080e-01   2.8296649e-03
   6.6889632e-01   2.7849605e-03
   6.6555184e-01   2.7373958e-03
   6.6220736e-01   2.6869574e-03
   6.5886288e-01   2.6336332e-03
   6.5551839e-01   2.5774120e-03
   6.5217391e-01   2.5182838e-03
   6.4882943e-01   2.4562394e-03
   6.4548495e-01   2.3912709e-03
   6.4214047e-01   2.3233713e-03
   6.3879599e-01   2.2525345e-03
   6.3545151e-01   2.1787556e-03
   6.3210702e-01   2.1020307e-03
   6.2876254e-01   2.0223569e-03
   6.2541806e-01   1.9397322e-03
   6.2207358e-01   1.8541558e-03
   6.1872910e-01   1.7656277e-03
   6.1538462e-01   1.6741491e-03
   6.1204013e-01   1.5797221e-03
   6.0869565e-01   1.4823497e-03
   6.0535117e-01   1.3820363e-03
   6.0200669e-01   1.2787867e-03
   5.9866221e-01   1.1726071e-03
   5.9531773e-01   1.0635046e-03
   5.9197324e-01   9.5148735e-04
   5.8862876e-01   8.3656425e-04
   5.8528428e-01   7.1874540e-04
   5.8193980e-01   5.9804178e-04
   5.7859532e-01   4.7446539e-04
   5.7525084e-01   3.4802917e-04
   5.7190635e-01   2.1874704e-04
   5.6856187e-01   8.6633890e-05
   5.6521739e-01  -4.8294433e-05
   5.6187291e-01  -1.8602112e-04
   5.5852843e-01  -3.2652839e-04
   5.5518395e-01  -4.6979753e-04
   5.5183946e-01  -6.1580884e-04
   5.4849498e-01  -7.6454170e-04
   5.4515050e-01  -9.1597452e-04
   5.4180602e-01  -1.0700848e-03
   5.3846154e-01  -1.2268490e-03
   5.3511706e-01  -1.3862427e-03
   5.3177258e-01  -1.5482405e-03
   5.2842809e-01  -1.7128163e-03
   5.2508361e-01  -1.8799426e-03
   5.2173913e-01  -2.0495914e-03
   5.1839465e-01  -2.2217335e-03
   5.1505017e-01  -2.3963389e-03
   5.1170569e-01  -2.5733765e-03
   5.0836120e-01  -2.7528146e-03
   5.0501672e-01  -2.9346202e-03
   5.0167224e-01  -3.1187596e-03
   4.9832776e-01  -3.3051981e-03
   4.9498328e-01  -3.4939000e-03
   4.9163880e-01  -3.6848290e-03
   4.8829431e-01  -3.8779474e-03
   4.8494983e-01  -4.0732169e-03
   4.8160535e-01  -4.2705983e-03
   4.7826087e-01  -4.4700512e-03
   4.7491639e-01  -4.6715346e-03
   4.7157191e-01  -4.8750063e-03
   4.6822742e-01  -5.0804235e-03
   4.6488294e-01  -5.2877422e-03
   4.6153846e-01  -5.4969176e-03
   4.5819398e-01  -5.7079039e-03
   4.5484950e-01  -5.9206545e-03
   4.5150502e-01  -6.1351219e-03
   4.4816054e-01  -6.3512575e-03
   4.4481605e-01  -6.5690119e-03
   4.4147157e-01  -6.7883348e-03
   4.3812709e-01  -7.0091749e-03
   4.3478261e-01  -7.2314801e-03
   4.3143813e-01  -7.4551972e-03
   4.2809365e-01  -7.6802722e-03
   4.2474916e-01  -7.9066501e-03
   4.2140468e-01  -8.1342751e-03
   4.1806020e-01  -8.3630903e-03
   4.1471572e-01  -8.5930379e-03
   4.1137124e-01  -8.8240592e-03
   4.0802676e-01  -9.0560946e-03
   4.0468227e-01  -9.2890835e-03
   4.0133779e-01  -9.5229643e-03
   3.9799331e-01  -9.7576746e-03
   3.9464883e-01  -9.9931509e-03
   3.9130435e-01  -1.0229329e-02
   3.8795987e-01  -1.0466143e-02
   3.8461538e-01  -1.0703527e-02
   3.8127090e-01  -1.0941413e-02
   3.7792642e-01  -1.1179733e-02
   3.7458194e-01  -1.1418419e-02
   3.7123746e-01  -1.1657398e-02
   3.6789298e-01  -1.1896601e-02
   3.6454849e-01  -1.2135955e-02
   3.6120401e-01  -1.2375386e-02
   3.5785953e-01  -1.2614821e-02
   3.5451505e-01  -1.2854183e-02
   3.5117057e-01  -1.3093396e-02
   3.4782609e-01  -1.3332382e-02
   3.4448161e-01  -1.3571063e-02
   3.4113712e-01  -1.3809360e-02
   3.3779264e-01  -1.4047191e-02
   3.3444816e-01  -1.4284474e-02
   3.3110368e-01  -1.4521126e-02
   3.2775920e-01  -1.4757063e-02
   3.2441472e-01  -1.4992200e-02
   3.2107023e-01  -1.5226450e-02
   3.1772575e-01  -1.5459724e-02
   3.1438127e-01  -1.5691935e-02
   3.1103679e-01  -1.5922992e-02
   3.0769231e-01  -1.6152803e-02
   3.0434783e-01  -1.6381275e-02
   3.0100334e-01  -1.6608315e-02
   2.9765886e-01  -1.6833826e-02
   2.9431438e-01  -1.7057712e-02
   2.9096990e-01  -1.7279875e-02
   2.8762542e-01  -1.7500215e-02
   2.8428094e-01  -1.7718630e-02
   2.8093645e-01  -1.7935018e-02
   2.7759197e-01  -1.8149274e-02
   2.7424749e-01  -1.8361294e-02
   2.7090301e-01  -1.8570969e-02
   2.6755853e-01  -1.8778189e-02
   2.6421405e-01  -1.8982845e-02
   2.6086957e-01  -1.9184824e-02
   2.5752508e-01  -1.9384011e-02
   2.5418060e-01  -1.9580289e-02
   2.5083612e-01  -1.9773541e-02
   2.4749164e-01  -1.9963645e-02
   2.4414716e-01  -2.0150480e-02
   2.4080268e-01  -2.0333921e-02
   2.3745819e-01  -2.0513840e-02
   2.3411371e-01  -2.0690109e-02
   2.3076923e-01  -2.0862596e-02
   2.2742475e-01  -2.1031167e-02
   2.2408027e-01  -2.1195685e-02
   2.2073579e-01  -2.1356010e-02
   2.1739130e-01  -2.1512001e-02
   2.1404682e-01  -2.1663510e-02
   2.1070234e-01  -2.1810391e-02
   2.0735786e-01  -2.1952490e-02
   2.0401338e-01  -2.2089654e-02
   2.0066890e-01  -2.2221722e-02
   1.9732441e-01  -2.2348533e-02
   1.9397993e-01  -2.2469919e-02
   1.9063545e-01  -2.2585710e-02
   1.8729097e-01  -2.2695729e-02
   1.8394649e-01  -2.2799799e-02
   1.8060201e-01  -2.2897732e-02
   1.7725753e-01  -2.2989339e-02
   1.7391304e-01  -2.3074425e-02
   1.7056856e-01  -2.3152787e-02
   1.6722408e-01  -2.3224217e-02
   1.6387960e-01  -2.3288502e-02
   1.6053512e-01  -2.3345417e-02
   1.5719064e-01  -2.3394736e-02
   1.5384615e-01  -2.3436218e-02
   1.5050167e-01  -2.3469619e-02
   1.4715719e-01  -2.3494682e-02
   1.4381271e-01  -2.3511141e-02
   1.4046823e-01  -2.3518719e-02
   1.3712375e-01  -2.3517127e-02
   1.3377926e-01  -2.3506065e-02
   1.3043478e-01  -2.3485216e-02
   1.2709030e-01  -2.3454250e-02
   1.2374582e-01  -2.3412822e-02
   1.2040134e-01  -2.3360565e-02
   1.1705686e-01  -2.3297096e-02
   1.1371237e-01  -2.3222010e-02
   1.1036789e-01  -2.3134877e-02
   1.0702341e-01  -2.3035243e-02
   1.0367893e-01  -2.2922623e-02
   1.0033445e-01  -2.2796502e-02
   9.6989967e-02  -2.2656328e-02
   9.3645485e-02  -2.2501511e-02
   9.0301003e-02  -2.2331413e-02
   8.6956522e-02  -2.2145350e-02
   8.3612040e-02  -2.1942577e-02
   8.0267559e-02  -2.1722287e-02
   7.6923077e-02  -2.1483596e-02
   7.3578595e-02  -2.1225539e-02
   7.0234114e-02  -2.0947048e-02
   6.6889632e-02  -2.0646943e-02
   6.3545151e-02  -2.0323906e-02
   6.0200669e-02  -1.9976463e-02
   5.6856187e-02  -1.9602949e-02
   5.3511706e-02  -1.9201468e-02
   5.0167224e-02  -1.8769846e-02
   4.6822742e-02  -1.8305565e-02
   4.3478261e-02  -1.7805678e-02
   4.0133779e-02  -1.7266690e-02
   3.6789298e-02  -1.6684400e-02
   3.3444816e-02  -1.6053673e-02
   3.0100334e-02  -1.5368110e-02
   2.6755853e-02  -1.4619543e-02
   2.3411371e-02  -1.3797248e-02
   2.0066890e-02  -1.2886619e-02
   1.6722408e-02  -1.1866804e-02
   1.3377926e-02  -1.0706063e-02
   1.0033445e-02  -9.3514153e-03
   6.6889632e-03  -7.7004247e-03
   3.3444816e-03  -5.4909676e-03
   0.0000000e+00   0.0000000e+00
