   0.0000000e+00   0.0000000e+00
   3.3444816e-03   1.2997737e-02
   6.6889632e-03   1.8362024e-02
   1.0033445e-02   2.2463359e-02
   1.3377926e-02   2.5907388e-02
   1.6722408e-02   2.8928744e-02
   2.0066890e-02   3.1647752e-02
   2.3411371e-02   3.4135868e-02
   2.6755853e-02   3.6439630e-02
   3.0100334e-02   3.8591342e-02
   3.3444816e-02   4.0614513e-02
   3.6789298e-02   4.2526872e-02
   4.0133779e-02   4.4342186e-02
   4.3478261e-02   4.6071393e-02
   4.6822742e-02   4.7723354e-02
   5.0167224e-02   4.9305368e-02
   5.3511706e-02   5.0823530e-02
   5.6856187e-02   5.2282994e-02
   6.0200669e-02   5.3688162e-02
   6.3545151e-02   5.5042833e-02
   6.6889632e-02   5.6350312e-02
   7.0234114e-02   5.7613494e-02
   7.3578595e-02   5.8834936e-02
   7.6923077e-02   6.0016907e-02
   8.0267559e-02   6.1161435e-02
   8.3612040e-02   6.2270340e-02
   8.6956522e-02   6.3345264e-02
   9.0301003e-02   6.4387696e-02
   9.3645485e-02   6.5398990e-02
   9.6989967e-02   6.6380385e-02
   1.0033445e-01   6.7333014e-02
   1.0367893e-01   6.8257923e-02
   1.0702341e-01   6.9156077e-02
   1.1036789e-01   7.0028367e-02
   1.1371237e-01   7.0875625e-02
   1.1705686e-01   7.1698622e-02
   1.2040134e-01   7.2498081e-02
   1.2374582e-01   7.3274678e-02
   1.2709030e-01   7.4029046e-02
   1.3043478e-01   7.4761782e-02
   1.3377926e-01   7.5473450e-02
   1.3712375e-01   7.6164581e-02
   1.4046823e-01   7.6835677e-02
   1.4381271e-01   7.7487218e-02
   1.4715719e-01   7.8119655e-02
   1.5050167e-01   7.8733423e-02
   1.5384615e-01   7.9328932e-02
   1.5719064e-01   7.9906576e-02
   1.6053512e-01   8.0466733e-02
   1.6387960e-01   8.1009763e-02
   1.6722408e-01   8.1536013e-02
   1.7056856e-01   8.2045816e-02
   1.7391304e-01   8.2539493e-02
   1.7725753e-01   8.3017353e-02
   1.8060201e-01   8.3479694e-02
   1.8394649e-01   8.3926805e-02
   1.8729097e-01   8.4358964e-02
   1.9063545e-01   8.4776440e-02
   1.9397993e-01   8.5179497e-02
   1.9732441e-01   8.5568388e-02
   2.0066890e-01   8.5943359e-02
   2.0401338e-01   8.6304651e-02
   2.0735786e-01   8.6652496e-02
   2.1070234e-01   8.6987123e-02
   2.1404682e-01   8.7308753e-02
   2.1739130e-01   8.7617602e-02
   2.2073579e-01   8.7913882e-02
   2.2408027e-01   8.8197799e-02
   2.2742475e-01   8.8469554e-02
   2.3076923e-01   8.8729345e-02
   2.3411371e-01   8.8977366e-02
   2.3745819e-01   8.9213805e-02
   2.4080268e-01   8.9438849e-02
   2.4414716e-01   8.9652678e-02
   2.4749164e-01   8.9855473e-02
   2.5083612e-01   9.0047408e-02
   2.5418060e-01   9.0228655e-02
   2.5752508e-01   9.0399383e-02
   2.6086957e-01   9.0559759e-02
   2.6421405e-01   9.0709947e-02
   2.6755853e-01   9.0850106e-02
   2.7090301e-01   9.0980395e-02
   2.7424749e-01   9.1100971e-02
   2.7759197e-01   9.1211986e-02
   2.8093645e-01   9.1313591e-02
   2.8428094e-01   9.1405936e-02
   2.8762542e-01   9.1489167e-02
   2.9096990e-01   9.1563428e-02
   2.9431438e-01   9.1628862e-02
   2.9765886e-01   9.1685609e-02
   3.0100334e-01   9.1733808e-02
   3.0434783e-01   9.1773596e-02
   3.0769231e-01   9.1805107e-02
   3.1103679e-01   9.1828474e-02
   3.1438127e-01   9.1843829e-02
   3.1772575e-01   9.1851301e-02
   3.2107023e-01   9.1851017e-02
   3.2441472e-01   9.1843105e-02
   3.2775920e-01   9.1827687e-02
   3.3110368e-01   9.1804888e-02
   3.3444816e-01   9.1774828e-02
   3.3779264e-01   9.1737627e-02
   3.4113712e-01   9.1693403e-02
   3.4448161e-01   9.1642273e-02
   3.4782609e-01   9.1584351e-02
   3.5117057e-01   9.1519753e-02
   3.5451505e-01   9.1448589e-02
   3.5785953e-01   9.1370970e-02
   3.6120401e-01   9.1287006e-02
   3.6454849e-01   9.1196804e-02
   3.6789298e-01   9.1100471e-02
   3.7123746e-01   9.0998112e-02
   3.7458194e-01   9.0889830e-02
   3.7792642e-01   9.0775728e-02
   3.8127090e-01   9.0655905e-02
   3.8461538e-01   9.0530462e-02
   3.8795987e-01   9.0399497e-02
   3.9130435e-01   9.0263105e-02
   3.9464883e-01   9.0121383e-02
   3.9799331e-01   8.9974424e-02
   4.0133779e-01   8.9822321e-02
   4.0468227e-01   8.9665164e-02
   4.0802676e-01   8.9503043e-02
   4.1137124e-01   8.9336048e-02
   4.1471572e-01   8.9164264e-02
   4.1806020e-01   8.8987777e-02
   4.2140468e-01   8.8806672e-02
   4.2474916e-01   8.8621031e-02
   4.2809365e-01   8.8430936e-02
   4.3143813e-01   8.8236468e-02
   4.3478261e-01   8.8037704e-02
   4.3812709e-01   8.7834722e-02
   4.4147157e-01   8.7627598e-02
   4.4481605e-01   8.7416407e-02
   4.4816054e-01   8.7201221e-02
   4.5150502e-01   8.6982113e-02
   4.5484950e-01   8.6759153e-02
   4.5819398e-01   8.6532410e-02
   4.6153846e-01   8.6301951e-02
   4.6488294e-01   8.6067843e-02
   4.6822742e-01   8.5830150e-02
   4.7157191e-01   8.5588936e-02
   4.7491639e-01   8.5344262e-02
   4.7826087e-01   8.5096189e-02
   4.8160535e-01   8.4844775e-02
   4.8494983e-01   8.4590079e-02
   4.8829431e-01   8.4332155e-02
   4.9163880e-01   8.4071060e-02
   4.9498328e-01   8.3806845e-02
   4.9832776e-01   8.3539562e-02
   5.0167224e-01   8.3269263e-02
   5.0501672e-01   8.2995994e-02
   5.0836120e-01   8.2719803e-02
   5.1170569e-01   8.2440736e-02
   5.1505017e-01   8.2158837e-02
   5.1839465e-01   8.1874148e-02
   5.2173913e-01   8.1586711e-02
   5.2508361e-01   8.1296564e-02
   5.2842809e-01   8.1003746e-02
   5.3177258e-01   8.0708294e-02
   5.3511706e-01   8.0410241e-02
   5.3846154e-01   8.0109621e-02
   5.4180602e-01   7.9806465e-02
   5.4515050e-01   7.9500804e-02
   5.4849498e-01   7.9192667e-02
   5.5183946e-01   7.8882079e-02
   5.5518395e-01   7.8569066e-02
   5.5852843e-01   7.8253652e-02
   5.6187291e-01   7.7935858e-02
   5.6521739e-01   7.7615705e-02
   5.6856187e-01   7.7293211e-02
   5.7190635e-01   7.6968394e-02
   5.7525084e-01   7.6641268e-02
   5.7859532e-01   7.6311847e-02
   5.8193980e-01   7.5980144e-02
   5.8528428e-01   7.5646168e-02
   5.8862876e-01   7.5309927e-02
   5.9197324e-01   7.4971429e-02
   5.9531773e-01   7.4630679e-02
   5.9866221e-01   7.4287680e-02
   6.0200669e-01   7.3942434e-02
   6.0535117e-01   7.3594940e-02
   6.0869565e-01   7.3245196e-02
   6.1204013e-01   7.2893199e-02
   6.1538462e-01   7.2538944e-02
   6.1872910e-01   7.2182422e-02
   6.2207358e-01   7.1823626e-02
   6.2541806e-01   7.1462543e-02
   6.2876254e-01   7.1099162e-02
   6.3210702e-01   7.0733468e-02
   6.3545151e-01   7.0365444e-02
   6.3879599e-01   6.9995073e-02
   6.4214047e-01   6.9622334e-02
   6.4548495e-01   6.9247205e-02
   6.4882943e-01   6.8869663e-02
   6.5217391e-01   6.8489682e-02
   6.5551839e-01   6.8107234e-02
   6.5886288e-01   6.7722290e-02
   6.6220736e-01   6.7334818e-02
   6.6555184e-01   6.6944786e-02
   6.6889632e-01   6.6552158e-02
   6.7224080e-01   6.6156897e-02
   6.7558528e-01   6.5758963e-02
   6.7892977e-01   6.5358317e-02
   6.8227425e-01   6.4954914e-02
   6.8561873e-01   6.4548711e-02
   6.8896321e-01   6.4139659e-02
   6.9230769e-01   6.3727710e-02
   6.9565217e-01   6.3312813e-02
   6.9899666e-01   6.2894916e-02
   7.0234114e-01   6.2473962e-02
   7.0568562e-01   6.2049896e-02
   7.0903010e-01   6.1622658e-02
   7.1237458e-01   6.1192186e-02
   7.1571906e-01   6.0758419e-02
   7.1906355e-01   6.0321291e-02
   7.2240803e-01   5.9880734e-02
   7.2575251e-01   5.9436680e-02
   7.2909699e-01   5.8989056e-02
   7.3244147e-01   5.8537789e-02
   7.3578595e-01   5.8082804e-02
   7.3913043e-01   5.7624023e-02
   7.4247492e-01   5.7161366e-02
   7.4581940e-01   5.6694752e-02
   7.4916388e-01   5.6224095e-02
   7.5250836e-01   5.5749309e-02
   7.5585284e-01   5.5270307e-02
   7.5919732e-01   5.4786998e-02
   7.6254181e-01   5.4299288e-02
   7.6588629e-01   5.3807083e-02
   7.6923077e-01   5.3310286e-02
   7.7257525e-01   5.2808797e-02
   7.7591973e-01   5.2302515e-02
   7.7926421e-01   5.1791335e-02
   7.8260870e-01   5.1275153e-02
   7.8595318e-01   5.0753859e-02
   7.8929766e-01   5.0227343e-02
   7.9264214e-01   4.9695492e-02
   7.9598662e-01   4.9158191e-02
   7.9933110e-01   4.8615324e-02
   8.0267559e-01   4.8066769e-02
   8.0602007e-01   4.7512406e-02
   8.0936455e-01   4.6952110e-02
   8.1270903e-01   4.6385755e-02
   8.1605351e-01   4.5813211e-02
   8.1939799e-01   4.5234349e-02
   8.2274247e-01   4.4649034e-02
   8.2608696e-01   4.4057130e-02
   8.2943144e-01   4.3458499e-02
   8.3277592e-01   4.2853001e-02
   8.3612040e-01   4.2240493e-02
   8.3946488e-01   4.1620830e-02
   8.4280936e-01   4.0993863e-02
   8.4615385e-01   4.0359444e-02
   8.4949833e-01   3.9717419e-02
   8.5284281e-01   3.9067634e-02
   8.5618729e-01   3.8409931e-02
   8.5953177e-01   3.7744150e-02
   8.6287625e-01   3.7070131e-02
   8.6622074e-01   3.6387707e-02
   8.6956522e-01   3.5696712e-02
   8.7290970e-01   3.4996977e-02
   8.7625418e-01   3.4288329e-02
   8.7959866e-01   3.3570595e-02
   8.8294314e-01   3.2843596e-02
   8.8628763e-01   3.2107155e-02
   8.8963211e-01   3.1361088e-02
   8.9297659e-01   3.0605212e-02
   8.9632107e-01   2.9839340e-02
   8.9966555e-01   2.9063282e-02
   9.0301003e-01   2.8276846e-02
   9.0635452e-01   2.7479838e-02
   9.0969900e-01   2.6672060e-02
   9.1304348e-01   2.5853313e-02
   9.1638796e-01   2.5023396e-02
   9.1973244e-01   2.4182102e-02
   9.2307692e-01   2.3329225e-02
   9.2642140e-01   2.2464555e-02
   9.2976589e-01   2.1587879e-02
   9.3311037e-01   2.0698983e-02
   9.3645485e-01   1.9797648e-02
   9.3979933e-01   1.8883654e-02
   9.4314381e-01   1.7956778e-02
   9.4648829e-01   1.7016794e-02
   9.4983278e-01   1.6063475e-02
   9.5317726e-01   1.5096590e-02
   9.5652174e-01   1.4115904e-02
   9.5986622e-01   1.3121181e-02
   9.6321070e-01   1.2112183e-02
   9.6655518e-01   1.1088668e-02
   9.6989967e-01   1.0050392e-02
   9.7324415e-01   8.9971078e-03
   9.7658863e-01   7.9285654e-03
   9.7993311e-01   6.8445127e-03
   9.8327759e-01   5.7446944e-03
   9.8662207e-01   4.6288529e-03
   9.8996656e-01   3.4967273e-03
   9.9331104e-01   2.3480545e-03
   9.9665552e-01   1.1825684e-03
   1.0000000e+00   0.0000000e+00
   1.0000000e+00   0.0000000e+00
   9.9665552e-01   7.2036601e-05
   9.9331104e-01   1.4391276e-04
   9.8996656e-01   2.1564158e-04
   9.8662207e-01   2.8723569e-04
   9.8327759e-01   3.5870726e-04
   9.7993311e-01   4.3006799e-04
   9.7658863e-01   5.0132912e-04
   9.7324415e-01   5.7250144e-04
   9.6989967e-01   6.4359527e-04
   9.6655518e-01   7.1462050e-04
   9.6321070e-01   7.8558655e-04
   9.5986622e-01   8.5650240e-04
   9.5652174e-01   9.2737658e-04
   9.5317726e-01   9.9821720e-04
   9.4983278e-01   1.0690319e-03
   9.4648829e-01   1.1398279e-03
   9.4314381e-01   1.2106120e-03
   9.3979933e-01   1.2813905e-03
   9.3645485e-01   1.3521694e-03
   9.3311037e-01   1.4229542e-03
   9.2976589e-01   1.4937499e-03
   9.2642140e-01   1.5645612e-03
   9.2307692e-01   1.6353924e-03
   9.1973244e-01   1.7062473e-03
   9.1638796e-01   1.7771293e-03
   9.1304348e-01   1.8480414e-03
   9.0969900e-01   1.9189863e-03
   9.0635452e-01   1.9899661e-03
   9.0301003e-01   2.0609827e-03
   8.9966555e-01   2.1320375e-03
   8.9632107e-01   2.2031314e-03
   8.9297659e-01   2.2742652e-03
   8.8963211e-01   2.3454390e-03
   8.8628763e-01   2.4166528e-03
   8.8294314e-01   2.4879060e-03
   8.7959866e-01   2.5591977e-03
   8.7625418e-01   2.6305266e-03
   8.7290970e-01   2.7018911e-03
   8.6956522e-01   2.7732892e-03
   8.6622074e-01   2.8447186e-03
   8.6287625e-01   2.9161764e-03
   8.5953177e-01   2.9876596e-03
   8.5618729e-01   3.0591647e-03
   8.5284281e-01   3.1306879e-03
   8.4949833e-01   3.2022251e-03
   8.4615385e-01   3.2737718e-03
   8.4280936e-01   3.3453231e-03
   8.3946488e-01   3.4168738e-03
   8.3612040e-01   3.4884185e-03
   8.3277592e-01   3.5599512e-03
   8.2943144e-01   3.6314658e-03
   8.2608696e-01   3.7029558e-03
   8.2274247e-01   3.7744143e-03
   8.1939799e-01   3.8458342e-03
   8.1605351e-01   3.9172081e-03
   8.1270903e-01   3.9885281e-03
   8.0936455e-01   4.0597862e-03
   8.0602007e-01   4.1309740e-03
   8.0267559e-01   4.2020827e-03
   7.9933110e-01   4.2731034e-03
   7.9598662e-01   4.3440268e-03
   7.9264214e-01   4.4148433e-03
   7.8929766e-01   4.4855431e-03
   7.8595318e-01   4.5561159e-03
   7.8260870e-01   4.6265513e-03
   7.7926421e-01   4.6968387e-03
   7.7591973e-01   4.7669670e-03
   7.7257525e-01   4.8369250e-03
   7.6923077e-01   4.9067012e-03
   7.6588629e-01   4.9762837e-03
   7.6254181e-01   5.0456605e-03
   7.5919732e-01   5.1148194e-03
   7.5585284e-01   5.1837477e-03
   7.5250836e-01   5.2524327e-03
   7.4916388e-01   5.3208613e-03
   7.4581940e-01   5.3890202e-03
   7.4247492e-01   5.4568960e-03
   7.3913043e-01   5.5244748e-03
   7.3578595e-01   5.5917427e-03
   7.3244147e-01   5.6586855e-03
   7.2909699e-01   5.7252888e-03
   7.2575251e-01   5.7915379e-03
   7.2240803e-01   5.8574179e-03
   7.1906355e-01   5.9229138e-03
   7.1571906e-01   5.9880104e-03
   7.1237458e-01   6.0526921e-03
   7.0903010e-01   6.1169434e-03
   7.0568562e-01   6.1807483e-03
   7.0234114e-01   6.2440909e-03
   6.9899666e-01   6.3069549e-03
   6.9565217e-01   6.3693239e-03
   6.9230769e-01   6.4311813e-03
   6.8896321e-01   6.4925105e-03
   6.8561873e-01   6.5532944e-03
   6.8227425e-01   6.6135161e-03
   6.7892977e-01   6.6731583e-03
   6.7558528e-01   6.7322036e-03
   6.7224080e-01   6.7906346e-03
   6.6889632e-01   6.8484335e-03
   6.6555184e-01   6.9055826e-03
   6.6220736e-01   6.9620639e-03
   6.5886288e-01   7.0178593e-03
   6.5551839e-01   7.0729507e-03
   6.5217391e-01   7.1273199e-03
   6.4882943e-01   7.1809482e-03
   6.4548495e-01   7.2338173e-03
   6.4214047e-01   7.2859085e-03
   6.3879599e-01   7.3372031e-03
   6.3545151e-01   7.3876822e-03
   6.3210702e-01   7.4373270e-03
   6.2876254e-01   7.4861185e-03
   6.2541806e-01   7.5340375e-03
   6.2207358e-01   7.5810649e-03
   6.1872910e-01   7.6271816e-03
   6.1538462e-01   7.6723682e-03
   6.1204013e-01   7.7166054e-03
   6.0869565e-01   7.7598739e-03
   6.0535117e-01   7.8021541e-03
   6.0200669e-01   7.8434267e-03
   5.9866221e-01   7.8836722e-03
   5.9531773e-01   7.9228709e-03
   5.9197324e-01   7.9610033e-03
   5.8862876e-01   7.9980499e-03
   5.8528428e-01   8.0339911e-03
   5.8193980e-01   8.0688073e-03
   5.7859532e-01   8.1024789e-03
   5.7525084e-01   8.1349863e-03
   5.7190635e-01   8.1663099e-03
   5.6856187e-01   8.1964302e-03
   5.6521739e-01   8.2253277e-03
   5.6187291e-01   8.2529828e-03
   5.5852843e-01   8.2793761e-03
   5.5518395e-01   8.3044882e-03
   5.5183946e-01   8.3282997e-03
   5.4849498e-01   8.3507914e-03
   5.4515050e-01   8.3719439e-03
   5.4180602e-01   8.3917381e-03
   5.3846154e-01   8.4101549e-03
   5.3511706e-01   8.4271754e-03
   5.3177258e-01   8.4427805e-03
   5.2842809e-01   8.4569515e-03
   5.2508361e-01   8.4696697e-03
   5.2173913e-01   8.4809165e-03
   5.1839465e-01   8.4906734e-03
   5.1505017e-01   8.4989220e-03
   5.1170569e-01   8.5056442e-03
   5.0836120e-01   8.5108219e-03
   5.0501672e-01   8.5144372e-03
   5.0167224e-01   8.5164723e-03
   4.9832776e-01   8.5169097e-03
   4.9498328e-01   8.5157320e-03
   4.9163880e-01   8.5129220e-03
   4.8829431e-01   8.5084626e-03
   4.8494983e-01   8.5023370e-03
   4.8160535e-01   8.4945286e-03
   4.7826087e-01   8.4850211e-03
   4.7491639e-01   8.4737983e-03
   4.7157191e-01   8.4608442e-03
   4.6822742e-01   8.4461432e-03
   4.6488294e-01   8.4296800e-03
   4.6153846e-01   8.4114393e-03
   4.5819398e-01   8.3914063e-03
   4.5484950e-01   8.3695664e-03
   4.5150502e-01   8.3459054e-03
   4.4816054e-01   8.3204093e-03
   4.4481605e-01   8.2930644e-03
   4.4147157e-01   8.2638575e-03
   4.3812709e-01   8.2327754e-03
   4.3478261e-01   8.1998057e-03
   4.3143813e-01   8.1649361e-03
   4.2809365e-01   8.1281546e-03
   4.2474916e-01   8.0894498e-03
   4.2140468e-01   8.0488106e-03
   4.1806020e-01   8.0062263e-03
   4.1471572e-01   7.9616866e-03
   4.1137124e-01   7.9151816e-03
   4.0802676e-01   7.8667021e-03
   4.0468227e-01   7.8162391e-03
   4.0133779e-01   7.7637841e-03
   3.9799331e-01   7.7093293e-03
   3.9464883e-01   7.6528671e-03
   3.9130435e-01   7.5943906e-03
   3.8795987e-01   7.5338935e-03
   3.8461538e-01   7.4713700e-03
   3.8127090e-01   7.4068146e-03
   3.7792642e-01   7.3402229e-03
   3.7458194e-01   7.2715906e-03
   3.7123746e-01   7.2009143e-03
   3.6789298e-01   7.1281911e-03
   3.6454849e-01   7.0534189e-03
   3.6120401e-01   6.9765961e-03
   3.5785953e-01   6.8977218e-03
   3.5451505e-01   6.8167960e-03
   3.5117057e-01   6.7338192e-03
   3.4782609e-01   6.6487928e-03
   3.4448161e-01   6.5617188e-03
   3.4113712e-01   6.4726002e-03
   3.3779264e-01   6.3814406e-03
   3.3444816e-01   6.2882445e-03
   3.3110368e-01   6.1930174e-03
   3.2775920e-01   6.0957654e-03
   3.2441472e-01   5.9964958e-03
   3.2107023e-01   5.8952167e-03
   3.1772575e-01   5.7919370e-03
   3.1438127e-01   5.6866668e-03
   3.1103679e-01   5.5794171e-03
   3.0769231e-01   5.4702000e-03
   3.0434783e-01   5.3590286e-03
   3.0100334e-01   5.2459172e-03
   2.9765886e-01   5.1308810e-03
   2.9431438e-01   5.0139367e-03
   2.9096990e-01   4.8951019e-03
   2.8762542e-01   4.7743955e-03
   2.8428094e-01   4.6518379e-03
   2.8093645e-01   4.5274505e-03
   2.7759197e-01   4.4012561e-03
   2.7424749e-01   4.2732790e-03
   2.7090301e-01   4.1435449e-03
   2.6755853e-01   4.0120809e-03
   2.6421405e-01   3.8789157e-03
   2.6086957e-01   3.7440795e-03
   2.5752508e-01   3.6076041e-03
   2.5418060e-01   3.4695231e-03
   2.5083612e-01   3.3298716e-03
   2.4749164e-01   3.1886867e-03
   2.4414716e-01   3.0460073e-03
   2.4080268e-01   2.9018740e-03
   2.3745819e-01   2.7563295e-03
   2.3411371e-01   2.6094187e-03
   2.3076923e-01   2.4611883e-03
   2.2742475e-01   2.3116874e-03
   2.2408027e-01   2.1609672e-03
   2.2073579e-01   2.0090813e-03
   2.1739130e-01   1.8560858e-03
   2.1404682e-01   1.7020393e-03
   2.1070234e-01   1.5470029e-03
   2.0735786e-01   1.3910406e-03
   2.0401338e-01   1.2342190e-03
   2.0066890e-01   1.0766079e-03
   1.9732441e-01   9.1827990e-04
   1.9397993e-01   7.5931103e-04
   1.9063545e-01   5.9978054e-04
   1.8729097e-01   4.3977118e-04
   1.8394649e-01   2.7936932e-04
   1.8060201e-01   1.1866516e-04
   1.7725753e-01  -4.2247150e-05
   1.7391304e-01  -2.0326925e-04
   1.7056856e-01  -3.6429844e-04
   1.6722408e-01  -5.2522740e-04
   1.6387960e-01  -6.8594399e-04
   1.6053512e-01  -8.4633096e-04
   1.5719064e-01  -1.0062657e-03
   1.5384615e-01  -1.1656200e-03
   1.5050167e-01  -1.3242597e-03
   1.4715719e-01  -1.4820440e-03
   1.4381271e-01  -1.6388258e-03
   1.4046823e-01  -1.7944506e-03
   1.3712375e-01  -1.9487565e-03
   1.3377926e-01  -2.1015733e-03
   1.3043478e-01  -2.2527224e-03
   1.2709030e-01  -2.4020158e-03
   1.2374582e-01  -2.5492557e-03
   1.2040134e-01  -2.6942337e-03
   1.1705686e-01  -2.8367298e-03
   1.1371237e-01  -2.9765117e-03
   1.1036789e-01  -3.1133337e-03
   1.0702341e-01  -3.2469357e-03
   1.0367893e-01  -3.3770417e-03
   1.0033445e-01  -3.5033582e-03
   9.6989967e-02  -3.6255730e-03
   9.3645485e-02  -3.7433529e-03
   9.0301003e-02  -3.8563417e-03
   8.6956522e-02  -3.9641576e-03
   8.3612040e-02  -4.0663904e-03
   8.0267559e-02  -4.1625979e-03
   7.6923077e-02  -4.2523020e-03
   7.3578595e-02  -4.3349840e-03
   7.0234114e-02  -4.4100788e-03
   6.6889632e-02  -4.4769684e-03
   6.3545151e-02  -4.5349732e-03
   6.0200669e-02  -4.5833423e-03
   5.6856187e-02  -4.6212408e-03
   5.3511706e-02  -4.6477341e-03
   5.0167224e-02  -4.6617681e-03
   4.6822742e-02  -4.6621433e-03
   4.3478261e-02  -4.6474810e-03
   4.0133779e-02  -4.6161786e-03
   3.6789298e-02  -4.5663470e-03
   3.3444816e-02  -4.4957247e-03
   3.0100334e-02  -4.4015519e-03
   2.6755853e-02  -4.2803824e-03
   2.3411371e-02  -4.1277890e-03
   2.0066890e-02  -3.9378757e-03
   1.6722408e-02  -3.7024128e-03
   1.3377926e-02  -3.4091561e-03
   1.0033445e-02  -3.0381255e-03
   6.6889632e-03  -2.5515642e-03
   3.3444816e-03  -1.8550809e-03
   0.0000000e+00   0.0000000e+00
