   0.0000000e+00   0.0000000e+00
   3.3444816e-03   1.0394647e-02
   6.6889632e-03   1.4648683e-02
   1.0033445e-02   1.7877728e-02
   1.3377926e-02   2.0570463e-02
   1.6722408e-02   2.2916887e-02
   2.0066890e-02   2.5014797e-02
   2.3411371e-02   2.6922490e-02
   2.6755853e-02   2.8678085e-02
   3.0100334e-02   3.0308149e-02
   3.3444816e-02   3.1832092e-02
   3.6789298e-02   3.3264616e-02
   4.0133779e-02   3.4617182e-02
   4.3478261e-02   3.5898937e-02
   4.6822742e-02   3.7117320e-02
   5.0167224e-02   3.8278483e-02
   5.3511706e-02   3.9387584e-02
   5.6856187e-02   4.0449002e-02
   6.0200669e-02   4.1466491e-02
   6.3545151e-02   4.2443302e-02
   6.6889632e-02   4.3382273e-02
   7.0234114e-02   4.4285898e-02
   7.3578595e-02   4.5156385e-02
   7.6923077e-02   4.5995701e-02
   8.0267559e-02   4.6805605e-02
   8.3612040e-02   4.7587682e-02
   8.6956522e-02   4.8343364e-02
   9.0301003e-02   4.9073949e-02
   9.3645485e-02   4.9780623e-02
   9.6989967e-02   5.0464467e-02
   1.0033445e-01   5.1126476e-02
   1.0367893e-01   5.1767563e-02
   1.0702341e-01   5.2388571e-02
   1.1036789e-01   5.2990283e-02
   1.1371237e-01   5.3573421e-02
   1.1705686e-01   5.4138661e-02
   1.2040134e-01   5.4686630e-02
   1.2374582e-01   5.5217915e-02
   1.2709030e-01   5.5733065e-02
   1.3043478e-01   5.6232593e-02
   1.3377926e-01   5.6716985e-02
   1.3712375e-01   5.7186696e-02
   1.4046823e-01   5.7642153e-02
   1.4381271e-01   5.8083762e-02
   1.4715719e-01   5.8511905e-02
   1.5050167e-01   5.8926945e-02
   1.5384615e-01   5.9329225e-02
   1.5719064e-01   5.9719070e-02
   1.6053512e-01   6.0096791e-02
   1.6387960e-01   6.0462683e-02
   1.6722408e-01   6.0817025e-02
   1.7056856e-01   6.1160085e-02
   1.7391304e-01   6.1492118e-02
   1.7725753e-01   6.1813369e-02
   1.8060201e-01   6.2124071e-02
   1.8394649e-01   6.2424446e-02
   1.8729097e-01   6.2714710e-02
   1.9063545e-01   6.2995066e-02
   1.9397993e-01   6.3265712e-02
   1.9732441e-01   6.3526837e-02
   2.0066890e-01   6.3778622e-02
   2.0401338e-01   6.4021243e-02
   2.0735786e-01   6.4254867e-02
   2.1070234e-01   6.4479656e-02
   2.1404682e-01   6.4695767e-02
   2.1739130e-01   6.4903351e-02
   2.2073579e-01   6.5102552e-02
   2.2408027e-01   6.5293511e-02
   2.2742475e-01   6.5476364e-02
   2.3076923e-01   6.5651242e-02
   2.3411371e-01   6.5818272e-02
   2.3745819e-01   6.5977577e-02
   2.4080268e-01   6.6129276e-02
   2.4414716e-01   6.6273484e-02
   2.4749164e-01   6.6410313e-02
   2.5083612e-01   6.6539871e-02
   2.5418060e-01   6.6662263e-02
   2.5752508e-01   6.6777593e-02
   2.6086957e-01   6.6885958e-02
   2.6421405e-01   6.6987456e-02
   2.6755853e-01   6.7082181e-02
   2.7090301e-01   6.7170223e-02
   2.7424749e-01   6.7251671e-02
   2.7759197e-01   6.7326612e-02
   2.8093645e-01   6.7395130e-02
   2.8428094e-01   6.7457307e-02
   2.8762542e-01   6.7513222e-02
   2.9096990e-01   6.7562955e-02
   2.9431438e-01   6.7606580e-02
   2.9765886e-01   6.7644172e-02
   3.0100334e-01   6.7675804e-02
   3.0434783e-01   6.7701546e-02
   3.0769231e-01   6.7721466e-02
   3.1103679e-01   6.7735634e-02
   3.1438127e-01   6.7744114e-02
   3.1772575e-01   6.7746971e-02
   3.2107023e-01   6.7744268e-02
   3.2441472e-01   6.7736067e-02
   3.2775920e-01   6.7722428e-02
   3.3110368e-01   6.7703411e-02
   3.3444816e-01   6.7679072e-02
   3.3779264e-01   6.7649470e-02
   3.4113712e-01   6.7614659e-02
   3.4448161e-01   6.7574694e-02
   3.4782609e-01   6.7529629e-02
   3.5117057e-01   6.7479515e-02
   3.5451505e-01   6.7424405e-02
   3.5785953e-01   6.7364348e-02
   3.6120401e-01   6.7299394e-02
   3.6454849e-01   6.7229591e-02
   3.6789298e-01   6.7154988e-02
   3.7123746e-01   6.7075631e-02
   3.7458194e-01   6.6991566e-02
   3.7792642e-01   6.6902838e-02
   3.8127090e-01   6.6809492e-02
   3.8461538e-01   6.6711572e-02
   3.8795987e-01   6.6609120e-02
   3.9130435e-01   6.6502179e-02
   3.9464883e-01   6.6390790e-02
   3.9799331e-01   6.6274994e-02
   4.0133779e-01   6.6154831e-02
   4.0468227e-01   6.6030342e-02
   4.0802676e-01   6.5901565e-02
   4.1137124e-01   6.5768539e-02
   4.1471572e-01   6.5631301e-02
   4.1806020e-01   6.5489889e-02
   4.2140468e-01   6.5344340e-02
   4.2474916e-01   6.5194690e-02
   4.2809365e-01   6.5040974e-02
   4.3143813e-01   6.4883228e-02
   4.3478261e-01   6.4721488e-02
   4.3812709e-01   6.4555786e-02
   4.4147157e-01   6.4386157e-02
   4.4481605e-01   6.4212634e-02
   4.4816054e-01   6.4035251e-02
   4.5150502e-01   6.3854039e-02
   4.5484950e-01   6.3669031e-02
   4.5819398e-01   6.3480260e-02
   4.6153846e-01   6.3287755e-02
   4.6488294e-01   6.3091548e-02
   4.6822742e-01   6.2891670e-02
   4.7157191e-01   6.2688151e-02
   4.7491639e-01   6.2481021e-02
   4.7826087e-01   6.2270309e-02
   4.8160535e-01   6.2056045e-02
   4.8494983e-01   6.1838258e-02
   4.8829431e-01   6.1616975e-02
   4.9163880e-01   6.1392227e-02
   4.9498328e-01   6.1164039e-02
   4.9832776e-01   6.0932441e-02
   5.0167224e-01   6.0697460e-02
   5.0501672e-01   6.0459122e-02
   5.0836120e-01   6.0217455e-02
   5.1170569e-01   5.9972485e-02
   5.1505017e-01   5.9724239e-02
   5.1839465e-01   5.9472742e-02
   5.2173913e-01   5.9218021e-02
   5.2508361e-01   5.8960101e-02
   5.2842809e-01   5.8699008e-02
   5.3177258e-01   5.8434767e-02
   5.3511706e-01   5.8167402e-02
   5.3846154e-01   5.7896939e-02
   5.4180602e-01   5.7623401e-02
   5.4515050e-01   5.7346814e-02
   5.4849498e-01   5.7067201e-02
   5.5183946e-01   5.6784587e-02
   5.5518395e-01   5.6498994e-02
   5.5852843e-01   5.6210447e-02
   5.6187291e-01   5.5918969e-02
   5.6521739e-01   5.5624583e-02
   5.6856187e-01   5.5327313e-02
   5.7190635e-01   5.5027180e-02
   5.7525084e-01   5.4724207e-02
   5.7859532e-01   5.4418418e-02
   5.8193980e-01   5.4109835e-02
   5.8528428e-01   5.3798478e-02
   5.8862876e-01   5.3484372e-02
   5.9197324e-01   5.3167538e-02
   5.9531773e-01   5.2847996e-02
   5.9866221e-01   5.2525770e-02
   6.0200669e-01   5.2200880e-02
   6.0535117e-01   5.1873348e-02
   6.0869565e-01   5.1543196e-02
   6.1204013e-01   5.1210443e-02
   6.1538462e-01   5.0875112e-02
   6.1872910e-01   5.0537222e-02
   6.2207358e-01   5.0196796e-02
   6.2541806e-01   4.9853852e-02
   6.2876254e-01   4.9508413e-02
   6.3210702e-01   4.9160498e-02
   6.3545151e-01   4.8810127e-02
   6.3879599e-01   4.8457322e-02
   6.4214047e-01   4.8102101e-02
   6.4548495e-01   4.7744485e-02
   6.4882943e-01   4.7384494e-02
   6.5217391e-01   4.7022147e-02
   6.5551839e-01   4.6657465e-02
   6.5886288e-01   4.6290466e-02
   6.6220736e-01   4.5921171e-02
   6.6555184e-01   4.5549598e-02
   6.6889632e-01   4.5175768e-02
   6.7224080e-01   4.4799700e-02
   6.7558528e-01   4.4421412e-02
   6.7892977e-01   4.4040924e-02
   6.8227425e-01   4.3658254e-02
   6.8561873e-01   4.3273423e-02
   6.8896321e-01   4.2886448e-02
   6.9230769e-01   4.2497349e-02
   6.9565217e-01   4.2106144e-02
   6.9899666e-01   4.1712852e-02
   7.0234114e-01   4.1317492e-02
   7.0568562e-01   4.0920082e-02
   7.0903010e-01   4.0520641e-02
   7.1237458e-01   4.0119187e-02
   7.1571906e-01   3.9715739e-02
   7.1906355e-01   3.9310314e-02
   7.2240803e-01   3.8902932e-02
   7.2575251e-01   3.8493610e-02
   7.2909699e-01   3.8082367e-02
   7.3244147e-01   3.7669221e-02
   7.3578595e-01   3.7254189e-02
   7.3913043e-01   3.6837291e-02
   7.4247492e-01   3.6418543e-02
   7.4581940e-01   3.5997964e-02
   7.4916388e-01   3.5575572e-02
   7.5250836e-01   3.5151384e-02
   7.5585284e-01   3.4725419e-02
   7.5919732e-01   3.4297694e-02
   7.6254181e-01   3.3868227e-02
   7.6588629e-01   3.3437035e-02
   7.6923077e-01   3.3004137e-02
   7.7257525e-01   3.2569549e-02
   7.7591973e-01   3.2133290e-02
   7.7926421e-01   3.1695378e-02
   7.8260870e-01   3.1255828e-02
   7.8595318e-01   3.0814660e-02
   7.8929766e-01   3.0371891e-02
   7.9264214e-01   2.9927537e-02
   7.9598662e-01   2.9481617e-02
   7.9933110e-01   2.9034148e-02
   8.0267559e-01   2.8585147e-02
   8.0602007e-01   2.8134632e-02
   8.0936455e-01   2.7682619e-02
   8.1270903e-01   2.7229127e-02
   8.1605351e-01   2.6774172e-02
   8.1939799e-01   2.6317772e-02
   8.2274247e-01   2.5859944e-02
   8.2608696e-01   2.5400705e-02
   8.2943144e-01   2.4940073e-02
   8.3277592e-01   2.4478064e-02
   8.3612040e-01   2.4014695e-02
   8.3946488e-01   2.3549985e-02
   8.4280936e-01   2.3083950e-02
   8.4615385e-01   2.2616607e-02
   8.4949833e-01   2.2147973e-02
   8.5284281e-01   2.1678066e-02
   8.5618729e-01   2.1206902e-02
   8.5953177e-01   2.0734499e-02
   8.6287625e-01   2.0260873e-02
   8.6622074e-01   1.9786042e-02
   8.6956522e-01   1.9310023e-02
   8.7290970e-01   1.8832833e-02
   8.7625418e-01   1.8354488e-02
   8.7959866e-01   1.7875007e-02
   8.8294314e-01   1.7394405e-02
   8.8628763e-01   1.6912701e-02
   8.8963211e-01   1.6429910e-02
   8.9297659e-01   1.5946050e-02
   8.9632107e-01   1.5461139e-02
   8.9966555e-01   1.4975192e-02
   9.0301003e-01   1.4488227e-02
   9.0635452e-01   1.4000262e-02
   9.0969900e-01   1.3511312e-02
   9.1304348e-01   1.3021396e-02
   9.1638796e-01   1.2530530e-02
   9.1973244e-01   1.2038731e-02
   9.2307692e-01   1.1546015e-02
   9.2642140e-01   1.1052402e-02
   9.2976589e-01   1.0557906e-02
   9.3311037e-01   1.0062545e-02
   9.3645485e-01   9.5663368e-03
   9.3979933e-01   9.0692977e-03
   9.4314381e-01   8.5714449e-03
   9.4648829e-01   8.0727954e-03
   9.4983278e-01   7.5733664e-03
   9.5317726e-01   7.0731748e-03
   9.5652174e-01   6.5722377e-03
   9.5986622e-01   6.0705722e-03
   9.6321070e-01   5.5681954e-03
   9.6655518e-01   5.0651244e-03
   9.6989967e-01   4.5613763e-03
   9.7324415e-01   4.0569681e-03
   9.7658863e-01   3.5519171e-03
   9.7993311e-01   3.0462404e-03
   9.8327759e-01   2.5399550e-03
   9.8662207e-01   2.0330782e-03
   9.8996656e-01   1.5256271e-03
   9.9331104e-01   1.0176189e-03
   9.9665552e-01   5.0907079e-04
   1.0000000e+00   0.0000000e+00
   1.0000000e+00   0.0000000e+00
   9.9665552e-01   9.2303277e-05
   9.9331104e-01   1.7983676e-04
   9.8996656e-01   2.6275149e-04
   9.8662207e-01   3.4119625e-04
   9.8327759e-01   4.1531761e-04
   9.7993311e-01   4.8525989e-04
   9.7658863e-01   5.5116520e-04
   9.7324415e-01   6.1317344e-04
   9.6989967e-01   6.7142229e-04
   9.6655518e-01   7.2604727e-04
   9.6321070e-01   7.7718170e-04
   9.5986622e-01   8.2495671e-04
   9.5652174e-01   8.6950131e-04
   9.5317726e-01   9.1094231e-04
   9.4983278e-01   9.4940440e-04
   9.4648829e-01   9.8501013e-04
   9.4314381e-01   1.0178799e-03
   9.3979933e-01   1.0481321e-03
   9.3645485e-01   1.0758828e-03
   9.3311037e-01   1.1012463e-03
   9.2976589e-01   1.1243344e-03
   9.2642140e-01   1.1452571e-03
   9.2307692e-01   1.1641223e-03
   9.1973244e-01   1.1810359e-03
   9.1638796e-01   1.1961015e-03
   9.1304348e-01   1.2094209e-03
   9.0969900e-01   1.2210939e-03
   9.0635452e-01   1.2312180e-03
   9.0301003e-01   1.2398889e-03
   8.9966555e-01   1.2472004e-03
   8.9632107e-01   1.2532441e-03
   8.9297659e-01   1.2581097e-03
   8.8963211e-01   1.2618849e-03
   8.8628763e-01   1.2646556e-03
   8.8294314e-01   1.2665055e-03
   8.7959866e-01   1.2675166e-03
   8.7625418e-01   1.2677688e-03
   8.7290970e-01   1.2673402e-03
   8.6956522e-01   1.2663069e-03
   8.6622074e-01   1.2647431e-03
   8.6287625e-01   1.2627213e-03
   8.5953177e-01   1.2603118e-03
   8.5618729e-01   1.2575835e-03
   8.5284281e-01   1.2546029e-03
   8.4949833e-01   1.2514350e-03
   8.4615385e-01   1.2481430e-03
   8.4280936e-01   1.2447881e-03
   8.3946488e-01   1.2414298e-03
   8.3612040e-01   1.2381257e-03
   8.3277592e-01   1.2349317e-03
   8.2943144e-01   1.2319019e-03
   8.2608696e-01   1.2290887e-03
   8.2274247e-01   1.2265425e-03
   8.1939799e-01   1.2243124e-03
   8.1605351e-01   1.2224453e-03
   8.1270903e-01   1.2209866e-03
   8.0936455e-01   1.2199800e-03
   8.0602007e-01   1.2194675e-03
   8.0267559e-01   1.2194894e-03
   7.9933110e-01   1.2200842e-03
   7.9598662e-01   1.2212889e-03
   7.9264214e-01   1.2231388e-03
   7.8929766e-01   1.2256676e-03
   7.8595318e-01   1.2289072e-03
   7.8260870e-01   1.2328881e-03
   7.7926421e-01   1.2376390e-03
   7.7591973e-01   1.2431872e-03
   7.7257525e-01   1.2495583e-03
   7.6923077e-01   1.2567762e-03
   7.6588629e-01   1.2648637e-03
   7.6254181e-01   1.2738414e-03
   7.5919732e-01   1.2837290e-03
   7.5585284e-01   1.2945442e-03
   7.5250836e-01   1.3063035e-03
   7.4916388e-01   1.3190218e-03
   7.4581940e-01   1.3327124e-03
   7.4247492e-01   1.3473873e-03
   7.3913043e-01   1.3630570e-03
   7.3578595e-01   1.3797305e-03
   7.3244147e-01   1.3974154e-03
   7.2909699e-01   1.4161178e-03
   7.2575251e-01   1.4358427e-03
   7.2240803e-01   1.4565933e-03
   7.1906355e-01   1.4783716e-03
   7.1571906e-01   1.5011783e-03
   7.1237458e-01   1.5250126e-03
   7.0903010e-01   1.5498726e-03
   7.0568562e-01   1.5757547e-03
   7.0234114e-01   1.6026544e-03
   6.9899666e-01   1.6305656e-03
   6.9565217e-01   1.6594810e-03
   6.9230769e-01   1.6893920e-03
   6.8896321e-01   1.7202890e-03
   6.8561873e-01   1.7521607e-03
   6.8227425e-01   1.7849949e-03
   6.7892977e-01   1.8187781e-03
   6.7558528e-01   1.8534956e-03
   6.7224080e-01   1.8891316e-03
   6.6889632e-01   1.9256688e-03
   6.6555184e-01   1.9630892e-03
   6.6220736e-01   2.0013734e-03
   6.5886288e-01   2.0405008e-03
   6.5551839e-01   2.0804499e-03
   6.5217391e-01   2.1211979e-03
   6.4882943e-01   2.1627211e-03
   6.4548495e-01   2.2049947e-03
   6.4214047e-01   2.2479926e-03
   6.3879599e-01   2.2916880e-03
   6.3545151e-01   2.3360529e-03
   6.3210702e-01   2.3810584e-03
   6.2876254e-01   2.4266745e-03
   6.2541806e-01   2.4728702e-03
   6.2207358e-01   2.5196137e-03
   6.1872910e-01   2.5668722e-03
   6.1538462e-01   2.6146118e-03
   6.1204013e-01   2.6627980e-03
   6.0869565e-01   2.7113952e-03
   6.0535117e-01   2.7603670e-03
   6.0200669e-01   2.8096760e-03
   5.9866221e-01   2.8592842e-03
   5.9531773e-01   2.9091527e-03
   5.9197324e-01   2.9592417e-03
   5.8862876e-01   3.0095106e-03
   5.8528428e-01   3.0599181e-03
   5.8193980e-01   3.1104223e-03
   5.7859532e-01   3.1609802e-03
   5.7525084e-01   3.2115485e-03
   5.7190635e-01   3.2620829e-03
   5.6856187e-01   3.3125385e-03
   5.6521739e-01   3.3628698e-03
   5.6187291e-01   3.4130307e-03
   5.5852843e-01   3.4629742e-03
   5.5518395e-01   3.5126531e-03
   5.5183946e-01   3.5620194e-03
   5.4849498e-01   3.6110244e-03
   5.4515050e-01   3.6596191e-03
   5.4180602e-01   3.7077540e-03
   5.3846154e-01   3.7553789e-03
   5.3511706e-01   3.8024432e-03
   5.3177258e-01   3.8488958e-03
   5.2842809e-01   3.8946854e-03
   5.2508361e-01   3.9397599e-03
   5.2173913e-01   3.9840671e-03
   5.1839465e-01   4.0275543e-03
   5.1505017e-01   4.0701684e-03
   5.1170569e-01   4.1118563e-03
   5.0836120e-01   4.1525640e-03
   5.0501672e-01   4.1922379e-03
   5.0167224e-01   4.2308235e-03
   4.9832776e-01   4.2682665e-03
   4.9498328e-01   4.3045123e-03
   4.9163880e-01   4.3395059e-03
   4.8829431e-01   4.3731924e-03
   4.8494983e-01   4.4055167e-03
   4.8160535e-01   4.4364234e-03
   4.7826087e-01   4.4658572e-03
   4.7491639e-01   4.4937628e-03
   4.7157191e-01   4.5200846e-03
   4.6822742e-01   4.5447673e-03
   4.6488294e-01   4.5677552e-03
   4.6153846e-01   4.5889932e-03
   4.5819398e-01   4.6084257e-03
   4.5484950e-01   4.6259977e-03
   4.5150502e-01   4.6416539e-03
   4.4816054e-01   4.6553395e-03
   4.4481605e-01   4.6669997e-03
   4.4147157e-01   4.6765800e-03
   4.3812709e-01   4.6840259e-03
   4.3478261e-01   4.6892837e-03
   4.3143813e-01   4.6922994e-03
   4.2809365e-01   4.6930198e-03
   4.2474916e-01   4.6913918e-03
   4.2140468e-01   4.6873629e-03
   4.1806020e-01   4.6808809e-03
   4.1471572e-01   4.6718941e-03
   4.1137124e-01   4.6603514e-03
   4.0802676e-01   4.6462021e-03
   4.0468227e-01   4.6293962e-03
   4.0133779e-01   4.6098843e-03
   3.9799331e-01   4.5876175e-03
   3.9464883e-01   4.5625479e-03
   3.9130435e-01   4.5346279e-03
   3.8795987e-01   4.5038112e-03
   3.8461538e-01   4.4700519e-03
   3.8127090e-01   4.4333050e-03
   3.7792642e-01   4.3935266e-03
   3.7458194e-01   4.3506736e-03
   3.7123746e-01   4.3047038e-03
   3.6789298e-01   4.2555762e-03
   3.6454849e-01   4.2032509e-03
   3.6120401e-01   4.1476888e-03
   3.5785953e-01   4.0888524e-03
   3.5451505e-01   4.0267050e-03
   3.5117057e-01   3.9612115e-03
   3.4782609e-01   3.8923380e-03
   3.4448161e-01   3.8200520e-03
   3.4113712e-01   3.7443222e-03
   3.3779264e-01   3.6651192e-03
   3.3444816e-01   3.5824148e-03
   3.3110368e-01   3.4961825e-03
   3.2775920e-01   3.4063975e-03
   3.2441472e-01   3.3130368e-03
   3.2107023e-01   3.2160789e-03
   3.1772575e-01   3.1155044e-03
   3.1438127e-01   3.0112958e-03
   3.1103679e-01   2.9034375e-03
   3.0769231e-01   2.7919159e-03
   3.0434783e-01   2.6767198e-03
   3.0100334e-01   2.5578399e-03
   2.9765886e-01   2.4352694e-03
   2.9431438e-01   2.3090037e-03
   2.9096990e-01   2.1790408e-03
   2.8762542e-01   2.0453811e-03
   2.8428094e-01   1.9080278e-03
   2.8093645e-01   1.7669866e-03
   2.7759197e-01   1.6222662e-03
   2.7424749e-01   1.4738781e-03
   2.7090301e-01   1.3218369e-03
   2.6755853e-01   1.1661603e-03
   2.6421405e-01   1.0068691e-03
   2.6086957e-01   8.4398767e-04
   2.5752508e-01   6.7754364e-04
   2.5418060e-01   5.0756837e-04
   2.5083612e-01   3.3409687e-04
   2.4749164e-01   1.5716805e-04
   2.4414716e-01  -2.3175231e-05
   2.4080268e-01  -2.0688593e-04
   2.3745819e-01  -3.9391274e-04
   2.3411371e-01  -5.8419989e-04
   2.3076923e-01  -7.7768696e-04
   2.2742475e-01  -9.7430876e-04
   2.2408027e-01  -1.1739951e-03
   2.2073579e-01  -1.3766707e-03
   2.1739130e-01  -1.5822546e-03
   2.1404682e-01  -1.7906607e-03
   2.1070234e-01  -2.0017967e-03
   2.0735786e-01  -2.2155645e-03
   2.0401338e-01  -2.4318594e-03
   2.0066890e-01  -2.6505704e-03
   1.9732441e-01  -2.8715796e-03
   1.9397993e-01  -3.0947617e-03
   1.9063545e-01  -3.3199843e-03
   1.8729097e-01  -3.5471069e-03
   1.8394649e-01  -3.7759810e-03
   1.8060201e-01  -4.0064495e-03
   1.7725753e-01  -4.2383464e-03
   1.7391304e-01  -4.4714962e-03
   1.7056856e-01  -4.7057137e-03
   1.6722408e-01  -4.9408034e-03
   1.6387960e-01  -5.1765586e-03
   1.6053512e-01  -5.4127616e-03
   1.5719064e-01  -5.6491823e-03
   1.5384615e-01  -5.8855781e-03
   1.5050167e-01  -6.1216927e-03
   1.4715719e-01  -6.3572558e-03
   1.4381271e-01  -6.5919818e-03
   1.4046823e-01  -6.8255693e-03
   1.3712375e-01  -7.0576996e-03
   1.3377926e-01  -7.2880361e-03
   1.3043478e-01  -7.5162226e-03
   1.2709030e-01  -7.7418825e-03
   1.2374582e-01  -7.9646168e-03
   1.2040134e-01  -8.1840026e-03
   1.1705686e-01  -8.3995917e-03
   1.1371237e-01  -8.6109078e-03
   1.1036789e-01  -8.8174451e-03
   1.0702341e-01  -9.0186651e-03
   1.0367893e-01  -9.2139940e-03
   1.0033445e-01  -9.4028195e-03
   9.6989967e-02  -9.5844870e-03
   9.3645485e-02  -9.7582955e-03
   9.0301003e-02  -9.9234928e-03
   8.6956522e-02  -1.0079270e-02
   8.3612040e-02  -1.0224755e-02
   8.0267559e-02  -1.0359004e-02
   7.6923077e-02  -1.0480995e-02
   7.3578595e-02  -1.0589615e-02
   7.0234114e-02  -1.0683650e-02
   6.6889632e-02  -1.0761767e-02
   6.3545151e-02  -1.0822498e-02
   6.0200669e-02  -1.0864218e-02
   5.6856187e-02  -1.0885116e-02
   5.3511706e-02  -1.0883161e-02
   5.0167224e-02  -1.0856060e-02
   4.6822742e-02  -1.0801197e-02
   4.3478261e-02  -1.0715565e-02
   4.0133779e-02  -1.0595660e-02
   3.6789298e-02  -1.0437352e-02
   3.3444816e-02  -1.0235688e-02
   3.0100334e-02  -9.9846177e-03
   2.6755853e-02  -9.6765828e-03
   2.3411371e-02  -9.3018627e-03
   2.0066890e-02  -8.8475024e-03
   1.6722408e-02  -8.2954049e-03
   1.3377926e-02  -7.6186221e-03
   1.0033445e-02  -6.7731404e-03
   6.6889632e-03  -5.6756990e-03
   3.3444816e-03  -4.1178807e-03
   0.0000000e+00   0.0000000e+00
