   0.0000000e+00   0.0000000e+00
   3.3444816e-03   6.7358925e-03
   6.6889632e-03   9.5675026e-03
   1.0033445e-02   1.1767062e-02
   1.3377926e-02   1.3642622e-02
   1.6722408e-02   1.5312680e-02
   2.0066890e-02   1.6837562e-02
   2.3411371e-02   1.8252829e-02
   2.6755853e-02   1.9581460e-02
   3.0100334e-02   2.0839274e-02
   3.3444816e-02   2.2037687e-02
   3.6789298e-02   2.3185232e-02
   4.0133779e-02   2.4288472e-02
   4.3478261e-02   2.5352571e-02
   4.6822742e-02   2.6381674e-02
   5.0167224e-02   2.7379155e-02
   5.3511706e-02   2.8347805e-02
   5.6856187e-02   2.9289955e-02
   6.0200669e-02   3.0207575e-02
   6.3545151e-02   3.1102343e-02
   6.6889632e-02   3.1975702e-02
   7.0234114e-02   3.2828901e-02
   7.3578595e-02   3.3663027e-02
   7.6923077e-02   3.4479032e-02
   8.0267559e-02   3.5277756e-02
   8.3612040e-02   3.6059943e-02
   8.6956522e-02   3.6826254e-02
   9.0301003e-02   3.7577279e-02
   9.3645485e-02   3.8313548e-02
   9.6989967e-02   3.9035537e-02
   1.0033445e-01   3.9743678e-02
   1.0367893e-01   4.0438360e-02
   1.0702341e-01   4.1119939e-02
   1.1036789e-01   4.1788738e-02
   1.1371237e-01   4.2445053e-02
   1.1705686e-01   4.3089156e-02
   1.2040134e-01   4.3721297e-02
   1.2374582e-01   4.4341705e-02
   1.2709030e-01   4.4950595e-02
   1.3043478e-01   4.5548163e-02
   1.3377926e-01   4.6134593e-02
   1.3712375e-01   4.6710055e-02
   1.4046823e-01   4.7274710e-02
   1.4381271e-01   4.7828706e-02
   1.4715719e-01   4.8372184e-02
   1.5050167e-01   4.8905275e-02
   1.5384615e-01   4.9428104e-02
   1.5719064e-01   4.9940788e-02
   1.6053512e-01   5.0443437e-02
   1.6387960e-01   5.0936158e-02
   1.6722408e-01   5.1419050e-02
   1.7056856e-01   5.1892208e-02
   1.7391304e-01   5.2355725e-02
   1.7725753e-01   5.2809687e-02
   1.8060201e-01   5.3254177e-02
   1.8394649e-01   5.3689277e-02
   1.8729097e-01   5.4115064e-02
   1.9063545e-01   5.4531612e-02
   1.9397993e-01   5.4938994e-02
   1.9732441e-01   5.5337280e-02
   2.0066890e-01   5.5726536e-02
   2.0401338e-01   5.6106831e-02
   2.0735786e-01   5.6478227e-02
   2.1070234e-01   5.6840787e-02
   2.1404682e-01   5.7194573e-02
   2.1739130e-01   5.7539645e-02
   2.2073579e-01   5.7876060e-02
   2.2408027e-01   5.8203877e-02
   2.2742475e-01   5.8523153e-02
   2.3076923e-01   5.8833942e-02
   2.3411371e-01   5.9136301e-02
   2.3745819e-01   5.9430282e-02
   2.4080268e-01   5.9715939e-02
   2.4414716e-01   5.9993326e-02
   2.4749164e-01   6.0262493e-02
   2.5083612e-01   6.0523494e-02
   2.5418060e-01   6.0776379e-02
   2.5752508e-01   6.1021199e-02
   2.6086957e-01   6.1258005e-02
   2.6421405e-01   6.1486847e-02
   2.6755853e-01   6.1707774e-02
   2.7090301e-01   6.1920837e-02
   2.7424749e-01   6.2126084e-02
   2.7759197e-01   6.2323565e-02
   2.8093645e-01   6.2513329e-02
   2.8428094e-01   6.2695425e-02
   2.8762542e-01   6.2869902e-02
   2.9096990e-01   6.3036808e-02
   2.9431438e-01   6.3196191e-02
   2.9765886e-01   6.3348101e-02
   3.0100334e-01   6.3492585e-02
   3.0434783e-01   6.3629693e-02
   3.0769231e-01   6.3759472e-02
   3.1103679e-01   6.3881970e-02
   3.1438127e-01   6.3997237e-02
   3.1772575e-01   6.4105320e-02
   3.2107023e-01   6.4206268e-02
   3.2441472e-01   6.4300129e-02
   3.2775920e-01   6.4386952e-02
   3.3110368e-01   6.4466784e-02
   3.3444816e-01   6.4539674e-02
   3.3779264e-01   6.4605671e-02
   3.4113712e-01   6.4664824e-02
   3.4448161e-01   6.4717180e-02
   3.4782609e-01   6.4762788e-02
   3.5117057e-01   6.4801697e-02
   3.5451505e-01   6.4833956e-02
   3.5785953e-01   6.4859613e-02
   3.6120401e-01   6.4878717e-02
   3.6454849e-01   6.4891318e-02
   3.6789298e-01   6.4897462e-02
   3.7123746e-01   6.4897201e-02
   3.7458194e-01   6.4890582e-02
   3.7792642e-01   6.4877655e-02
   3.8127090e-01   6.4858468e-02
   3.8461538e-01   6.4833071e-02
   3.8795987e-01   6.4801513e-02
   3.9130435e-01   6.4763843e-02
   3.9464883e-01   6.4720111e-02
   3.9799331e-01   6.4670364e-02
   4.0133779e-01   6.4614654e-02
   4.0468227e-01   6.4553028e-02
   4.0802676e-01   6.4485536e-02
   4.1137124e-01   6.4412228e-02
   4.1471572e-01   6.4333154e-02
   4.1806020e-01   6.4248361e-02
   4.2140468e-01   6.4157900e-02
   4.2474916e-01   6.4061820e-02
   4.2809365e-01   6.3960170e-02
   4.3143813e-01   6.3852999e-02
   4.3478261e-01   6.3740358e-02
   4.3812709e-01   6.3622295e-02
   4.4147157e-01   6.3498860e-02
   4.4481605e-01   6.3370102e-02
   4.4816054e-01   6.3236069e-02
   4.5150502e-01   6.3096812e-02
   4.5484950e-01   6.2952380e-02
   4.5819398e-01   6.2802821e-02
   4.6153846e-01   6.2648185e-02
   4.6488294e-01   6.2488521e-02
   4.6822742e-01   6.2323877e-02
   4.7157191e-01   6.2154303e-02
   4.7491639e-01   6.1979848e-02
   4.7826087e-01   6.1800560e-02
   4.8160535e-01   6.1616488e-02
   4.8494983e-01   6.1427680e-02
   4.8829431e-01   6.1234186e-02
   4.9163880e-01   6.1036053e-02
   4.9498328e-01   6.0833330e-02
   4.9832776e-01   6.0626066e-02
   5.0167224e-01   6.0414307e-02
   5.0501672e-01   6.0198103e-02
   5.0836120e-01   5.9977500e-02
   5.1170569e-01   5.9752548e-02
   5.1505017e-01   5.9523293e-02
   5.1839465e-01   5.9289784e-02
   5.2173913e-01   5.9052066e-02
   5.2508361e-01   5.8810188e-02
   5.2842809e-01   5.8564197e-02
   5.3177258e-01   5.8314139e-02
   5.3511706e-01   5.8060061e-02
   5.3846154e-01   5.7802011e-02
   5.4180602e-01   5.7540033e-02
   5.4515050e-01   5.7274175e-02
   5.4849498e-01   5.7004482e-02
   5.5183946e-01   5.6731000e-02
   5.5518395e-01   5.6453775e-02
   5.5852843e-01   5.6172853e-02
   5.6187291e-01   5.5888278e-02
   5.6521739e-01   5.5600096e-02
   5.6856187e-01   5.5308351e-02
   5.7190635e-01   5.5013088e-02
   5.7525084e-01   5.4714352e-02
   5.7859532e-01   5.4412186e-02
   5.8193980e-01   5.4106634e-02
   5.8528428e-01   5.3797740e-02
   5.8862876e-01   5.3485548e-02
   5.9197324e-01   5.3170101e-02
   5.9531773e-01   5.2851440e-02
   5.9866221e-01   5.2529610e-02
   6.0200669e-01   5.2204653e-02
   6.0535117e-01   5.1876609e-02
   6.0869565e-01   5.1545523e-02
   6.1204013e-01   5.1211434e-02
   6.1538462e-01   5.0874384e-02
   6.1872910e-01   5.0534414e-02
   6.2207358e-01   5.0191565e-02
   6.2541806e-01   4.9845877e-02
   6.2876254e-01   4.9497390e-02
   6.3210702e-01   4.9146144e-02
   6.3545151e-01   4.8792178e-02
   6.3879599e-01   4.8435531e-02
   6.4214047e-01   4.8076242e-02
   6.4548495e-01   4.7714349e-02
   6.4882943e-01   4.7349891e-02
   6.5217391e-01   4.6982906e-02
   6.5551839e-01   4.6613429e-02
   6.5886288e-01   4.6241499e-02
   6.6220736e-01   4.5867153e-02
   6.6555184e-01   4.5490426e-02
   6.6889632e-01   4.5111354e-02
   6.7224080e-01   4.4729974e-02
   6.7558528e-01   4.4346320e-02
   6.7892977e-01   4.3960426e-02
   6.8227425e-01   4.3572328e-02
   6.8561873e-01   4.3182060e-02
   6.8896321e-01   4.2789655e-02
   6.9230769e-01   4.2395145e-02
   6.9565217e-01   4.1998565e-02
   6.9899666e-01   4.1599947e-02
   7.0234114e-01   4.1199321e-02
   7.0568562e-01   4.0796721e-02
   7.0903010e-01   4.0392177e-02
   7.1237458e-01   3.9985720e-02
   7.1571906e-01   3.9577380e-02
   7.1906355e-01   3.9167187e-02
   7.2240803e-01   3.8755170e-02
   7.2575251e-01   3.8341358e-02
   7.2909699e-01   3.7925781e-02
   7.3244147e-01   3.7508465e-02
   7.3578595e-01   3.7089438e-02
   7.3913043e-01   3.6668728e-02
   7.4247492e-01   3.6246361e-02
   7.4581940e-01   3.5822363e-02
   7.4916388e-01   3.5396760e-02
   7.5250836e-01   3.4969577e-02
   7.5585284e-01   3.4540839e-02
   7.5919732e-01   3.4110570e-02
   7.6254181e-01   3.3678794e-02
   7.6588629e-01   3.3245534e-02
   7.6923077e-01   3.2810812e-02
   7.7257525e-01   3.2374652e-02
   7.7591973e-01   3.1937073e-02
   7.7926421e-01   3.1498099e-02
   7.8260870e-01   3.1057749e-02
   7.8595318e-01   3.0616043e-02
   7.8929766e-01   3.0173001e-02
   7.9264214e-01   2.9728642e-02
   7.9598662e-01   2.9282985e-02
   7.9933110e-01   2.8836047e-02
   8.0267559e-01   2.8387846e-02
   8.0602007e-01   2.7938399e-02
   8.0936455e-01   2.7487721e-02
   8.1270903e-01   2.7035830e-02
   8.1605351e-01   2.6582740e-02
   8.1939799e-01   2.6128465e-02
   8.2274247e-01   2.5673019e-02
   8.2608696e-01   2.5216417e-02
   8.2943144e-01   2.4758670e-02
   8.3277592e-01   2.4299792e-02
   8.3612040e-01   2.3839793e-02
   8.3946488e-01   2.3378685e-02
   8.4280936e-01   2.2916479e-02
   8.4615385e-01   2.2453184e-02
   8.4949833e-01   2.1988810e-02
   8.5284281e-01   2.1523365e-02
   8.5618729e-01   2.1056857e-02
   8.5953177e-01   2.0589294e-02
   8.6287625e-01   2.0120682e-02
   8.6622074e-01   1.9651029e-02
   8.6956522e-01   1.9180339e-02
   8.7290970e-01   1.8708617e-02
   8.7625418e-01   1.8235867e-02
   8.7959866e-01   1.7762094e-02
   8.8294314e-01   1.7287300e-02
   8.8628763e-01   1.6811488e-02
   8.8963211e-01   1.6334659e-02
   8.9297659e-01   1.5856814e-02
   8.9632107e-01   1.5377955e-02
   8.9966555e-01   1.4898079e-02
   9.0301003e-01   1.4417187e-02
   9.0635452e-01   1.3935277e-02
   9.0969900e-01   1.3452347e-02
   9.1304348e-01   1.2968394e-02
   9.1638796e-01   1.2483413e-02
   9.1973244e-01   1.1997401e-02
   9.2307692e-01   1.1510353e-02
   9.2642140e-01   1.1022262e-02
   9.2976589e-01   1.0533123e-02
   9.3311037e-01   1.0042929e-02
   9.3645485e-01   9.5516704e-03
   9.3979933e-01   9.0593402e-03
   9.4314381e-01   8.5659287e-03
   9.4648829e-01   8.0714259e-03
   9.4983278e-01   7.5758212e-03
   9.5317726e-01   7.0791032e-03
   9.5652174e-01   6.5812596e-03
   9.5986622e-01   6.0822776e-03
   9.6321070e-01   5.5821436e-03
   9.6655518e-01   5.0808433e-03
   9.6989967e-01   4.5783615e-03
   9.7324415e-01   4.0746825e-03
   9.7658863e-01   3.5697896e-03
   9.7993311e-01   3.0636656e-03
   9.8327759e-01   2.5562922e-03
   9.8662207e-01   2.0476508e-03
   9.8996656e-01   1.5377216e-03
   9.9331104e-01   1.0264843e-03
   9.9665552e-01   5.1391774e-04
   1.0000000e+00   0.0000000e+00
   1.0000000e+00   0.0000000e+00
   9.9665552e-01   8.3071196e-05
   9.9331104e-01   1.6558342e-04
   9.8996656e-01   2.4758850e-04
   9.8662207e-01   3.2913705e-04
   9.8327759e-01   4.1027853e-04
   9.7993311e-01   4.9106119e-04
   9.7658863e-01   5.7153213e-04
   9.7324415e-01   6.5173729e-04
   9.6989967e-01   7.3172143e-04
   9.6655518e-01   8.1152817e-04
   9.6321070e-01   8.9119997e-04
   9.5986622e-01   9.7077817e-04
   9.5652174e-01   1.0503029e-03
   9.5317726e-01   1.1298134e-03
   9.4983278e-01   1.2093473e-03
   9.4648829e-01   1.2889417e-03
   9.4314381e-01   1.3686322e-03
   9.3979933e-01   1.4484533e-03
   9.3645485e-01   1.5284386e-03
   9.3311037e-01   1.6086204e-03
   9.2976589e-01   1.6890302e-03
   9.2642140e-01   1.7696980e-03
   9.2307692e-01   1.8506531e-03
   9.1973244e-01   1.9319235e-03
   9.1638796e-01   2.0135362e-03
   9.1304348e-01   2.0955172e-03
   9.0969900e-01   2.1778915e-03
   9.0635452e-01   2.2606827e-03
   9.0301003e-01   2.3439139e-03
   8.9966555e-01   2.4276066e-03
   8.9632107e-01   2.5117818e-03
   8.9297659e-01   2.5964591e-03
   8.8963211e-01   2.6816573e-03
   8.8628763e-01   2.7673941e-03
   8.8294314e-01   2.8536861e-03
   8.7959866e-01   2.9405491e-03
   8.7625418e-01   3.0279978e-03
   8.7290970e-01   3.1160460e-03
   8.6956522e-01   3.2047065e-03
   8.6622074e-01   3.2939909e-03
   8.6287625e-01   3.3839103e-03
   8.5953177e-01   3.4744743e-03
   8.5618729e-01   3.5656921e-03
   8.5284281e-01   3.6575715e-03
   8.4949833e-01   3.7501197e-03
   8.4615385e-01   3.8433427e-03
   8.4280936e-01   3.9372457e-03
   8.3946488e-01   4.0318331e-03
   8.3612040e-01   4.1271081e-03
   8.3277592e-01   4.2230734e-03
   8.2943144e-01   4.3197305e-03
   8.2608696e-01   4.4170799e-03
   8.2274247e-01   4.5151217e-03
   8.1939799e-01   4.6138547e-03
   8.1605351e-01   4.7132770e-03
   8.1270903e-01   4.8133857e-03
   8.0936455e-01   4.9141773e-03
   8.0602007e-01   5.0156473e-03
   8.0267559e-01   5.1177904e-03
   7.9933110e-01   5.2206003e-03
   7.9598662e-01   5.3240701e-03
   7.9264214e-01   5.4281921e-03
   7.8929766e-01   5.5329576e-03
   7.8595318e-01   5.6383572e-03
   7.8260870e-01   5.7443807e-03
   7.7926421e-01   5.8510172e-03
   7.7591973e-01   5.9582548e-03
   7.7257525e-01   6.0660811e-03
   7.6923077e-01   6.1744827e-03
   7.6588629e-01   6.2834456e-03
   7.6254181e-01   6.3929550e-03
   7.5919732e-01   6.5029953e-03
   7.5585284e-01   6.6135503e-03
   7.5250836e-01   6.7246030e-03
   7.4916388e-01   6.8361357e-03
   7.4581940e-01   6.9481298e-03
   7.4247492e-01   7.0605664e-03
   7.3913043e-01   7.1734256e-03
   7.3578595e-01   7.2866869e-03
   7.3244147e-01   7.4003291e-03
   7.2909699e-01   7.5143304e-03
   7.2575251e-01   7.6286682e-03
   7.2240803e-01   7.7433194e-03
   7.1906355e-01   7.8582603e-03
   7.1571906e-01   7.9734663e-03
   7.1237458e-01   8.0889124e-03
   7.0903010e-01   8.2045730e-03
   7.0568562e-01   8.3204216e-03
   7.0234114e-01   8.4364316e-03
   6.9899666e-01   8.5525753e-03
   6.9565217e-01   8.6688247e-03
   6.9230769e-01   8.7851512e-03
   6.8896321e-01   8.9015255e-03
   6.8561873e-01   9.0179180e-03
   6.8227425e-01   9.1342983e-03
   6.7892977e-01   9.2506355e-03
   6.7558528e-01   9.3668983e-03
   6.7224080e-01   9.4830548e-03
   6.6889632e-01   9.5990726e-03
   6.6555184e-01   9.7149188e-03
   6.6220736e-01   9.8305600e-03
   6.5886288e-01   9.9459623e-03
   6.5551839e-01   1.0061091e-02
   6.5217391e-01   1.0175912e-02
   6.4882943e-01   1.0290390e-02
   6.4548495e-01   1.0404489e-02
   6.4214047e-01   1.0518173e-02
   6.3879599e-01   1.0631405e-02
   6.3545151e-01   1.0744148e-02
   6.3210702e-01   1.0856365e-02
   6.2876254e-01   1.0968018e-02
   6.2541806e-01   1.1079070e-02
   6.2207358e-01   1.1189480e-02
   6.1872910e-01   1.1299212e-02
   6.1538462e-01   1.1408225e-02
   6.1204013e-01   1.1516479e-02
   6.0869565e-01   1.1623936e-02
   6.0535117e-01   1.1730554e-02
   6.0200669e-01   1.1836293e-02
   5.9866221e-01   1.1941113e-02
   5.9531773e-01   1.2044972e-02
   5.9197324e-01   1.2147828e-02
   5.8862876e-01   1.2249641e-02
   5.8528428e-01   1.2350368e-02
   5.8193980e-01   1.2449967e-02
   5.7859532e-01   1.2548396e-02
   5.7525084e-01   1.2645613e-02
   5.7190635e-01   1.2741573e-02
   5.6856187e-01   1.2836235e-02
   5.6521739e-01   1.2929555e-02
   5.6187291e-01   1.3021491e-02
   5.5852843e-01   1.3111997e-02
   5.5518395e-01   1.3201032e-02
   5.5183946e-01   1.3288551e-02
   5.4849498e-01   1.3374510e-02
   5.4515050e-01   1.3458865e-02
   5.4180602e-01   1.3541573e-02
   5.3846154e-01   1.3622588e-02
   5.3511706e-01   1.3701868e-02
   5.3177258e-01   1.3779367e-02
   5.2842809e-01   1.3855042e-02
   5.2508361e-01   1.3928848e-02
   5.2173913e-01   1.4000740e-02
   5.1839465e-01   1.4070675e-02
   5.1505017e-01   1.4138609e-02
   5.1170569e-01   1.4204496e-02
   5.0836120e-01   1.4268294e-02
   5.0501672e-01   1.4329956e-02
   5.0167224e-01   1.4389441e-02
   4.9832776e-01   1.4446703e-02
   4.9498328e-01   1.4501699e-02
   4.9163880e-01   1.4554386e-02
   4.8829431e-01   1.4604719e-02
   4.8494983e-01   1.4652655e-02
   4.8160535e-01   1.4698151e-02
   4.7826087e-01   1.4741164e-02
   4.7491639e-01   1.4781651e-02
   4.7157191e-01   1.4819570e-02
   4.6822742e-01   1.4854878e-02
   4.6488294e-01   1.4887533e-02
   4.6153846e-01   1.4917493e-02
   4.5819398e-01   1.4944718e-02
   4.5484950e-01   1.4969164e-02
   4.5150502e-01   1.4990793e-02
   4.4816054e-01   1.5009563e-02
   4.4481605e-01   1.5025434e-02
   4.4147157e-01   1.5038367e-02
   4.3812709e-01   1.5048322e-02
   4.3478261e-01   1.5055260e-02
   4.3143813e-01   1.5059143e-02
   4.2809365e-01   1.5059932e-02
   4.2474916e-01   1.5057592e-02
   4.2140468e-01   1.5052084e-02
   4.1806020e-01   1.5043372e-02
   4.1471572e-01   1.5031420e-02
   4.1137124e-01   1.5016194e-02
   4.0802676e-01   1.4997658e-02
   4.0468227e-01   1.4975779e-02
   4.0133779e-01   1.4950522e-02
   3.9799331e-01   1.4921857e-02
   3.9464883e-01   1.4889750e-02
   3.9130435e-01   1.4854171e-02
   3.8795987e-01   1.4815089e-02
   3.8461538e-01   1.4772474e-02
   3.8127090e-01   1.4726298e-02
   3.7792642e-01   1.4676532e-02
   3.7458194e-01   1.4623150e-02
   3.7123746e-01   1.4566126e-02
   3.6789298e-01   1.4505433e-02
   3.6454849e-01   1.4441048e-02
   3.6120401e-01   1.4372948e-02
   3.5785953e-01   1.4301109e-02
   3.5451505e-01   1.4225512e-02
   3.5117057e-01   1.4146135e-02
   3.4782609e-01   1.4062961e-02
   3.4448161e-01   1.3975970e-02
   3.4113712e-01   1.3885146e-02
   3.3779264e-01   1.3790474e-02
   3.3444816e-01   1.3691940e-02
   3.3110368e-01   1.3589531e-02
   3.2775920e-01   1.3483235e-02
   3.2441472e-01   1.3373043e-02
   3.2107023e-01   1.3258945e-02
   3.1772575e-01   1.3140934e-02
   3.1438127e-01   1.3019006e-02
   3.1103679e-01   1.2893155e-02
   3.0769231e-01   1.2763379e-02
   3.0434783e-01   1.2629678e-02
   3.0100334e-01   1.2492053e-02
   2.9765886e-01   1.2350505e-02
   2.9431438e-01   1.2205040e-02
   2.9096990e-01   1.2055664e-02
   2.8762542e-01   1.1902385e-02
   2.8428094e-01   1.1745214e-02
   2.8093645e-01   1.1584162e-02
   2.7759197e-01   1.1419245e-02
   2.7424749e-01   1.1250479e-02
   2.7090301e-01   1.1077883e-02
   2.6755853e-01   1.0901478e-02
   2.6421405e-01   1.0721288e-02
   2.6086957e-01   1.0537339e-02
   2.5752508e-01   1.0349659e-02
   2.5418060e-01   1.0158280e-02
   2.5083612e-01   9.9632353e-03
   2.4749164e-01   9.7645624e-03
   2.4414716e-01   9.5623006e-03
   2.4080268e-01   9.3564925e-03
   2.3745819e-01   9.1471840e-03
   2.3411371e-01   8.9344240e-03
   2.3076923e-01   8.7182646e-03
   2.2742475e-01   8.4987616e-03
   2.2408027e-01   8.2759742e-03
   2.2073579e-01   8.0499652e-03
   2.1739130e-01   7.8208013e-03
   2.1404682e-01   7.5885531e-03
   2.1070234e-01   7.3532953e-03
   2.0735786e-01   7.1151067e-03
   2.0401338e-01   6.8740708e-03
   2.0066890e-01   6.6302754e-03
   1.9732441e-01   6.3838131e-03
   1.9397993e-01   6.1347815e-03
   1.9063545e-01   5.8832834e-03
   1.8729097e-01   5.6294268e-03
   1.8394649e-01   5.3733254e-03
   1.8060201e-01   5.1150987e-03
   1.7725753e-01   4.8548723e-03
   1.7391304e-01   4.5927781e-03
   1.7056856e-01   4.3289547e-03
   1.6722408e-01   4.0635478e-03
   1.6387960e-01   3.7967102e-03
   1.6053512e-01   3.5286025e-03
   1.5719064e-01   3.2593932e-03
   1.5384615e-01   2.9892596e-03
   1.5050167e-01   2.7183875e-03
   1.4715719e-01   2.4469725e-03
   1.4381271e-01   2.1752200e-03
   1.4046823e-01   1.9033459e-03
   1.3712375e-01   1.6315774e-03
   1.3377926e-01   1.3601533e-03
   1.3043478e-01   1.0893251e-03
   1.2709030e-01   8.1935794e-04
   1.2374582e-01   5.5053099e-04
   1.2040134e-01   2.8313888e-04
   1.1705686e-01   1.7492653e-05
   1.1371237e-01  -2.4607898e-04
   1.1036789e-01  -5.0722827e-04
   1.0702341e-01  -7.6558692e-04
   1.0367893e-01  -1.0207643e-03
   1.0033445e-01  -1.2723456e-03
   9.6989967e-02  -1.5198895e-03
   9.3645485e-02  -1.7629259e-03
   9.0301003e-02  -2.0009528e-03
   8.6956522e-02  -2.2334330e-03
   8.3612040e-02  -2.4597908e-03
   8.0267559e-02  -2.6794068e-03
   7.6923077e-02  -2.8916134e-03
   7.3578595e-02  -3.0956885e-03
   7.0234114e-02  -3.2908481e-03
   6.6889632e-02  -3.4762379e-03
   6.3545151e-02  -3.6509227e-03
   6.0200669e-02  -3.8138738e-03
   5.6856187e-02  -3.9639531e-03
   5.3511706e-02  -4.0998935e-03
   5.0167224e-02  -4.2202742e-03
   4.6822742e-02  -4.3234884e-03
   4.3478261e-02  -4.4077022e-03
   4.0133779e-02  -4.4707984e-03
   3.6789298e-02  -4.5103013e-03
   3.3444816e-02  -4.5232704e-03
   3.0100334e-02  -4.5061486e-03
   2.6755853e-02  -4.4545343e-03
   2.3411371e-02  -4.3628264e-03
   2.0066890e-02  -4.2236401e-03
   1.6722408e-02  -4.0267747e-03
   1.3377926e-02  -3.7572168e-03
   1.0033445e-02  -3.3907411e-03
   6.6889632e-03  -2.8820973e-03
   3.3444816e-03  -2.1195356e-03
   0.0000000e+00   0.0000000e+00
