   0.0000000e+00   0.0000000e+00
   3.3444816e-03   2.1578022e-02
   6.6889632e-03   3.0491417e-02
   1.0033445e-02   3.7311803e-02
   1.3377926e-02   4.3043828e-02
   1.6722408e-02   4.8076597e-02
   2.0066890e-02   5.2609597e-02
   2.3411371e-02   5.6761262e-02
   2.6755853e-02   6.0608702e-02
   3.0100334e-02   6.4205427e-02
   3.3444816e-02   6.7590357e-02
   3.6789298e-02   7.0792837e-02
   4.0133779e-02   7.3835641e-02
   4.3478261e-02   7.6736850e-02
   4.6822742e-02   7.9511110e-02
   5.0167224e-02   8.2170472e-02
   5.3511706e-02   8.4724992e-02
   5.6856187e-02   8.7183168e-02
   6.0200669e-02   8.9552253e-02
   6.3545151e-02   9.1838498e-02
   6.6889632e-02   9.4047334e-02
   7.0234114e-02   9.6183517e-02
   7.3578595e-02   9.8251239e-02
   7.6923077e-02   1.0025422e-01
   8.0267559e-02   1.0219577e-01
   8.3612040e-02   1.0407886e-01
   8.6956522e-02   1.0590617e-01
   9.0301003e-02   1.0768013e-01
   9.3645485e-02   1.0940293e-01
   9.6989967e-02   1.1107658e-01
   1.0033445e-01   1.1270291e-01
   1.0367893e-01   1.1428362e-01
   1.0702341e-01   1.1582025e-01
   1.1036789e-01   1.1731424e-01
   1.1371237e-01   1.1876693e-01
   1.1705686e-01   1.2017954e-01
   1.2040134e-01   1.2155324e-01
   1.2374582e-01   1.2288908e-01
   1.2709030e-01   1.2418809e-01
   1.3043478e-01   1.2545120e-01
   1.3377926e-01   1.2667931e-01
   1.3712375e-01   1.2787325e-01
   1.4046823e-01   1.2903380e-01
   1.4381271e-01   1.3016172e-01
   1.4715719e-01   1.3125772e-01
   1.5050167e-01   1.3232246e-01
   1.5384615e-01   1.3335659e-01
   1.5719064e-01   1.3436071e-01
   1.6053512e-01   1.3533540e-01
   1.6387960e-01   1.3628123e-01
   1.6722408e-01   1.3719872e-01
   1.7056856e-01   1.3808838e-01
   1.7391304e-01   1.3895069e-01
   1.7725753e-01   1.3978614e-01
   1.8060201e-01   1.4059517e-01
   1.8394649e-01   1.4137821e-01
   1.8729097e-01   1.4213569e-01
   1.9063545e-01   1.4286801e-01
   1.9397993e-01   1.4357556e-01
   1.9732441e-01   1.4425873e-01
   2.0066890e-01   1.4491789e-01
   2.0401338e-01   1.4555338e-01
   2.0735786e-01   1.4616556e-01
   2.1070234e-01   1.4675477e-01
   2.1404682e-01   1.4732133e-01
   2.1739130e-01   1.4786556e-01
   2.2073579e-01   1.4838777e-01
   2.2408027e-01   1.4888827e-01
   2.2742475e-01   1.4936736e-01
   2.3076923e-01   1.4982532e-01
   2.3411371e-01   1.5026244e-01
   2.3745819e-01   1.5067899e-01
   2.4080268e-01   1.5107526e-01
   2.4414716e-01   1.5145149e-01
   2.4749164e-01   1.5180796e-01
   2.5083612e-01   1.5214492e-01
   2.5418060e-01   1.5246262e-01
   2.5752508e-01   1.5276132e-01
   2.6086957e-01   1.5304124e-01
   2.6421405e-01   1.5330264e-01
   2.6755853e-01   1.5354573e-01
   2.7090301e-01   1.5377077e-01
   2.7424749e-01   1.5397797e-01
   2.7759197e-01   1.5416756e-01
   2.8093645e-01   1.5433976e-01
   2.8428094e-01   1.5449478e-01
   2.8762542e-01   1.5463284e-01
   2.9096990e-01   1.5475416e-01
   2.9431438e-01   1.5485894e-01
   2.9765886e-01   1.5494739e-01
   3.0100334e-01   1.5501971e-01
   3.0434783e-01   1.5507611e-01
   3.0769231e-01   1.5511678e-01
   3.1103679e-01   1.5514192e-01
   3.1438127e-01   1.5515172e-01
   3.1772575e-01   1.5514639e-01
   3.2107023e-01   1.5512609e-01
   3.2441472e-01   1.5509104e-01
   3.2775920e-01   1.5504140e-01
   3.3110368e-01   1.5497737e-01
   3.3444816e-01   1.5489912e-01
   3.3779264e-01   1.5480685e-01
   3.4113712e-01   1.5470072e-01
   3.4448161e-01   1.5458091e-01
   3.4782609e-01   1.5444761e-01
   3.5117057e-01   1.5430097e-01
   3.5451505e-01   1.5414118e-01
   3.5785953e-01   1.5396841e-01
   3.6120401e-01   1.5378282e-01
   3.6454849e-01   1.5358457e-01
   3.6789298e-01   1.5337385e-01
   3.7123746e-01   1.5315080e-01
   3.7458194e-01   1.5291560e-01
   3.7792642e-01   1.5266840e-01
   3.8127090e-01   1.5240936e-01
   3.8461538e-01   1.5213864e-01
   3.8795987e-01   1.5185641e-01
   3.9130435e-01   1.5156280e-01
   3.9464883e-01   1.5125799e-01
   3.9799331e-01   1.5094211e-01
   4.0133779e-01   1.5061533e-01
   4.0468227e-01   1.5027779e-01
   4.0802676e-01   1.4992964e-01
   4.1137124e-01   1.4957103e-01
   4.1471572e-01   1.4920210e-01
   4.1806020e-01   1.4882300e-01
   4.2140468e-01   1.4843388e-01
   4.2474916e-01   1.4803486e-01
   4.2809365e-01   1.4762611e-01
   4.3143813e-01   1.4720774e-01
   4.3478261e-01   1.4677991e-01
   4.3812709e-01   1.4634275e-01
   4.4147157e-01   1.4589639e-01
   4.4481605e-01   1.4544098e-01
   4.4816054e-01   1.4497663e-01
   4.5150502e-01   1.4450349e-01
   4.5484950e-01   1.4402169e-01
   4.5819398e-01   1.4353135e-01
   4.6153846e-01   1.4303260e-01
   4.6488294e-01   1.4252557e-01
   4.6822742e-01   1.4201038e-01
   4.7157191e-01   1.4148716e-01
   4.7491639e-01   1.4095603e-01
   4.7826087e-01   1.4041711e-01
   4.8160535e-01   1.3987053e-01
   4.8494983e-01   1.3931639e-01
   4.8829431e-01   1.3875482e-01
   4.9163880e-01   1.3818594e-01
   4.9498328e-01   1.3760986e-01
   4.9832776e-01   1.3702669e-01
   5.0167224e-01   1.3643654e-01
   5.0501672e-01   1.3583953e-01
   5.0836120e-01   1.3523576e-01
   5.1170569e-01   1.3462535e-01
   5.1505017e-01   1.3400840e-01
   5.1839465e-01   1.3338501e-01
   5.2173913e-01   1.3275529e-01
   5.2508361e-01   1.3211935e-01
   5.2842809e-01   1.3147728e-01
   5.3177258e-01   1.3082918e-01
   5.3511706e-01   1.3017516e-01
   5.3846154e-01   1.2951530e-01
   5.4180602e-01   1.2884971e-01
   5.4515050e-01   1.2817848e-01
   5.4849498e-01   1.2750170e-01
   5.5183946e-01   1.2681946e-01
   5.5518395e-01   1.2613186e-01
   5.5852843e-01   1.2543898e-01
   5.6187291e-01   1.2474091e-01
   5.6521739e-01   1.2403773e-01
   5.6856187e-01   1.2332954e-01
   5.7190635e-01   1.2261640e-01
   5.7525084e-01   1.2189841e-01
   5.7859532e-01   1.2117564e-01
   5.8193980e-01   1.2044818e-01
   5.8528428e-01   1.1971609e-01
   5.8862876e-01   1.1897945e-01
   5.9197324e-01   1.1823834e-01
   5.9531773e-01   1.1749283e-01
   5.9866221e-01   1.1674299e-01
   6.0200669e-01   1.1598889e-01
   6.0535117e-01   1.1523059e-01
   6.0869565e-01   1.1446816e-01
   6.1204013e-01   1.1370167e-01
   6.1538462e-01   1.1293118e-01
   6.1872910e-01   1.1215675e-01
   6.2207358e-01   1.1137844e-01
   6.2541806e-01   1.1059630e-01
   6.2876254e-01   1.0981040e-01
   6.3210702e-01   1.0902079e-01
   6.3545151e-01   1.0822751e-01
   6.3879599e-01   1.0743063e-01
   6.4214047e-01   1.0663019e-01
   6.4548495e-01   1.0582624e-01
   6.4882943e-01   1.0501883e-01
   6.5217391e-01   1.0420799e-01
   6.5551839e-01   1.0339378e-01
   6.5886288e-01   1.0257624e-01
   6.6220736e-01   1.0175539e-01
   6.6555184e-01   1.0093129e-01
   6.6889632e-01   1.0010397e-01
   6.7224080e-01   9.9273458e-02
   6.7558528e-01   9.8439790e-02
   6.7892977e-01   9.7602996e-02
   6.8227425e-01   9.6763106e-02
   6.8561873e-01   9.5920146e-02
   6.8896321e-01   9.5074143e-02
   6.9230769e-01   9.4225118e-02
   6.9565217e-01   9.3373095e-02
   6.9899666e-01   9.2518092e-02
   7.0234114e-01   9.1660128e-02
   7.0568562e-01   9.0799218e-02
   7.0903010e-01   8.9935378e-02
   7.1237458e-01   8.9068620e-02
   7.1571906e-01   8.8198953e-02
   7.1906355e-01   8.7326387e-02
   7.2240803e-01   8.6450929e-02
   7.2575251e-01   8.5572583e-02
   7.2909699e-01   8.4691352e-02
   7.3244147e-01   8.3807237e-02
   7.3578595e-01   8.2920238e-02
   7.3913043e-01   8.2030351e-02
   7.4247492e-01   8.1137571e-02
   7.4581940e-01   8.0241893e-02
   7.4916388e-01   7.9343306e-02
   7.5250836e-01   7.8441801e-02
   7.5585284e-01   7.7537365e-02
   7.5919732e-01   7.6629982e-02
   7.6254181e-01   7.5719637e-02
   7.6588629e-01   7.4806309e-02
   7.6923077e-01   7.3889980e-02
   7.7257525e-01   7.2970625e-02
   7.7591973e-01   7.2048221e-02
   7.7926421e-01   7.1122739e-02
   7.8260870e-01   7.0194151e-02
   7.8595318e-01   6.9262426e-02
   7.8929766e-01   6.8327531e-02
   7.9264214e-01   6.7389431e-02
   7.9598662e-01   6.6448088e-02
   7.9933110e-01   6.5503463e-02
   8.0267559e-01   6.4555514e-02
   8.0602007e-01   6.3604197e-02
   8.0936455e-01   6.2649467e-02
   8.1270903e-01   6.1691276e-02
   8.1605351e-01   6.0729573e-02
   8.1939799e-01   5.9764307e-02
   8.2274247e-01   5.8795422e-02
   8.2608696e-01   5.7822863e-02
   8.2943144e-01   5.6846569e-02
   8.3277592e-01   5.5866481e-02
   8.3612040e-01   5.4882535e-02
   8.3946488e-01   5.3894665e-02
   8.4280936e-01   5.2902803e-02
   8.4615385e-01   5.1906880e-02
   8.4949833e-01   5.0906823e-02
   8.5284281e-01   4.9902559e-02
   8.5618729e-01   4.8894009e-02
   8.5953177e-01   4.7881095e-02
   8.6287625e-01   4.6863736e-02
   8.6622074e-01   4.5841848e-02
   8.6956522e-01   4.4815346e-02
   8.7290970e-01   4.3784140e-02
   8.7625418e-01   4.2748141e-02
   8.7959866e-01   4.1707256e-02
   8.8294314e-01   4.0661388e-02
   8.8628763e-01   3.9610442e-02
   8.8963211e-01   3.8554316e-02
   8.9297659e-01   3.7492909e-02
   8.9632107e-01   3.6426116e-02
   8.9966555e-01   3.5353829e-02
   9.0301003e-01   3.4275940e-02
   9.0635452e-01   3.3192337e-02
   9.0969900e-01   3.2102904e-02
   9.1304348e-01   3.1007527e-02
   9.1638796e-01   2.9906085e-02
   9.1973244e-01   2.8798456e-02
   9.2307692e-01   2.7684518e-02
   9.2642140e-01   2.6564144e-02
   9.2976589e-01   2.5437204e-02
   9.3311037e-01   2.4303568e-02
   9.3645485e-01   2.3163100e-02
   9.3979933e-01   2.2015667e-02
   9.4314381e-01   2.0861127e-02
   9.4648829e-01   1.9699341e-02
   9.4983278e-01   1.8530163e-02
   9.5317726e-01   1.7353449e-02
   9.5652174e-01   1.6169048e-02
   9.5986622e-01   1.4976810e-02
   9.6321070e-01   1.3776580e-02
   9.6655518e-01   1.2568202e-02
   9.6989967e-01   1.1351518e-02
   9.7324415e-01   1.0126364e-02
   9.7658863e-01   8.8925770e-03
   9.7993311e-01   7.6499903e-03
   9.8327759e-01   6.3984342e-03
   9.8662207e-01   5.1377367e-03
   9.8996656e-01   3.8677232e-03
   9.9331104e-01   2.5882162e-03
   9.9665552e-01   1.2990360e-03
   1.0000000e+00   0.0000000e+00
   1.0000000e+00  -0.0000000e+00
   9.9665552e-01  -2.4330477e-04
   9.9331104e-01  -4.8788025e-04
   9.8996656e-01  -7.3366284e-04
   9.8662207e-01  -9.8059010e-04
   9.8327759e-01  -1.2286008e-03
   9.7993311e-01  -1.4776349e-03
   9.7658863e-01  -1.7276335e-03
   9.7324415e-01  -1.9785389e-03
   9.6989967e-01  -2.2302944e-03
   9.6655518e-01  -2.4828448e-03
   9.6321070e-01  -2.7361357e-03
   9.5986622e-01  -2.9901140e-03
   9.5652174e-01  -3.2447277e-03
   9.5317726e-01  -3.4999259e-03
   9.4983278e-01  -3.7556589e-03
   9.4648829e-01  -4.0118780e-03
   9.4314381e-01  -4.2685358e-03
   9.3979933e-01  -4.5255856e-03
   9.3645485e-01  -4.7829822e-03
   9.3311037e-01  -5.0406814e-03
   9.2976589e-01  -5.2986398e-03
   9.2642140e-01  -5.5568154e-03
   9.2307692e-01  -5.8151672e-03
   9.1973244e-01  -6.0736550e-03
   9.1638796e-01  -6.3322400e-03
   9.1304348e-01  -6.5908841e-03
   9.0969900e-01  -6.8495506e-03
   9.0635452e-01  -7.1082034e-03
   9.0301003e-01  -7.3668079e-03
   8.9966555e-01  -7.6253300e-03
   8.9632107e-01  -7.8837370e-03
   8.9297659e-01  -8.1419971e-03
   8.8963211e-01  -8.4000793e-03
   8.8628763e-01  -8.6579538e-03
   8.8294314e-01  -8.9155916e-03
   8.7959866e-01  -9.1729648e-03
   8.7625418e-01  -9.4300465e-03
   8.7290970e-01  -9.6868106e-03
   8.6956522e-01  -9.9432319e-03
   8.6622074e-01  -1.0199286e-02
   8.6287625e-01  -1.0454951e-02
   8.5953177e-01  -1.0710202e-02
   8.5618729e-01  -1.0965020e-02
   8.5284281e-01  -1.1219384e-02
   8.4949833e-01  -1.1473273e-02
   8.4615385e-01  -1.1726670e-02
   8.4280936e-01  -1.1979556e-02
   8.3946488e-01  -1.2231914e-02
   8.3612040e-01  -1.2483729e-02
   8.3277592e-01  -1.2734984e-02
   8.2943144e-01  -1.2985666e-02
   8.2608696e-01  -1.3235761e-02
   8.2274247e-01  -1.3485256e-02
   8.1939799e-01  -1.3734139e-02
   8.1605351e-01  -1.3982399e-02
   8.1270903e-01  -1.4230026e-02
   8.0936455e-01  -1.4477009e-02
   8.0602007e-01  -1.4723341e-02
   8.0267559e-01  -1.4969013e-02
   7.9933110e-01  -1.5214018e-02
   7.9598662e-01  -1.5458350e-02
   7.9264214e-01  -1.5702002e-02
   7.8929766e-01  -1.5944970e-02
   7.8595318e-01  -1.6187249e-02
   7.8260870e-01  -1.6428836e-02
   7.7926421e-01  -1.6669729e-02
   7.7591973e-01  -1.6909924e-02
   7.7257525e-01  -1.7149420e-02
   7.6923077e-01  -1.7388217e-02
   7.6588629e-01  -1.7626315e-02
   7.6254181e-01  -1.7863713e-02
   7.5919732e-01  -1.8100414e-02
   7.5585284e-01  -1.8336419e-02
   7.5250836e-01  -1.8571730e-02
   7.4916388e-01  -1.8806351e-02
   7.4581940e-01  -1.9040286e-02
   7.4247492e-01  -1.9273538e-02
   7.3913043e-01  -1.9506113e-02
   7.3578595e-01  -1.9738015e-02
   7.3244147e-01  -1.9969252e-02
   7.2909699e-01  -2.0199829e-02
   7.2575251e-01  -2.0429754e-02
   7.2240803e-01  -2.0659035e-02
   7.1906355e-01  -2.0887680e-02
   7.1571906e-01  -2.1115697e-02
   7.1237458e-01  -2.1343096e-02
   7.0903010e-01  -2.1569886e-02
   7.0568562e-01  -2.1796078e-02
   7.0234114e-01  -2.2021683e-02
   6.9899666e-01  -2.2246711e-02
   6.9565217e-01  -2.2471174e-02
   6.9230769e-01  -2.2695085e-02
   6.8896321e-01  -2.2918455e-02
   6.8561873e-01  -2.3141298e-02
   6.8227425e-01  -2.3363627e-02
   6.7892977e-01  -2.3585456e-02
   6.7558528e-01  -2.3806798e-02
   6.7224080e-01  -2.4027669e-02
   6.6889632e-01  -2.4248082e-02
   6.6555184e-01  -2.4468054e-02
   6.6220736e-01  -2.4687598e-02
   6.5886288e-01  -2.4906733e-02
   6.5551839e-01  -2.5125472e-02
   6.5217391e-01  -2.5343833e-02
   6.4882943e-01  -2.5561833e-02
   6.4548495e-01  -2.5779488e-02
   6.4214047e-01  -2.5996815e-02
   6.3879599e-01  -2.6213832e-02
   6.3545151e-01  -2.6430556e-02
   6.3210702e-01  -2.6647006e-02
   6.2876254e-01  -2.6863199e-02
   6.2541806e-01  -2.7079154e-02
   6.2207358e-01  -2.7294888e-02
   6.1872910e-01  -2.7510421e-02
   6.1538462e-01  -2.7725771e-02
   6.1204013e-01  -2.7940956e-02
   6.0869565e-01  -2.8155997e-02
   6.0535117e-01  -2.8370911e-02
   6.0200669e-01  -2.8585717e-02
   5.9866221e-01  -2.8800436e-02
   5.9531773e-01  -2.9015085e-02
   5.9197324e-01  -2.9229685e-02
   5.8862876e-01  -2.9444254e-02
   5.8528428e-01  -2.9658812e-02
   5.8193980e-01  -2.9873378e-02
   5.7859532e-01  -3.0087970e-02
   5.7525084e-01  -3.0302609e-02
   5.7190635e-01  -3.0517312e-02
   5.6856187e-01  -3.0732100e-02
   5.6521739e-01  -3.0946990e-02
   5.6187291e-01  -3.1162002e-02
   5.5852843e-01  -3.1377153e-02
   5.5518395e-01  -3.1592463e-02
   5.5183946e-01  -3.1807950e-02
   5.4849498e-01  -3.2023631e-02
   5.4515050e-01  -3.2239525e-02
   5.4180602e-01  -3.2455649e-02
   5.3846154e-01  -3.2672019e-02
   5.3511706e-01  -3.2888654e-02
   5.3177258e-01  -3.3105570e-02
   5.2842809e-01  -3.3322783e-02
   5.2508361e-01  -3.3540310e-02
   5.2173913e-01  -3.3758165e-02
   5.1839465e-01  -3.3976365e-02
   5.1505017e-01  -3.4194924e-02
   5.1170569e-01  -3.4413856e-02
   5.0836120e-01  -3.4633176e-02
   5.0501672e-01  -3.4852897e-02
   5.0167224e-01  -3.5073032e-02
   4.9832776e-01  -3.5293593e-02
   4.9498328e-01  -3.5514593e-02
   4.9163880e-01  -3.5736043e-02
   4.8829431e-01  -3.5957953e-02
   4.8494983e-01  -3.6180334e-02
   4.8160535e-01  -3.6403195e-02
   4.7826087e-01  -3.6626545e-02
   4.7491639e-01  -3.6850392e-02
   4.7157191e-01  -3.7074742e-02
   4.6822742e-01  -3.7299604e-02
   4.6488294e-01  -3.7524982e-02
   4.6153846e-01  -3.7750881e-02
   4.5819398e-01  -3.7977306e-02
   4.5484950e-01  -3.8204259e-02
   4.5150502e-01  -3.8431744e-02
   4.4816054e-01  -3.8659760e-02
   4.4481605e-01  -3.8888308e-02
   4.4147157e-01  -3.9117388e-02
   4.3812709e-01  -3.9346998e-02
   4.3478261e-01  -3.9577135e-02
   4.3143813e-01  -3.9807795e-02
   4.2809365e-01  -4.0038973e-02
   4.2474916e-01  -4.0270662e-02
   4.2140468e-01  -4.0502854e-02
   4.1806020e-01  -4.0735541e-02
   4.1471572e-01  -4.0968713e-02
   4.1137124e-01  -4.1202357e-02
   4.0802676e-01  -4.1436461e-02
   4.0468227e-01  -4.1671011e-02
   4.0133779e-01  -4.1905989e-02
   3.9799331e-01  -4.2141380e-02
   3.9464883e-01  -4.2377163e-02
   3.9130435e-01  -4.2613317e-02
   3.8795987e-01  -4.2849821e-02
   3.8461538e-01  -4.3086650e-02
   3.8127090e-01  -4.3323777e-02
   3.7792642e-01  -4.3561176e-02
   3.7458194e-01  -4.3798815e-02
   3.7123746e-01  -4.4036664e-02
   3.6789298e-01  -4.4274688e-02
   3.6454849e-01  -4.4512852e-02
   3.6120401e-01  -4.4751118e-02
   3.5785953e-01  -4.4989444e-02
   3.5451505e-01  -4.5227789e-02
   3.5117057e-01  -4.5466108e-02
   3.4782609e-01  -4.5704352e-02
   3.4448161e-01  -4.5942473e-02
   3.4113712e-01  -4.6180418e-02
   3.3779264e-01  -4.6418131e-02
   3.3444816e-01  -4.6655555e-02
   3.3110368e-01  -4.6892629e-02
   3.2775920e-01  -4.7129289e-02
   3.2441472e-01  -4.7365469e-02
   3.2107023e-01  -4.7601099e-02
   3.1772575e-01  -4.7836105e-02
   3.1438127e-01  -4.8070412e-02
   3.1103679e-01  -4.8303940e-02
   3.0769231e-01  -4.8536606e-02
   3.0434783e-01  -4.8768322e-02
   3.0100334e-01  -4.8998999e-02
   2.9765886e-01  -4.9228542e-02
   2.9431438e-01  -4.9456852e-02
   2.9096990e-01  -4.9683827e-02
   2.8762542e-01  -4.9909359e-02
   2.8428094e-01  -5.0133339e-02
   2.8093645e-01  -5.0355649e-02
   2.7759197e-01  -5.0576169e-02
   2.7424749e-01  -5.0794774e-02
   2.7090301e-01  -5.1011333e-02
   2.6755853e-01  -5.1225710e-02
   2.6421405e-01  -5.1437765e-02
   2.6086957e-01  -5.1647349e-02
   2.5752508e-01  -5.1854312e-02
   2.5418060e-01  -5.2058493e-02
   2.5083612e-01  -5.2259728e-02
   2.4749164e-01  -5.2457845e-02
   2.4414716e-01  -5.2652666e-02
   2.4080268e-01  -5.2844005e-02
   2.3745819e-01  -5.3031670e-02
   2.3411371e-01  -5.3215461e-02
   2.3076923e-01  -5.3395168e-02
   2.2742475e-01  -5.3570576e-02
   2.2408027e-01  -5.3741459e-02
   2.2073579e-01  -5.3907583e-02
   2.1739130e-01  -5.4068705e-02
   2.1404682e-01  -5.4224571e-02
   2.1070234e-01  -5.4374917e-02
   2.0735786e-01  -5.4519470e-02
   2.0401338e-01  -5.4657944e-02
   2.0066890e-01  -5.4790040e-02
   1.9732441e-01  -5.4915451e-02
   1.9397993e-01  -5.5033853e-02
   1.9063545e-01  -5.5144909e-02
   1.8729097e-01  -5.5248271e-02
   1.8394649e-01  -5.5343572e-02
   1.8060201e-01  -5.5430431e-02
   1.7725753e-01  -5.5508449e-02
   1.7391304e-01  -5.5577212e-02
   1.7056856e-01  -5.5636285e-02
   1.6722408e-01  -5.5685214e-02
   1.6387960e-01  -5.5723524e-02
   1.6053512e-01  -5.5750718e-02
   1.5719064e-01  -5.5766276e-02
   1.5384615e-01  -5.5769650e-02
   1.5050167e-01  -5.5760269e-02
   1.4715719e-01  -5.5737532e-02
   1.4381271e-01  -5.5700807e-02
   1.4046823e-01  -5.5649428e-02
   1.3712375e-01  -5.5582698e-02
   1.3377926e-01  -5.5499878e-02
   1.3043478e-01  -5.5400190e-02
   1.2709030e-01  -5.5282813e-02
   1.2374582e-01  -5.5146876e-02
   1.2040134e-01  -5.4991458e-02
   1.1705686e-01  -5.4815584e-02
   1.1371237e-01  -5.4618213e-02
   1.1036789e-01  -5.4398242e-02
   1.0702341e-01  -5.4154491e-02
   1.0367893e-01  -5.3885701e-02
   1.0033445e-01  -5.3590526e-02
   9.6989967e-02  -5.3267518e-02
   9.3645485e-02  -5.2915122e-02
   9.0301003e-02  -5.2531660e-02
   8.6956522e-02  -5.2115318e-02
   8.3612040e-02  -5.1664126e-02
   8.0267559e-02  -5.1175943e-02
   7.6923077e-02  -5.0648427e-02
   7.3578595e-02  -5.0079011e-02
   7.0234114e-02  -4.9464866e-02
   6.6889632e-02  -4.8802861e-02
   6.3545151e-02  -4.8089515e-02
   6.0200669e-02  -4.7320926e-02
   5.6856187e-02  -4.6492705e-02
   5.3511706e-02  -4.5599867e-02
   5.0167224e-02  -4.4636711e-02
   4.6822742e-02  -4.3596658e-02
   4.3478261e-02  -4.2472029e-02
   4.0133779e-02  -4.1253760e-02
   3.6789298e-02  -3.9930996e-02
   3.3444816e-02  -3.8490531e-02
   3.0100334e-02  -3.6915977e-02
   2.6755853e-02  -3.5186519e-02
   2.3411371e-02  -3.3274951e-02
   2.0066890e-02  -3.1144396e-02
   1.6722408e-02  -2.8742455e-02
   1.3377926e-02  -2.5989745e-02
   1.0033445e-02  -2.2754343e-02
   6.6889632e-03  -1.8782297e-02
   3.3444816e-03  -1.3426476e-02
   0.0000000e+00   0.0000000e+00
