   0.0000000e+00   0.0000000e+00
   3.3444816e-03   1.1812378e-02
   6.6889632e-03   1.6726655e-02
   1.0033445e-02   2.0509970e-02
   1.3377926e-02   2.3708220e-02
   1.6722408e-02   2.6532210e-02
   2.0066890e-02   2.9089690e-02
   2.3411371e-02   3.1444431e-02
   2.6755853e-02   3.3637817e-02
   3.0100334e-02   3.5698469e-02
   3.3444816e-02   3.7647131e-02
   3.6789298e-02   3.9499387e-02
   4.0133779e-02   4.1267286e-02
   4.3478261e-02   4.2960360e-02
   4.6822742e-02   4.4586297e-02
   5.0167224e-02   4.6151401e-02
   5.3511706e-02   4.7660910e-02
   5.6856187e-02   4.9119232e-02
   6.0200669e-02   5.0530116e-02
   6.3545151e-02   5.1896778e-02
   6.6889632e-02   5.3222003e-02
   7.0234114e-02   5.4508219e-02
   7.3578595e-02   5.5757558e-02
   7.6923077e-02   5.6971901e-02
   8.0267559e-02   5.8152924e-02
   8.3612040e-02   5.9302119e-02
   8.6956522e-02   6.0420828e-02
   9.0301003e-02   6.1510261e-02
   9.3645485e-02   6.2571511e-02
   9.6989967e-02   6.3605574e-02
   1.0033445e-01   6.4613358e-02
   1.0367893e-01   6.5595695e-02
   1.0702341e-01   6.6553348e-02
   1.1036789e-01   6.7487022e-02
   1.1371237e-01   6.8397367e-02
   1.1705686e-01   6.9284989e-02
   1.2040134e-01   7.0150448e-02
   1.2374582e-01   7.0994269e-02
   1.2709030e-01   7.1816941e-02
   1.3043478e-01   7.2618923e-02
   1.3377926e-01   7.3400647e-02
   1.3712375e-01   7.4162519e-02
   1.4046823e-01   7.4904923e-02
   1.4381271e-01   7.5628222e-02
   1.4715719e-01   7.6332760e-02
   1.5050167e-01   7.7018865e-02
   1.5384615e-01   7.7686849e-02
   1.5719064e-01   7.8337008e-02
   1.6053512e-01   7.8969628e-02
   1.6387960e-01   7.9584979e-02
   1.6722408e-01   8.0183325e-02
   1.7056856e-01   8.0764914e-02
   1.7391304e-01   8.1329991e-02
   1.7725753e-01   8.1878787e-02
   1.8060201e-01   8.2411527e-02
   1.8394649e-01   8.2928431e-02
   1.8729097e-01   8.3429708e-02
   1.9063545e-01   8.3915564e-02
   1.9397993e-01   8.4386197e-02
   1.9732441e-01   8.4841801e-02
   2.0066890e-01   8.5282565e-02
   2.0401338e-01   8.5708671e-02
   2.0735786e-01   8.6120301e-02
   2.1070234e-01   8.6517628e-02
   2.1404682e-01   8.6900826e-02
   2.1739130e-01   8.7270061e-02
   2.2073579e-01   8.7625498e-02
   2.2408027e-01   8.7967299e-02
   2.2742475e-01   8.8295624e-02
   2.3076923e-01   8.8610627e-02
   2.3411371e-01   8.8912463e-02
   2.3745819e-01   8.9201282e-02
   2.4080268e-01   8.9477234e-02
   2.4414716e-01   8.9740465e-02
   2.4749164e-01   8.9991120e-02
   2.5083612e-01   9.0229342e-02
   2.5418060e-01   9.0455272e-02
   2.5752508e-01   9.0669049e-02
   2.6086957e-01   9.0870812e-02
   2.6421405e-01   9.1060696e-02
   2.6755853e-01   9.1238837e-02
   2.7090301e-01   9.1405369e-02
   2.7424749e-01   9.1560422e-02
   2.7759197e-01   9.1704130e-02
   2.8093645e-01   9.1836620e-02
   2.8428094e-01   9.1958023e-02
   2.8762542e-01   9.2068465e-02
   2.9096990e-01   9.2168075e-02
   2.9431438e-01   9.2256976e-02
   2.9765886e-01   9.2335294e-02
   3.0100334e-01   9.2403153e-02
   3.0434783e-01   9.2460675e-02
   3.0769231e-01   9.2507983e-02
   3.1103679e-01   9.2545198e-02
   3.1438127e-01   9.2572441e-02
   3.1772575e-01   9.2589830e-02
   3.2107023e-01   9.2597485e-02
   3.2441472e-01   9.2595524e-02
   3.2775920e-01   9.2584064e-02
   3.3110368e-01   9.2563222e-02
   3.3444816e-01   9.2533114e-02
   3.3779264e-01   9.2493856e-02
   3.4113712e-01   9.2445561e-02
   3.4448161e-01   9.2388344e-02
   3.4782609e-01   9.2322318e-02
   3.5117057e-01   9.2247596e-02
   3.5451505e-01   9.2164290e-02
   3.5785953e-01   9.2072511e-02
   3.6120401e-01   9.1972370e-02
   3.6454849e-01   9.1863976e-02
   3.6789298e-01   9.1747440e-02
   3.7123746e-01   9.1622870e-02
   3.7458194e-01   9.1490374e-02
   3.7792642e-01   9.1350060e-02
   3.8127090e-01   9.1202035e-02
   3.8461538e-01   9.1046405e-02
   3.8795987e-01   9.0883275e-02
   3.9130435e-01   9.0712751e-02
   3.9464883e-01   9.0534937e-02
   3.9799331e-01   9.0349937e-02
   4.0133779e-01   9.0157854e-02
   4.0468227e-01   8.9958789e-02
   4.0802676e-01   8.9752846e-02
   4.1137124e-01   8.9540126e-02
   4.1471572e-01   8.9320728e-02
   4.1806020e-01   8.9094752e-02
   4.2140468e-01   8.8862298e-02
   4.2474916e-01   8.8623464e-02
   4.2809365e-01   8.8378347e-02
   4.3143813e-01   8.8127046e-02
   4.3478261e-01   8.7869655e-02
   4.3812709e-01   8.7606272e-02
   4.4147157e-01   8.7336990e-02
   4.4481605e-01   8.7061904e-02
   4.4816054e-01   8.6781107e-02
   4.5150502e-01   8.6494693e-02
   4.5484950e-01   8.6202753e-02
   4.5819398e-01   8.5905378e-02
   4.6153846e-01   8.5602659e-02
   4.6488294e-01   8.5294686e-02
   4.6822742e-01   8.4981547e-02
   4.7157191e-01   8.4663331e-02
   4.7491639e-01   8.4340125e-02
   4.7826087e-01   8.4012016e-02
   4.8160535e-01   8.3679088e-02
   4.8494983e-01   8.3341428e-02
   4.8829431e-01   8.2999120e-02
   4.9163880e-01   8.2652245e-02
   4.9498328e-01   8.2300888e-02
   4.9832776e-01   8.1945129e-02
   5.0167224e-01   8.1585049e-02
   5.0501672e-01   8.1220727e-02
   5.0836120e-01   8.0852244e-02
   5.1170569e-01   8.0479676e-02
   5.1505017e-01   8.0103100e-02
   5.1839465e-01   7.9722594e-02
   5.2173913e-01   7.9338231e-02
   5.2508361e-01   7.8950087e-02
   5.2842809e-01   7.8558235e-02
   5.3177258e-01   7.8162746e-02
   5.3511706e-01   7.7763693e-02
   5.3846154e-01   7.7361146e-02
   5.4180602e-01   7.6955174e-02
   5.4515050e-01   7.6545845e-02
   5.4849498e-01   7.6133228e-02
   5.5183946e-01   7.5717389e-02
   5.5518395e-01   7.5298392e-02
   5.5852843e-01   7.4876303e-02
   5.6187291e-01   7.4451184e-02
   5.6521739e-01   7.4023098e-02
   5.6856187e-01   7.3592106e-02
   5.7190635e-01   7.3158269e-02
   5.7525084e-01   7.2721644e-02
   5.7859532e-01   7.2282290e-02
   5.8193980e-01   7.1840264e-02
   5.8528428e-01   7.1395622e-02
   5.8862876e-01   7.0948418e-02
   5.9197324e-01   7.0498705e-02
   5.9531773e-01   7.0046536e-02
   5.9866221e-01   6.9591962e-02
   6.0200669e-01   6.9135032e-02
   6.0535117e-01   6.8675797e-02
   6.0869565e-01   6.8214302e-02
   6.1204013e-01   6.7750595e-02
   6.1538462e-01   6.7284720e-02
   6.1872910e-01   6.6816723e-02
   6.2207358e-01   6.6346644e-02
   6.2541806e-01   6.5874527e-02
   6.2876254e-01   6.5400410e-02
   6.3210702e-01   6.4924334e-02
   6.3545151e-01   6.4446336e-02
   6.3879599e-01   6.3966451e-02
   6.4214047e-01   6.3484717e-02
   6.4548495e-01   6.3001165e-02
   6.4882943e-01   6.2515829e-02
   6.5217391e-01   6.2028741e-02
   6.5551839e-01   6.1539929e-02
   6.5886288e-01   6.1049423e-02
   6.6220736e-01   6.0557249e-02
   6.6555184e-01   6.0063435e-02
   6.6889632e-01   5.9568003e-02
   6.7224080e-01   5.9070978e-02
   6.7558528e-01   5.8572381e-02
   6.7892977e-01   5.8072232e-02
   6.8227425e-01   5.7570551e-02
   6.8561873e-01   5.7067354e-02
   6.8896321e-01   5.6562659e-02
   6.9230769e-01   5.6056480e-02
   6.9565217e-01   5.5548829e-02
   6.9899666e-01   5.5039719e-02
   7.0234114e-01   5.4529161e-02
   7.0568562e-01   5.4017162e-02
   7.0903010e-01   5.3503731e-02
   7.1237458e-01   5.2988874e-02
   7.1571906e-01   5.2472594e-02
   7.1906355e-01   5.1954895e-02
   7.2240803e-01   5.1435778e-02
   7.2575251e-01   5.0915243e-02
   7.2909699e-01   5.0393288e-02
   7.3244147e-01   4.9869911e-02
   7.3578595e-01   4.9345105e-02
   7.3913043e-01   4.8818866e-02
   7.4247492e-01   4.8291185e-02
   7.4581940e-01   4.7762053e-02
   7.4916388e-01   4.7231459e-02
   7.5250836e-01   4.6699389e-02
   7.5585284e-01   4.6165830e-02
   7.5919732e-01   4.5630767e-02
   7.6254181e-01   4.5094180e-02
   7.6588629e-01   4.4556052e-02
   7.6923077e-01   4.4016362e-02
   7.7257525e-01   4.3475086e-02
   7.7591973e-01   4.2932202e-02
   7.7926421e-01   4.2387683e-02
   7.8260870e-01   4.1841502e-02
   7.8595318e-01   4.1293629e-02
   7.8929766e-01   4.0744035e-02
   7.9264214e-01   4.0192686e-02
   7.9598662e-01   3.9639549e-02
   7.9933110e-01   3.9084586e-02
   8.0267559e-01   3.8527762e-02
   8.0602007e-01   3.7969036e-02
   8.0936455e-01   3.7408366e-02
   8.1270903e-01   3.6845712e-02
   8.1605351e-01   3.6281026e-02
   8.1939799e-01   3.5714264e-02
   8.2274247e-01   3.5145377e-02
   8.2608696e-01   3.4574315e-02
   8.2943144e-01   3.4001026e-02
   8.3277592e-01   3.3425457e-02
   8.3612040e-01   3.2847551e-02
   8.3946488e-01   3.2267253e-02
   8.4280936e-01   3.1684502e-02
   8.4615385e-01   3.1099238e-02
   8.4949833e-01   3.0511398e-02
   8.5284281e-01   2.9920918e-02
   8.5618729e-01   2.9327731e-02
   8.5953177e-01   2.8731769e-02
   8.6287625e-01   2.8132961e-02
   8.6622074e-01   2.7531235e-02
   8.6956522e-01   2.6926518e-02
   8.7290970e-01   2.6318733e-02
   8.7625418e-01   2.5707802e-02
   8.7959866e-01   2.5093647e-02
   8.8294314e-01   2.4476184e-02
   8.8628763e-01   2.3855331e-02
   8.8963211e-01   2.3231002e-02
   8.9297659e-01   2.2603110e-02
   8.9632107e-01   2.1971564e-02
   8.9966555e-01   2.1336274e-02
   9.0301003e-01   2.0697146e-02
   9.0635452e-01   2.0054084e-02
   9.0969900e-01   1.9406992e-02
   9.1304348e-01   1.8755770e-02
   9.1638796e-01   1.8100316e-02
   9.1973244e-01   1.7440527e-02
   9.2307692e-01   1.6776297e-02
   9.2642140e-01   1.6107519e-02
   9.2976589e-01   1.5434084e-02
   9.3311037e-01   1.4755880e-02
   9.3645485e-01   1.4072793e-02
   9.3979933e-01   1.3384708e-02
   9.4314381e-01   1.2691507e-02
   9.4648829e-01   1.1993069e-02
   9.4983278e-01   1.1289274e-02
   9.5317726e-01   1.0579996e-02
   9.5652174e-01   9.8651109e-03
   9.5986622e-01   9.1444890e-03
   9.6321070e-01   8.4180004e-03
   9.6655518e-01   7.6855127e-03
   9.6989967e-01   6.9468911e-03
   9.7324415e-01   6.2019989e-03
   9.7658863e-01   5.4506974e-03
   9.7993311e-01   4.6928453e-03
   9.8327759e-01   3.9282995e-03
   9.8662207e-01   3.1569146e-03
   9.8996656e-01   2.3785430e-03
   9.9331104e-01   1.5930351e-03
   9.9665552e-01   8.0023877e-04
   1.0000000e+00   0.0000000e+00
   1.0000000e+00  -0.0000000e+00
   9.9665552e-01  -7.7657214e-05
   9.9331104e-01  -1.5508584e-04
   9.8996656e-01  -2.3226699e-04
   9.8662207e-01  -3.0918225e-04
   9.8327759e-01  -3.8581360e-04
   9.7993311e-01  -4.6214347e-04
   9.7658863e-01  -5.3815474e-04
   9.7324415e-01  -6.1383067e-04
   9.6989967e-01  -6.8915500e-04
   9.6655518e-01  -7.6411186e-04
   9.6321070e-01  -8.3868581e-04
   9.5986622e-01  -9.1286182e-04
   9.5652174e-01  -9.8662530e-04
   9.5317726e-01  -1.0599621e-03
   9.4983278e-01  -1.1328583e-03
   9.4648829e-01  -1.2053007e-03
   9.4314381e-01  -1.2772762e-03
   9.3979933e-01  -1.3487724e-03
   9.3645485e-01  -1.4197770e-03
   9.3311037e-01  -1.4902783e-03
   9.2976589e-01  -1.5602650e-03
   9.2642140e-01  -1.6297261e-03
   9.2307692e-01  -1.6986509e-03
   9.1973244e-01  -1.7670294e-03
   9.1638796e-01  -1.8348518e-03
   9.1304348e-01  -1.9021086e-03
   9.0969900e-01  -1.9687909e-03
   9.0635452e-01  -2.0348899e-03
   9.0301003e-01  -2.1003975e-03
   8.9966555e-01  -2.1653057e-03
   8.9632107e-01  -2.2296070e-03
   8.9297659e-01  -2.2932943e-03
   8.8963211e-01  -2.3563608e-03
   8.8628763e-01  -2.4188001e-03
   8.8294314e-01  -2.4806061e-03
   8.7959866e-01  -2.5417732e-03
   8.7625418e-01  -2.6022960e-03
   8.7290970e-01  -2.6621695e-03
   8.6956522e-01  -2.7213892e-03
   8.6622074e-01  -2.7799508e-03
   8.6287625e-01  -2.8378502e-03
   8.5953177e-01  -2.8950840e-03
   8.5618729e-01  -2.9516489e-03
   8.5284281e-01  -3.0075421e-03
   8.4949833e-01  -3.0627608e-03
   8.4615385e-01  -3.1173029e-03
   8.4280936e-01  -3.1711666e-03
   8.3946488e-01  -3.2243501e-03
   8.3612040e-01  -3.2768523e-03
   8.3277592e-01  -3.3286723e-03
   8.2943144e-01  -3.3798094e-03
   8.2608696e-01  -3.4302634e-03
   8.2274247e-01  -3.4800342e-03
   8.1939799e-01  -3.5291223e-03
   8.1605351e-01  -3.5775281e-03
   8.1270903e-01  -3.6252528e-03
   8.0936455e-01  -3.6722975e-03
   8.0602007e-01  -3.7186638e-03
   8.0267559e-01  -3.7643536e-03
   7.9933110e-01  -3.8093689e-03
   7.9598662e-01  -3.8537122e-03
   7.9264214e-01  -3.8973863e-03
   7.8929766e-01  -3.9403940e-03
   7.8595318e-01  -3.9827388e-03
   7.8260870e-01  -4.0244241e-03
   7.7926421e-01  -4.0654539e-03
   7.7591973e-01  -4.1058321e-03
   7.7257525e-01  -4.1455632e-03
   7.6923077e-01  -4.1846518e-03
   7.6588629e-01  -4.2231029e-03
   7.6254181e-01  -4.2609216e-03
   7.5919732e-01  -4.2981132e-03
   7.5585284e-01  -4.3346836e-03
   7.5250836e-01  -4.3706386e-03
   7.4916388e-01  -4.4059843e-03
   7.4581940e-01  -4.4407273e-03
   7.4247492e-01  -4.4748741e-03
   7.3913043e-01  -4.5084316e-03
   7.3578595e-01  -4.5414070e-03
   7.3244147e-01  -4.5738076e-03
   7.2909699e-01  -4.6056410e-03
   7.2575251e-01  -4.6369150e-03
   7.2240803e-01  -4.6676376e-03
   7.1906355e-01  -4.6978170e-03
   7.1571906e-01  -4.7274618e-03
   7.1237458e-01  -4.7565805e-03
   7.0903010e-01  -4.7851820e-03
   7.0568562e-01  -4.8132754e-03
   7.0234114e-01  -4.8408700e-03
   6.9899666e-01  -4.8679751e-03
   6.9565217e-01  -4.8946005e-03
   6.9230769e-01  -4.9207560e-03
   6.8896321e-01  -4.9464517e-03
   6.8561873e-01  -4.9716976e-03
   6.8227425e-01  -4.9965042e-03
   6.7892977e-01  -5.0208820e-03
   6.7558528e-01  -5.0448417e-03
   6.7224080e-01  -5.0683943e-03
   6.6889632e-01  -5.0915507e-03
   6.6555184e-01  -5.1143221e-03
   6.6220736e-01  -5.1367199e-03
   6.5886288e-01  -5.1587556e-03
   6.5551839e-01  -5.1804408e-03
   6.5217391e-01  -5.2017873e-03
   6.4882943e-01  -5.2228070e-03
   6.4548495e-01  -5.2435119e-03
   6.4214047e-01  -5.2639142e-03
   6.3879599e-01  -5.2840262e-03
   6.3545151e-01  -5.3038603e-03
   6.3210702e-01  -5.3234291e-03
   6.2876254e-01  -5.3427450e-03
   6.2541806e-01  -5.3618210e-03
   6.2207358e-01  -5.3806698e-03
   6.1872910e-01  -5.3993044e-03
   6.1538462e-01  -5.4177378e-03
   6.1204013e-01  -5.4359830e-03
   6.0869565e-01  -5.4540533e-03
   6.0535117e-01  -5.4719621e-03
   6.0200669e-01  -5.4897225e-03
   5.9866221e-01  -5.5073480e-03
   5.9531773e-01  -5.5248521e-03
   5.9197324e-01  -5.5422483e-03
   5.8862876e-01  -5.5595502e-03
   5.8528428e-01  -5.5767714e-03
   5.8193980e-01  -5.5939257e-03
   5.7859532e-01  -5.6110266e-03
   5.7525084e-01  -5.6280880e-03
   5.7190635e-01  -5.6451235e-03
   5.6856187e-01  -5.6621471e-03
   5.6521739e-01  -5.6791725e-03
   5.6187291e-01  -5.6962135e-03
   5.5852843e-01  -5.7132839e-03
   5.5518395e-01  -5.7303975e-03
   5.5183946e-01  -5.7475682e-03
   5.4849498e-01  -5.7648097e-03
   5.4515050e-01  -5.7821358e-03
   5.4180602e-01  -5.7995603e-03
   5.3846154e-01  -5.8170969e-03
   5.3511706e-01  -5.8347593e-03
   5.3177258e-01  -5.8525611e-03
   5.2842809e-01  -5.8705158e-03
   5.2508361e-01  -5.8886371e-03
   5.2173913e-01  -5.9069384e-03
   5.1839465e-01  -5.9254331e-03
   5.1505017e-01  -5.9441345e-03
   5.1170569e-01  -5.9630559e-03
   5.0836120e-01  -5.9822104e-03
   5.0501672e-01  -6.0016111e-03
   5.0167224e-01  -6.0212709e-03
   4.9832776e-01  -6.0412026e-03
   4.9498328e-01  -6.0614191e-03
   4.9163880e-01  -6.0819328e-03
   4.8829431e-01  -6.1027563e-03
   4.8494983e-01  -6.1239018e-03
   4.8160535e-01  -6.1453816e-03
   4.7826087e-01  -6.1672076e-03
   4.7491639e-01  -6.1893917e-03
   4.7157191e-01  -6.2119456e-03
   4.6822742e-01  -6.2348807e-03
   4.6488294e-01  -6.2582084e-03
   4.6153846e-01  -6.2819398e-03
   4.5819398e-01  -6.3060857e-03
   4.5484950e-01  -6.3306569e-03
   4.5150502e-01  -6.3556638e-03
   4.4816054e-01  -6.3811166e-03
   4.4481605e-01  -6.4070252e-03
   4.4147157e-01  -6.4333994e-03
   4.3812709e-01  -6.4602487e-03
   4.3478261e-01  -6.4875822e-03
   4.3143813e-01  -6.5154088e-03
   4.2809365e-01  -6.5437371e-03
   4.2474916e-01  -6.5725753e-03
   4.2140468e-01  -6.6019315e-03
   4.1806020e-01  -6.6318132e-03
   4.1471572e-01  -6.6622278e-03
   4.1137124e-01  -6.6931822e-03
   4.0802676e-01  -6.7246830e-03
   4.0468227e-01  -6.7567364e-03
   4.0133779e-01  -6.7893482e-03
   3.9799331e-01  -6.8225237e-03
   3.9464883e-01  -6.8562681e-03
   3.9130435e-01  -6.8905858e-03
   3.8795987e-01  -6.9254809e-03
   3.8461538e-01  -6.9609571e-03
   3.8127090e-01  -6.9970177e-03
   3.7792642e-01  -7.0336652e-03
   3.7458194e-01  -7.0709020e-03
   3.7123746e-01  -7.1087296e-03
   3.6789298e-01  -7.1471491e-03
   3.6454849e-01  -7.1861613e-03
   3.6120401e-01  -7.2257661e-03
   3.5785953e-01  -7.2659629e-03
   3.5451505e-01  -7.3067506e-03
   3.5117057e-01  -7.3481274e-03
   3.4782609e-01  -7.3900907e-03
   3.4448161e-01  -7.4326377e-03
   3.4113712e-01  -7.4757643e-03
   3.3779264e-01  -7.5194662e-03
   3.3444816e-01  -7.5637381e-03
   3.3110368e-01  -7.6085741e-03
   3.2775920e-01  -7.6539675e-03
   3.2441472e-01  -7.6999106e-03
   3.2107023e-01  -7.7463953e-03
   3.1772575e-01  -7.7934121e-03
   3.1438127e-01  -7.8409512e-03
   3.1103679e-01  -7.8890015e-03
   3.0769231e-01  -7.9375512e-03
   3.0434783e-01  -7.9865874e-03
   3.0100334e-01  -8.0360962e-03
   2.9765886e-01  -8.0860628e-03
   2.9431438e-01  -8.1364713e-03
   2.9096990e-01  -8.1873047e-03
   2.8762542e-01  -8.2385448e-03
   2.8428094e-01  -8.2901725e-03
   2.8093645e-01  -8.3421673e-03
   2.7759197e-01  -8.3945074e-03
   2.7424749e-01  -8.4471698e-03
   2.7090301e-01  -8.5001303e-03
   2.6755853e-01  -8.5533631e-03
   2.6421405e-01  -8.6068413e-03
   2.6086957e-01  -8.6605362e-03
   2.5752508e-01  -8.7144179e-03
   2.5418060e-01  -8.7684545e-03
   2.5083612e-01  -8.8226130e-03
   2.4749164e-01  -8.8768584e-03
   2.4414716e-01  -8.9311539e-03
   2.4080268e-01  -8.9854611e-03
   2.3745819e-01  -9.0397395e-03
   2.3411371e-01  -9.0939469e-03
   2.3076923e-01  -9.1480389e-03
   2.2742475e-01  -9.2019690e-03
   2.2408027e-01  -9.2556885e-03
   2.2073579e-01  -9.3091465e-03
   2.1739130e-01  -9.3622896e-03
   2.1404682e-01  -9.4150619e-03
   2.1070234e-01  -9.4674052e-03
   2.0735786e-01  -9.5192581e-03
   2.0401338e-01  -9.5705569e-03
   2.0066890e-01  -9.6212347e-03
   1.9732441e-01  -9.6712214e-03
   1.9397993e-01  -9.7204438e-03
   1.9063545e-01  -9.7688255e-03
   1.8729097e-01  -9.8162862e-03
   1.8394649e-01  -9.8627421e-03
   1.8060201e-01  -9.9081055e-03
   1.7725753e-01  -9.9522844e-03
   1.7391304e-01  -9.9951826e-03
   1.7056856e-01  -1.0036699e-02
   1.6722408e-01  -1.0076729e-02
   1.6387960e-01  -1.0115161e-02
   1.6053512e-01  -1.0151879e-02
   1.5719064e-01  -1.0186761e-02
   1.5384615e-01  -1.0219679e-02
   1.5050167e-01  -1.0250500e-02
   1.4715719e-01  -1.0279081e-02
   1.4381271e-01  -1.0305274e-02
   1.4046823e-01  -1.0328922e-02
   1.3712375e-01  -1.0349862e-02
   1.3377926e-01  -1.0367919e-02
   1.3043478e-01  -1.0382910e-02
   1.2709030e-01  -1.0394642e-02
   1.2374582e-01  -1.0402908e-02
   1.2040134e-01  -1.0407492e-02
   1.1705686e-01  -1.0408165e-02
   1.1371237e-01  -1.0404681e-02
   1.1036789e-01  -1.0396781e-02
   1.0702341e-01  -1.0384188e-02
   1.0367893e-01  -1.0366605e-02
   1.0033445e-01  -1.0343718e-02
   9.6989967e-02  -1.0315188e-02
   9.3645485e-02  -1.0280650e-02
   9.0301003e-02  -1.0239713e-02
   8.6956522e-02  -1.0191954e-02
   8.3612040e-02  -1.0136916e-02
   8.0267559e-02  -1.0074102e-02
   7.6923077e-02  -1.0002969e-02
   7.3578595e-02  -9.9229247e-03
   7.0234114e-02  -9.8333178e-03
   6.6889632e-02  -9.7334292e-03
   6.3545151e-02  -9.6224610e-03
   6.0200669e-02  -9.4995232e-03
   5.6856187e-02  -9.3636160e-03
   5.3511706e-02  -9.2136090e-03
   5.0167224e-02  -9.0482134e-03
   4.6822742e-02  -8.8659465e-03
   4.3478261e-02  -8.6650849e-03
   4.0133779e-02  -8.4436012e-03
   3.6789298e-02  -8.1990773e-03
   3.3444816e-02  -7.9285820e-03
   3.0100334e-02  -7.6284926e-03
   2.6755853e-02  -7.2942262e-03
   2.3411371e-02  -6.9198163e-03
   2.0066890e-02  -6.4972084e-03
   1.6722408e-02  -6.0150033e-03
   1.3377926e-02  -5.4560004e-03
   1.0033445e-02  -4.7917280e-03
   6.6889632e-03  -3.9675924e-03
   3.3444816e-03  -2.8450228e-03
   0.0000000e+00   0.0000000e+00
