   0.0000000e+00   0.0000000e+00
   3.3444816e-03   1.0043553e-02
   6.6889632e-03   1.4236027e-02
   1.0033445e-02   1.7473159e-02
   1.3377926e-02   2.0217581e-02
   1.6722408e-02   2.2647733e-02
   2.0066890e-02   2.4854717e-02
   2.3411371e-02   2.6892383e-02
   2.6755853e-02   2.8795635e-02
   3.0100334e-02   3.0588580e-02
   3.3444816e-02   3.2288668e-02
   3.6789298e-02   3.3908990e-02
   4.0133779e-02   3.5459649e-02
   4.3478261e-02   3.6948628e-02
   4.6822742e-02   3.8382355e-02
   5.0167224e-02   3.9766088e-02
   5.3511706e-02   4.1104194e-02
   5.6856187e-02   4.2400335e-02
   6.0200669e-02   4.3657622e-02
   6.3545151e-02   4.4878719e-02
   6.6889632e-02   4.6065925e-02
   7.0234114e-02   4.7221241e-02
   7.3578595e-02   4.8346420e-02
   7.6923077e-02   4.9443005e-02
   8.0267559e-02   5.0512365e-02
   8.3612040e-02   5.1555718e-02
   8.6956522e-02   5.2574155e-02
   9.0301003e-02   5.3568655e-02
   9.3645485e-02   5.4540104e-02
   9.6989967e-02   5.5489302e-02
   1.0033445e-01   5.6416980e-02
   1.0367893e-01   5.7323801e-02
   1.0702341e-01   5.8210375e-02
   1.1036789e-01   5.9077261e-02
   1.1371237e-01   5.9924974e-02
   1.1705686e-01   6.0753990e-02
   1.2040134e-01   6.1564750e-02
   1.2374582e-01   6.2357664e-02
   1.2709030e-01   6.3133113e-02
   1.3043478e-01   6.3891453e-02
   1.3377926e-01   6.4633017e-02
   1.3712375e-01   6.5358118e-02
   1.4046823e-01   6.6067050e-02
   1.4381271e-01   6.6760090e-02
   1.4715719e-01   6.7437499e-02
   1.5050167e-01   6.8099526e-02
   1.5384615e-01   6.8746404e-02
   1.5719064e-01   6.9378357e-02
   1.6053512e-01   6.9995598e-02
   1.6387960e-01   7.0598329e-02
   1.6722408e-01   7.1186744e-02
   1.7056856e-01   7.1761028e-02
   1.7391304e-01   7.2321360e-02
   1.7725753e-01   7.2867910e-02
   1.8060201e-01   7.3400844e-02
   1.8394649e-01   7.3920319e-02
   1.8729097e-01   7.4426490e-02
   1.9063545e-01   7.4919504e-02
   1.9397993e-01   7.5399506e-02
   1.9732441e-01   7.5866635e-02
   2.0066890e-01   7.6321025e-02
   2.0401338e-01   7.6762810e-02
   2.0735786e-01   7.7192117e-02
   2.1070234e-01   7.7609071e-02
   2.1404682e-01   7.8013795e-02
   2.1739130e-01   7.8406409e-02
   2.2073579e-01   7.8787029e-02
   2.2408027e-01   7.9155769e-02
   2.2742475e-01   7.9512744e-02
   2.3076923e-01   7.9858062e-02
   2.3411371e-01   8.0191833e-02
   2.3745819e-01   8.0514163e-02
   2.4080268e-01   8.0825157e-02
   2.4414716e-01   8.1124919e-02
   2.4749164e-01   8.1413552e-02
   2.5083612e-01   8.1691155e-02
   2.5418060e-01   8.1957829e-02
   2.5752508e-01   8.2213672e-02
   2.6086957e-01   8.2458781e-02
   2.6421405e-01   8.2693252e-02
   2.6755853e-01   8.2917181e-02
   2.7090301e-01   8.3130662e-02
   2.7424749e-01   8.3333788e-02
   2.7759197e-01   8.3526653e-02
   2.8093645e-01   8.3709348e-02
   2.8428094e-01   8.3881964e-02
   2.8762542e-01   8.4044593e-02
   2.9096990e-01   8.4197323e-02
   2.9431438e-01   8.4340245e-02
   2.9765886e-01   8.4473447e-02
   3.0100334e-01   8.4597017e-02
   3.0434783e-01   8.4711044e-02
   3.0769231e-01   8.4815613e-02
   3.1103679e-01   8.4910813e-02
   3.1438127e-01   8.4996729e-02
   3.1772575e-01   8.5073447e-02
   3.2107023e-01   8.5141053e-02
   3.2441472e-01   8.5199632e-02
   3.2775920e-01   8.5249269e-02
   3.3110368e-01   8.5290047e-02
   3.3444816e-01   8.5322051e-02
   3.3779264e-01   8.5345365e-02
   3.4113712e-01   8.5360072e-02
   3.4448161e-01   8.5366255e-02
   3.4782609e-01   8.5363996e-02
   3.5117057e-01   8.5353379e-02
   3.5451505e-01   8.5334485e-02
   3.5785953e-01   8.5307395e-02
   3.6120401e-01   8.5272192e-02
   3.6454849e-01   8.5228956e-02
   3.6789298e-01   8.5177769e-02
   3.7123746e-01   8.5118711e-02
   3.7458194e-01   8.5051862e-02
   3.7792642e-01   8.4977303e-02
   3.8127090e-01   8.4895113e-02
   3.8461538e-01   8.4805372e-02
   3.8795987e-01   8.4708159e-02
   3.9130435e-01   8.4603552e-02
   3.9464883e-01   8.4491631e-02
   3.9799331e-01   8.4372474e-02
   4.0133779e-01   8.4246159e-02
   4.0468227e-01   8.4112764e-02
   4.0802676e-01   8.3972366e-02
   4.1137124e-01   8.3825042e-02
   4.1471572e-01   8.3670869e-02
   4.1806020e-01   8.3509924e-02
   4.2140468e-01   8.3342283e-02
   4.2474916e-01   8.3168022e-02
   4.2809365e-01   8.2987217e-02
   4.3143813e-01   8.2799943e-02
   4.3478261e-01   8.2606274e-02
   4.3812709e-01   8.2406287e-02
   4.4147157e-01   8.2200054e-02
   4.4481605e-01   8.1987650e-02
   4.4816054e-01   8.1769149e-02
   4.5150502e-01   8.1544624e-02
   4.5484950e-01   8.1314148e-02
   4.5819398e-01   8.1077793e-02
   4.6153846e-01   8.0835632e-02
   4.6488294e-01   8.0587736e-02
   4.6822742e-01   8.0334177e-02
   4.7157191e-01   8.0075026e-02
   4.7491639e-01   7.9810354e-02
   4.7826087e-01   7.9540231e-02
   4.8160535e-01   7.9264726e-02
   4.8494983e-01   7.8983910e-02
   4.8829431e-01   7.8697851e-02
   4.9163880e-01   7.8406618e-02
   4.9498328e-01   7.8110280e-02
   4.9832776e-01   7.7808903e-02
   5.0167224e-01   7.7502555e-02
   5.0501672e-01   7.7191303e-02
   5.0836120e-01   7.6875214e-02
   5.1170569e-01   7.6554353e-02
   5.1505017e-01   7.6228786e-02
   5.1839465e-01   7.5898577e-02
   5.2173913e-01   7.5563792e-02
   5.2508361e-01   7.5224494e-02
   5.2842809e-01   7.4880746e-02
   5.3177258e-01   7.4532613e-02
   5.3511706e-01   7.4180155e-02
   5.3846154e-01   7.3823435e-02
   5.4180602e-01   7.3462515e-02
   5.4515050e-01   7.3097456e-02
   5.4849498e-01   7.2728317e-02
   5.5183946e-01   7.2355158e-02
   5.5518395e-01   7.1978039e-02
   5.5852843e-01   7.1597018e-02
   5.6187291e-01   7.1212154e-02
   5.6521739e-01   7.0823503e-02
   5.6856187e-01   7.0431123e-02
   5.7190635e-01   7.0035071e-02
   5.7525084e-01   6.9635401e-02
   5.7859532e-01   6.9232169e-02
   5.8193980e-01   6.8825429e-02
   5.8528428e-01   6.8415235e-02
   5.8862876e-01   6.8001641e-02
   5.9197324e-01   6.7584699e-02
   5.9531773e-01   6.7164460e-02
   5.9866221e-01   6.6740977e-02
   6.0200669e-01   6.6314299e-02
   6.0535117e-01   6.5884478e-02
   6.0869565e-01   6.5451561e-02
   6.1204013e-01   6.5015598e-02
   6.1538462e-01   6.4576636e-02
   6.1872910e-01   6.4134723e-02
   6.2207358e-01   6.3689905e-02
   6.2541806e-01   6.3242229e-02
   6.2876254e-01   6.2791738e-02
   6.3210702e-01   6.2338477e-02
   6.3545151e-01   6.1882491e-02
   6.3879599e-01   6.1423821e-02
   6.4214047e-01   6.0962511e-02
   6.4548495e-01   6.0498600e-02
   6.4882943e-01   6.0032131e-02
   6.5217391e-01   5.9563142e-02
   6.5551839e-01   5.9091673e-02
   6.5886288e-01   5.8617763e-02
   6.6220736e-01   5.8141448e-02
   6.6555184e-01   5.7662765e-02
   6.6889632e-01   5.7181750e-02
   6.7224080e-01   5.6698438e-02
   6.7558528e-01   5.6212864e-02
   6.7892977e-01   5.5725061e-02
   6.8227425e-01   5.5235062e-02
   6.8561873e-01   5.4742897e-02
   6.8896321e-01   5.4248599e-02
   6.9230769e-01   5.3752197e-02
   6.9565217e-01   5.3253721e-02
   6.9899666e-01   5.2753198e-02
   7.0234114e-01   5.2250657e-02
   7.0568562e-01   5.1746123e-02
   7.0903010e-01   5.1239623e-02
   7.1237458e-01   5.0731182e-02
   7.1571906e-01   5.0220822e-02
   7.1906355e-01   4.9708568e-02
   7.2240803e-01   4.9194442e-02
   7.2575251e-01   4.8678463e-02
   7.2909699e-01   4.8160654e-02
   7.3244147e-01   4.7641033e-02
   7.3578595e-01   4.7119618e-02
   7.3913043e-01   4.6596427e-02
   7.4247492e-01   4.6071476e-02
   7.4581940e-01   4.5544782e-02
   7.4916388e-01   4.5016357e-02
   7.5250836e-01   4.4486217e-02
   7.5585284e-01   4.3954373e-02
   7.5919732e-01   4.3420838e-02
   7.6254181e-01   4.2885621e-02
   7.6588629e-01   4.2348733e-02
   7.6923077e-01   4.1810182e-02
   7.7257525e-01   4.1269975e-02
   7.7591973e-01   4.0728120e-02
   7.7926421e-01   4.0184622e-02
   7.8260870e-01   3.9639484e-02
   7.8595318e-01   3.9092712e-02
   7.8929766e-01   3.8544307e-02
   7.9264214e-01   3.7994271e-02
   7.9598662e-01   3.7442604e-02
   7.9933110e-01   3.6889305e-02
   8.0267559e-01   3.6334372e-02
   8.0602007e-01   3.5777804e-02
   8.0936455e-01   3.5219595e-02
   8.1270903e-01   3.4659741e-02
   8.1605351e-01   3.4098235e-02
   8.1939799e-01   3.3535071e-02
   8.2274247e-01   3.2970240e-02
   8.2608696e-01   3.2403733e-02
   8.2943144e-01   3.1835539e-02
   8.3277592e-01   3.1265646e-02
   8.3612040e-01   3.0694042e-02
   8.3946488e-01   3.0120713e-02
   8.4280936e-01   2.9545643e-02
   8.4615385e-01   2.8968817e-02
   8.4949833e-01   2.8390217e-02
   8.5284281e-01   2.7809825e-02
   8.5618729e-01   2.7227620e-02
   8.5953177e-01   2.6643583e-02
   8.6287625e-01   2.6057690e-02
   8.6622074e-01   2.5469919e-02
   8.6956522e-01   2.4880245e-02
   8.7290970e-01   2.4288643e-02
   8.7625418e-01   2.3695086e-02
   8.7959866e-01   2.3099546e-02
   8.8294314e-01   2.2501993e-02
   8.8628763e-01   2.1902398e-02
   8.8963211e-01   2.1300728e-02
   8.9297659e-01   2.0696950e-02
   8.9632107e-01   2.0091032e-02
   8.9966555e-01   1.9482936e-02
   9.0301003e-01   1.8872626e-02
   9.0635452e-01   1.8260066e-02
   9.0969900e-01   1.7645215e-02
   9.1304348e-01   1.7028032e-02
   9.1638796e-01   1.6408478e-02
   9.1973244e-01   1.5786507e-02
   9.2307692e-01   1.5162077e-02
   9.2642140e-01   1.4535142e-02
   9.2976589e-01   1.3905655e-02
   9.3311037e-01   1.3273567e-02
   9.3645485e-01   1.2638830e-02
   9.3979933e-01   1.2001393e-02
   9.4314381e-01   1.1361203e-02
   9.4648829e-01   1.0718208e-02
   9.4983278e-01   1.0072352e-02
   9.5317726e-01   9.4235807e-03
   9.5652174e-01   8.7718354e-03
   9.5986622e-01   8.1170578e-03
   9.6321070e-01   7.4591879e-03
   9.6655518e-01   6.7981644e-03
   9.6989967e-01   6.1339245e-03
   9.7324415e-01   5.4664041e-03
   9.7658863e-01   4.7955379e-03
   9.7993311e-01   4.1212588e-03
   9.8327759e-01   3.4434988e-03
   9.8662207e-01   2.7621883e-03
   9.8996656e-01   2.0772562e-03
   9.9331104e-01   1.3886302e-03
   9.9665552e-01   6.9623654e-04
   1.0000000e+00   0.0000000e+00
   1.0000000e+00   0.0000000e+00
   9.9665552e-01   1.9778814e-05
   9.9331104e-01   4.1332105e-05
   9.8996656e-01   6.4690194e-05
   9.8662207e-01   8.9882227e-05
   9.8327759e-01   1.1693619e-04
   9.7993311e-01   1.4587890e-04
   9.7658863e-01   1.7673603e-04
   9.7324415e-01   2.0953210e-04
   9.6989967e-01   2.4429049e-04
   9.6655518e-01   2.8103345e-04
   9.6321070e-01   3.1978208e-04
   9.5986622e-01   3.6055639e-04
   9.5652174e-01   4.0337524e-04
   9.5317726e-01   4.4825639e-04
   9.4983278e-01   4.9521652e-04
   9.4648829e-01   5.4427116e-04
   9.4314381e-01   5.9543480e-04
   9.3979933e-01   6.4872081e-04
   9.3645485e-01   7.0414150e-04
   9.3311037e-01   7.6170809e-04
   9.2976589e-01   8.2143074e-04
   9.2642140e-01   8.8331855e-04
   9.2307692e-01   9.4737956e-04
   9.1973244e-01   1.0136208e-03
   9.1638796e-01   1.0820482e-03
   9.1304348e-01   1.1526666e-03
   9.0969900e-01   1.2254801e-03
   9.0635452e-01   1.3004913e-03
   9.0301003e-01   1.3777023e-03
   8.9966555e-01   1.4571138e-03
   8.9632107e-01   1.5387257e-03
   8.9297659e-01   1.6225369e-03
   8.8963211e-01   1.7085451e-03
   8.8628763e-01   1.7967473e-03
   8.8294314e-01   1.8871394e-03
   8.7959866e-01   1.9797163e-03
   8.7625418e-01   2.0744719e-03
   8.7290970e-01   2.1713994e-03
   8.6956522e-01   2.2704907e-03
   8.6622074e-01   2.3717370e-03
   8.6287625e-01   2.4751285e-03
   8.5953177e-01   2.5806544e-03
   8.5618729e-01   2.6883032e-03
   8.5284281e-01   2.7980621e-03
   8.4949833e-01   2.9099178e-03
   8.4615385e-01   3.0238558e-03
   8.4280936e-01   3.1398610e-03
   8.3946488e-01   3.2579171e-03
   8.3612040e-01   3.3780072e-03
   8.3277592e-01   3.5001132e-03
   8.2943144e-01   3.6242166e-03
   8.2608696e-01   3.7502976e-03
   8.2274247e-01   3.8783357e-03
   8.1939799e-01   4.0083097e-03
   8.1605351e-01   4.1401975e-03
   8.1270903e-01   4.2739760e-03
   8.0936455e-01   4.4096215e-03
   8.0602007e-01   4.5471094e-03
   8.0267559e-01   4.6864142e-03
   7.9933110e-01   4.8275098e-03
   7.9598662e-01   4.9703692e-03
   7.9264214e-01   5.1149647e-03
   7.8929766e-01   5.2612676e-03
   7.8595318e-01   5.4092487e-03
   7.8260870e-01   5.5588779e-03
   7.7926421e-01   5.7101244e-03
   7.7591973e-01   5.8629567e-03
   7.7257525e-01   6.0173425e-03
   7.6923077e-01   6.1732487e-03
   7.6588629e-01   6.3306416e-03
   7.6254181e-01   6.4894869e-03
   7.5919732e-01   6.6497493e-03
   7.5585284e-01   6.8113930e-03
   7.5250836e-01   6.9743815e-03
   7.4916388e-01   7.1386776e-03
   7.4581940e-01   7.3042435e-03
   7.4247492e-01   7.4710406e-03
   7.3913043e-01   7.6390298e-03
   7.3578595e-01   7.8081712e-03
   7.3244147e-01   7.9784244e-03
   7.2909699e-01   8.1497483e-03
   7.2575251e-01   8.3221013e-03
   7.2240803e-01   8.4954409e-03
   7.1906355e-01   8.6697245e-03
   7.1571906e-01   8.8449083e-03
   7.1237458e-01   9.0209484e-03
   7.0903010e-01   9.1978002e-03
   7.0568562e-01   9.3754184e-03
   7.0234114e-01   9.5537572e-03
   6.9899666e-01   9.7327704e-03
   6.9565217e-01   9.9124111e-03
   6.9230769e-01   1.0092632e-02
   6.8896321e-01   1.0273385e-02
   6.8561873e-01   1.0454622e-02
   6.8227425e-01   1.0636294e-02
   6.7892977e-01   1.0818351e-02
   6.7558528e-01   1.1000745e-02
   6.7224080e-01   1.1183423e-02
   6.6889632e-01   1.1366336e-02
   6.6555184e-01   1.1549433e-02
   6.6220736e-01   1.1732661e-02
   6.5886288e-01   1.1915969e-02
   6.5551839e-01   1.2099304e-02
   6.5217391e-01   1.2282613e-02
   6.4882943e-01   1.2465842e-02
   6.4548495e-01   1.2648939e-02
   6.4214047e-01   1.2831848e-02
   6.3879599e-01   1.3014516e-02
   6.3545151e-01   1.3196888e-02
   6.3210702e-01   1.3378907e-02
   6.2876254e-01   1.3560520e-02
   6.2541806e-01   1.3741669e-02
   6.2207358e-01   1.3922300e-02
   6.1872910e-01   1.4102355e-02
   6.1538462e-01   1.4281777e-02
   6.1204013e-01   1.4460510e-02
   6.0869565e-01   1.4638496e-02
   6.0535117e-01   1.4815677e-02
   6.0200669e-01   1.4991996e-02
   5.9866221e-01   1.5167396e-02
   5.9531773e-01   1.5341816e-02
   5.9197324e-01   1.5515199e-02
   5.8862876e-01   1.5687487e-02
   5.8528428e-01   1.5858620e-02
   5.8193980e-01   1.6028539e-02
   5.7859532e-01   1.6197185e-02
   5.7525084e-01   1.6364499e-02
   5.7190635e-01   1.6530421e-02
   5.6856187e-01   1.6694891e-02
   5.6521739e-01   1.6857850e-02
   5.6187291e-01   1.7019238e-02
   5.5852843e-01   1.7178994e-02
   5.5518395e-01   1.7337060e-02
   5.5183946e-01   1.7493374e-02
   5.4849498e-01   1.7647876e-02
   5.4515050e-01   1.7800507e-02
   5.4180602e-01   1.7951205e-02
   5.3846154e-01   1.8099912e-02
   5.3511706e-01   1.8246566e-02
   5.3177258e-01   1.8391108e-02
   5.2842809e-01   1.8533477e-02
   5.2508361e-01   1.8673613e-02
   5.2173913e-01   1.8811456e-02
   5.1839465e-01   1.8946947e-02
   5.1505017e-01   1.9080025e-02
   5.1170569e-01   1.9210630e-02
   5.0836120e-01   1.9338703e-02
   5.0501672e-01   1.9464184e-02
   5.0167224e-01   1.9587014e-02
   4.9832776e-01   1.9707134e-02
   4.9498328e-01   1.9824485e-02
   4.9163880e-01   1.9939007e-02
   4.8829431e-01   2.0050643e-02
   4.8494983e-01   2.0159334e-02
   4.8160535e-01   2.0265022e-02
   4.7826087e-01   2.0367649e-02
   4.7491639e-01   2.0467158e-02
   4.7157191e-01   2.0563491e-02
   4.6822742e-01   2.0656591e-02
   4.6488294e-01   2.0746402e-02
   4.6153846e-01   2.0832868e-02
   4.5819398e-01   2.0915932e-02
   4.5484950e-01   2.0995540e-02
   4.5150502e-01   2.1071636e-02
   4.4816054e-01   2.1144165e-02
   4.4481605e-01   2.1213075e-02
   4.4147157e-01   2.1278310e-02
   4.3812709e-01   2.1339818e-02
   4.3478261e-01   2.1397546e-02
   4.3143813e-01   2.1451442e-02
   4.2809365e-01   2.1501454e-02
   4.2474916e-01   2.1547532e-02
   4.2140468e-01   2.1589625e-02
   4.1806020e-01   2.1627683e-02
   4.1471572e-01   2.1661658e-02
   4.1137124e-01   2.1691500e-02
   4.0802676e-01   2.1717162e-02
   4.0468227e-01   2.1738597e-02
   4.0133779e-01   2.1755759e-02
   3.9799331e-01   2.1768603e-02
   3.9464883e-01   2.1777082e-02
   3.9130435e-01   2.1781155e-02
   3.8795987e-01   2.1780777e-02
   3.8461538e-01   2.1775906e-02
   3.8127090e-01   2.1766502e-02
   3.7792642e-01   2.1752523e-02
   3.7458194e-01   2.1733931e-02
   3.7123746e-01   2.1710686e-02
   3.6789298e-01   2.1682752e-02
   3.6454849e-01   2.1650093e-02
   3.6120401e-01   2.1612672e-02
   3.5785953e-01   2.1570456e-02
   3.5451505e-01   2.1523412e-02
   3.5117057e-01   2.1471508e-02
   3.4782609e-01   2.1414713e-02
   3.4448161e-01   2.1352998e-02
   3.4113712e-01   2.1286335e-02
   3.3779264e-01   2.1214697e-02
   3.3444816e-01   2.1138058e-02
   3.3110368e-01   2.1056394e-02
   3.2775920e-01   2.0969684e-02
   3.2441472e-01   2.0877905e-02
   3.2107023e-01   2.0781038e-02
   3.1772575e-01   2.0679064e-02
   3.1438127e-01   2.0571968e-02
   3.1103679e-01   2.0459735e-02
   3.0769231e-01   2.0342351e-02
   3.0434783e-01   2.0219804e-02
   3.0100334e-01   2.0092086e-02
   2.9765886e-01   1.9959188e-02
   2.9431438e-01   1.9821104e-02
   2.9096990e-01   1.9677830e-02
   2.8762542e-01   1.9529365e-02
   2.8428094e-01   1.9375708e-02
   2.8093645e-01   1.9216862e-02
   2.7759197e-01   1.9052830e-02
   2.7424749e-01   1.8883619e-02
   2.7090301e-01   1.8709238e-02
   2.6755853e-01   1.8529698e-02
   2.6421405e-01   1.8345013e-02
   2.6086957e-01   1.8155199e-02
   2.5752508e-01   1.7960274e-02
   2.5418060e-01   1.7760259e-02
   2.5083612e-01   1.7555179e-02
   2.4749164e-01   1.7345061e-02
   2.4414716e-01   1.7129933e-02
   2.4080268e-01   1.6909830e-02
   2.3745819e-01   1.6684786e-02
   2.3411371e-01   1.6454840e-02
   2.3076923e-01   1.6220035e-02
   2.2742475e-01   1.5980416e-02
   2.2408027e-01   1.5736032e-02
   2.2073579e-01   1.5486936e-02
   2.1739130e-01   1.5233184e-02
   2.1404682e-01   1.4974836e-02
   2.1070234e-01   1.4711957e-02
   2.0735786e-01   1.4444614e-02
   2.0401338e-01   1.4172881e-02
   2.0066890e-01   1.3896834e-02
   1.9732441e-01   1.3616554e-02
   1.9397993e-01   1.3332128e-02
   1.9063545e-01   1.3043647e-02
   1.8729097e-01   1.2751206e-02
   1.8394649e-01   1.2454909e-02
   1.8060201e-01   1.2154860e-02
   1.7725753e-01   1.1851174e-02
   1.7391304e-01   1.1543969e-02
   1.7056856e-01   1.1233369e-02
   1.6722408e-01   1.0919507e-02
   1.6387960e-01   1.0602520e-02
   1.6053512e-01   1.0282553e-02
   1.5719064e-01   9.9597595e-03
   1.5384615e-01   9.6342992e-03
   1.5050167e-01   9.3063406e-03
   1.4715719e-01   8.9760609e-03
   1.4381271e-01   8.6436458e-03
   1.4046823e-01   8.3092909e-03
   1.3712375e-01   7.9732015e-03
   1.3377926e-01   7.6355933e-03
   1.3043478e-01   7.2966933e-03
   1.2709030e-01   6.9567403e-03
   1.2374582e-01   6.6159853e-03
   1.2040134e-01   6.2746928e-03
   1.1705686e-01   5.9331415e-03
   1.1371237e-01   5.5916251e-03
   1.1036789e-01   5.2504534e-03
   1.0702341e-01   4.9099537e-03
   1.0367893e-01   4.5704718e-03
   1.0033445e-01   4.2323740e-03
   9.6989967e-02   3.8960480e-03
   9.3645485e-02   3.5619055e-03
   9.0301003e-02   3.2303839e-03
   8.6956522e-02   2.9019488e-03
   8.3612040e-02   2.5770970e-03
   8.0267559e-02   2.2563595e-03
   7.6923077e-02   1.9403054e-03
   7.3578595e-02   1.6295461e-03
   7.0234114e-02   1.3247406e-03
   6.6889632e-02   1.0266014e-03
   6.3545151e-02   7.3590239e-04
   6.0200669e-02   4.5348698e-04
   5.6856187e-02   1.8027949e-04
   5.3511706e-02  -8.2701633e-05
   5.0167224e-02  -3.3432689e-04
   4.6822742e-02  -5.7333433e-04
   4.3478261e-02  -7.9830175e-04
   4.0133779e-02  -1.0076101e-03
   3.6789298e-02  -1.1993940e-03
   3.3444816e-02  -1.3714734e-03
   3.0100334e-02  -1.5212564e-03
   2.6755853e-02  -1.6455949e-03
   2.3411371e-02  -1.7405626e-03
   2.0066890e-02  -1.8010936e-03
   1.6722408e-02  -1.8203510e-03
   1.3377926e-02  -1.7885208e-03
   1.0033445e-02  -1.6901869e-03
   6.6889632e-03  -1.4973788e-03
   3.3444816e-03  -1.1432036e-03
   0.0000000e+00   0.0000000e+00
