   0.0000000e+00   0.0000000e+00
   3.3444816e-03   2.4660635e-02
   6.6889632e-03   3.4796863e-02
   1.0033445e-02   4.2519917e-02
   1.3377926e-02   4.8984011e-02
   1.6722408e-02   5.4637124e-02
   2.0066890e-02   5.9709424e-02
   2.3411371e-02   6.4337870e-02
   2.6755853e-02   6.8611840e-02
   3.0100334e-02   7.2593506e-02
   3.3444816e-02   7.6328201e-02
   3.6789298e-02   7.9850192e-02
   4.0133779e-02   8.3186137e-02
   4.3478261e-02   8.6357261e-02
   4.6822742e-02   8.9380794e-02
   5.0167224e-02   9.2270955e-02
   5.3511706e-02   9.5039638e-02
   5.6856187e-02   9.7696918e-02
   6.0200669e-02   1.0025142e-01
   6.3545151e-02   1.0271058e-01
   6.6889632e-02   1.0508090e-01
   7.0234114e-02   1.0736807e-01
   7.3578595e-02   1.0957711e-01
   7.6923077e-02   1.1171249e-01
   8.0267559e-02   1.1377821e-01
   8.3612040e-02   1.1577785e-01
   8.6956522e-02   1.1771465e-01
   9.0301003e-02   1.1959154e-01
   9.3645485e-02   1.2141118e-01
   9.6989967e-02   1.2317602e-01
   1.0033445e-01   1.2488828e-01
   1.0367893e-01   1.2655000e-01
   1.0702341e-01   1.2816309e-01
   1.1036789e-01   1.2972929e-01
   1.1371237e-01   1.3125021e-01
   1.1705686e-01   1.3272736e-01
   1.2040134e-01   1.3416214e-01
   1.2374582e-01   1.3555586e-01
   1.2709030e-01   1.3690974e-01
   1.3043478e-01   1.3822493e-01
   1.3377926e-01   1.3950250e-01
   1.3712375e-01   1.4074347e-01
   1.4046823e-01   1.4194878e-01
   1.4381271e-01   1.4311935e-01
   1.4715719e-01   1.4425602e-01
   1.5050167e-01   1.4535959e-01
   1.5384615e-01   1.4643085e-01
   1.5719064e-01   1.4747050e-01
   1.6053512e-01   1.4847924e-01
   1.6387960e-01   1.4945773e-01
   1.6722408e-01   1.5040660e-01
   1.7056856e-01   1.5132644e-01
   1.7391304e-01   1.5221783e-01
   1.7725753e-01   1.5308132e-01
   1.8060201e-01   1.5391742e-01
   1.8394649e-01   1.5472665e-01
   1.8729097e-01   1.5550949e-01
   1.9063545e-01   1.5626639e-01
   1.9397993e-01   1.5699782e-01
   1.9732441e-01   1.5770419e-01
   2.0066890e-01   1.5838592e-01
   2.0401338e-01   1.5904342e-01
   2.0735786e-01   1.5967707e-01
   2.1070234e-01   1.6028723e-01
   2.1404682e-01   1.6087428e-01
   2.1739130e-01   1.6143856e-01
   2.2073579e-01   1.6198041e-01
   2.2408027e-01   1.6250016e-01
   2.2742475e-01   1.6299812e-01
   2.3076923e-01   1.6347460e-01
   2.3411371e-01   1.6392991e-01
   2.3745819e-01   1.6436434e-01
   2.4080268e-01   1.6477817e-01
   2.4414716e-01   1.6517167e-01
   2.4749164e-01   1.6554511e-01
   2.5083612e-01   1.6589877e-01
   2.5418060e-01   1.6623288e-01
   2.5752508e-01   1.6654771e-01
   2.6086957e-01   1.6684349e-01
   2.6421405e-01   1.6712047e-01
   2.6755853e-01   1.6737887e-01
   2.7090301e-01   1.6761893e-01
   2.7424749e-01   1.6784086e-01
   2.7759197e-01   1.6804489e-01
   2.8093645e-01   1.6823122e-01
   2.8428094e-01   1.6840008e-01
   2.8762542e-01   1.6855165e-01
   2.9096990e-01   1.6868614e-01
   2.9431438e-01   1.6880376e-01
   2.9765886e-01   1.6890469e-01
   3.0100334e-01   1.6898912e-01
   3.0434783e-01   1.6905725e-01
   3.0769231e-01   1.6910924e-01
   3.1103679e-01   1.6914529e-01
   3.1438127e-01   1.6916558e-01
   3.1772575e-01   1.6917027e-01
   3.2107023e-01   1.6915953e-01
   3.2441472e-01   1.6913355e-01
   3.2775920e-01   1.6909248e-01
   3.3110368e-01   1.6903649e-01
   3.3444816e-01   1.6896574e-01
   3.3779264e-01   1.6888038e-01
   3.4113712e-01   1.6878059e-01
   3.4448161e-01   1.6866650e-01
   3.4782609e-01   1.6853828e-01
   3.5117057e-01   1.6839608e-01
   3.5451505e-01   1.6824004e-01
   3.5785953e-01   1.6807031e-01
   3.6120401e-01   1.6788704e-01
   3.6454849e-01   1.6769037e-01
   3.6789298e-01   1.6748044e-01
   3.7123746e-01   1.6725739e-01
   3.7458194e-01   1.6702137e-01
   3.7792642e-01   1.6677250e-01
   3.8127090e-01   1.6651092e-01
   3.8461538e-01   1.6623678e-01
   3.8795987e-01   1.6595019e-01
   3.9130435e-01   1.6565129e-01
   3.9464883e-01   1.6534022e-01
   3.9799331e-01   1.6501709e-01
   4.0133779e-01   1.6468204e-01
   4.0468227e-01   1.6433519e-01
   4.0802676e-01   1.6397666e-01
   4.1137124e-01   1.6360659e-01
   4.1471572e-01   1.6322508e-01
   4.1806020e-01   1.6283227e-01
   4.2140468e-01   1.6242827e-01
   4.2474916e-01   1.6201321e-01
   4.2809365e-01   1.6158719e-01
   4.3143813e-01   1.6115033e-01
   4.3478261e-01   1.6070276e-01
   4.3812709e-01   1.6024459e-01
   4.4147157e-01   1.5977592e-01
   4.4481605e-01   1.5929687e-01
   4.4816054e-01   1.5880756e-01
   4.5150502e-01   1.5830810e-01
   4.5484950e-01   1.5779859e-01
   4.5819398e-01   1.5727914e-01
   4.6153846e-01   1.5674986e-01
   4.6488294e-01   1.5621086e-01
   4.6822742e-01   1.5566225e-01
   4.7157191e-01   1.5510412e-01
   4.7491639e-01   1.5453659e-01
   4.7826087e-01   1.5395976e-01
   4.8160535e-01   1.5337373e-01
   4.8494983e-01   1.5277861e-01
   4.8829431e-01   1.5217449e-01
   4.9163880e-01   1.5156148e-01
   4.9498328e-01   1.5093967e-01
   4.9832776e-01   1.5030917e-01
   5.0167224e-01   1.4967007e-01
   5.0501672e-01   1.4902247e-01
   5.0836120e-01   1.4836647e-01
   5.1170569e-01   1.4770217e-01
   5.1505017e-01   1.4702965e-01
   5.1839465e-01   1.4634902e-01
   5.2173913e-01   1.4566037e-01
   5.2508361e-01   1.4496379e-01
   5.2842809e-01   1.4425937e-01
   5.3177258e-01   1.4354721e-01
   5.3511706e-01   1.4282740e-01
   5.3846154e-01   1.4210003e-01
   5.4180602e-01   1.4136519e-01
   5.4515050e-01   1.4062296e-01
   5.4849498e-01   1.3987344e-01
   5.5183946e-01   1.3911672e-01
   5.5518395e-01   1.3835288e-01
   5.5852843e-01   1.3758201e-01
   5.6187291e-01   1.3680419e-01
   5.6521739e-01   1.3601952e-01
   5.6856187e-01   1.3522807e-01
   5.7190635e-01   1.3442993e-01
   5.7525084e-01   1.3362519e-01
   5.7859532e-01   1.3281392e-01
   5.8193980e-01   1.3199621e-01
   5.8528428e-01   1.3117214e-01
   5.8862876e-01   1.3034179e-01
   5.9197324e-01   1.2950524e-01
   5.9531773e-01   1.2866258e-01
   5.9866221e-01   1.2781388e-01
   6.0200669e-01   1.2695921e-01
   6.0535117e-01   1.2609867e-01
   6.0869565e-01   1.2523232e-01
   6.1204013e-01   1.2436025e-01
   6.1538462e-01   1.2348252e-01
   6.1872910e-01   1.2259922e-01
   6.2207358e-01   1.2171042e-01
   6.2541806e-01   1.2081619e-01
   6.2876254e-01   1.1991661e-01
   6.3210702e-01   1.1901175e-01
   6.3545151e-01   1.1810169e-01
   6.3879599e-01   1.1718649e-01
   6.4214047e-01   1.1626623e-01
   6.4548495e-01   1.1534098e-01
   6.4882943e-01   1.1441080e-01
   6.5217391e-01   1.1347578e-01
   6.5551839e-01   1.1253597e-01
   6.5886288e-01   1.1159145e-01
   6.6220736e-01   1.1064228e-01
   6.6555184e-01   1.0968853e-01
   6.6889632e-01   1.0873028e-01
   6.7224080e-01   1.0776757e-01
   6.7558528e-01   1.0680048e-01
   6.7892977e-01   1.0582908e-01
   6.8227425e-01   1.0485343e-01
   6.8561873e-01   1.0387359e-01
   6.8896321e-01   1.0288963e-01
   6.9230769e-01   1.0190160e-01
   6.9565217e-01   1.0090957e-01
   6.9899666e-01   9.9913609e-02
   7.0234114e-01   9.8913766e-02
   7.0568562e-01   9.7910104e-02
   7.0903010e-01   9.6902684e-02
   7.1237458e-01   9.5891565e-02
   7.1571906e-01   9.4876803e-02
   7.1906355e-01   9.3858459e-02
   7.2240803e-01   9.2836587e-02
   7.2575251e-01   9.1811245e-02
   7.2909699e-01   9.0782488e-02
   7.3244147e-01   8.9750373e-02
   7.3578595e-01   8.8714952e-02
   7.3913043e-01   8.7676281e-02
   7.4247492e-01   8.6634412e-02
   7.4581940e-01   8.5589398e-02
   7.4916388e-01   8.4541292e-02
   7.5250836e-01   8.3490145e-02
   7.5585284e-01   8.2436007e-02
   7.5919732e-01   8.1378929e-02
   7.6254181e-01   8.0318961e-02
   7.6588629e-01   7.9256151e-02
   7.6923077e-01   7.8190547e-02
   7.7257525e-01   7.7122199e-02
   7.7591973e-01   7.6051151e-02
   7.7926421e-01   7.4977452e-02
   7.8260870e-01   7.3901146e-02
   7.8595318e-01   7.2822279e-02
   7.8929766e-01   7.1740895e-02
   7.9264214e-01   7.0657039e-02
   7.9598662e-01   6.9570752e-02
   7.9933110e-01   6.8482079e-02
   8.0267559e-01   6.7391060e-02
   8.0602007e-01   6.6297738e-02
   8.0936455e-01   6.5202152e-02
   8.1270903e-01   6.4104342e-02
   8.1605351e-01   6.3004349e-02
   8.1939799e-01   6.1902209e-02
   8.2274247e-01   6.0797963e-02
   8.2608696e-01   5.9691645e-02
   8.2943144e-01   5.8583294e-02
   8.3277592e-01   5.7472946e-02
   8.3612040e-01   5.6360634e-02
   8.3946488e-01   5.5246395e-02
   8.4280936e-01   5.4130262e-02
   8.4615385e-01   5.3012269e-02
   8.4949833e-01   5.1892447e-02
   8.5284281e-01   5.0770828e-02
   8.5618729e-01   4.9647445e-02
   8.5953177e-01   4.8522327e-02
   8.6287625e-01   4.7395505e-02
   8.6622074e-01   4.6267007e-02
   8.6956522e-01   4.5136862e-02
   8.7290970e-01   4.4005097e-02
   8.7625418e-01   4.2871741e-02
   8.7959866e-01   4.1736818e-02
   8.8294314e-01   4.0600355e-02
   8.8628763e-01   3.9462377e-02
   8.8963211e-01   3.8322907e-02
   8.9297659e-01   3.7181970e-02
   8.9632107e-01   3.6039588e-02
   8.9966555e-01   3.4895784e-02
   9.0301003e-01   3.3750578e-02
   9.0635452e-01   3.2603992e-02
   9.0969900e-01   3.1456046e-02
   9.1304348e-01   3.0306758e-02
   9.1638796e-01   2.9156147e-02
   9.1973244e-01   2.8004231e-02
   9.2307692e-01   2.6851027e-02
   9.2642140e-01   2.5696552e-02
   9.2976589e-01   2.4540820e-02
   9.3311037e-01   2.3383847e-02
   9.3645485e-01   2.2225647e-02
   9.3979933e-01   2.1066234e-02
   9.4314381e-01   1.9905619e-02
   9.4648829e-01   1.8743815e-02
   9.4983278e-01   1.7580834e-02
   9.5317726e-01   1.6416684e-02
   9.5652174e-01   1.5251376e-02
   9.5986622e-01   1.4084920e-02
   9.6321070e-01   1.2917322e-02
   9.6655518e-01   1.1748591e-02
   9.6989967e-01   1.0578732e-02
   9.7324415e-01   9.4077529e-03
   9.7658863e-01   8.2356572e-03
   9.7993311e-01   7.0624497e-03
   9.8327759e-01   5.8881339e-03
   9.8662207e-01   4.7127126e-03
   9.8996656e-01   3.5361877e-03
   9.9331104e-01   2.3585605e-03
   9.9665552e-01   1.1798314e-03
   1.0000000e+00   0.0000000e+00
   1.0000000e+00   0.0000000e+00
   9.9665552e-01   2.3216960e-04
   9.9331104e-01   4.5371256e-04
   9.8996656e-01   6.6464660e-04
   9.8662207e-01   8.6499039e-04
   9.8327759e-01   1.0547635e-03
   9.7993311e-01   1.2339865e-03
   9.7658863e-01   1.4026806e-03
   9.7324415e-01   1.5608684e-03
   9.6989967e-01   1.7085730e-03
   9.6655518e-01   1.8458186e-03
   9.6321070e-01   1.9726302e-03
   9.5986622e-01   2.0890338e-03
   9.5652174e-01   2.1950563e-03
   9.5317726e-01   2.2907254e-03
   9.4983278e-01   2.3760699e-03
   9.4648829e-01   2.4511192e-03
   9.4314381e-01   2.5159038e-03
   9.3979933e-01   2.5704551e-03
   9.3645485e-01   2.6148052e-03
   9.3311037e-01   2.6489874e-03
   9.2976589e-01   2.6730355e-03
   9.2642140e-01   2.6869844e-03
   9.2307692e-01   2.6908699e-03
   9.1973244e-01   2.6847286e-03
   9.1638796e-01   2.6685980e-03
   9.1304348e-01   2.6425163e-03
   9.0969900e-01   2.6065229e-03
   9.0635452e-01   2.5606578e-03
   9.0301003e-01   2.5049620e-03
   8.9966555e-01   2.4394772e-03
   8.9632107e-01   2.3642460e-03
   8.9297659e-01   2.2793121e-03
   8.8963211e-01   2.1847197e-03
   8.8628763e-01   2.0805140e-03
   8.8294314e-01   1.9667411e-03
   8.7959866e-01   1.8434478e-03
   8.7625418e-01   1.7106819e-03
   8.7290970e-01   1.5684918e-03
   8.6956522e-01   1.4169271e-03
   8.6622074e-01   1.2560380e-03
   8.6287625e-01   1.0858753e-03
   8.5953177e-01   9.0649117e-04
   8.5618729e-01   7.1793814e-04
   8.5284281e-01   5.2026977e-04
   8.4949833e-01   3.1354039e-04
   8.4615385e-01   9.7805160e-05
   8.4280936e-01  -1.2687996e-04
   8.3946488e-01  -3.6045819e-04
   8.3612040e-01  -6.0287196e-04
   8.3277592e-01  -8.5406286e-04
   8.2943144e-01  -1.1139717e-03
   8.2608696e-01  -1.3825385e-03
   8.2274247e-01  -1.6597025e-03
   8.1939799e-01  -1.9454020e-03
   8.1605351e-01  -2.2395747e-03
   8.1270903e-01  -2.5421574e-03
   8.0936455e-01  -2.8530862e-03
   8.0602007e-01  -3.1722963e-03
   8.0267559e-01  -3.4997221e-03
   7.9933110e-01  -3.8352974e-03
   7.9598662e-01  -4.1789550e-03
   7.9264214e-01  -4.5306272e-03
   7.8929766e-01  -4.8902452e-03
   7.8595318e-01  -5.2577396e-03
   7.8260870e-01  -5.6330402e-03
   7.7926421e-01  -6.0160762e-03
   7.7591973e-01  -6.4067757e-03
   7.7257525e-01  -6.8050662e-03
   7.6923077e-01  -7.2108747e-03
   7.6588629e-01  -7.6241269e-03
   7.6254181e-01  -8.0447482e-03
   7.5919732e-01  -8.4726630e-03
   7.5585284e-01  -8.9077951e-03
   7.5250836e-01  -9.3500675e-03
   7.4916388e-01  -9.7994024e-03
   7.4581940e-01  -1.0255721e-02
   7.4247492e-01  -1.0718945e-02
   7.3913043e-01  -1.1188993e-02
   7.3578595e-01  -1.1665785e-02
   7.3244147e-01  -1.2149240e-02
   7.2909699e-01  -1.2639275e-02
   7.2575251e-01  -1.3135808e-02
   7.2240803e-01  -1.3638754e-02
   7.1906355e-01  -1.4148029e-02
   7.1571906e-01  -1.4663549e-02
   7.1237458e-01  -1.5185227e-02
   7.0903010e-01  -1.5712976e-02
   7.0568562e-01  -1.6246710e-02
   7.0234114e-01  -1.6786340e-02
   6.9899666e-01  -1.7331778e-02
   6.9565217e-01  -1.7882933e-02
   6.9230769e-01  -1.8439717e-02
   6.8896321e-01  -1.9002037e-02
   6.8561873e-01  -1.9569803e-02
   6.8227425e-01  -2.0142922e-02
   6.7892977e-01  -2.0721301e-02
   6.7558528e-01  -2.1304846e-02
   6.7224080e-01  -2.1893463e-02
   6.6889632e-01  -2.2487056e-02
   6.6555184e-01  -2.3085530e-02
   6.6220736e-01  -2.3688789e-02
   6.5886288e-01  -2.4296734e-02
   6.5551839e-01  -2.4909268e-02
   6.5217391e-01  -2.5526292e-02
   6.4882943e-01  -2.6147707e-02
   6.4548495e-01  -2.6773412e-02
   6.4214047e-01  -2.7403307e-02
   6.3879599e-01  -2.8037291e-02
   6.3545151e-01  -2.8675261e-02
   6.3210702e-01  -2.9317114e-02
   6.2876254e-01  -2.9962747e-02
   6.2541806e-01  -3.0612056e-02
   6.2207358e-01  -3.1264934e-02
   6.1872910e-01  -3.1921278e-02
   6.1538462e-01  -3.2580980e-02
   6.1204013e-01  -3.3243934e-02
   6.0869565e-01  -3.3910031e-02
   6.0535117e-01  -3.4579163e-02
   6.0200669e-01  -3.5251221e-02
   5.9866221e-01  -3.5926096e-02
   5.9531773e-01  -3.6603676e-02
   5.9197324e-01  -3.7283850e-02
   5.8862876e-01  -3.7966507e-02
   5.8528428e-01  -3.8651534e-02
   5.8193980e-01  -3.9338817e-02
   5.7859532e-01  -4.0028243e-02
   5.7525084e-01  -4.0719696e-02
   5.7190635e-01  -4.1413062e-02
   5.6856187e-01  -4.2108224e-02
   5.6521739e-01  -4.2805065e-02
   5.6187291e-01  -4.3503467e-02
   5.5852843e-01  -4.4203314e-02
   5.5518395e-01  -4.4904485e-02
   5.5183946e-01  -4.5606860e-02
   5.4849498e-01  -4.6310320e-02
   5.4515050e-01  -4.7014744e-02
   5.4180602e-01  -4.7720009e-02
   5.3846154e-01  -4.8425993e-02
   5.3511706e-01  -4.9132572e-02
   5.3177258e-01  -4.9839623e-02
   5.2842809e-01  -5.0547021e-02
   5.2508361e-01  -5.1254641e-02
   5.2173913e-01  -5.1962355e-02
   5.1839465e-01  -5.2670038e-02
   5.1505017e-01  -5.3377561e-02
   5.1170569e-01  -5.4084797e-02
   5.0836120e-01  -5.4791615e-02
   5.0501672e-01  -5.5497886e-02
   5.0167224e-01  -5.6203479e-02
   4.9832776e-01  -5.6908262e-02
   4.9498328e-01  -5.7612104e-02
   4.9163880e-01  -5.8314871e-02
   4.8829431e-01  -5.9016430e-02
   4.8494983e-01  -5.9716644e-02
   4.8160535e-01  -6.0415380e-02
   4.7826087e-01  -6.1112501e-02
   4.7491639e-01  -6.1807869e-02
   4.7157191e-01  -6.2501348e-02
   4.6822742e-01  -6.3192797e-02
   4.6488294e-01  -6.3882077e-02
   4.6153846e-01  -6.4569048e-02
   4.5819398e-01  -6.5253568e-02
   4.5484950e-01  -6.5935496e-02
   4.5150502e-01  -6.6614687e-02
   4.4816054e-01  -6.7290999e-02
   4.4481605e-01  -6.7964285e-02
   4.4147157e-01  -6.8634401e-02
   4.3812709e-01  -6.9301198e-02
   4.3478261e-01  -6.9964531e-02
   4.3143813e-01  -7.0624249e-02
   4.2809365e-01  -7.1280203e-02
   4.2474916e-01  -7.1932242e-02
   4.2140468e-01  -7.2580215e-02
   4.1806020e-01  -7.3223968e-02
   4.1471572e-01  -7.3863348e-02
   4.1137124e-01  -7.4498201e-02
   4.0802676e-01  -7.5128369e-02
   4.0468227e-01  -7.5753696e-02
   4.0133779e-01  -7.6374024e-02
   3.9799331e-01  -7.6989193e-02
   3.9464883e-01  -7.7599043e-02
   3.9130435e-01  -7.8203411e-02
   3.8795987e-01  -7.8802135e-02
   3.8461538e-01  -7.9395051e-02
   3.8127090e-01  -7.9981993e-02
   3.7792642e-01  -8.0562793e-02
   3.7458194e-01  -8.1137285e-02
   3.7123746e-01  -8.1705297e-02
   3.6789298e-01  -8.2266660e-02
   3.6454849e-01  -8.2821200e-02
   3.6120401e-01  -8.3368743e-02
   3.5785953e-01  -8.3909115e-02
   3.5451505e-01  -8.4442138e-02
   3.5117057e-01  -8.4967633e-02
   3.4782609e-01  -8.5485420e-02
   3.4448161e-01  -8.5995316e-02
   3.4113712e-01  -8.6497139e-02
   3.3779264e-01  -8.6990701e-02
   3.3444816e-01  -8.7475817e-02
   3.3110368e-01  -8.7952296e-02
   3.2775920e-01  -8.8419947e-02
   3.2441472e-01  -8.8878576e-02
   3.2107023e-01  -8.9327988e-02
   3.1772575e-01  -8.9767985e-02
   3.1438127e-01  -9.0198368e-02
   3.1103679e-01  -9.0618933e-02
   3.0769231e-01  -9.1029476e-02
   3.0434783e-01  -9.1429790e-02
   3.0100334e-01  -9.1819664e-02
   2.9765886e-01  -9.2198887e-02
   2.9431438e-01  -9.2567243e-02
   2.9096990e-01  -9.2924514e-02
   2.8762542e-01  -9.3270478e-02
   2.8428094e-01  -9.3604911e-02
   2.8093645e-01  -9.3927586e-02
   2.7759197e-01  -9.4238272e-02
   2.7424749e-01  -9.4536734e-02
   2.7090301e-01  -9.4822734e-02
   2.6755853e-01  -9.5096031e-02
   2.6421405e-01  -9.5356378e-02
   2.6086957e-01  -9.5603525e-02
   2.5752508e-01  -9.5837218e-02
   2.5418060e-01  -9.6057199e-02
   2.5083612e-01  -9.6263203e-02
   2.4749164e-01  -9.6454962e-02
   2.4414716e-01  -9.6632203e-02
   2.4080268e-01  -9.6794646e-02
   2.3745819e-01  -9.6942007e-02
   2.3411371e-01  -9.7073994e-02
   2.3076923e-01  -9.7190312e-02
   2.2742475e-01  -9.7290656e-02
   2.2408027e-01  -9.7374716e-02
   2.2073579e-01  -9.7442174e-02
   2.1739130e-01  -9.7492705e-02
   2.1404682e-01  -9.7525976e-02
   2.1070234e-01  -9.7541645e-02
   2.0735786e-01  -9.7539361e-02
   2.0401338e-01  -9.7518763e-02
   2.0066890e-01  -9.7479482e-02
   1.9732441e-01  -9.7421137e-02
   1.9397993e-01  -9.7343334e-02
   1.9063545e-01  -9.7245671e-02
   1.8729097e-01  -9.7127731e-02
   1.8394649e-01  -9.6989083e-02
   1.8060201e-01  -9.6829284e-02
   1.7725753e-01  -9.6647873e-02
   1.7391304e-01  -9.6444375e-02
   1.7056856e-01  -9.6218297e-02
   1.6722408e-01  -9.5969128e-02
   1.6387960e-01  -9.5696335e-02
   1.6053512e-01  -9.5399367e-02
   1.5719064e-01  -9.5077648e-02
   1.5384615e-01  -9.4730579e-02
   1.5050167e-01  -9.4357533e-02
   1.4715719e-01  -9.3957857e-02
   1.4381271e-01  -9.3530865e-02
   1.4046823e-01  -9.3075840e-02
   1.3712375e-01  -9.2592028e-02
   1.3377926e-01  -9.2078636e-02
   1.3043478e-01  -9.1534830e-02
   1.2709030e-01  -9.0959729e-02
   1.2374582e-01  -9.0352401e-02
   1.2040134e-01  -8.9711861e-02
   1.1705686e-01  -8.9037061e-02
   1.1371237e-01  -8.8326891e-02
   1.1036789e-01  -8.7580163e-02
   1.0702341e-01  -8.6795611e-02
   1.0367893e-01  -8.5971878e-02
   1.0033445e-01  -8.5107509e-02
   9.6989967e-02  -8.4200935e-02
   9.3645485e-02  -8.3250465e-02
   9.0301003e-02  -8.2254265e-02
   8.6956522e-02  -8.1210345e-02
   8.3612040e-02  -8.0116534e-02
   8.0267559e-02  -7.8970455e-02
   7.6923077e-02  -7.7769498e-02
   7.3578595e-02  -7.6510783e-02
   7.0234114e-02  -7.5191114e-02
   6.6889632e-02  -7.3806932e-02
   6.3545151e-02  -7.2354247e-02
   6.0200669e-02  -7.0828560e-02
   5.6856187e-02  -6.9224763e-02
   5.3511706e-02  -6.7537015e-02
   5.0167224e-02  -6.5758579e-02
   4.6822742e-02  -6.3881609e-02
   4.3478261e-02  -6.1896876e-02
   4.0133779e-02  -5.9793387e-02
   3.6789298e-02  -5.7557862e-02
   3.3444816e-02  -5.5173998e-02
   3.0100334e-02  -5.2621385e-02
   2.6755853e-02  -4.9873867e-02
   2.3411371e-02  -4.6896953e-02
   2.0066890e-02  -4.3643479e-02
   1.6722408e-02  -4.0045848e-02
   1.3377926e-02  -3.6000781e-02
   1.0033445e-02  -3.1335216e-02
   6.6889632e-03  -2.5713309e-02
   3.3444816e-03  -1.8272361e-02
   0.0000000e+00   0.0000000e+00
