   0.0000000e+00   0.0000000e+00
   3.3444816e-03   1.3891841e-02
   6.6889632e-03   1.9704628e-02
   1.0033445e-02   2.4201634e-02
   1.3377926e-02   2.8020990e-02
   1.6722408e-02   3.1408531e-02
   2.0066890e-02   3.4489606e-02
   2.3411371e-02   3.7338215e-02
   2.6755853e-02   4.0002250e-02
   3.0100334e-02   4.2514743e-02
   3.3444816e-02   4.4899567e-02
   3.6789298e-02   4.7174602e-02
   4.0133779e-02   4.9353632e-02
   4.3478261e-02   5.1447524e-02
   4.6822742e-02   5.3465017e-02
   5.0167224e-02   5.5413252e-02
   5.3511706e-02   5.7298143e-02
   5.6856187e-02   5.9124651e-02
   6.0200669e-02   6.0896977e-02
   6.3545151e-02   6.2618717e-02
   6.6889632e-02   6.4292971e-02
   7.0234114e-02   6.5922433e-02
   7.3578595e-02   6.7509459e-02
   7.6923077e-02   6.9056125e-02
   8.0267559e-02   7.0564268e-02
   8.3612040e-02   7.2035522e-02
   8.6956522e-02   7.3471351e-02
   9.0301003e-02   7.4873070e-02
   9.3645485e-02   7.6241864e-02
   9.6989967e-02   7.7578809e-02
   1.0033445e-01   7.8884884e-02
   1.0367893e-01   8.0160981e-02
   1.0702341e-01   8.1407920e-02
   1.1036789e-01   8.2626454e-02
   1.1371237e-01   8.3817277e-02
   1.1705686e-01   8.4981032e-02
   1.2040134e-01   8.6118316e-02
   1.2374582e-01   8.7229686e-02
   1.2709030e-01   8.8315660e-02
   1.3043478e-01   8.9376724e-02
   1.3377926e-01   9.0413335e-02
   1.3712375e-01   9.1425923e-02
   1.4046823e-01   9.2414893e-02
   1.4381271e-01   9.3380629e-02
   1.4715719e-01   9.4323497e-02
   1.5050167e-01   9.5243841e-02
   1.5384615e-01   9.6141993e-02
   1.5719064e-01   9.7018268e-02
   1.6053512e-01   9.7872967e-02
   1.6387960e-01   9.8706381e-02
   1.6722408e-01   9.9518788e-02
   1.7056856e-01   1.0031046e-01
   1.7391304e-01   1.0108165e-01
   1.7725753e-01   1.0183261e-01
   1.8060201e-01   1.0256358e-01
   1.8394649e-01   1.0327480e-01
   1.8729097e-01   1.0396650e-01
   1.9063545e-01   1.0463890e-01
   1.9397993e-01   1.0529222e-01
   1.9732441e-01   1.0592667e-01
   2.0066890e-01   1.0654245e-01
   2.0401338e-01   1.0713978e-01
   2.0735786e-01   1.0771884e-01
   2.1070234e-01   1.0827984e-01
   2.1404682e-01   1.0882297e-01
   2.1739130e-01   1.0934841e-01
   2.2073579e-01   1.0985635e-01
   2.2408027e-01   1.1034697e-01
   2.2742475e-01   1.1082045e-01
   2.3076923e-01   1.1127698e-01
   2.3411371e-01   1.1171672e-01
   2.3745819e-01   1.1213986e-01
   2.4080268e-01   1.1254656e-01
   2.4414716e-01   1.1293699e-01
   2.4749164e-01   1.1331132e-01
   2.5083612e-01   1.1366972e-01
   2.5418060e-01   1.1401236e-01
   2.5752508e-01   1.1433939e-01
   2.6086957e-01   1.1465099e-01
   2.6421405e-01   1.1494731e-01
   2.6755853e-01   1.1522851e-01
   2.7090301e-01   1.1549476e-01
   2.7424749e-01   1.1574621e-01
   2.7759197e-01   1.1598302e-01
   2.8093645e-01   1.1620535e-01
   2.8428094e-01   1.1641335e-01
   2.8762542e-01   1.1660718e-01
   2.9096990e-01   1.1678699e-01
   2.9431438e-01   1.1695293e-01
   2.9765886e-01   1.1710516e-01
   3.0100334e-01   1.1724384e-01
   3.0434783e-01   1.1736910e-01
   3.0769231e-01   1.1748111e-01
   3.1103679e-01   1.1758001e-01
   3.1438127e-01   1.1766596e-01
   3.1772575e-01   1.1773909e-01
   3.2107023e-01   1.1779957e-01
   3.2441472e-01   1.1784753e-01
   3.2775920e-01   1.1788312e-01
   3.3110368e-01   1.1790650e-01
   3.3444816e-01   1.1791780e-01
   3.3779264e-01   1.1791717e-01
   3.4113712e-01   1.1790476e-01
   3.4448161e-01   1.1788071e-01
   3.4782609e-01   1.1784516e-01
   3.5117057e-01   1.1779825e-01
   3.5451505e-01   1.1774014e-01
   3.5785953e-01   1.1767096e-01
   3.6120401e-01   1.1759084e-01
   3.6454849e-01   1.1749994e-01
   3.6789298e-01   1.1739839e-01
   3.7123746e-01   1.1728633e-01
   3.7458194e-01   1.1716389e-01
   3.7792642e-01   1.1703123e-01
   3.8127090e-01   1.1688846e-01
   3.8461538e-01   1.1673574e-01
   3.8795987e-01   1.1657319e-01
   3.9130435e-01   1.1640095e-01
   3.9464883e-01   1.1621916e-01
   3.9799331e-01   1.1602794e-01
   4.0133779e-01   1.1582743e-01
   4.0468227e-01   1.1561777e-01
   4.0802676e-01   1.1539908e-01
   4.1137124e-01   1.1517150e-01
   4.1471572e-01   1.1493515e-01
   4.1806020e-01   1.1469016e-01
   4.2140468e-01   1.1443666e-01
   4.2474916e-01   1.1417478e-01
   4.2809365e-01   1.1390465e-01
   4.3143813e-01   1.1362639e-01
   4.3478261e-01   1.1334012e-01
   4.3812709e-01   1.1304596e-01
   4.4147157e-01   1.1274405e-01
   4.4481605e-01   1.1243450e-01
   4.4816054e-01   1.1211744e-01
   4.5150502e-01   1.1179297e-01
   4.5484950e-01   1.1146123e-01
   4.5819398e-01   1.1112233e-01
   4.6153846e-01   1.1077638e-01
   4.6488294e-01   1.1042351e-01
   4.6822742e-01   1.1006382e-01
   4.7157191e-01   1.0969743e-01
   4.7491639e-01   1.0932445e-01
   4.7826087e-01   1.0894500e-01
   4.8160535e-01   1.0855918e-01
   4.8494983e-01   1.0816711e-01
   4.8829431e-01   1.0776888e-01
   4.9163880e-01   1.0736462e-01
   4.9498328e-01   1.0695441e-01
   4.9832776e-01   1.0653838e-01
   5.0167224e-01   1.0611661e-01
   5.0501672e-01   1.0568922e-01
   5.0836120e-01   1.0525630e-01
   5.1170569e-01   1.0481795e-01
   5.1505017e-01   1.0437427e-01
   5.1839465e-01   1.0392536e-01
   5.2173913e-01   1.0347131e-01
   5.2508361e-01   1.0301222e-01
   5.2842809e-01   1.0254817e-01
   5.3177258e-01   1.0207927e-01
   5.3511706e-01   1.0160559e-01
   5.3846154e-01   1.0112723e-01
   5.4180602e-01   1.0064428e-01
   5.4515050e-01   1.0015682e-01
   5.4849498e-01   9.9664930e-02
   5.5183946e-01   9.9168698e-02
   5.5518395e-01   9.8668203e-02
   5.5852843e-01   9.8163526e-02
   5.6187291e-01   9.7654743e-02
   5.6521739e-01   9.7141931e-02
   5.6856187e-01   9.6625165e-02
   5.7190635e-01   9.6104519e-02
   5.7525084e-01   9.5580063e-02
   5.7859532e-01   9.5051867e-02
   5.8193980e-01   9.4520000e-02
   5.8528428e-01   9.3984529e-02
   5.8862876e-01   9.3445517e-02
   5.9197324e-01   9.2903030e-02
   5.9531773e-01   9.2357127e-02
   5.9866221e-01   9.1807869e-02
   6.0200669e-01   9.1255313e-02
   6.0535117e-01   9.0699517e-02
   6.0869565e-01   9.0140535e-02
   6.1204013e-01   8.9578418e-02
   6.1538462e-01   8.9013219e-02
   6.1872910e-01   8.8444986e-02
   6.2207358e-01   8.7873766e-02
   6.2541806e-01   8.7299605e-02
   6.2876254e-01   8.6722546e-02
   6.3210702e-01   8.6142631e-02
   6.3545151e-01   8.5559900e-02
   6.3879599e-01   8.4974390e-02
   6.4214047e-01   8.4386137e-02
   6.4548495e-01   8.3795174e-02
   6.4882943e-01   8.3201535e-02
   6.5217391e-01   8.2605248e-02
   6.5551839e-01   8.2006342e-02
   6.5886288e-01   8.1404842e-02
   6.6220736e-01   8.0800772e-02
   6.6555184e-01   8.0194155e-02
   6.6889632e-01   7.9585009e-02
   6.7224080e-01   7.8973353e-02
   6.7558528e-01   7.8359202e-02
   6.7892977e-01   7.7742570e-02
   6.8227425e-01   7.7123467e-02
   6.8561873e-01   7.6501903e-02
   6.8896321e-01   7.5877885e-02
   6.9230769e-01   7.5251418e-02
   6.9565217e-01   7.4622505e-02
   6.9899666e-01   7.3991145e-02
   7.0234114e-01   7.3357338e-02
   7.0568562e-01   7.2721078e-02
   7.0903010e-01   7.2082361e-02
   7.1237458e-01   7.1441177e-02
   7.1571906e-01   7.0797516e-02
   7.1906355e-01   7.0151365e-02
   7.2240803e-01   6.9502707e-02
   7.2575251e-01   6.8851527e-02
   7.2909699e-01   6.8197803e-02
   7.3244147e-01   6.7541513e-02
   7.3578595e-01   6.6882632e-02
   7.3913043e-01   6.6221134e-02
   7.4247492e-01   6.5556988e-02
   7.4581940e-01   6.4890164e-02
   7.4916388e-01   6.4220626e-02
   7.5250836e-01   6.3548338e-02
   7.5585284e-01   6.2873260e-02
   7.5919732e-01   6.2195352e-02
   7.6254181e-01   6.1514568e-02
   7.6588629e-01   6.0830862e-02
   7.6923077e-01   6.0144185e-02
   7.7257525e-01   5.9454486e-02
   7.7591973e-01   5.8761709e-02
   7.7926421e-01   5.8065799e-02
   7.8260870e-01   5.7366696e-02
   7.8595318e-01   5.6664338e-02
   7.8929766e-01   5.5958660e-02
   7.9264214e-01   5.5249597e-02
   7.9598662e-01   5.4537077e-02
   7.9933110e-01   5.3821028e-02
   8.0267559e-01   5.3101377e-02
   8.0602007e-01   5.2378044e-02
   8.0936455e-01   5.1650950e-02
   8.1270903e-01   5.0920011e-02
   8.1605351e-01   5.0185143e-02
   8.1939799e-01   4.9446256e-02
   8.2274247e-01   4.8703260e-02
   8.2608696e-01   4.7956061e-02
   8.2943144e-01   4.7204561e-02
   8.3277592e-01   4.6448663e-02
   8.3612040e-01   4.5688263e-02
   8.3946488e-01   4.4923257e-02
   8.4280936e-01   4.4153538e-02
   8.4615385e-01   4.3378993e-02
   8.4949833e-01   4.2599511e-02
   8.5284281e-01   4.1814975e-02
   8.5618729e-01   4.1025266e-02
   8.5953177e-01   4.0230262e-02
   8.6287625e-01   3.9429838e-02
   8.6622074e-01   3.8623867e-02
   8.6956522e-01   3.7812217e-02
   8.7290970e-01   3.6994756e-02
   8.7625418e-01   3.6171348e-02
   8.7959866e-01   3.5341852e-02
   8.8294314e-01   3.4506126e-02
   8.8628763e-01   3.3664025e-02
   8.8963211e-01   3.2815401e-02
   8.9297659e-01   3.1960103e-02
   8.9632107e-01   3.1097976e-02
   8.9966555e-01   3.0228863e-02
   9.0301003e-01   2.9352603e-02
   9.0635452e-01   2.8469034e-02
   9.0969900e-01   2.7577988e-02
   9.1304348e-01   2.6679298e-02
   9.1638796e-01   2.5772789e-02
   9.1973244e-01   2.4858286e-02
   9.2307692e-01   2.3935610e-02
   9.2642140e-01   2.3004580e-02
   9.2976589e-01   2.2065011e-02
   9.3311037e-01   2.1116715e-02
   9.3645485e-01   2.0159499e-02
   9.3979933e-01   1.9193171e-02
   9.4314381e-01   1.8217531e-02
   9.4648829e-01   1.7232380e-02
   9.4983278e-01   1.6237513e-02
   9.5317726e-01   1.5232724e-02
   9.5652174e-01   1.4217801e-02
   9.5986622e-01   1.3192531e-02
   9.6321070e-01   1.2156698e-02
   9.6655518e-01   1.1110080e-02
   9.6989967e-01   1.0052455e-02
   9.7324415e-01   8.9835963e-03
   9.7658863e-01   7.9032732e-03
   9.7993311e-01   6.8112527e-03
   9.8327759e-01   5.7072981e-03
   9.8662207e-01   4.5911696e-03
   9.8996656e-01   3.4626239e-03
   9.9331104e-01   2.3214142e-03
   9.9665552e-01   1.1672907e-03
   1.0000000e+00   0.0000000e+00
   1.0000000e+00  -0.0000000e+00
   9.9665552e-01  -2.0883644e-04
   9.9331104e-01  -4.1402339e-04
   9.8996656e-01  -6.1555571e-04
   9.8662207e-01  -8.1342906e-04
   9.8327759e-01  -1.0076400e-03
   9.7993311e-01  -1.1981859e-03
   9.7658863e-01  -1.3850649e-03
   9.7324415e-01  -1.5682762e-03
   9.6989967e-01  -1.7478197e-03
   9.6655518e-01  -1.9236959e-03
   9.6321070e-01  -2.0959065e-03
   9.5986622e-01  -2.2644538e-03
   9.5652174e-01  -2.4293410e-03
   9.5317726e-01  -2.5905720e-03
   9.4983278e-01  -2.7481516e-03
   9.4648829e-01  -2.9020853e-03
   9.4314381e-01  -3.0523794e-03
   9.3979933e-01  -3.1990411e-03
   9.3645485e-01  -3.3420783e-03
   9.3311037e-01  -3.4814996e-03
   9.2976589e-01  -3.6173145e-03
   9.2642140e-01  -3.7495332e-03
   9.2307692e-01  -3.8781665e-03
   9.1973244e-01  -4.0032263e-03
   9.1638796e-01  -4.1247250e-03
   9.1304348e-01  -4.2426757e-03
   9.0969900e-01  -4.3570923e-03
   9.0635452e-01  -4.4679896e-03
   9.0301003e-01  -4.5753828e-03
   8.9966555e-01  -4.6792880e-03
   8.9632107e-01  -4.7797221e-03
   8.9297659e-01  -4.8767026e-03
   8.8963211e-01  -4.9702476e-03
   8.8628763e-01  -5.0603760e-03
   8.8294314e-01  -5.1471074e-03
   8.7959866e-01  -5.2304621e-03
   8.7625418e-01  -5.3104610e-03
   8.7290970e-01  -5.3871257e-03
   8.6956522e-01  -5.4604785e-03
   8.6622074e-01  -5.5305423e-03
   8.6287625e-01  -5.5973406e-03
   8.5953177e-01  -5.6608978e-03
   8.5618729e-01  -5.7212387e-03
   8.5284281e-01  -5.7783888e-03
   8.4949833e-01  -5.8323742e-03
   8.4615385e-01  -5.8832216e-03
   8.4280936e-01  -5.9309585e-03
   8.3946488e-01  -5.9756128e-03
   8.3612040e-01  -6.0172131e-03
   8.3277592e-01  -6.0557885e-03
   8.2943144e-01  -6.0913689e-03
   8.2608696e-01  -6.1239845e-03
   8.2274247e-01  -6.1536664e-03
   8.1939799e-01  -6.1804460e-03
   8.1605351e-01  -6.2043554e-03
   8.1270903e-01  -6.2254272e-03
   8.0936455e-01  -6.2436946e-03
   8.0602007e-01  -6.2591913e-03
   8.0267559e-01  -6.2719515e-03
   7.9933110e-01  -6.2820101e-03
   7.9598662e-01  -6.2894024e-03
   7.9264214e-01  -6.2941642e-03
   7.8929766e-01  -6.2963319e-03
   7.8595318e-01  -6.2959423e-03
   7.8260870e-01  -6.2930328e-03
   7.7926421e-01  -6.2876412e-03
   7.7591973e-01  -6.2798058e-03
   7.7257525e-01  -6.2695655e-03
   7.6923077e-01  -6.2569596e-03
   7.6588629e-01  -6.2420276e-03
   7.6254181e-01  -6.2248100e-03
   7.5919732e-01  -6.2053473e-03
   7.5585284e-01  -6.1836805e-03
   7.5250836e-01  -6.1598513e-03
   7.4916388e-01  -6.1339016e-03
   7.4581940e-01  -6.1058736e-03
   7.4247492e-01  -6.0758103e-03
   7.3913043e-01  -6.0437548e-03
   7.3578595e-01  -6.0097506e-03
   7.3244147e-01  -5.9738418e-03
   7.2909699e-01  -5.9360727e-03
   7.2575251e-01  -5.8964880e-03
   7.2240803e-01  -5.8551328e-03
   7.1906355e-01  -5.8120526e-03
   7.1571906e-01  -5.7672932e-03
   7.1237458e-01  -5.7209006e-03
   7.0903010e-01  -5.6729215e-03
   7.0568562e-01  -5.6234026e-03
   7.0234114e-01  -5.5723910e-03
   6.9899666e-01  -5.5199342e-03
   6.9565217e-01  -5.4660798e-03
   6.9230769e-01  -5.4108760e-03
   6.8896321e-01  -5.3543711e-03
   6.8561873e-01  -5.2966136e-03
   6.8227425e-01  -5.2376524e-03
   6.7892977e-01  -5.1775366e-03
   6.7558528e-01  -5.1163156e-03
   6.7224080e-01  -5.0540391e-03
   6.6889632e-01  -4.9907568e-03
   6.6555184e-01  -4.9265188e-03
   6.6220736e-01  -4.8613755e-03
   6.5886288e-01  -4.7953773e-03
   6.5551839e-01  -4.7285749e-03
   6.5217391e-01  -4.6610192e-03
   6.4882943e-01  -4.5927612e-03
   6.4548495e-01  -4.5238523e-03
   6.4214047e-01  -4.4543437e-03
   6.3879599e-01  -4.3842870e-03
   6.3545151e-01  -4.3137340e-03
   6.3210702e-01  -4.2427363e-03
   6.2876254e-01  -4.1713460e-03
   6.2541806e-01  -4.0996151e-03
   6.2207358e-01  -4.0275957e-03
   6.1872910e-01  -3.9553401e-03
   6.1538462e-01  -3.8829005e-03
   6.1204013e-01  -3.8103295e-03
   6.0869565e-01  -3.7376794e-03
   6.0535117e-01  -3.6650027e-03
   6.0200669e-01  -3.5923519e-03
   5.9866221e-01  -3.5197797e-03
   5.9531773e-01  -3.4473386e-03
   5.9197324e-01  -3.3750813e-03
   5.8862876e-01  -3.3030601e-03
   5.8528428e-01  -3.2313279e-03
   5.8193980e-01  -3.1599370e-03
   5.7859532e-01  -3.0889400e-03
   5.7525084e-01  -3.0183894e-03
   5.7190635e-01  -2.9483375e-03
   5.6856187e-01  -2.8788366e-03
   5.6521739e-01  -2.8099390e-03
   5.6187291e-01  -2.7416968e-03
   5.5852843e-01  -2.6741620e-03
   5.5518395e-01  -2.6073866e-03
   5.5183946e-01  -2.5414221e-03
   5.4849498e-01  -2.4763204e-03
   5.4515050e-01  -2.4121328e-03
   5.4180602e-01  -2.3489105e-03
   5.3846154e-01  -2.2867048e-03
   5.3511706e-01  -2.2255663e-03
   5.3177258e-01  -2.1655460e-03
   5.2842809e-01  -2.1066940e-03
   5.2508361e-01  -2.0490607e-03
   5.2173913e-01  -1.9926960e-03
   5.1839465e-01  -1.9376495e-03
   5.1505017e-01  -1.8839707e-03
   5.1170569e-01  -1.8317085e-03
   5.0836120e-01  -1.7809118e-03
   5.0501672e-01  -1.7316290e-03
   5.0167224e-01  -1.6839081e-03
   4.9832776e-01  -1.6377969e-03
   4.9498328e-01  -1.5933427e-03
   4.9163880e-01  -1.5505925e-03
   4.8829431e-01  -1.5095927e-03
   4.8494983e-01  -1.4703895e-03
   4.8160535e-01  -1.4330286e-03
   4.7826087e-01  -1.3975551e-03
   4.7491639e-01  -1.3640137e-03
   4.7157191e-01  -1.3324486e-03
   4.6822742e-01  -1.3029037e-03
   4.6488294e-01  -1.2754219e-03
   4.6153846e-01  -1.2500459e-03
   4.5819398e-01  -1.2268179e-03
   4.5484950e-01  -1.2057791e-03
   4.5150502e-01  -1.1869705e-03
   4.4816054e-01  -1.1704322e-03
   4.4481605e-01  -1.1562038e-03
   4.4147157e-01  -1.1443242e-03
   4.3812709e-01  -1.1348316e-03
   4.3478261e-01  -1.1277634e-03
   4.3143813e-01  -1.1231563e-03
   4.2809365e-01  -1.1210464e-03
   4.2474916e-01  -1.1214687e-03
   4.2140468e-01  -1.1244578e-03
   4.1806020e-01  -1.1300471e-03
   4.1471572e-01  -1.1382693e-03
   4.1137124e-01  -1.1491563e-03
   4.0802676e-01  -1.1627389e-03
   4.0468227e-01  -1.1790471e-03
   4.0133779e-01  -1.1981099e-03
   3.9799331e-01  -1.2199554e-03
   3.9464883e-01  -1.2446106e-03
   3.9130435e-01  -1.2721014e-03
   3.8795987e-01  -1.3024528e-03
   3.8461538e-01  -1.3356886e-03
   3.8127090e-01  -1.3718314e-03
   3.7792642e-01  -1.4109027e-03
   3.7458194e-01  -1.4529230e-03
   3.7123746e-01  -1.4979111e-03
   3.6789298e-01  -1.5458851e-03
   3.6454849e-01  -1.5968614e-03
   3.6120401e-01  -1.6508552e-03
   3.5785953e-01  -1.7078804e-03
   3.5451505e-01  -1.7679493e-03
   3.5117057e-01  -1.8310731e-03
   3.4782609e-01  -1.8972611e-03
   3.4448161e-01  -1.9665215e-03
   3.4113712e-01  -2.0388606e-03
   3.3779264e-01  -2.1142832e-03
   3.3444816e-01  -2.1927925e-03
   3.3110368e-01  -2.2743899e-03
   3.2775920e-01  -2.3590753e-03
   3.2441472e-01  -2.4468465e-03
   3.2107023e-01  -2.5376996e-03
   3.1772575e-01  -2.6316289e-03
   3.1438127e-01  -2.7286265e-03
   3.1103679e-01  -2.8286828e-03
   3.0769231e-01  -2.9317860e-03
   3.0434783e-01  -3.0379221e-03
   3.0100334e-01  -3.1470750e-03
   2.9765886e-01  -3.2592265e-03
   2.9431438e-01  -3.3743558e-03
   2.9096990e-01  -3.4924400e-03
   2.8762542e-01  -3.6134536e-03
   2.8428094e-01  -3.7373686e-03
   2.8093645e-01  -3.8641546e-03
   2.7759197e-01  -3.9937783e-03
   2.7424749e-01  -4.1262036e-03
   2.7090301e-01  -4.2613919e-03
   2.6755853e-01  -4.3993014e-03
   2.6421405e-01  -4.5398874e-03
   2.6086957e-01  -4.6831019e-03
   2.5752508e-01  -4.8288940e-03
   2.5418060e-01  -4.9772093e-03
   2.5083612e-01  -5.1279899e-03
   2.4749164e-01  -5.2811746e-03
   2.4414716e-01  -5.4366984e-03
   2.4080268e-01  -5.5944924e-03
   2.3745819e-01  -5.7544841e-03
   2.3411371e-01  -5.9165966e-03
   2.3076923e-01  -6.0807490e-03
   2.2742475e-01  -6.2468560e-03
   2.2408027e-01  -6.4148279e-03
   2.2073579e-01  -6.5845702e-03
   2.1739130e-01  -6.7559836e-03
   2.1404682e-01  -6.9289636e-03
   2.1070234e-01  -7.1034007e-03
   2.0735786e-01  -7.2791798e-03
   2.0401338e-01  -7.4561802e-03
   2.0066890e-01  -7.6342752e-03
   1.9732441e-01  -7.8133320e-03
   1.9397993e-01  -7.9932114e-03
   1.9063545e-01  -8.1737675e-03
   1.8729097e-01  -8.3548471e-03
   1.8394649e-01  -8.5362902e-03
   1.8060201e-01  -8.7179286e-03
   1.7725753e-01  -8.8995863e-03
   1.7391304e-01  -9.0810789e-03
   1.7056856e-01  -9.2622129e-03
   1.6722408e-01  -9.4427858e-03
   1.6387960e-01  -9.6225849e-03
   1.6053512e-01  -9.8013874e-03
   1.5719064e-01  -9.9789595e-03
   1.5384615e-01  -1.0155056e-02
   1.5050167e-01  -1.0329419e-02
   1.4715719e-01  -1.0501778e-02
   1.4381271e-01  -1.0671849e-02
   1.4046823e-01  -1.0839332e-02
   1.3712375e-01  -1.1003914e-02
   1.3377926e-01  -1.1165262e-02
   1.3043478e-01  -1.1323029e-02
   1.2709030e-01  -1.1476845e-02
   1.2374582e-01  -1.1626322e-02
   1.2040134e-01  -1.1771049e-02
   1.1705686e-01  -1.1910591e-02
   1.1371237e-01  -1.2044488e-02
   1.1036789e-01  -1.2172252e-02
   1.0702341e-01  -1.2293363e-02
   1.0367893e-01  -1.2407268e-02
   1.0033445e-01  -1.2513381e-02
   9.6989967e-02  -1.2611071e-02
   9.3645485e-02  -1.2699665e-02
   9.0301003e-02  -1.2778442e-02
   8.6956522e-02  -1.2846626e-02
   8.3612040e-02  -1.2903378e-02
   8.0267559e-02  -1.2947795e-02
   7.6923077e-02  -1.2978892e-02
   7.3578595e-02  -1.2995601e-02
   7.0234114e-02  -1.2996750e-02
   6.6889632e-02  -1.2981056e-02
   6.3545151e-02  -1.2947099e-02
   6.0200669e-02  -1.2893305e-02
   5.6856187e-02  -1.2817916e-02
   5.3511706e-02  -1.2718956e-02
   5.0167224e-02  -1.2594185e-02
   4.6822742e-02  -1.2441041e-02
   4.3478261e-02  -1.2256568e-02
   4.0133779e-02  -1.2037307e-02
   3.6789298e-02  -1.1779164e-02
   3.3444816e-02  -1.1477207e-02
   3.0100334e-02  -1.1125385e-02
   2.6755853e-02  -1.0716099e-02
   2.3411371e-02  -1.0239522e-02
   2.0066890e-02  -9.6824910e-03
   1.6722408e-02  -9.0265098e-03
   1.3377926e-02  -8.2438779e-03
   1.0033445e-02  -7.2890832e-03
   6.6889632e-03  -6.0755102e-03
   3.3444816e-03  -4.3849907e-03
   0.0000000e+00   0.0000000e+00
