   0.0000000e+00   0.0000000e+00
   3.3444816e-03   1.3285085e-02
   6.6889632e-03   1.8819266e-02
   1.0033445e-02   2.3085318e-02
   1.3377926e-02   2.6696692e-02
   1.6722408e-02   2.9890268e-02
   2.0066890e-02   3.2787125e-02
   2.3411371e-02   3.5458931e-02
   2.6755853e-02   3.7952199e-02
   3.0100334e-02   4.0299101e-02
   3.3444816e-02   4.2522960e-02
   3.6789298e-02   4.4641300e-02
   4.0133779e-02   4.6667669e-02
   4.3478261e-02   4.8612788e-02
   4.6822742e-02   5.0485303e-02
   5.0167224e-02   5.2292301e-02
   5.3511706e-02   5.4039673e-02
   5.6856187e-02   5.5732373e-02
   6.0200669e-02   5.7374612e-02
   6.3545151e-02   5.8970002e-02
   6.6889632e-02   6.0521667e-02
   7.0234114e-02   6.2032329e-02
   7.3578595e-02   6.3504374e-02
   7.6923077e-02   6.4939908e-02
   8.0267559e-02   6.6340799e-02
   8.3612040e-02   6.7708712e-02
   8.6956522e-02   6.9045139e-02
   9.0301003e-02   7.0351422e-02
   9.3645485e-02   7.1628771e-02
   9.6989967e-02   7.2878285e-02
   1.0033445e-01   7.4100964e-02
   1.0367893e-01   7.5297717e-02
   1.0702341e-01   7.6469380e-02
   1.1036789e-01   7.7616718e-02
   1.1371237e-01   7.8740435e-02
   1.1705686e-01   7.9841183e-02
   1.2040134e-01   8.0919563e-02
   1.2374582e-01   8.1976132e-02
   1.2709030e-01   8.3011411e-02
   1.3043478e-01   8.4025882e-02
   1.3377926e-01   8.5019995e-02
   1.3712375e-01   8.5994174e-02
   1.4046823e-01   8.6948813e-02
   1.4381271e-01   8.7884284e-02
   1.4715719e-01   8.8800936e-02
   1.5050167e-01   8.9699100e-02
   1.5384615e-01   9.0579084e-02
   1.5719064e-01   9.1441185e-02
   1.6053512e-01   9.2285680e-02
   1.6387960e-01   9.3112833e-02
   1.6722408e-01   9.3922897e-02
   1.7056856e-01   9.4716109e-02
   1.7391304e-01   9.5492699e-02
   1.7725753e-01   9.6252884e-02
   1.8060201e-01   9.6996872e-02
   1.8394649e-01   9.7724862e-02
   1.8729097e-01   9.8437046e-02
   1.9063545e-01   9.9133606e-02
   1.9397993e-01   9.9814720e-02
   1.9732441e-01   1.0048056e-01
   2.0066890e-01   1.0113128e-01
   2.0401338e-01   1.0176705e-01
   2.0735786e-01   1.0238802e-01
   2.1070234e-01   1.0299433e-01
   2.1404682e-01   1.0358613e-01
   2.1739130e-01   1.0416356e-01
   2.2073579e-01   1.0472674e-01
   2.2408027e-01   1.0527582e-01
   2.2742475e-01   1.0581092e-01
   2.3076923e-01   1.0633217e-01
   2.3411371e-01   1.0683968e-01
   2.3745819e-01   1.0733356e-01
   2.4080268e-01   1.0781395e-01
   2.4414716e-01   1.0828095e-01
   2.4749164e-01   1.0873466e-01
   2.5083612e-01   1.0917521e-01
   2.5418060e-01   1.0960268e-01
   2.5752508e-01   1.1001720e-01
   2.6086957e-01   1.1041885e-01
   2.6421405e-01   1.1080773e-01
   2.6755853e-01   1.1118396e-01
   2.7090301e-01   1.1154761e-01
   2.7424749e-01   1.1189880e-01
   2.7759197e-01   1.1223760e-01
   2.8093645e-01   1.1256412e-01
   2.8428094e-01   1.1287843e-01
   2.8762542e-01   1.1318065e-01
   2.9096990e-01   1.1347084e-01
   2.9431438e-01   1.1374910e-01
   2.9765886e-01   1.1401552e-01
   3.0100334e-01   1.1427017e-01
   3.0434783e-01   1.1451315e-01
   3.0769231e-01   1.1474454e-01
   3.1103679e-01   1.1496441e-01
   3.1438127e-01   1.1517286e-01
   3.1772575e-01   1.1536996e-01
   3.2107023e-01   1.1555579e-01
   3.2441472e-01   1.1573043e-01
   3.2775920e-01   1.1589397e-01
   3.3110368e-01   1.1604647e-01
   3.3444816e-01   1.1618802e-01
   3.3779264e-01   1.1631869e-01
   3.4113712e-01   1.1643855e-01
   3.4448161e-01   1.1654770e-01
   3.4782609e-01   1.1664619e-01
   3.5117057e-01   1.1673410e-01
   3.5451505e-01   1.1681152e-01
   3.5785953e-01   1.1687850e-01
   3.6120401e-01   1.1693513e-01
   3.6454849e-01   1.1698147e-01
   3.6789298e-01   1.1701761e-01
   3.7123746e-01   1.1704360e-01
   3.7458194e-01   1.1705953e-01
   3.7792642e-01   1.1706546e-01
   3.8127090e-01   1.1706146e-01
   3.8461538e-01   1.1704760e-01
   3.8795987e-01   1.1702396e-01
   3.9130435e-01   1.1699060e-01
   3.9464883e-01   1.1694759e-01
   3.9799331e-01   1.1689500e-01
   4.0133779e-01   1.1683290e-01
   4.0468227e-01   1.1676135e-01
   4.0802676e-01   1.1668042e-01
   4.1137124e-01   1.1659019e-01
   4.1471572e-01   1.1649071e-01
   4.1806020e-01   1.1638206e-01
   4.2140468e-01   1.1626429e-01
   4.2474916e-01   1.1613748e-01
   4.2809365e-01   1.1600168e-01
   4.3143813e-01   1.1585698e-01
   4.3478261e-01   1.1570342e-01
   4.3812709e-01   1.1554107e-01
   4.4147157e-01   1.1537001e-01
   4.4481605e-01   1.1519028e-01
   4.4816054e-01   1.1500196e-01
   4.5150502e-01   1.1480511e-01
   4.5484950e-01   1.1459979e-01
   4.5819398e-01   1.1438606e-01
   4.6153846e-01   1.1416398e-01
   4.6488294e-01   1.1393363e-01
   4.6822742e-01   1.1369505e-01
   4.7157191e-01   1.1344830e-01
   4.7491639e-01   1.1319346e-01
   4.7826087e-01   1.1293058e-01
   4.8160535e-01   1.1265971e-01
   4.8494983e-01   1.1238093e-01
   4.8829431e-01   1.1209428e-01
   4.9163880e-01   1.1179983e-01
   4.9498328e-01   1.1149763e-01
   4.9832776e-01   1.1118775e-01
   5.0167224e-01   1.1087024e-01
   5.0501672e-01   1.1054515e-01
   5.0836120e-01   1.1021256e-01
   5.1170569e-01   1.0987250e-01
   5.1505017e-01   1.0952504e-01
   5.1839465e-01   1.0917024e-01
   5.2173913e-01   1.0880814e-01
   5.2508361e-01   1.0843881e-01
   5.2842809e-01   1.0806230e-01
   5.3177258e-01   1.0767867e-01
   5.3511706e-01   1.0728795e-01
   5.3846154e-01   1.0689023e-01
   5.4180602e-01   1.0648553e-01
   5.4515050e-01   1.0607392e-01
   5.4849498e-01   1.0565545e-01
   5.5183946e-01   1.0523017e-01
   5.5518395e-01   1.0479813e-01
   5.5852843e-01   1.0435938e-01
   5.6187291e-01   1.0391397e-01
   5.6521739e-01   1.0346196e-01
   5.6856187e-01   1.0300339e-01
   5.7190635e-01   1.0253831e-01
   5.7525084e-01   1.0206678e-01
   5.7859532e-01   1.0158883e-01
   5.8193980e-01   1.0110451e-01
   5.8528428e-01   1.0061388e-01
   5.8862876e-01   1.0011698e-01
   5.9197324e-01   9.9613860e-02
   5.9531773e-01   9.9104558e-02
   5.9866221e-01   9.8589124e-02
   6.0200669e-01   9.8067602e-02
   6.0535117e-01   9.7540037e-02
   6.0869565e-01   9.7006471e-02
   6.1204013e-01   9.6466950e-02
   6.1538462e-01   9.5921515e-02
   6.1872910e-01   9.5370208e-02
   6.2207358e-01   9.4813072e-02
   6.2541806e-01   9.4250147e-02
   6.2876254e-01   9.3681475e-02
   6.3210702e-01   9.3107094e-02
   6.3545151e-01   9.2527046e-02
   6.3879599e-01   9.1941369e-02
   6.4214047e-01   9.1350100e-02
   6.4548495e-01   9.0753280e-02
   6.4882943e-01   9.0150943e-02
   6.5217391e-01   8.9543128e-02
   6.5551839e-01   8.8929871e-02
   6.5886288e-01   8.8311206e-02
   6.6220736e-01   8.7687170e-02
   6.6555184e-01   8.7057796e-02
   6.6889632e-01   8.6423119e-02
   6.7224080e-01   8.5783171e-02
   6.7558528e-01   8.5137986e-02
   6.7892977e-01   8.4487594e-02
   6.8227425e-01   8.3832028e-02
   6.8561873e-01   8.3171319e-02
   6.8896321e-01   8.2505496e-02
   6.9230769e-01   8.1834589e-02
   6.9565217e-01   8.1158626e-02
   6.9899666e-01   8.0477637e-02
   7.0234114e-01   7.9791649e-02
   7.0568562e-01   7.9100688e-02
   7.0903010e-01   7.8404781e-02
   7.1237458e-01   7.7703953e-02
   7.1571906e-01   7.6998229e-02
   7.1906355e-01   7.6287634e-02
   7.2240803e-01   7.5572192e-02
   7.2575251e-01   7.4851924e-02
   7.2909699e-01   7.4126854e-02
   7.3244147e-01   7.3397002e-02
   7.3578595e-01   7.2662391e-02
   7.3913043e-01   7.1923038e-02
   7.4247492e-01   7.1178965e-02
   7.4581940e-01   7.0430190e-02
   7.4916388e-01   6.9676731e-02
   7.5250836e-01   6.8918605e-02
   7.5585284e-01   6.8155828e-02
   7.5919732e-01   6.7388417e-02
   7.6254181e-01   6.6616386e-02
   7.6588629e-01   6.5839751e-02
   7.6923077e-01   6.5058523e-02
   7.7257525e-01   6.4272717e-02
   7.7591973e-01   6.3482343e-02
   7.7926421e-01   6.2687415e-02
   7.8260870e-01   6.1887941e-02
   7.8595318e-01   6.1083932e-02
   7.8929766e-01   6.0275397e-02
   7.9264214e-01   5.9462344e-02
   7.9598662e-01   5.8644781e-02
   7.9933110e-01   5.7822713e-02
   8.0267559e-01   5.6996147e-02
   8.0602007e-01   5.6165089e-02
   8.0936455e-01   5.5329541e-02
   8.1270903e-01   5.4489508e-02
   8.1605351e-01   5.3644992e-02
   8.1939799e-01   5.2795995e-02
   8.2274247e-01   5.1942517e-02
   8.2608696e-01   5.1084560e-02
   8.2943144e-01   5.0222122e-02
   8.3277592e-01   4.9355202e-02
   8.3612040e-01   4.8483797e-02
   8.3946488e-01   4.7607904e-02
   8.4280936e-01   4.6727519e-02
   8.4615385e-01   4.5842637e-02
   8.4949833e-01   4.4953253e-02
   8.5284281e-01   4.4059359e-02
   8.5618729e-01   4.3160948e-02
   8.5953177e-01   4.2258011e-02
   8.6287625e-01   4.1350540e-02
   8.6622074e-01   4.0438524e-02
   8.6956522e-01   3.9521952e-02
   8.7290970e-01   3.8600812e-02
   8.7625418e-01   3.7675091e-02
   8.7959866e-01   3.6744776e-02
   8.8294314e-01   3.5809852e-02
   8.8628763e-01   3.4870302e-02
   8.8963211e-01   3.3926111e-02
   8.9297659e-01   3.2977262e-02
   8.9632107e-01   3.2023735e-02
   8.9966555e-01   3.1065512e-02
   9.0301003e-01   3.0102572e-02
   9.0635452e-01   2.9134894e-02
   9.0969900e-01   2.8162456e-02
   9.1304348e-01   2.7185235e-02
   9.1638796e-01   2.6203208e-02
   9.1973244e-01   2.5216348e-02
   9.2307692e-01   2.4224630e-02
   9.2642140e-01   2.3228028e-02
   9.2976589e-01   2.2226513e-02
   9.3311037e-01   2.1220057e-02
   9.3645485e-01   2.0208629e-02
   9.3979933e-01   1.9192199e-02
   9.4314381e-01   1.8170735e-02
   9.4648829e-01   1.7144205e-02
   9.4983278e-01   1.6112574e-02
   9.5317726e-01   1.5075808e-02
   9.5652174e-01   1.4033871e-02
   9.5986622e-01   1.2986727e-02
   9.6321070e-01   1.1934337e-02
   9.6655518e-01   1.0876662e-02
   9.6989967e-01   9.8136632e-03
   9.7324415e-01   8.7452994e-03
   9.7658863e-01   7.6715285e-03
   9.7993311e-01   6.5923078e-03
   9.8327759e-01   5.5075932e-03
   9.8662207e-01   4.4173397e-03
   9.8996656e-01   3.3215013e-03
   9.9331104e-01   2.2200308e-03
   9.9665552e-01   1.1128801e-03
   1.0000000e+00   0.0000000e+00
   1.0000000e+00  -0.0000000e+00
   9.9665552e-01  -7.1849848e-05
   9.9331104e-01  -1.4441058e-04
   9.8996656e-01  -2.1763619e-04
   9.8662207e-01  -2.9148165e-04
   9.8327759e-01  -3.6590297e-04
   9.7993311e-01  -4.4085713e-04
   9.7658863e-01  -5.1630211e-04
   9.7324415e-01  -5.9219689e-04
   9.6989967e-01  -6.6850141e-04
   9.6655518e-01  -7.4517660e-04
   9.6321070e-01  -8.2218436e-04
   9.5986622e-01  -8.9948755e-04
   9.5652174e-01  -9.7704998e-04
   9.5317726e-01  -1.0548364e-03
   9.4983278e-01  -1.1328126e-03
   9.4648829e-01  -1.2109452e-03
   9.4314381e-01  -1.2892018e-03
   9.3979933e-01  -1.3675509e-03
   9.3645485e-01  -1.4459620e-03
   9.3311037e-01  -1.5244054e-03
   9.2976589e-01  -1.6028525e-03
   9.2642140e-01  -1.6812754e-03
   9.2307692e-01  -1.7596472e-03
   9.1973244e-01  -1.8379419e-03
   9.1638796e-01  -1.9161344e-03
   9.1304348e-01  -1.9942005e-03
   9.0969900e-01  -2.0721167e-03
   9.0635452e-01  -2.1498607e-03
   9.0301003e-01  -2.2274107e-03
   8.9966555e-01  -2.3047460e-03
   8.9632107e-01  -2.3818467e-03
   8.9297659e-01  -2.4586938e-03
   8.8963211e-01  -2.5352689e-03
   8.8628763e-01  -2.6115548e-03
   8.8294314e-01  -2.6875348e-03
   8.7959866e-01  -2.7631933e-03
   8.7625418e-01  -2.8385152e-03
   8.7290970e-01  -2.9134866e-03
   8.6956522e-01  -2.9880940e-03
   8.6622074e-01  -3.0623250e-03
   8.6287625e-01  -3.1361678e-03
   8.5953177e-01  -3.2096115e-03
   8.5618729e-01  -3.2826460e-03
   8.5284281e-01  -3.3552618e-03
   8.4949833e-01  -3.4274504e-03
   8.4615385e-01  -3.4992038e-03
   8.4280936e-01  -3.5705149e-03
   8.3946488e-01  -3.6413774e-03
   8.3612040e-01  -3.7117856e-03
   8.3277592e-01  -3.7817347e-03
   8.2943144e-01  -3.8512204e-03
   8.2608696e-01  -3.9202393e-03
   8.2274247e-01  -3.9887886e-03
   8.1939799e-01  -4.0568663e-03
   8.1605351e-01  -4.1244709e-03
   8.1270903e-01  -4.1916020e-03
   8.0936455e-01  -4.2582594e-03
   8.0602007e-01  -4.3244439e-03
   8.0267559e-01  -4.3901567e-03
   7.9933110e-01  -4.4554001e-03
   7.9598662e-01  -4.5201765e-03
   7.9264214e-01  -4.5844893e-03
   7.8929766e-01  -4.6483425e-03
   7.8595318e-01  -4.7117407e-03
   7.8260870e-01  -4.7746891e-03
   7.7926421e-01  -4.8371935e-03
   7.7591973e-01  -4.8992603e-03
   7.7257525e-01  -4.9608967e-03
   7.6923077e-01  -5.0221101e-03
   7.6588629e-01  -5.0829088e-03
   7.6254181e-01  -5.1433017e-03
   7.5919732e-01  -5.2032981e-03
   7.5585284e-01  -5.2629079e-03
   7.5250836e-01  -5.3221416e-03
   7.4916388e-01  -5.3810102e-03
   7.4581940e-01  -5.4395253e-03
   7.4247492e-01  -5.4976990e-03
   7.3913043e-01  -5.5555439e-03
   7.3578595e-01  -5.6130732e-03
   7.3244147e-01  -5.6703004e-03
   7.2909699e-01  -5.7272397e-03
   7.2575251e-01  -5.7839058e-03
   7.2240803e-01  -5.8403136e-03
   7.1906355e-01  -5.8964789e-03
   7.1571906e-01  -5.9524177e-03
   7.1237458e-01  -6.0081464e-03
   7.0903010e-01  -6.0636819e-03
   7.0568562e-01  -6.1190417e-03
   7.0234114e-01  -6.1742436e-03
   6.9899666e-01  -6.2293057e-03
   6.9565217e-01  -6.2842468e-03
   6.9230769e-01  -6.3390857e-03
   6.8896321e-01  -6.3938420e-03
   6.8561873e-01  -6.4485355e-03
   6.8227425e-01  -6.5031863e-03
   6.7892977e-01  -6.5578150e-03
   6.7558528e-01  -6.6124424e-03
   6.7224080e-01  -6.6670898e-03
   6.6889632e-01  -6.7217789e-03
   6.6555184e-01  -6.7765313e-03
   6.6220736e-01  -6.8313695e-03
   6.5886288e-01  -6.8863159e-03
   6.5551839e-01  -6.9413932e-03
   6.5217391e-01  -6.9966247e-03
   6.4882943e-01  -7.0520336e-03
   6.4548495e-01  -7.1076436e-03
   6.4214047e-01  -7.1634786e-03
   6.3879599e-01  -7.2195627e-03
   6.3545151e-01  -7.2759203e-03
   6.3210702e-01  -7.3325759e-03
   6.2876254e-01  -7.3895543e-03
   6.2541806e-01  -7.4468805e-03
   6.2207358e-01  -7.5045798e-03
   6.1872910e-01  -7.5626773e-03
   6.1538462e-01  -7.6211988e-03
   6.1204013e-01  -7.6801697e-03
   6.0869565e-01  -7.7396160e-03
   6.0535117e-01  -7.7995636e-03
   6.0200669e-01  -7.8600385e-03
   5.9866221e-01  -7.9210670e-03
   5.9531773e-01  -7.9826751e-03
   5.9197324e-01  -8.0448894e-03
   5.8862876e-01  -8.1077362e-03
   5.8528428e-01  -8.1712420e-03
   5.8193980e-01  -8.2354333e-03
   5.7859532e-01  -8.3003366e-03
   5.7525084e-01  -8.3659785e-03
   5.7190635e-01  -8.4323855e-03
   5.6856187e-01  -8.4995843e-03
   5.6521739e-01  -8.5676012e-03
   5.6187291e-01  -8.6364629e-03
   5.5852843e-01  -8.7061957e-03
   5.5518395e-01  -8.7768261e-03
   5.5183946e-01  -8.8483803e-03
   5.4849498e-01  -8.9208846e-03
   5.4515050e-01  -8.9943649e-03
   5.4180602e-01  -9.0688474e-03
   5.3846154e-01  -9.1443579e-03
   5.3511706e-01  -9.2209219e-03
   5.3177258e-01  -9.2985651e-03
   5.2842809e-01  -9.3773127e-03
   5.2508361e-01  -9.4571898e-03
   5.2173913e-01  -9.5382215e-03
   5.1839465e-01  -9.6204323e-03
   5.1505017e-01  -9.7038466e-03
   5.1170569e-01  -9.7884887e-03
   5.0836120e-01  -9.8743823e-03
   5.0501672e-01  -9.9615511e-03
   5.0167224e-01  -1.0050018e-02
   4.9832776e-01  -1.0139807e-02
   4.9498328e-01  -1.0230939e-02
   4.9163880e-01  -1.0323437e-02
   4.8829431e-01  -1.0417323e-02
   4.8494983e-01  -1.0512618e-02
   4.8160535e-01  -1.0609343e-02
   4.7826087e-01  -1.0707519e-02
   4.7491639e-01  -1.0807165e-02
   4.7157191e-01  -1.0908301e-02
   4.6822742e-01  -1.1010946e-02
   4.6488294e-01  -1.1115119e-02
   4.6153846e-01  -1.1220837e-02
   4.5819398e-01  -1.1328117e-02
   4.5484950e-01  -1.1436977e-02
   4.5150502e-01  -1.1547431e-02
   4.4816054e-01  -1.1659497e-02
   4.4481605e-01  -1.1773188e-02
   4.4147157e-01  -1.1888518e-02
   4.3812709e-01  -1.2005501e-02
   4.3478261e-01  -1.2124150e-02
   4.3143813e-01  -1.2244475e-02
   4.2809365e-01  -1.2366489e-02
   4.2474916e-01  -1.2490200e-02
   4.2140468e-01  -1.2615619e-02
   4.1806020e-01  -1.2742754e-02
   4.1471572e-01  -1.2871612e-02
   4.1137124e-01  -1.3002199e-02
   4.0802676e-01  -1.3134522e-02
   4.0468227e-01  -1.3268584e-02
   4.0133779e-01  -1.3404389e-02
   3.9799331e-01  -1.3541940e-02
   3.9464883e-01  -1.3681238e-02
   3.9130435e-01  -1.3822282e-02
   3.8795987e-01  -1.3965072e-02
   3.8461538e-01  -1.4109606e-02
   3.8127090e-01  -1.4255879e-02
   3.7792642e-01  -1.4403888e-02
   3.7458194e-01  -1.4553625e-02
   3.7123746e-01  -1.4705084e-02
   3.6789298e-01  -1.4858255e-02
   3.6454849e-01  -1.5013128e-02
   3.6120401e-01  -1.5169692e-02
   3.5785953e-01  -1.5327931e-02
   3.5451505e-01  -1.5487833e-02
   3.5117057e-01  -1.5649379e-02
   3.4782609e-01  -1.5812551e-02
   3.4448161e-01  -1.5977330e-02
   3.4113712e-01  -1.6143692e-02
   3.3779264e-01  -1.6311615e-02
   3.3444816e-01  -1.6481073e-02
   3.3110368e-01  -1.6652038e-02
   3.2775920e-01  -1.6824481e-02
   3.2441472e-01  -1.6998369e-02
   3.2107023e-01  -1.7173668e-02
   3.1772575e-01  -1.7350343e-02
   3.1438127e-01  -1.7528355e-02
   3.1103679e-01  -1.7707664e-02
   3.0769231e-01  -1.7888225e-02
   3.0434783e-01  -1.8069994e-02
   3.0100334e-01  -1.8252921e-02
   2.9765886e-01  -1.8436957e-02
   2.9431438e-01  -1.8622047e-02
   2.9096990e-01  -1.8808135e-02
   2.8762542e-01  -1.8995161e-02
   2.8428094e-01  -1.9183063e-02
   2.8093645e-01  -1.9371775e-02
   2.7759197e-01  -1.9561229e-02
   2.7424749e-01  -1.9751351e-02
   2.7090301e-01  -1.9942067e-02
   2.6755853e-01  -2.0133296e-02
   2.6421405e-01  -2.0324957e-02
   2.6086957e-01  -2.0516963e-02
   2.5752508e-01  -2.0709222e-02
   2.5418060e-01  -2.0901641e-02
   2.5083612e-01  -2.1094119e-02
   2.4749164e-01  -2.1286553e-02
   2.4414716e-01  -2.1478837e-02
   2.4080268e-01  -2.1670855e-02
   2.3745819e-01  -2.1862492e-02
   2.3411371e-01  -2.2053624e-02
   2.3076923e-01  -2.2244123e-02
   2.2742475e-01  -2.2433856e-02
   2.2408027e-01  -2.2622683e-02
   2.2073579e-01  -2.2810459e-02
   2.1739130e-01  -2.2997033e-02
   2.1404682e-01  -2.3182245e-02
   2.1070234e-01  -2.3365933e-02
   2.0735786e-01  -2.3547923e-02
   2.0401338e-01  -2.3728036e-02
   2.0066890e-01  -2.3906086e-02
   1.9732441e-01  -2.4081877e-02
   1.9397993e-01  -2.4255207e-02
   1.9063545e-01  -2.4425862e-02
   1.8729097e-01  -2.4593621e-02
   1.8394649e-01  -2.4758253e-02
   1.8060201e-01  -2.4919515e-02
   1.7725753e-01  -2.5077157e-02
   1.7391304e-01  -2.5230912e-02
   1.7056856e-01  -2.5380507e-02
   1.6722408e-01  -2.5525652e-02
   1.6387960e-01  -2.5666046e-02
   1.6053512e-01  -2.5801372e-02
   1.5719064e-01  -2.5931300e-02
   1.5384615e-01  -2.6055482e-02
   1.5050167e-01  -2.6173555e-02
   1.4715719e-01  -2.6285136e-02
   1.4381271e-01  -2.6389825e-02
   1.4046823e-01  -2.6487199e-02
   1.3712375e-01  -2.6576814e-02
   1.3377926e-01  -2.6658204e-02
   1.3043478e-01  -2.6730875e-02
   1.2709030e-01  -2.6794307e-02
   1.2374582e-01  -2.6847950e-02
   1.2040134e-01  -2.6891223e-02
   1.1705686e-01  -2.6923510e-02
   1.1371237e-01  -2.6944158e-02
   1.1036789e-01  -2.6952471e-02
   1.0702341e-01  -2.6947709e-02
   1.0367893e-01  -2.6929086e-02
   1.0033445e-01  -2.6895757e-02
   9.6989967e-02  -2.6846820e-02
   9.3645485e-02  -2.6781306e-02
   9.0301003e-02  -2.6698174e-02
   8.6956522e-02  -2.6596299e-02
   8.3612040e-02  -2.6474464e-02
   8.0267559e-02  -2.6331347e-02
   7.6923077e-02  -2.6165510e-02
   7.3578595e-02  -2.5975377e-02
   7.0234114e-02  -2.5759221e-02
   6.6889632e-02  -2.5515132e-02
   6.3545151e-02  -2.5240994e-02
   6.0200669e-02  -2.4934447e-02
   5.6856187e-02  -2.4592840e-02
   5.3511706e-02  -2.4213176e-02
   5.0167224e-02  -2.3792038e-02
   4.6822742e-02  -2.3325499e-02
   4.3478261e-02  -2.2808990e-02
   4.0133779e-02  -2.2237140e-02
   3.6789298e-02  -2.1603543e-02
   3.3444816e-02  -2.0900435e-02
   3.0100334e-02  -2.0118219e-02
   2.6755853e-02  -1.9244757e-02
   2.3411371e-02  -1.8264246e-02
   2.0066890e-02  -1.7155357e-02
   1.6722408e-02  -1.5887903e-02
   1.3377926e-02  -1.4416340e-02
   1.0033445e-02  -1.2665286e-02
   6.6889632e-03  -1.0490221e-02
   3.3444816e-03  -7.5243811e-03
   0.0000000e+00   0.0000000e+00
