   0.0000000e+00   0.0000000e+00
   3.3444816e-03   7.5687917e-03
   6.6889632e-03   1.0782199e-02
   1.0033445e-02   1.3298572e-02
   1.3377926e-02   1.5460224e-02
   1.6722408e-02   1.7398214e-02
   2.0066890e-02   1.9178935e-02
   2.3411371e-02   2.0841318e-02
   2.6755853e-02   2.2410380e-02
   3.0100334e-02   2.3903244e-02
   3.3444816e-02   2.5332185e-02
   3.6789298e-02   2.6706324e-02
   4.0133779e-02   2.8032626e-02
   4.3478261e-02   2.9316536e-02
   4.6822742e-02   3.0562387e-02
   5.0167224e-02   3.1773686e-02
   5.3511706e-02   3.2953307e-02
   5.6856187e-02   3.4103636e-02
   6.0200669e-02   3.5226670e-02
   6.3545151e-02   3.6324099e-02
   6.6889632e-02   3.7397361e-02
   7.0234114e-02   3.8447694e-02
   7.3578595e-02   3.9476166e-02
   7.6923077e-02   4.0483704e-02
   8.0267559e-02   4.1471120e-02
   8.3612040e-02   4.2439128e-02
   8.6956522e-02   4.3388355e-02
   9.0301003e-02   4.4319362e-02
   9.3645485e-02   4.5232644e-02
   9.6989967e-02   4.6128647e-02
   1.0033445e-01   4.7007771e-02
   1.0367893e-01   4.7870374e-02
   1.0702341e-01   4.8716783e-02
   1.1036789e-01   4.9547295e-02
   1.1371237e-01   5.0362178e-02
   1.1705686e-01   5.1161682e-02
   1.2040134e-01   5.1946032e-02
   1.2374582e-01   5.2715438e-02
   1.2709030e-01   5.3470094e-02
   1.3043478e-01   5.4210181e-02
   1.3377926e-01   5.4935866e-02
   1.3712375e-01   5.5647307e-02
   1.4046823e-01   5.6344651e-02
   1.4381271e-01   5.7028038e-02
   1.4715719e-01   5.7697600e-02
   1.5050167e-01   5.8353462e-02
   1.5384615e-01   5.8995743e-02
   1.5719064e-01   5.9624558e-02
   1.6053512e-01   6.0240017e-02
   1.6387960e-01   6.0842225e-02
   1.6722408e-01   6.1431285e-02
   1.7056856e-01   6.2007294e-02
   1.7391304e-01   6.2570350e-02
   1.7725753e-01   6.3120547e-02
   1.8060201e-01   6.3657975e-02
   1.8394649e-01   6.4182725e-02
   1.8729097e-01   6.4694885e-02
   1.9063545e-01   6.5194542e-02
   1.9397993e-01   6.5681781e-02
   1.9732441e-01   6.6156687e-02
   2.0066890e-01   6.6619344e-02
   2.0401338e-01   6.7069834e-02
   2.0735786e-01   6.7508242e-02
   2.1070234e-01   6.7934648e-02
   2.1404682e-01   6.8349134e-02
   2.1739130e-01   6.8751782e-02
   2.2073579e-01   6.9142673e-02
   2.2408027e-01   6.9521888e-02
   2.2742475e-01   6.9889510e-02
   2.3076923e-01   7.0245617e-02
   2.3411371e-01   7.0590293e-02
   2.3745819e-01   7.0923619e-02
   2.4080268e-01   7.1245675e-02
   2.4414716e-01   7.1556545e-02
   2.4749164e-01   7.1856309e-02
   2.5083612e-01   7.2145051e-02
   2.5418060e-01   7.2422853e-02
   2.5752508e-01   7.2689797e-02
   2.6086957e-01   7.2945967e-02
   2.6421405e-01   7.3191446e-02
   2.6755853e-01   7.3426318e-02
   2.7090301e-01   7.3650668e-02
   2.7424749e-01   7.3864580e-02
   2.7759197e-01   7.4068139e-02
   2.8093645e-01   7.4261431e-02
   2.8428094e-01   7.4444540e-02
   2.8762542e-01   7.4617553e-02
   2.9096990e-01   7.4780556e-02
   2.9431438e-01   7.4933636e-02
   2.9765886e-01   7.5076880e-02
   3.0100334e-01   7.5210375e-02
   3.0434783e-01   7.5334210e-02
   3.0769231e-01   7.5448472e-02
   3.1103679e-01   7.5553249e-02
   3.1438127e-01   7.5648630e-02
   3.1772575e-01   7.5734705e-02
   3.2107023e-01   7.5811562e-02
   3.2441472e-01   7.5879291e-02
   3.2775920e-01   7.5937982e-02
   3.3110368e-01   7.5987725e-02
   3.3444816e-01   7.6028609e-02
   3.3779264e-01   7.6060726e-02
   3.4113712e-01   7.6084166e-02
   3.4448161e-01   7.6099020e-02
   3.4782609e-01   7.6105379e-02
   3.5117057e-01   7.6103333e-02
   3.5451505e-01   7.6092976e-02
   3.5785953e-01   7.6074397e-02
   3.6120401e-01   7.6047688e-02
   3.6454849e-01   7.6012942e-02
   3.6789298e-01   7.5970249e-02
   3.7123746e-01   7.5919701e-02
   3.7458194e-01   7.5861391e-02
   3.7792642e-01   7.5795409e-02
   3.8127090e-01   7.5721849e-02
   3.8461538e-01   7.5640801e-02
   3.8795987e-01   7.5552357e-02
   3.9130435e-01   7.5456610e-02
   3.9464883e-01   7.5353651e-02
   3.9799331e-01   7.5243570e-02
   4.0133779e-01   7.5126461e-02
   4.0468227e-01   7.5002414e-02
   4.0802676e-01   7.4871521e-02
   4.1137124e-01   7.4733872e-02
   4.1471572e-01   7.4589559e-02
   4.1806020e-01   7.4438673e-02
   4.2140468e-01   7.4281303e-02
   4.2474916e-01   7.4117540e-02
   4.2809365e-01   7.3947474e-02
   4.3143813e-01   7.3771196e-02
   4.3478261e-01   7.3588795e-02
   4.3812709e-01   7.3400359e-02
   4.4147157e-01   7.3205978e-02
   4.4481605e-01   7.3005741e-02
   4.4816054e-01   7.2799736e-02
   4.5150502e-01   7.2588050e-02
   4.5484950e-01   7.2370773e-02
   4.5819398e-01   7.2147989e-02
   4.6153846e-01   7.1919788e-02
   4.6488294e-01   7.1686254e-02
   4.6822742e-01   7.1447473e-02
   4.7157191e-01   7.1203532e-02
   4.7491639e-01   7.0954516e-02
   4.7826087e-01   7.0700508e-02
   4.8160535e-01   7.0441592e-02
   4.8494983e-01   7.0177853e-02
   4.8829431e-01   6.9909373e-02
   4.9163880e-01   6.9636235e-02
   4.9498328e-01   6.9358520e-02
   4.9832776e-01   6.9076309e-02
   5.0167224e-01   6.8789684e-02
   5.0501672e-01   6.8498725e-02
   5.0836120e-01   6.8203509e-02
   5.1170569e-01   6.7904118e-02
   5.1505017e-01   6.7600627e-02
   5.1839465e-01   6.7293116e-02
   5.2173913e-01   6.6981660e-02
   5.2508361e-01   6.6666335e-02
   5.2842809e-01   6.6347218e-02
   5.3177258e-01   6.6024381e-02
   5.3511706e-01   6.5697900e-02
   5.3846154e-01   6.5367847e-02
   5.4180602e-01   6.5034293e-02
   5.4515050e-01   6.4697312e-02
   5.4849498e-01   6.4356972e-02
   5.5183946e-01   6.4013345e-02
   5.5518395e-01   6.3666498e-02
   5.5852843e-01   6.3316501e-02
   5.6187291e-01   6.2963419e-02
   5.6521739e-01   6.2607319e-02
   5.6856187e-01   6.2248268e-02
   5.7190635e-01   6.1886328e-02
   5.7525084e-01   6.1521564e-02
   5.7859532e-01   6.1154038e-02
   5.8193980e-01   6.0783812e-02
   5.8528428e-01   6.0410946e-02
   5.8862876e-01   6.0035500e-02
   5.9197324e-01   5.9657533e-02
   5.9531773e-01   5.9277103e-02
   5.9866221e-01   5.8894265e-02
   6.0200669e-01   5.8509075e-02
   6.0535117e-01   5.8121589e-02
   6.0869565e-01   5.7731859e-02
   6.1204013e-01   5.7339937e-02
   6.1538462e-01   5.6945876e-02
   6.1872910e-01   5.6549724e-02
   6.2207358e-01   5.6151531e-02
   6.2541806e-01   5.5751345e-02
   6.2876254e-01   5.5349213e-02
   6.3210702e-01   5.4945179e-02
   6.3545151e-01   5.4539289e-02
   6.3879599e-01   5.4131586e-02
   6.4214047e-01   5.3722111e-02
   6.4548495e-01   5.3310905e-02
   6.4882943e-01   5.2898008e-02
   6.5217391e-01   5.2483458e-02
   6.5551839e-01   5.2067292e-02
   6.5886288e-01   5.1649545e-02
   6.6220736e-01   5.1230253e-02
   6.6555184e-01   5.0809449e-02
   6.6889632e-01   5.0387163e-02
   6.7224080e-01   4.9963428e-02
   6.7558528e-01   4.9538271e-02
   6.7892977e-01   4.9111721e-02
   6.8227425e-01   4.8683805e-02
   6.8561873e-01   4.8254547e-02
   6.8896321e-01   4.7823971e-02
   6.9230769e-01   4.7392100e-02
   6.9565217e-01   4.6958955e-02
   6.9899666e-01   4.6524555e-02
   7.0234114e-01   4.6088918e-02
   7.0568562e-01   4.5652061e-02
   7.0903010e-01   4.5214000e-02
   7.1237458e-01   4.4774747e-02
   7.1571906e-01   4.4334316e-02
   7.1906355e-01   4.3892718e-02
   7.2240803e-01   4.3449960e-02
   7.2575251e-01   4.3006052e-02
   7.2909699e-01   4.2561000e-02
   7.3244147e-01   4.2114808e-02
   7.3578595e-01   4.1667479e-02
   7.3913043e-01   4.1219016e-02
   7.4247492e-01   4.0769418e-02
   7.4581940e-01   4.0318684e-02
   7.4916388e-01   3.9866810e-02
   7.5250836e-01   3.9413793e-02
   7.5585284e-01   3.8959626e-02
   7.5919732e-01   3.8504301e-02
   7.6254181e-01   3.8047808e-02
   7.6588629e-01   3.7590136e-02
   7.6923077e-01   3.7131273e-02
   7.7257525e-01   3.6671203e-02
   7.7591973e-01   3.6209912e-02
   7.7926421e-01   3.5747380e-02
   7.8260870e-01   3.5283588e-02
   7.8595318e-01   3.4818516e-02
   7.8929766e-01   3.4352140e-02
   7.9264214e-01   3.3884435e-02
   7.9598662e-01   3.3415375e-02
   7.9933110e-01   3.2944932e-02
   8.0267559e-01   3.2473075e-02
   8.0602007e-01   3.1999773e-02
   8.0936455e-01   3.1524993e-02
   8.1270903e-01   3.1048699e-02
   8.1605351e-01   3.0570854e-02
   8.1939799e-01   3.0091420e-02
   8.2274247e-01   2.9610354e-02
   8.2608696e-01   2.9127615e-02
   8.2943144e-01   2.8643159e-02
   8.3277592e-01   2.8156939e-02
   8.3612040e-01   2.7668906e-02
   8.3946488e-01   2.7179012e-02
   8.4280936e-01   2.6687204e-02
   8.4615385e-01   2.6193427e-02
   8.4949833e-01   2.5697627e-02
   8.5284281e-01   2.5199746e-02
   8.5618729e-01   2.4699725e-02
   8.5953177e-01   2.4197501e-02
   8.6287625e-01   2.3693011e-02
   8.6622074e-01   2.3186191e-02
   8.6956522e-01   2.2676972e-02
   8.7290970e-01   2.2165286e-02
   8.7625418e-01   2.1651060e-02
   8.7959866e-01   2.1134223e-02
   8.8294314e-01   2.0614698e-02
   8.8628763e-01   2.0092408e-02
   8.8963211e-01   1.9567274e-02
   8.9297659e-01   1.9039214e-02
   8.9632107e-01   1.8508146e-02
   8.9966555e-01   1.7973983e-02
   9.0301003e-01   1.7436639e-02
   9.0635452e-01   1.6896023e-02
   9.0969900e-01   1.6352044e-02
   9.1304348e-01   1.5804609e-02
   9.1638796e-01   1.5253620e-02
   9.1973244e-01   1.4698982e-02
   9.2307692e-01   1.4140592e-02
   9.2642140e-01   1.3578350e-02
   9.2976589e-01   1.3012151e-02
   9.3311037e-01   1.2441888e-02
   9.3645485e-01   1.1867453e-02
   9.3979933e-01   1.1288735e-02
   9.4314381e-01   1.0705622e-02
   9.4648829e-01   1.0117997e-02
   9.4983278e-01   9.5257444e-03
   9.5317726e-01   8.9287438e-03
   9.5652174e-01   8.3268738e-03
   9.5986622e-01   7.7200105e-03
   9.6321070e-01   7.1080276e-03
   9.6655518e-01   6.4907969e-03
   9.6989967e-01   5.8681876e-03
   9.7324415e-01   5.2400670e-03
   9.7658863e-01   4.6062999e-03
   9.7993311e-01   3.9667490e-03
   9.8327759e-01   3.3212745e-03
   9.8662207e-01   2.6697345e-03
   9.8996656e-01   2.0119847e-03
   9.9331104e-01   1.3478787e-03
   9.9665552e-01   6.7726751e-04
   1.0000000e+00   0.0000000e+00
   1.0000000e+00   0.0000000e+00
   9.9665552e-01   1.6618099e-04
   9.9331104e-01   3.2982809e-04
   9.8996656e-01   4.9101685e-04
   9.8662207e-01   6.4982139e-04
   9.8327759e-01   8.0631442e-04
   9.7993311e-01   9.6056725e-04
   9.7658863e-01   1.1126498e-03
   9.7324415e-01   1.2626306e-03
   9.6989967e-01   1.4105768e-03
   9.6655518e-01   1.5565541e-03
   9.6321070e-01   1.7006271e-03
   9.5986622e-01   1.8428586e-03
   9.5652174e-01   1.9833103e-03
   9.5317726e-01   2.1220428e-03
   9.4983278e-01   2.2591148e-03
   9.4648829e-01   2.3945841e-03
   9.4314381e-01   2.5285070e-03
   9.3979933e-01   2.6609385e-03
   9.3645485e-01   2.7919323e-03
   9.3311037e-01   2.9215408e-03
   9.2976589e-01   3.0498152e-03
   9.2642140e-01   3.1768051e-03
   9.2307692e-01   3.3025592e-03
   9.1973244e-01   3.4271246e-03
   9.1638796e-01   3.5505474e-03
   9.1304348e-01   3.6728722e-03
   9.0969900e-01   3.7941425e-03
   9.0635452e-01   3.9144004e-03
   9.0301003e-01   4.0336870e-03
   8.9966555e-01   4.1520420e-03
   8.9632107e-01   4.2695039e-03
   8.9297659e-01   4.3861098e-03
   8.8963211e-01   4.5018960e-03
   8.8628763e-01   4.6168973e-03
   8.8294314e-01   4.7311473e-03
   8.7959866e-01   4.8446785e-03
   8.7625418e-01   4.9575222e-03
   8.7290970e-01   5.0697086e-03
   8.6956522e-01   5.1812665e-03
   8.6622074e-01   5.2922238e-03
   8.6287625e-01   5.4026072e-03
   8.5953177e-01   5.5124420e-03
   8.5618729e-01   5.6217528e-03
   8.5284281e-01   5.7305627e-03
   8.4949833e-01   5.8388938e-03
   8.4615385e-01   5.9467672e-03
   8.4280936e-01   6.0542027e-03
   8.3946488e-01   6.1612192e-03
   8.3612040e-01   6.2678344e-03
   8.3277592e-01   6.3740650e-03
   8.2943144e-01   6.4799264e-03
   8.2608696e-01   6.5854332e-03
   8.2274247e-01   6.6905989e-03
   8.1939799e-01   6.7954358e-03
   8.1605351e-01   6.8999554e-03
   8.1270903e-01   7.0041679e-03
   8.0936455e-01   7.1080827e-03
   8.0602007e-01   7.2117081e-03
   8.0267559e-01   7.3150514e-03
   7.9933110e-01   7.4181188e-03
   7.9598662e-01   7.5209157e-03
   7.9264214e-01   7.6234464e-03
   7.8929766e-01   7.7257144e-03
   7.8595318e-01   7.8277219e-03
   7.8260870e-01   7.9294704e-03
   7.7926421e-01   8.0309605e-03
   7.7591973e-01   8.1321917e-03
   7.7257525e-01   8.2331626e-03
   7.6923077e-01   8.3338711e-03
   7.6588629e-01   8.4343138e-03
   7.6254181e-01   8.5344868e-03
   7.5919732e-01   8.6343850e-03
   7.5585284e-01   8.7340027e-03
   7.5250836e-01   8.8333330e-03
   7.4916388e-01   8.9323684e-03
   7.4581940e-01   9.0311005e-03
   7.4247492e-01   9.1295200e-03
   7.3913043e-01   9.2276168e-03
   7.3578595e-01   9.3253799e-03
   7.3244147e-01   9.4227975e-03
   7.2909699e-01   9.5198573e-03
   7.2575251e-01   9.6165457e-03
   7.2240803e-01   9.7128487e-03
   7.1906355e-01   9.8087513e-03
   7.1571906e-01   9.9042379e-03
   7.1237458e-01   9.9992920e-03
   7.0903010e-01   1.0093896e-02
   7.0568562e-01   1.0188033e-02
   7.0234114e-01   1.0281684e-02
   6.9899666e-01   1.0374829e-02
   6.9565217e-01   1.0467449e-02
   6.9230769e-01   1.0559522e-02
   6.8896321e-01   1.0651028e-02
   6.8561873e-01   1.0741944e-02
   6.8227425e-01   1.0832247e-02
   6.7892977e-01   1.0921914e-02
   6.7558528e-01   1.1010921e-02
   6.7224080e-01   1.1099243e-02
   6.6889632e-01   1.1186855e-02
   6.6555184e-01   1.1273731e-02
   6.6220736e-01   1.1359845e-02
   6.5886288e-01   1.1445169e-02
   6.5551839e-01   1.1529676e-02
   6.5217391e-01   1.1613337e-02
   6.4882943e-01   1.1696125e-02
   6.4548495e-01   1.1778008e-02
   6.4214047e-01   1.1858959e-02
   6.3879599e-01   1.1938945e-02
   6.3545151e-01   1.2017937e-02
   6.3210702e-01   1.2095904e-02
   6.2876254e-01   1.2172812e-02
   6.2541806e-01   1.2248630e-02
   6.2207358e-01   1.2323326e-02
   6.1872910e-01   1.2396866e-02
   6.1538462e-01   1.2469216e-02
   6.1204013e-01   1.2540343e-02
   6.0869565e-01   1.2610212e-02
   6.0535117e-01   1.2678788e-02
   6.0200669e-01   1.2746036e-02
   5.9866221e-01   1.2811920e-02
   5.9531773e-01   1.2876405e-02
   5.9197324e-01   1.2939454e-02
   5.8862876e-01   1.3001031e-02
   5.8528428e-01   1.3061099e-02
   5.8193980e-01   1.3119621e-02
   5.7859532e-01   1.3176558e-02
   5.7525084e-01   1.3231875e-02
   5.7190635e-01   1.3285532e-02
   5.6856187e-01   1.3337491e-02
   5.6521739e-01   1.3387714e-02
   5.6187291e-01   1.3436163e-02
   5.5852843e-01   1.3482798e-02
   5.5518395e-01   1.3527580e-02
   5.5183946e-01   1.3570471e-02
   5.4849498e-01   1.3611431e-02
   5.4515050e-01   1.3650420e-02
   5.4180602e-01   1.3687399e-02
   5.3846154e-01   1.3722329e-02
   5.3511706e-01   1.3755169e-02
   5.3177258e-01   1.3785879e-02
   5.2842809e-01   1.3814421e-02
   5.2508361e-01   1.3840753e-02
   5.2173913e-01   1.3864837e-02
   5.1839465e-01   1.3886631e-02
   5.1505017e-01   1.3906097e-02
   5.1170569e-01   1.3923194e-02
   5.0836120e-01   1.3937883e-02
   5.0501672e-01   1.3950123e-02
   5.0167224e-01   1.3959876e-02
   4.9832776e-01   1.3967101e-02
   4.9498328e-01   1.3971760e-02
   4.9163880e-01   1.3973812e-02
   4.8829431e-01   1.3973219e-02
   4.8494983e-01   1.3969943e-02
   4.8160535e-01   1.3963943e-02
   4.7826087e-01   1.3955182e-02
   4.7491639e-01   1.3943622e-02
   4.7157191e-01   1.3929224e-02
   4.6822742e-01   1.3911952e-02
   4.6488294e-01   1.3891766e-02
   4.6153846e-01   1.3868632e-02
   4.5819398e-01   1.3842511e-02
   4.5484950e-01   1.3813368e-02
   4.5150502e-01   1.3781166e-02
   4.4816054e-01   1.3745871e-02
   4.4481605e-01   1.3707447e-02
   4.4147157e-01   1.3665860e-02
   4.3812709e-01   1.3621075e-02
   4.3478261e-01   1.3573059e-02
   4.3143813e-01   1.3521780e-02
   4.2809365e-01   1.3467204e-02
   4.2474916e-01   1.3409301e-02
   4.2140468e-01   1.3348038e-02
   4.1806020e-01   1.3283385e-02
   4.1471572e-01   1.3215313e-02
   4.1137124e-01   1.3143792e-02
   4.0802676e-01   1.3068795e-02
   4.0468227e-01   1.2990292e-02
   4.0133779e-01   1.2908258e-02
   3.9799331e-01   1.2822667e-02
   3.9464883e-01   1.2733494e-02
   3.9130435e-01   1.2640713e-02
   3.8795987e-01   1.2544303e-02
   3.8461538e-01   1.2444240e-02
   3.8127090e-01   1.2340503e-02
   3.7792642e-01   1.2233073e-02
   3.7458194e-01   1.2121930e-02
   3.7123746e-01   1.2007055e-02
   3.6789298e-01   1.1888432e-02
   3.6454849e-01   1.1766044e-02
   3.6120401e-01   1.1639879e-02
   3.5785953e-01   1.1509921e-02
   3.5451505e-01   1.1376159e-02
   3.5117057e-01   1.1238582e-02
   3.4782609e-01   1.1097182e-02
   3.4448161e-01   1.0951950e-02
   3.4113712e-01   1.0802879e-02
   3.3779264e-01   1.0649966e-02
   3.3444816e-01   1.0493206e-02
   3.3110368e-01   1.0332598e-02
   3.2775920e-01   1.0168143e-02
   3.2441472e-01   9.9998406e-03
   3.2107023e-01   9.8276961e-03
   3.1772575e-01   9.6517143e-03
   3.1438127e-01   9.4719025e-03
   3.1103679e-01   9.2882699e-03
   3.0769231e-01   9.1008277e-03
   3.0434783e-01   8.9095894e-03
   3.0100334e-01   8.7145702e-03
   2.9765886e-01   8.5157880e-03
   2.9431438e-01   8.3132627e-03
   2.9096990e-01   8.1070165e-03
   2.8762542e-01   7.8970743e-03
   2.8428094e-01   7.6834632e-03
   2.8093645e-01   7.4662132e-03
   2.7759197e-01   7.2453567e-03
   2.7424749e-01   7.0209290e-03
   2.7090301e-01   6.7929682e-03
   2.6755853e-01   6.5615153e-03
   2.6421405e-01   6.3266144e-03
   2.6086957e-01   6.0883127e-03
   2.5752508e-01   5.8466607e-03
   2.5418060e-01   5.6017122e-03
   2.5083612e-01   5.3535244e-03
   2.4749164e-01   5.1021583e-03
   2.4414716e-01   4.8476783e-03
   2.4080268e-01   4.5901528e-03
   2.3745819e-01   4.3296542e-03
   2.3411371e-01   4.0662590e-03
   2.3076923e-01   3.8000478e-03
   2.2742475e-01   3.5311059e-03
   2.2408027e-01   3.2595230e-03
   2.2073579e-01   2.9853935e-03
   2.1739130e-01   2.7088170e-03
   2.1404682e-01   2.4298978e-03
   2.1070234e-01   2.1487459e-03
   2.0735786e-01   1.8654767e-03
   2.0401338e-01   1.5802114e-03
   2.0066890e-01   1.2930772e-03
   1.9732441e-01   1.0042074e-03
   1.9397993e-01   7.1374203e-04
   1.9063545e-01   4.2182785e-04
   1.8729097e-01   1.2861871e-04
   1.8394649e-01  -1.6572412e-04
   1.8060201e-01  -4.6103159e-04
   1.7725753e-01  -7.5712651e-04
   1.7391304e-01  -1.0538232e-03
   1.7056856e-01  -1.3509270e-03
   1.6722408e-01  -1.6482338e-03
   1.6387960e-01  -1.9455298e-03
   1.6053512e-01  -2.2425906e-03
   1.5719064e-01  -2.5391810e-03
   1.5384615e-01  -2.8350542e-03
   1.5050167e-01  -3.1299510e-03
   1.4715719e-01  -3.4235996e-03
   1.4381271e-01  -3.7157143e-03
   1.4046823e-01  -4.0059948e-03
   1.3712375e-01  -4.2941254e-03
   1.3377926e-01  -4.5797740e-03
   1.3043478e-01  -4.8625908e-03
   1.2709030e-01  -5.1422073e-03
   1.2374582e-01  -5.4182346e-03
   1.2040134e-01  -5.6902624e-03
   1.1705686e-01  -5.9578570e-03
   1.1371237e-01  -6.2205596e-03
   1.1036789e-01  -6.4778840e-03
   1.0702341e-01  -6.7293147e-03
   1.0367893e-01  -6.9743039e-03
   1.0033445e-01  -7.2122686e-03
   9.6989967e-02  -7.4425877e-03
   9.3645485e-02  -7.6645973e-03
   9.0301003e-02  -7.8775871e-03
   8.6956522e-02  -8.0807951e-03
   8.3612040e-02  -8.2734013e-03
   8.0267559e-02  -8.4545216e-03
   7.6923077e-02  -8.6231989e-03
   7.3578595e-02  -8.7783943e-03
   7.0234114e-02  -8.9189752e-03
   6.6889632e-02  -9.0437019e-03
   6.3545151e-02  -9.1512112e-03
   6.0200669e-02  -9.2399955e-03
   5.6856187e-02  -9.3083783e-03
   5.3511706e-02  -9.3544825e-03
   5.0167224e-02  -9.3761901e-03
   4.6822742e-02  -9.3710911e-03
   4.3478261e-02  -9.3364153e-03
   4.0133779e-02  -9.2689419e-03
   3.6789298e-02  -9.1648757e-03
   3.3444816e-02  -9.0196731e-03
   3.0100334e-02  -8.8277907e-03
   2.6755853e-02  -8.5823081e-03
   2.3411371e-02  -8.2743371e-03
   2.0066890e-02  -7.8920445e-03
   1.6722408e-02  -7.4189193e-03
   1.3377926e-02  -6.8304042e-03
   1.0033445e-02  -6.0864408e-03
   6.6889632e-03  -5.1113537e-03
   3.3444816e-03  -3.7160091e-03
   0.0000000e+00   0.0000000e+00
