   0.0000000e+00   0.0000000e+00
   3.3444816e-03   1.0975234e-02
   6.6889632e-03   1.5573008e-02
   1.0033445e-02   1.9134238e-02
   1.3377926e-02   2.2162757e-02
   1.6722408e-02   2.4852672e-02
   2.0066890e-02   2.7302970e-02
   2.3411371e-02   2.9572099e-02
   2.6755853e-02   3.1697897e-02
   3.0100334e-02   3.3706468e-02
   3.3444816e-02   3.5616685e-02
   3.6789298e-02   3.7442685e-02
   4.0133779e-02   3.9195371e-02
   4.3478261e-02   4.0883340e-02
   4.6822742e-02   4.2513507e-02
   5.0167224e-02   4.4091520e-02
   5.3511706e-02   4.5622060e-02
   5.6856187e-02   4.7109049e-02
   6.0200669e-02   4.8555812e-02
   6.3545151e-02   4.9965189e-02
   6.6889632e-02   5.1339629e-02
   7.0234114e-02   5.2681256e-02
   7.3578595e-02   5.3991929e-02
   7.6923077e-02   5.5273280e-02
   8.0267559e-02   5.6526752e-02
   8.3612040e-02   5.7753627e-02
   8.6956522e-02   5.8955050e-02
   9.0301003e-02   6.0132045e-02
   9.3645485e-02   6.1285536e-02
   9.6989967e-02   6.2416355e-02
   1.0033445e-01   6.3525258e-02
   1.0367893e-01   6.4612932e-02
   1.0702341e-01   6.5680002e-02
   1.1036789e-01   6.6727042e-02
   1.1371237e-01   6.7754579e-02
   1.1705686e-01   6.8763094e-02
   1.2040134e-01   6.9753036e-02
   1.2374582e-01   7.0724815e-02
   1.2709030e-01   7.1678815e-02
   1.3043478e-01   7.2615392e-02
   1.3377926e-01   7.3534875e-02
   1.3712375e-01   7.4437573e-02
   1.4046823e-01   7.5323776e-02
   1.4381271e-01   7.6193754e-02
   1.4715719e-01   7.7047762e-02
   1.5050167e-01   7.7886038e-02
   1.5384615e-01   7.8708808e-02
   1.5719064e-01   7.9516286e-02
   1.6053512e-01   8.0308673e-02
   1.6387960e-01   8.1086161e-02
   1.6722408e-01   8.1848931e-02
   1.7056856e-01   8.2597157e-02
   1.7391304e-01   8.3331004e-02
   1.7725753e-01   8.4050630e-02
   1.8060201e-01   8.4756184e-02
   1.8394649e-01   8.5447813e-02
   1.8729097e-01   8.6125654e-02
   1.9063545e-01   8.6789842e-02
   1.9397993e-01   8.7440504e-02
   1.9732441e-01   8.8077766e-02
   2.0066890e-01   8.8701746e-02
   2.0401338e-01   8.9312561e-02
   2.0735786e-01   8.9910323e-02
   2.1070234e-01   9.0495141e-02
   2.1404682e-01   9.1067121e-02
   2.1739130e-01   9.1626366e-02
   2.2073579e-01   9.2172976e-02
   2.2408027e-01   9.2707050e-02
   2.2742475e-01   9.3228682e-02
   2.3076923e-01   9.3737967e-02
   2.3411371e-01   9.4234995e-02
   2.3745819e-01   9.4719857e-02
   2.4080268e-01   9.5192639e-02
   2.4414716e-01   9.5653429e-02
   2.4749164e-01   9.6102311e-02
   2.5083612e-01   9.6539368e-02
   2.5418060e-01   9.6964683e-02
   2.5752508e-01   9.7378336e-02
   2.6086957e-01   9.7780406e-02
   2.6421405e-01   9.8170974e-02
   2.6755853e-01   9.8550115e-02
   2.7090301e-01   9.8917907e-02
   2.7424749e-01   9.9274425e-02
   2.7759197e-01   9.9619745e-02
   2.8093645e-01   9.9953941e-02
   2.8428094e-01   1.0027709e-01
   2.8762542e-01   1.0058925e-01
   2.9096990e-01   1.0089051e-01
   2.9431438e-01   1.0118094e-01
   2.9765886e-01   1.0146060e-01
   3.0100334e-01   1.0172957e-01
   3.0434783e-01   1.0198792e-01
   3.0769231e-01   1.0223571e-01
   3.1103679e-01   1.0247302e-01
   3.1438127e-01   1.0269992e-01
   3.1772575e-01   1.0291646e-01
   3.2107023e-01   1.0312273e-01
   3.2441472e-01   1.0331878e-01
   3.2775920e-01   1.0350468e-01
   3.3110368e-01   1.0368051e-01
   3.3444816e-01   1.0384633e-01
   3.3779264e-01   1.0400220e-01
   3.4113712e-01   1.0414818e-01
   3.4448161e-01   1.0428436e-01
   3.4782609e-01   1.0441078e-01
   3.5117057e-01   1.0452752e-01
   3.5451505e-01   1.0463463e-01
   3.5785953e-01   1.0473219e-01
   3.6120401e-01   1.0482026e-01
   3.6454849e-01   1.0489890e-01
   3.6789298e-01   1.0496817e-01
   3.7123746e-01   1.0502814e-01
   3.7458194e-01   1.0507887e-01
   3.7792642e-01   1.0512043e-01
   3.8127090e-01   1.0515287e-01
   3.8461538e-01   1.0517626e-01
   3.8795987e-01   1.0519066e-01
   3.9130435e-01   1.0519614e-01
   3.9464883e-01   1.0519274e-01
   3.9799331e-01   1.0518055e-01
   4.0133779e-01   1.0515961e-01
   4.0468227e-01   1.0512998e-01
   4.0802676e-01   1.0509174e-01
   4.1137124e-01   1.0504493e-01
   4.1471572e-01   1.0498962e-01
   4.1806020e-01   1.0492587e-01
   4.2140468e-01   1.0485374e-01
   4.2474916e-01   1.0477328e-01
   4.2809365e-01   1.0468456e-01
   4.3143813e-01   1.0458763e-01
   4.3478261e-01   1.0448255e-01
   4.3812709e-01   1.0436939e-01
   4.4147157e-01   1.0424819e-01
   4.4481605e-01   1.0411902e-01
   4.4816054e-01   1.0398193e-01
   4.5150502e-01   1.0383699e-01
   4.5484950e-01   1.0368423e-01
   4.5819398e-01   1.0352374e-01
   4.6153846e-01   1.0335555e-01
   4.6488294e-01   1.0317972e-01
   4.6822742e-01   1.0299632e-01
   4.7157191e-01   1.0280539e-01
   4.7491639e-01   1.0260699e-01
   4.7826087e-01   1.0240118e-01
   4.8160535e-01   1.0218800e-01
   4.8494983e-01   1.0196751e-01
   4.8829431e-01   1.0173977e-01
   4.9163880e-01   1.0150483e-01
   4.9498328e-01   1.0126273e-01
   4.9832776e-01   1.0101354e-01
   5.0167224e-01   1.0075730e-01
   5.0501672e-01   1.0049407e-01
   5.0836120e-01   1.0022389e-01
   5.1170569e-01   9.9946820e-02
   5.1505017e-01   9.9662904e-02
   5.1839465e-01   9.9372194e-02
   5.2173913e-01   9.9074739e-02
   5.2508361e-01   9.8770588e-02
   5.2842809e-01   9.8459789e-02
   5.3177258e-01   9.8142389e-02
   5.3511706e-01   9.7818437e-02
   5.3846154e-01   9.7487978e-02
   5.4180602e-01   9.7151060e-02
   5.4515050e-01   9.6807728e-02
   5.4849498e-01   9.6458028e-02
   5.5183946e-01   9.6102004e-02
   5.5518395e-01   9.5739702e-02
   5.5852843e-01   9.5371165e-02
   5.6187291e-01   9.4996436e-02
   5.6521739e-01   9.4615558e-02
   5.6856187e-01   9.4228574e-02
   5.7190635e-01   9.3835526e-02
   5.7525084e-01   9.3436454e-02
   5.7859532e-01   9.3031400e-02
   5.8193980e-01   9.2620404e-02
   5.8528428e-01   9.2203505e-02
   5.8862876e-01   9.1780742e-02
   5.9197324e-01   9.1352154e-02
   5.9531773e-01   9.0917778e-02
   5.9866221e-01   9.0477652e-02
   6.0200669e-01   9.0031812e-02
   6.0535117e-01   8.9580295e-02
   6.0869565e-01   8.9123136e-02
   6.1204013e-01   8.8660369e-02
   6.1538462e-01   8.8192030e-02
   6.1872910e-01   8.7718150e-02
   6.2207358e-01   8.7238764e-02
   6.2541806e-01   8.6753904e-02
   6.2876254e-01   8.6263601e-02
   6.3210702e-01   8.5767885e-02
   6.3545151e-01   8.5266788e-02
   6.3879599e-01   8.4760339e-02
   6.4214047e-01   8.4248567e-02
   6.4548495e-01   8.3731499e-02
   6.4882943e-01   8.3209164e-02
   6.5217391e-01   8.2681588e-02
   6.5551839e-01   8.2148797e-02
   6.5886288e-01   8.1610817e-02
   6.6220736e-01   8.1067673e-02
   6.6555184e-01   8.0519387e-02
   6.6889632e-01   7.9965984e-02
   6.7224080e-01   7.9407485e-02
   6.7558528e-01   7.8843913e-02
   6.7892977e-01   7.8275288e-02
   6.8227425e-01   7.7701631e-02
   6.8561873e-01   7.7122960e-02
   6.8896321e-01   7.6539295e-02
   6.9230769e-01   7.5950653e-02
   6.9565217e-01   7.5357051e-02
   6.9899666e-01   7.4758505e-02
   7.0234114e-01   7.4155031e-02
   7.0568562e-01   7.3546644e-02
   7.0903010e-01   7.2933356e-02
   7.1237458e-01   7.2315182e-02
   7.1571906e-01   7.1692133e-02
   7.1906355e-01   7.1064220e-02
   7.2240803e-01   7.0431454e-02
   7.2575251e-01   6.9793845e-02
   7.2909699e-01   6.9151400e-02
   7.3244147e-01   6.8504129e-02
   7.3578595e-01   6.7852037e-02
   7.3913043e-01   6.7195132e-02
   7.4247492e-01   6.6533417e-02
   7.4581940e-01   6.5866899e-02
   7.4916388e-01   6.5195579e-02
   7.5250836e-01   6.4519461e-02
   7.5585284e-01   6.3838546e-02
   7.5919732e-01   6.3152835e-02
   7.6254181e-01   6.2462328e-02
   7.6588629e-01   6.1767023e-02
   7.6923077e-01   6.1066918e-02
   7.7257525e-01   6.0362011e-02
   7.7591973e-01   5.9652298e-02
   7.7926421e-01   5.8937773e-02
   7.8260870e-01   5.8218430e-02
   7.8595318e-01   5.7494264e-02
   7.8929766e-01   5.6765265e-02
   7.9264214e-01   5.6031426e-02
   7.9598662e-01   5.5292737e-02
   7.9933110e-01   5.4549185e-02
   8.0267559e-01   5.3800761e-02
   8.0602007e-01   5.3047452e-02
   8.0936455e-01   5.2289242e-02
   8.1270903e-01   5.1526119e-02
   8.1605351e-01   5.0758065e-02
   8.1939799e-01   4.9985064e-02
   8.2274247e-01   4.9207099e-02
   8.2608696e-01   4.8424150e-02
   8.2943144e-01   4.7636198e-02
   8.3277592e-01   4.6843221e-02
   8.3612040e-01   4.6045197e-02
   8.3946488e-01   4.5242104e-02
   8.4280936e-01   4.4433918e-02
   8.4615385e-01   4.3620612e-02
   8.4949833e-01   4.2802161e-02
   8.5284281e-01   4.1978537e-02
   8.5618729e-01   4.1149713e-02
   8.5953177e-01   4.0315657e-02
   8.6287625e-01   3.9476341e-02
   8.6622074e-01   3.8631731e-02
   8.6956522e-01   3.7781795e-02
   8.7290970e-01   3.6926500e-02
   8.7625418e-01   3.6065809e-02
   8.7959866e-01   3.5199688e-02
   8.8294314e-01   3.4328097e-02
   8.8628763e-01   3.3451000e-02
   8.8963211e-01   3.2568355e-02
   8.9297659e-01   3.1680123e-02
   8.9632107e-01   3.0786262e-02
   8.9966555e-01   2.9886727e-02
   9.0301003e-01   2.8981476e-02
   9.0635452e-01   2.8070463e-02
   9.0969900e-01   2.7153640e-02
   9.1304348e-01   2.6230960e-02
   9.1638796e-01   2.5302375e-02
   9.1973244e-01   2.4367833e-02
   9.2307692e-01   2.3427284e-02
   9.2642140e-01   2.2480675e-02
   9.2976589e-01   2.1527952e-02
   9.3311037e-01   2.0569059e-02
   9.3645485e-01   1.9603942e-02
   9.3979933e-01   1.8632542e-02
   9.4314381e-01   1.7654801e-02
   9.4648829e-01   1.6670658e-02
   9.4983278e-01   1.5680052e-02
   9.5317726e-01   1.4682922e-02
   9.5652174e-01   1.3679203e-02
   9.5986622e-01   1.2668831e-02
   9.6321070e-01   1.1651738e-02
   9.6655518e-01   1.0627859e-02
   9.6989967e-01   9.5971228e-03
   9.7324415e-01   8.5594611e-03
   9.7658863e-01   7.5148020e-03
   9.7993311e-01   6.4630729e-03
   9.8327759e-01   5.4042000e-03
   9.8662207e-01   4.3381080e-03
   9.8996656e-01   3.2647204e-03
   9.9331104e-01   2.1839596e-03
   9.9665552e-01   1.0957462e-03
   1.0000000e+00   0.0000000e+00
   1.0000000e+00   0.0000000e+00
   9.9665552e-01   4.9508200e-04
   9.9331104e-01   9.8451960e-04
   9.8996656e-01   1.4683393e-03
   9.8662207e-01   1.9465672e-03
   9.8327759e-01   2.4192290e-03
   9.7993311e-01   2.8863499e-03
   9.7658863e-01   3.3479549e-03
   9.7324415e-01   3.8040683e-03
   9.6989967e-01   4.2547143e-03
   9.6655518e-01   4.6999166e-03
   9.6321070e-01   5.1396984e-03
   9.5986622e-01   5.5740826e-03
   9.5652174e-01   6.0030919e-03
   9.5317726e-01   6.4267482e-03
   9.4983278e-01   6.8450735e-03
   9.4648829e-01   7.2580891e-03
   9.4314381e-01   7.6658160e-03
   9.3979933e-01   8.0682749e-03
   9.3645485e-01   8.4654862e-03
   9.3311037e-01   8.8574697e-03
   9.2976589e-01   9.2442450e-03
   9.2642140e-01   9.6258314e-03
   9.2307692e-01   1.0002248e-02
   9.1973244e-01   1.0373513e-02
   9.1638796e-01   1.0739644e-02
   9.1304348e-01   1.1100661e-02
   9.0969900e-01   1.1456579e-02
   9.0635452e-01   1.1807417e-02
   9.0301003e-01   1.2153191e-02
   8.9966555e-01   1.2493917e-02
   8.9632107e-01   1.2829613e-02
   8.9297659e-01   1.3160294e-02
   8.8963211e-01   1.3485975e-02
   8.8628763e-01   1.3806672e-02
   8.8294314e-01   1.4122400e-02
   8.7959866e-01   1.4433173e-02
   8.7625418e-01   1.4739007e-02
   8.7290970e-01   1.5039914e-02
   8.6956522e-01   1.5335910e-02
   8.6622074e-01   1.5627006e-02
   8.6287625e-01   1.5913218e-02
   8.5953177e-01   1.6194557e-02
   8.5618729e-01   1.6471036e-02
   8.5284281e-01   1.6742668e-02
   8.4949833e-01   1.7009465e-02
   8.4615385e-01   1.7271439e-02
   8.4280936e-01   1.7528602e-02
   8.3946488e-01   1.7780964e-02
   8.3612040e-01   1.8028538e-02
   8.3277592e-01   1.8271333e-02
   8.2943144e-01   1.8509362e-02
   8.2608696e-01   1.8742633e-02
   8.2274247e-01   1.8971157e-02
   8.1939799e-01   1.9194945e-02
   8.1605351e-01   1.9414006e-02
   8.1270903e-01   1.9628349e-02
   8.0936455e-01   1.9837985e-02
   8.0602007e-01   2.0042921e-02
   8.0267559e-01   2.0243167e-02
   7.9933110e-01   2.0438732e-02
   7.9598662e-01   2.0629624e-02
   7.9264214e-01   2.0815851e-02
   7.8929766e-01   2.0997422e-02
   7.8595318e-01   2.1174344e-02
   7.8260870e-01   2.1346626e-02
   7.7926421e-01   2.1514274e-02
   7.7591973e-01   2.1677297e-02
   7.7257525e-01   2.1835702e-02
   7.6923077e-01   2.1989495e-02
   7.6588629e-01   2.2138683e-02
   7.6254181e-01   2.2283275e-02
   7.5919732e-01   2.2423275e-02
   7.5585284e-01   2.2558691e-02
   7.5250836e-01   2.2689529e-02
   7.4916388e-01   2.2815795e-02
   7.4581940e-01   2.2937496e-02
   7.4247492e-01   2.3054637e-02
   7.3913043e-01   2.3167225e-02
   7.3578595e-01   2.3275265e-02
   7.3244147e-01   2.3378762e-02
   7.2909699e-01   2.3477723e-02
   7.2575251e-01   2.3572153e-02
   7.2240803e-01   2.3662058e-02
   7.1906355e-01   2.3747442e-02
   7.1571906e-01   2.3828312e-02
   7.1237458e-01   2.3904671e-02
   7.0903010e-01   2.3976526e-02
   7.0568562e-01   2.4043882e-02
   7.0234114e-01   2.4106743e-02
   6.9899666e-01   2.4165114e-02
   6.9565217e-01   2.4219001e-02
   6.9230769e-01   2.4268408e-02
   6.8896321e-01   2.4313341e-02
   6.8561873e-01   2.4353803e-02
   6.8227425e-01   2.4389800e-02
   6.7892977e-01   2.4421338e-02
   6.7558528e-01   2.4448419e-02
   6.7224080e-01   2.4471050e-02
   6.6889632e-01   2.4489236e-02
   6.6555184e-01   2.4502980e-02
   6.6220736e-01   2.4512289e-02
   6.5886288e-01   2.4517167e-02
   6.5551839e-01   2.4517618e-02
   6.5217391e-01   2.4513648e-02
   6.4882943e-01   2.4505262e-02
   6.4548495e-01   2.4492465e-02
   6.4214047e-01   2.4475263e-02
   6.3879599e-01   2.4453660e-02
   6.3545151e-01   2.4427661e-02
   6.3210702e-01   2.4397273e-02
   6.2876254e-01   2.4362500e-02
   6.2541806e-01   2.4323348e-02
   6.2207358e-01   2.4279823e-02
   6.1872910e-01   2.4231931e-02
   6.1538462e-01   2.4179678e-02
   6.1204013e-01   2.4123069e-02
   6.0869565e-01   2.4062112e-02
   6.0535117e-01   2.3996811e-02
   6.0200669e-01   2.3927174e-02
   5.9866221e-01   2.3853208e-02
   5.9531773e-01   2.3774919e-02
   5.9197324e-01   2.3692315e-02
   5.8862876e-01   2.3605402e-02
   5.8528428e-01   2.3514188e-02
   5.8193980e-01   2.3418681e-02
   5.7859532e-01   2.3318888e-02
   5.7525084e-01   2.3214817e-02
   5.7190635e-01   2.3106478e-02
   5.6856187e-01   2.2993878e-02
   5.6521739e-01   2.2877025e-02
   5.6187291e-01   2.2755931e-02
   5.5852843e-01   2.2630602e-02
   5.5518395e-01   2.2501050e-02
   5.5183946e-01   2.2367284e-02
   5.4849498e-01   2.2229314e-02
   5.4515050e-01   2.2087151e-02
   5.4180602e-01   2.1940806e-02
   5.3846154e-01   2.1790290e-02
   5.3511706e-01   2.1635614e-02
   5.3177258e-01   2.1476790e-02
   5.2842809e-01   2.1313831e-02
   5.2508361e-01   2.1146749e-02
   5.2173913e-01   2.0975557e-02
   5.1839465e-01   2.0800269e-02
   5.1505017e-01   2.0620898e-02
   5.1170569e-01   2.0437459e-02
   5.0836120e-01   2.0249967e-02
   5.0501672e-01   2.0058436e-02
   5.0167224e-01   1.9862883e-02
   4.9832776e-01   1.9663323e-02
   4.9498328e-01   1.9459773e-02
   4.9163880e-01   1.9252250e-02
   4.8829431e-01   1.9040773e-02
   4.8494983e-01   1.8825358e-02
   4.8160535e-01   1.8606025e-02
   4.7826087e-01   1.8382793e-02
   4.7491639e-01   1.8155682e-02
   4.7157191e-01   1.7924712e-02
   4.6822742e-01   1.7689905e-02
   4.6488294e-01   1.7451282e-02
   4.6153846e-01   1.7208866e-02
   4.5819398e-01   1.6962679e-02
   4.5484950e-01   1.6712746e-02
   4.5150502e-01   1.6459090e-02
   4.4816054e-01   1.6201738e-02
   4.4481605e-01   1.5940713e-02
   4.4147157e-01   1.5676045e-02
   4.3812709e-01   1.5407758e-02
   4.3478261e-01   1.5135883e-02
   4.3143813e-01   1.4860447e-02
   4.2809365e-01   1.4581480e-02
   4.2474916e-01   1.4299014e-02
   4.2140468e-01   1.4013080e-02
   4.1806020e-01   1.3723710e-02
   4.1471572e-01   1.3430937e-02
   4.1137124e-01   1.3134796e-02
   4.0802676e-01   1.2835321e-02
   4.0468227e-01   1.2532550e-02
   4.0133779e-01   1.2226520e-02
   3.9799331e-01   1.1917268e-02
   3.9464883e-01   1.1604834e-02
   3.9130435e-01   1.1289258e-02
   3.8795987e-01   1.0970583e-02
   3.8461538e-01   1.0648850e-02
   3.8127090e-01   1.0324104e-02
   3.7792642e-01   9.9963902e-03
   3.7458194e-01   9.6657541e-03
   3.7123746e-01   9.3322436e-03
   3.6789298e-01   8.9959078e-03
   3.6454849e-01   8.6567968e-03
   3.6120401e-01   8.3149624e-03
   3.5785953e-01   7.9704574e-03
   3.5451505e-01   7.6233365e-03
   3.5117057e-01   7.2736556e-03
   3.4782609e-01   6.9214722e-03
   3.4448161e-01   6.5668453e-03
   3.4113712e-01   6.2098357e-03
   3.3779264e-01   5.8505056e-03
   3.3444816e-01   5.4889192e-03
   3.3110368e-01   5.1251420e-03
   3.2775920e-01   4.7592418e-03
   3.2441472e-01   4.3912879e-03
   3.2107023e-01   4.0213515e-03
   3.1772575e-01   3.6495060e-03
   3.1438127e-01   3.2758266e-03
   3.1103679e-01   2.9003906e-03
   3.0769231e-01   2.5232774e-03
   3.0434783e-01   2.1445686e-03
   3.0100334e-01   1.7643481e-03
   2.9765886e-01   1.3827020e-03
   2.9431438e-01   9.9971898e-04
   2.9096990e-01   6.1548993e-04
   2.8762542e-01   2.3010844e-04
   2.8428094e-01  -1.5632933e-04
   2.8093645e-01  -5.4372454e-04
   2.7759197e-01  -9.3197555e-04
   2.7424749e-01  -1.3209779e-03
   2.7090301e-01  -1.7106240e-03
   2.6755853e-01  -2.1008034e-03
   2.6421405e-01  -2.4914025e-03
   2.6086957e-01  -2.8823042e-03
   2.5752508e-01  -3.2733883e-03
   2.5418060e-01  -3.6645308e-03
   2.5083612e-01  -4.0556043e-03
   2.4749164e-01  -4.4464775e-03
   2.4414716e-01  -4.8370154e-03
   2.4080268e-01  -5.2270788e-03
   2.3745819e-01  -5.6165243e-03
   2.3411371e-01  -6.0052043e-03
   2.3076923e-01  -6.3929666e-03
   2.2742475e-01  -6.7796542e-03
   2.2408027e-01  -7.1651055e-03
   2.2073579e-01  -7.5491535e-03
   2.1739130e-01  -7.9316261e-03
   2.1404682e-01  -8.3123457e-03
   2.1070234e-01  -8.6911290e-03
   2.0735786e-01  -9.0677865e-03
   2.0401338e-01  -9.4421226e-03
   2.0066890e-01  -9.8139351e-03
   1.9732441e-01  -1.0183015e-02
   1.9397993e-01  -1.0549146e-02
   1.9063545e-01  -1.0912105e-02
   1.8729097e-01  -1.1271659e-02
   1.8394649e-01  -1.1627570e-02
   1.8060201e-01  -1.1979588e-02
   1.7725753e-01  -1.2327457e-02
   1.7391304e-01  -1.2670907e-02
   1.7056856e-01  -1.3009663e-02
   1.6722408e-01  -1.3343435e-02
   1.6387960e-01  -1.3671925e-02
   1.6053512e-01  -1.3994820e-02
   1.5719064e-01  -1.4311797e-02
   1.5384615e-01  -1.4622517e-02
   1.5050167e-01  -1.4926628e-02
   1.4715719e-01  -1.5223763e-02
   1.4381271e-01  -1.5513538e-02
   1.4046823e-01  -1.5795552e-02
   1.3712375e-01  -1.6069384e-02
   1.3377926e-01  -1.6334596e-02
   1.3043478e-01  -1.6590724e-02
   1.2709030e-01  -1.6837286e-02
   1.2374582e-01  -1.7073770e-02
   1.2040134e-01  -1.7299642e-02
   1.1705686e-01  -1.7514334e-02
   1.1371237e-01  -1.7717249e-02
   1.1036789e-01  -1.7907754e-02
   1.0702341e-01  -1.8085180e-02
   1.0367893e-01  -1.8248814e-02
   1.0033445e-01  -1.8397899e-02
   9.6989967e-02  -1.8531625e-02
   9.3645485e-02  -1.8649130e-02
   9.0301003e-02  -1.8749486e-02
   8.6956522e-02  -1.8831697e-02
   8.3612040e-02  -1.8894689e-02
   8.0267559e-02  -1.8937301e-02
   7.6923077e-02  -1.8958270e-02
   7.3578595e-02  -1.8956221e-02
   7.0234114e-02  -1.8929648e-02
   6.6889632e-02  -1.8876894e-02
   6.3545151e-02  -1.8796127e-02
   6.0200669e-02  -1.8685311e-02
   5.6856187e-02  -1.8542164e-02
   5.3511706e-02  -1.8364116e-02
   5.0167224e-02  -1.8148243e-02
   4.6822742e-02  -1.7891196e-02
   4.3478261e-02  -1.7589088e-02
   4.0133779e-02  -1.7237363e-02
   3.6789298e-02  -1.6830601e-02
   3.3444816e-02  -1.6362253e-02
   3.0100334e-02  -1.5824244e-02
   2.6755853e-02  -1.5206391e-02
   2.3411371e-02  -1.4495472e-02
   2.0066890e-02  -1.3673691e-02
   1.6722408e-02  -1.2715937e-02
   1.3377926e-02  -1.1584431e-02
   1.0033445e-02  -1.0216837e-02
   6.6889632e-03  -8.4940223e-03
   3.3444816e-03  -6.1146824e-03
   0.0000000e+00   0.0000000e+00
