   0.0000000e+00   0.0000000e+00
   3.3444816e-03   2.0916304e-02
   6.6889632e-03   2.9565524e-02
   1.0033445e-02   3.6190272e-02
   1.3377926e-02   4.1763519e-02
   1.6722408e-02   4.6662005e-02
   2.0066890e-02   5.1078835e-02
   2.3411371e-02   5.5128632e-02
   2.6755853e-02   5.8886005e-02
   3.0100334e-02   6.2402721e-02
   3.3444816e-02   6.5716422e-02
   3.6789298e-02   6.8855485e-02
   4.0133779e-02   7.1841924e-02
   4.3478261e-02   7.4693217e-02
   4.6822742e-02   7.7423511e-02
   5.0167224e-02   8.0044447e-02
   5.3511706e-02   8.2565734e-02
   5.6856187e-02   8.4995573e-02
   6.0200669e-02   8.7340961e-02
   6.3545151e-02   8.9607924e-02
   6.6889632e-02   9.1801696e-02
   7.0234114e-02   9.3926857e-02
   7.3578595e-02   9.5987440e-02
   7.6923077e-02   9.7987021e-02
   8.0267559e-02   9.9928783e-02
   8.3612040e-02   1.0181558e-01
   8.6956522e-02   1.0364998e-01
   9.0301003e-02   1.0543431e-01
   9.3645485e-02   1.0717066e-01
   9.6989967e-02   1.0886096e-01
   1.0033445e-01   1.1050695e-01
   1.0367893e-01   1.1211026e-01
   1.0702341e-01   1.1367234e-01
   1.1036789e-01   1.1519458e-01
   1.1371237e-01   1.1667823e-01
   1.1705686e-01   1.1812446e-01
   1.2040134e-01   1.1953435e-01
   1.2374582e-01   1.2090893e-01
   1.2709030e-01   1.2224915e-01
   1.3043478e-01   1.2355588e-01
   1.3377926e-01   1.2482996e-01
   1.3712375e-01   1.2607217e-01
   1.4046823e-01   1.2728326e-01
   1.4381271e-01   1.2846391e-01
   1.4715719e-01   1.2961478e-01
   1.5050167e-01   1.3073649e-01
   1.5384615e-01   1.3182964e-01
   1.5719064e-01   1.3289479e-01
   1.6053512e-01   1.3393247e-01
   1.6387960e-01   1.3494318e-01
   1.6722408e-01   1.3592742e-01
   1.7056856e-01   1.3688564e-01
   1.7391304e-01   1.3781829e-01
   1.7725753e-01   1.3872580e-01
   1.8060201e-01   1.3960856e-01
   1.8394649e-01   1.4046699e-01
   1.8729097e-01   1.4130144e-01
   1.9063545e-01   1.4211229e-01
   1.9397993e-01   1.4289988e-01
   1.9732441e-01   1.4366455e-01
   2.0066890e-01   1.4440662e-01
   2.0401338e-01   1.4512642e-01
   2.0735786e-01   1.4582425e-01
   2.1070234e-01   1.4650040e-01
   2.1404682e-01   1.4715515e-01
   2.1739130e-01   1.4778880e-01
   2.2073579e-01   1.4840161e-01
   2.2408027e-01   1.4899384e-01
   2.2742475e-01   1.4956574e-01
   2.3076923e-01   1.5011758e-01
   2.3411371e-01   1.5064959e-01
   2.3745819e-01   1.5116200e-01
   2.4080268e-01   1.5165506e-01
   2.4414716e-01   1.5212899e-01
   2.4749164e-01   1.5258400e-01
   2.5083612e-01   1.5302032e-01
   2.5418060e-01   1.5343816e-01
   2.5752508e-01   1.5383773e-01
   2.6086957e-01   1.5421923e-01
   2.6421405e-01   1.5458285e-01
   2.6755853e-01   1.5492881e-01
   2.7090301e-01   1.5525728e-01
   2.7424749e-01   1.5556846e-01
   2.7759197e-01   1.5586253e-01
   2.8093645e-01   1.5613969e-01
   2.8428094e-01   1.5640010e-01
   2.8762542e-01   1.5664394e-01
   2.9096990e-01   1.5687140e-01
   2.9431438e-01   1.5708263e-01
   2.9765886e-01   1.5727782e-01
   3.0100334e-01   1.5745712e-01
   3.0434783e-01   1.5762070e-01
   3.0769231e-01   1.5776873e-01
   3.1103679e-01   1.5790137e-01
   3.1438127e-01   1.5801877e-01
   3.1772575e-01   1.5812108e-01
   3.2107023e-01   1.5820847e-01
   3.2441472e-01   1.5828109e-01
   3.2775920e-01   1.5833909e-01
   3.3110368e-01   1.5838261e-01
   3.3444816e-01   1.5841180e-01
   3.3779264e-01   1.5842681e-01
   3.4113712e-01   1.5842779e-01
   3.4448161e-01   1.5841487e-01
   3.4782609e-01   1.5838819e-01
   3.5117057e-01   1.5834791e-01
   3.5451505e-01   1.5829415e-01
   3.5785953e-01   1.5822704e-01
   3.6120401e-01   1.5814674e-01
   3.6454849e-01   1.5805336e-01
   3.6789298e-01   1.5794705e-01
   3.7123746e-01   1.5782793e-01
   3.7458194e-01   1.5769614e-01
   3.7792642e-01   1.5755180e-01
   3.8127090e-01   1.5739505e-01
   3.8461538e-01   1.5722600e-01
   3.8795987e-01   1.5704479e-01
   3.9130435e-01   1.5685154e-01
   3.9464883e-01   1.5664637e-01
   3.9799331e-01   1.5642940e-01
   4.0133779e-01   1.5620076e-01
   4.0468227e-01   1.5596057e-01
   4.0802676e-01   1.5570894e-01
   4.1137124e-01   1.5544599e-01
   4.1471572e-01   1.5517184e-01
   4.1806020e-01   1.5488661e-01
   4.2140468e-01   1.5459041e-01
   4.2474916e-01   1.5428336e-01
   4.2809365e-01   1.5396556e-01
   4.3143813e-01   1.5363714e-01
   4.3478261e-01   1.5329819e-01
   4.3812709e-01   1.5294884e-01
   4.4147157e-01   1.5258918e-01
   4.4481605e-01   1.5221934e-01
   4.4816054e-01   1.5183941e-01
   4.5150502e-01   1.5144950e-01
   4.5484950e-01   1.5104972e-01
   4.5819398e-01   1.5064017e-01
   4.6153846e-01   1.5022096e-01
   4.6488294e-01   1.4979219e-01
   4.6822742e-01   1.4935395e-01
   4.7157191e-01   1.4890636e-01
   4.7491639e-01   1.4844950e-01
   4.7826087e-01   1.4798348e-01
   4.8160535e-01   1.4750840e-01
   4.8494983e-01   1.4702436e-01
   4.8829431e-01   1.4653144e-01
   4.9163880e-01   1.4602975e-01
   4.9498328e-01   1.4551937e-01
   4.9832776e-01   1.4500041e-01
   5.0167224e-01   1.4447296e-01
   5.0501672e-01   1.4393709e-01
   5.0836120e-01   1.4339292e-01
   5.1170569e-01   1.4284052e-01
   5.1505017e-01   1.4227998e-01
   5.1839465e-01   1.4171140e-01
   5.2173913e-01   1.4113485e-01
   5.2508361e-01   1.4055043e-01
   5.2842809e-01   1.3995822e-01
   5.3177258e-01   1.3935830e-01
   5.3511706e-01   1.3875076e-01
   5.3846154e-01   1.3813567e-01
   5.4180602e-01   1.3751312e-01
   5.4515050e-01   1.3688319e-01
   5.4849498e-01   1.3624596e-01
   5.5183946e-01   1.3560150e-01
   5.5518395e-01   1.3494990e-01
   5.5852843e-01   1.3429123e-01
   5.6187291e-01   1.3362555e-01
   5.6521739e-01   1.3295296e-01
   5.6856187e-01   1.3227352e-01
   5.7190635e-01   1.3158730e-01
   5.7525084e-01   1.3089437e-01
   5.7859532e-01   1.3019481e-01
   5.8193980e-01   1.2948868e-01
   5.8528428e-01   1.2877605e-01
   5.8862876e-01   1.2805699e-01
   5.9197324e-01   1.2733156e-01
   5.9531773e-01   1.2659983e-01
   5.9866221e-01   1.2586186e-01
   6.0200669e-01   1.2511772e-01
   6.0535117e-01   1.2436747e-01
   6.0869565e-01   1.2361116e-01
   6.1204013e-01   1.2284886e-01
   6.1538462e-01   1.2208063e-01
   6.1872910e-01   1.2130652e-01
   6.2207358e-01   1.2052659e-01
   6.2541806e-01   1.1974090e-01
   6.2876254e-01   1.1894949e-01
   6.3210702e-01   1.1815243e-01
   6.3545151e-01   1.1734976e-01
   6.3879599e-01   1.1654154e-01
   6.4214047e-01   1.1572781e-01
   6.4548495e-01   1.1490862e-01
   6.4882943e-01   1.1408403e-01
   6.5217391e-01   1.1325407e-01
   6.5551839e-01   1.1241879e-01
   6.5886288e-01   1.1157825e-01
   6.6220736e-01   1.1073247e-01
   6.6555184e-01   1.0988150e-01
   6.6889632e-01   1.0902538e-01
   6.7224080e-01   1.0816416e-01
   6.7558528e-01   1.0729786e-01
   6.7892977e-01   1.0642653e-01
   6.8227425e-01   1.0555020e-01
   6.8561873e-01   1.0466891e-01
   6.8896321e-01   1.0378269e-01
   6.9230769e-01   1.0289157e-01
   6.9565217e-01   1.0199559e-01
   6.9899666e-01   1.0109476e-01
   7.0234114e-01   1.0018913e-01
   7.0568562e-01   9.9278718e-02
   7.0903010e-01   9.8363549e-02
   7.1237458e-01   9.7443649e-02
   7.1571906e-01   9.6519043e-02
   7.1906355e-01   9.5589751e-02
   7.2240803e-01   9.4655795e-02
   7.2575251e-01   9.3717194e-02
   7.2909699e-01   9.2773968e-02
   7.3244147e-01   9.1826132e-02
   7.3578595e-01   9.0873704e-02
   7.3913043e-01   8.9916696e-02
   7.4247492e-01   8.8955123e-02
   7.4581940e-01   8.7988996e-02
   7.4916388e-01   8.7018326e-02
   7.5250836e-01   8.6043122e-02
   7.5585284e-01   8.5063391e-02
   7.5919732e-01   8.4079141e-02
   7.6254181e-01   8.3090376e-02
   7.6588629e-01   8.2097101e-02
   7.6923077e-01   8.1099317e-02
   7.7257525e-01   8.0097025e-02
   7.7591973e-01   7.9090226e-02
   7.7926421e-01   7.8078918e-02
   7.8260870e-01   7.7063097e-02
   7.8595318e-01   7.6042758e-02
   7.8929766e-01   7.5017897e-02
   7.9264214e-01   7.3988506e-02
   7.9598662e-01   7.2954575e-02
   7.9933110e-01   7.1916095e-02
   8.0267559e-01   7.0873055e-02
   8.0602007e-01   6.9825440e-02
   8.0936455e-01   6.8773237e-02
   8.1270903e-01   6.7716430e-02
   8.1605351e-01   6.6655001e-02
   8.1939799e-01   6.5588932e-02
   8.2274247e-01   6.4518201e-02
   8.2608696e-01   6.3442788e-02
   8.2943144e-01   6.2362670e-02
   8.3277592e-01   6.1277820e-02
   8.3612040e-01   6.0188213e-02
   8.3946488e-01   5.9093822e-02
   8.4280936e-01   5.7994616e-02
   8.4615385e-01   5.6890566e-02
   8.4949833e-01   5.5781639e-02
   8.5284281e-01   5.4667800e-02
   8.5618729e-01   5.3549015e-02
   8.5953177e-01   5.2425247e-02
   8.6287625e-01   5.1296457e-02
   8.6622074e-01   5.0162605e-02
   8.6956522e-01   4.9023650e-02
   8.7290970e-01   4.7879549e-02
   8.7625418e-01   4.6730256e-02
   8.7959866e-01   4.5575726e-02
   8.8294314e-01   4.4415910e-02
   8.8628763e-01   4.3250760e-02
   8.8963211e-01   4.2080223e-02
   8.9297659e-01   4.0904248e-02
   8.9632107e-01   3.9722780e-02
   8.9966555e-01   3.8535764e-02
   9.0301003e-01   3.7343141e-02
   9.0635452e-01   3.6144852e-02
   9.0969900e-01   3.4940838e-02
   9.1304348e-01   3.3731035e-02
   9.1638796e-01   3.2515379e-02
   9.1973244e-01   3.1293805e-02
   9.2307692e-01   3.0066245e-02
   9.2642140e-01   2.8832630e-02
   9.2976589e-01   2.7592889e-02
   9.3311037e-01   2.6346951e-02
   9.3645485e-01   2.5094740e-02
   9.3979933e-01   2.3836182e-02
   9.4314381e-01   2.2571198e-02
   9.4648829e-01   2.1299710e-02
   9.4983278e-01   2.0021637e-02
   9.5317726e-01   1.8736896e-02
   9.5652174e-01   1.7445402e-02
   9.5986622e-01   1.6147070e-02
   9.6321070e-01   1.4841812e-02
   9.6655518e-01   1.3529539e-02
   9.6989967e-01   1.2210159e-02
   9.7324415e-01   1.0883579e-02
   9.7658863e-01   9.5497038e-03
   9.7993311e-01   8.2084380e-03
   9.8327759e-01   6.8596827e-03
   9.8662207e-01   5.5033380e-03
   9.8996656e-01   4.1393018e-03
   9.9331104e-01   2.7674707e-03
   9.9665552e-01   1.3877392e-03
   1.0000000e+00   0.0000000e+00
   1.0000000e+00   0.0000000e+00
   9.9665552e-01   4.9016250e-05
   9.9331104e-01   9.1873452e-05
   9.8996656e-01   1.2861407e-04
   9.8662207e-01   1.5928044e-04
   9.8327759e-01   1.8391481e-04
   9.7993311e-01   2.0255929e-04
   9.7658863e-01   2.1525591e-04
   9.7324415e-01   2.2204658e-04
   9.6989967e-01   2.2297310e-04
   9.6655518e-01   2.1807717e-04
   9.6321070e-01   2.0740040e-04
   9.5986622e-01   1.9098429e-04
   9.5652174e-01   1.6887024e-04
   9.5317726e-01   1.4109956e-04
   9.4983278e-01   1.0771346e-04
   9.4648829e-01   6.8753054e-05
   9.4314381e-01   2.4259372e-05
   9.3979933e-01  -2.5726648e-05
   9.3645485e-01  -8.1164158e-05
   9.3311037e-01  -1.4201239e-04
   9.2976589e-01  -2.0823068e-04
   9.2642140e-01  -2.7977842e-04
   9.2307692e-01  -3.5661509e-04
   9.1973244e-01  -4.3870027e-04
   9.1638796e-01  -5.2599359e-04
   9.1304348e-01  -6.1845477e-04
   9.0969900e-01  -7.1604359e-04
   9.0635452e-01  -8.1871993e-04
   9.0301003e-01  -9.2644371e-04
   8.9966555e-01  -1.0391749e-03
   8.9632107e-01  -1.1568736e-03
   8.9297659e-01  -1.2795000e-03
   8.8963211e-01  -1.4070142e-03
   8.8628763e-01  -1.5393764e-03
   8.8294314e-01  -1.6765470e-03
   8.7959866e-01  -1.8184864e-03
   8.7625418e-01  -1.9651549e-03
   8.7290970e-01  -2.1165130e-03
   8.6956522e-01  -2.2725213e-03
   8.6622074e-01  -2.4331403e-03
   8.6287625e-01  -2.5983306e-03
   8.5953177e-01  -2.7680528e-03
   8.5618729e-01  -2.9422677e-03
   8.5284281e-01  -3.1209360e-03
   8.4949833e-01  -3.3040185e-03
   8.4615385e-01  -3.4914759e-03
   8.4280936e-01  -3.6832691e-03
   8.3946488e-01  -3.8793589e-03
   8.3612040e-01  -4.0797063e-03
   8.3277592e-01  -4.2842721e-03
   8.2943144e-01  -4.4930173e-03
   8.2608696e-01  -4.7059028e-03
   8.2274247e-01  -4.9228897e-03
   8.1939799e-01  -5.1439388e-03
   8.1605351e-01  -5.3690113e-03
   8.1270903e-01  -5.5980680e-03
   8.0936455e-01  -5.8310701e-03
   8.0602007e-01  -6.0679785e-03
   8.0267559e-01  -6.3087543e-03
   7.9933110e-01  -6.5533584e-03
   7.9598662e-01  -6.8017520e-03
   7.9264214e-01  -7.0538959e-03
   7.8929766e-01  -7.3097513e-03
   7.8595318e-01  -7.5692790e-03
   7.8260870e-01  -7.8324402e-03
   7.7926421e-01  -8.0991957e-03
   7.7591973e-01  -8.3695064e-03
   7.7257525e-01  -8.6433334e-03
   7.6923077e-01  -8.9206374e-03
   7.6588629e-01  -9.2013794e-03
   7.6254181e-01  -9.4855201e-03
   7.5919732e-01  -9.7730204e-03
   7.5585284e-01  -1.0063841e-02
   7.5250836e-01  -1.0357943e-02
   7.4916388e-01  -1.0655286e-02
   7.4581940e-01  -1.0955831e-02
   7.4247492e-01  -1.1259540e-02
   7.3913043e-01  -1.1566372e-02
   7.3578595e-01  -1.1876287e-02
   7.3244147e-01  -1.2189247e-02
   7.2909699e-01  -1.2505211e-02
   7.2575251e-01  -1.2824141e-02
   7.2240803e-01  -1.3145995e-02
   7.1906355e-01  -1.3470734e-02
   7.1571906e-01  -1.3798318e-02
   7.1237458e-01  -1.4128708e-02
   7.0903010e-01  -1.4461862e-02
   7.0568562e-01  -1.4797741e-02
   7.0234114e-01  -1.5136304e-02
   6.9899666e-01  -1.5477512e-02
   6.9565217e-01  -1.5821322e-02
   6.9230769e-01  -1.6167696e-02
   6.8896321e-01  -1.6516591e-02
   6.8561873e-01  -1.6867968e-02
   6.8227425e-01  -1.7221785e-02
   6.7892977e-01  -1.7578000e-02
   6.7558528e-01  -1.7936574e-02
   6.7224080e-01  -1.8297464e-02
   6.6889632e-01  -1.8660629e-02
   6.6555184e-01  -1.9026027e-02
   6.6220736e-01  -1.9393616e-02
   6.5886288e-01  -1.9763356e-02
   6.5551839e-01  -2.0135202e-02
   6.5217391e-01  -2.0509114e-02
   6.4882943e-01  -2.0885048e-02
   6.4548495e-01  -2.1262963e-02
   6.4214047e-01  -2.1642814e-02
   6.3879599e-01  -2.2024560e-02
   6.3545151e-01  -2.2408158e-02
   6.3210702e-01  -2.2793563e-02
   6.2876254e-01  -2.3180732e-02
   6.2541806e-01  -2.3569622e-02
   6.2207358e-01  -2.3960188e-02
   6.1872910e-01  -2.4352387e-02
   6.1538462e-01  -2.4746174e-02
   6.1204013e-01  -2.5141504e-02
   6.0869565e-01  -2.5538333e-02
   6.0535117e-01  -2.5936615e-02
   6.0200669e-01  -2.6336304e-02
   5.9866221e-01  -2.6737357e-02
   5.9531773e-01  -2.7139726e-02
   5.9197324e-01  -2.7543365e-02
   5.8862876e-01  -2.7948228e-02
   5.8528428e-01  -2.8354268e-02
   5.8193980e-01  -2.8761439e-02
   5.7859532e-01  -2.9169693e-02
   5.7525084e-01  -2.9578982e-02
   5.7190635e-01  -2.9989259e-02
   5.6856187e-01  -3.0400475e-02
   5.6521739e-01  -3.0812581e-02
   5.6187291e-01  -3.1225530e-02
   5.5852843e-01  -3.1639271e-02
   5.5518395e-01  -3.2053755e-02
   5.5183946e-01  -3.2468933e-02
   5.4849498e-01  -3.2884753e-02
   5.4515050e-01  -3.3301165e-02
   5.4180602e-01  -3.3718118e-02
   5.3846154e-01  -3.4135561e-02
   5.3511706e-01  -3.4553441e-02
   5.3177258e-01  -3.4971707e-02
   5.2842809e-01  -3.5390306e-02
   5.2508361e-01  -3.5809183e-02
   5.2173913e-01  -3.6228287e-02
   5.1839465e-01  -3.6647562e-02
   5.1505017e-01  -3.7066954e-02
   5.1170569e-01  -3.7486409e-02
   5.0836120e-01  -3.7905870e-02
   5.0501672e-01  -3.8325281e-02
   5.0167224e-01  -3.8744587e-02
   4.9832776e-01  -3.9163729e-02
   4.9498328e-01  -3.9582650e-02
   4.9163880e-01  -4.0001293e-02
   4.8829431e-01  -4.0419597e-02
   4.8494983e-01  -4.0837505e-02
   4.8160535e-01  -4.1254955e-02
   4.7826087e-01  -4.1671888e-02
   4.7491639e-01  -4.2088241e-02
   4.7157191e-01  -4.2503954e-02
   4.6822742e-01  -4.2918964e-02
   4.6488294e-01  -4.3333207e-02
   4.6153846e-01  -4.3746619e-02
   4.5819398e-01  -4.4159137e-02
   4.5484950e-01  -4.4570694e-02
   4.5150502e-01  -4.4981225e-02
   4.4816054e-01  -4.5390663e-02
   4.4481605e-01  -4.5798939e-02
   4.4147157e-01  -4.6205987e-02
   4.3812709e-01  -4.6611735e-02
   4.3478261e-01  -4.7016115e-02
   4.3143813e-01  -4.7419055e-02
   4.2809365e-01  -4.7820484e-02
   4.2474916e-01  -4.8220328e-02
   4.2140468e-01  -4.8618514e-02
   4.1806020e-01  -4.9014967e-02
   4.1471572e-01  -4.9409612e-02
   4.1137124e-01  -4.9802372e-02
   4.0802676e-01  -5.0193168e-02
   4.0468227e-01  -5.0581923e-02
   4.0133779e-01  -5.0968556e-02
   3.9799331e-01  -5.1352986e-02
   3.9464883e-01  -5.1735132e-02
   3.9130435e-01  -5.2114909e-02
   3.8795987e-01  -5.2492234e-02
   3.8461538e-01  -5.2867020e-02
   3.8127090e-01  -5.3239180e-02
   3.7792642e-01  -5.3608625e-02
   3.7458194e-01  -5.3975267e-02
   3.7123746e-01  -5.4339013e-02
   3.6789298e-01  -5.4699771e-02
   3.6454849e-01  -5.5057447e-02
   3.6120401e-01  -5.5411945e-02
   3.5785953e-01  -5.5763168e-02
   3.5451505e-01  -5.6111017e-02
   3.5117057e-01  -5.6455391e-02
   3.4782609e-01  -5.6796189e-02
   3.4448161e-01  -5.7133306e-02
   3.4113712e-01  -5.7466636e-02
   3.3779264e-01  -5.7796072e-02
   3.3444816e-01  -5.8121503e-02
   3.3110368e-01  -5.8442819e-02
   3.2775920e-01  -5.8759906e-02
   3.2441472e-01  -5.9072647e-02
   3.2107023e-01  -5.9380925e-02
   3.1772575e-01  -5.9684619e-02
   3.1438127e-01  -5.9983607e-02
   3.1103679e-01  -6.0277764e-02
   3.0769231e-01  -6.0566962e-02
   3.0434783e-01  -6.0851071e-02
   3.0100334e-01  -6.1129958e-02
   2.9765886e-01  -6.1403488e-02
   2.9431438e-01  -6.1671521e-02
   2.9096990e-01  -6.1933917e-02
   2.8762542e-01  -6.2190532e-02
   2.8428094e-01  -6.2441216e-02
   2.8093645e-01  -6.2685821e-02
   2.7759197e-01  -6.2924190e-02
   2.7424749e-01  -6.3156166e-02
   2.7090301e-01  -6.3381588e-02
   2.6755853e-01  -6.3600289e-02
   2.6421405e-01  -6.3812101e-02
   2.6086957e-01  -6.4016849e-02
   2.5752508e-01  -6.4214357e-02
   2.5418060e-01  -6.4404440e-02
   2.5083612e-01  -6.4586913e-02
   2.4749164e-01  -6.4761583e-02
   2.4414716e-01  -6.4928252e-02
   2.4080268e-01  -6.5086720e-02
   2.3745819e-01  -6.5236777e-02
   2.3411371e-01  -6.5378211e-02
   2.3076923e-01  -6.5510800e-02
   2.2742475e-01  -6.5634321e-02
   2.2408027e-01  -6.5748538e-02
   2.2073579e-01  -6.5853214e-02
   2.1739130e-01  -6.5948101e-02
   2.1404682e-01  -6.6032945e-02
   2.1070234e-01  -6.6107482e-02
   2.0735786e-01  -6.6171444e-02
   2.0401338e-01  -6.6224549e-02
   2.0066890e-01  -6.6266508e-02
   1.9732441e-01  -6.6297023e-02
   1.9397993e-01  -6.6315785e-02
   1.9063545e-01  -6.6322474e-02
   1.8729097e-01  -6.6316757e-02
   1.8394649e-01  -6.6298292e-02
   1.8060201e-01  -6.6266721e-02
   1.7725753e-01  -6.6221675e-02
   1.7391304e-01  -6.6162768e-02
   1.7056856e-01  -6.6089600e-02
   1.6722408e-01  -6.6001755e-02
   1.6387960e-01  -6.5898798e-02
   1.6053512e-01  -6.5780277e-02
   1.5719064e-01  -6.5645719e-02
   1.5384615e-01  -6.5494630e-02
   1.5050167e-01  -6.5326493e-02
   1.4715719e-01  -6.5140768e-02
   1.4381271e-01  -6.4936887e-02
   1.4046823e-01  -6.4714254e-02
   1.3712375e-01  -6.4472243e-02
   1.3377926e-01  -6.4210194e-02
   1.3043478e-01  -6.3927414e-02
   1.2709030e-01  -6.3623167e-02
   1.2374582e-01  -6.3296680e-02
   1.2040134e-01  -6.2947129e-02
   1.1705686e-01  -6.2573643e-02
   1.1371237e-01  -6.2175296e-02
   1.1036789e-01  -6.1751100e-02
   1.0702341e-01  -6.1300002e-02
   1.0367893e-01  -6.0820875e-02
   1.0033445e-01  -6.0312510e-02
   9.6989967e-02  -5.9773609e-02
   9.3645485e-02  -5.9202772e-02
   9.0301003e-02  -5.8598485e-02
   8.6956522e-02  -5.7959108e-02
   8.3612040e-02  -5.7282856e-02
   8.0267559e-02  -5.6567780e-02
   7.6923077e-02  -5.5811745e-02
   7.3578595e-02  -5.5012400e-02
   7.0234114e-02  -5.4167146e-02
   6.6889632e-02  -5.3273096e-02
   6.3545151e-02  -5.2327025e-02
   6.0200669e-02  -5.1325306e-02
   5.6856187e-02  -5.0263838e-02
   5.3511706e-02  -4.9137945e-02
   5.0167224e-02  -4.7942254e-02
   4.6822742e-02  -4.6670531e-02
   4.3478261e-02  -4.5315469e-02
   4.0133779e-02  -4.3868395e-02
   3.6789298e-02  -4.2318876e-02
   3.3444816e-02  -4.0654147e-02
   3.0100334e-02  -3.8858288e-02
   2.6755853e-02  -3.6910975e-02
   2.3411371e-02  -3.4785505e-02
   2.0066890e-02  -3.2445494e-02
   1.6722408e-02  -2.9838984e-02
   1.3377926e-02  -2.6886865e-02
   1.0033445e-02  -2.3457022e-02
   6.6889632e-03  -1.9293913e-02
   3.3444816e-03  -1.3743251e-02
   0.0000000e+00   0.0000000e+00
