   0.0000000e+00   0.0000000e+00
   3.3444816e-03   1.8836314e-02
   6.6889632e-03   2.6829282e-02
   1.0033445e-02   3.3084881e-02
   1.3377926e-02   3.8455116e-02
   1.6722408e-02   4.3266122e-02
   2.0066890e-02   4.7683081e-02
   2.3411371e-02   5.1802815e-02
   2.6755853e-02   5.5687516e-02
   3.0100334e-02   5.9379740e-02
   3.3444816e-02   6.2909980e-02
   3.6789298e-02   6.6300880e-02
   4.0133779e-02   6.9569731e-02
   4.3478261e-02   7.2730038e-02
   4.6822742e-02   7.5792552e-02
   5.0167224e-02   7.8765967e-02
   5.3511706e-02   8.1657411e-02
   5.6856187e-02   8.4472795e-02
   6.0200669e-02   8.7217071e-02
   6.3545151e-02   8.9894431e-02
   6.6889632e-02   9.2508444e-02
   7.0234114e-02   9.5062181e-02
   7.3578595e-02   9.7558294e-02
   7.6923077e-02   9.9999093e-02
   8.0267559e-02   1.0238660e-01
   8.3612040e-02   1.0472259e-01
   8.6956522e-02   1.0700865e-01
   9.0301003e-02   1.0924616e-01
   9.3645485e-02   1.1143638e-01
   9.6989967e-02   1.1358044e-01
   1.0033445e-01   1.1567934e-01
   1.0367893e-01   1.1773400e-01
   1.0702341e-01   1.1974526e-01
   1.1036789e-01   1.2171387e-01
   1.1371237e-01   1.2364054e-01
   1.1705686e-01   1.2552590e-01
   1.2040134e-01   1.2737056e-01
   1.2374582e-01   1.2917506e-01
   1.2709030e-01   1.3093992e-01
   1.3043478e-01   1.3266563e-01
   1.3377926e-01   1.3435264e-01
   1.3712375e-01   1.3600137e-01
   1.4046823e-01   1.3761225e-01
   1.4381271e-01   1.3918565e-01
   1.4715719e-01   1.4072194e-01
   1.5050167e-01   1.4222149e-01
   1.5384615e-01   1.4368463e-01
   1.5719064e-01   1.4511169e-01
   1.6053512e-01   1.4650300e-01
   1.6387960e-01   1.4785886e-01
   1.6722408e-01   1.4917958e-01
   1.7056856e-01   1.5046546e-01
   1.7391304e-01   1.5171678e-01
   1.7725753e-01   1.5293383e-01
   1.8060201e-01   1.5411690e-01
   1.8394649e-01   1.5526625e-01
   1.8729097e-01   1.5638217e-01
   1.9063545e-01   1.5746493e-01
   1.9397993e-01   1.5851479e-01
   1.9732441e-01   1.5953202e-01
   2.0066890e-01   1.6051689e-01
   2.0401338e-01   1.6146966e-01
   2.0735786e-01   1.6239060e-01
   2.1070234e-01   1.6327997e-01
   2.1404682e-01   1.6413804e-01
   2.1739130e-01   1.6496507e-01
   2.2073579e-01   1.6576132e-01
   2.2408027e-01   1.6652705e-01
   2.2742475e-01   1.6726254e-01
   2.3076923e-01   1.6796803e-01
   2.3411371e-01   1.6864381e-01
   2.3745819e-01   1.6929013e-01
   2.4080268e-01   1.6990726e-01
   2.4414716e-01   1.7049547e-01
   2.4749164e-01   1.7105503e-01
   2.5083612e-01   1.7158620e-01
   2.5418060e-01   1.7208926e-01
   2.5752508e-01   1.7256447e-01
   2.6086957e-01   1.7301212e-01
   2.6421405e-01   1.7343246e-01
   2.6755853e-01   1.7382578e-01
   2.7090301e-01   1.7419235e-01
   2.7424749e-01   1.7453244e-01
   2.7759197e-01   1.7484634e-01
   2.8093645e-01   1.7513432e-01
   2.8428094e-01   1.7539665e-01
   2.8762542e-01   1.7563363e-01
   2.9096990e-01   1.7584552e-01
   2.9431438e-01   1.7603262e-01
   2.9765886e-01   1.7619520e-01
   3.0100334e-01   1.7633355e-01
   3.0434783e-01   1.7644794e-01
   3.0769231e-01   1.7653868e-01
   3.1103679e-01   1.7660603e-01
   3.1438127e-01   1.7665029e-01
   3.1772575e-01   1.7667173e-01
   3.2107023e-01   1.7667066e-01
   3.2441472e-01   1.7664736e-01
   3.2775920e-01   1.7660211e-01
   3.3110368e-01   1.7653520e-01
   3.3444816e-01   1.7644693e-01
   3.3779264e-01   1.7633757e-01
   3.4113712e-01   1.7620743e-01
   3.4448161e-01   1.7605678e-01
   3.4782609e-01   1.7588593e-01
   3.5117057e-01   1.7569515e-01
   3.5451505e-01   1.7548474e-01
   3.5785953e-01   1.7525499e-01
   3.6120401e-01   1.7500618e-01
   3.6454849e-01   1.7473861e-01
   3.6789298e-01   1.7445257e-01
   3.7123746e-01   1.7414834e-01
   3.7458194e-01   1.7382622e-01
   3.7792642e-01   1.7348648e-01
   3.8127090e-01   1.7312943e-01
   3.8461538e-01   1.7275534e-01
   3.8795987e-01   1.7236451e-01
   3.9130435e-01   1.7195722e-01
   3.9464883e-01   1.7153375e-01
   3.9799331e-01   1.7109439e-01
   4.0133779e-01   1.7063943e-01
   4.0468227e-01   1.7016915e-01
   4.0802676e-01   1.6968383e-01
   4.1137124e-01   1.6918375e-01
   4.1471572e-01   1.6866919e-01
   4.1806020e-01   1.6814043e-01
   4.2140468e-01   1.6759776e-01
   4.2474916e-01   1.6704145e-01
   4.2809365e-01   1.6647177e-01
   4.3143813e-01   1.6588899e-01
   4.3478261e-01   1.6529341e-01
   4.3812709e-01   1.6468527e-01
   4.4147157e-01   1.6406487e-01
   4.4481605e-01   1.6343246e-01
   4.4816054e-01   1.6278831e-01
   4.5150502e-01   1.6213269e-01
   4.5484950e-01   1.6146587e-01
   4.5819398e-01   1.6078810e-01
   4.6153846e-01   1.6009965e-01
   4.6488294e-01   1.5940078e-01
   4.6822742e-01   1.5869174e-01
   4.7157191e-01   1.5797279e-01
   4.7491639e-01   1.5724419e-01
   4.7826087e-01   1.5650619e-01
   4.8160535e-01   1.5575903e-01
   4.8494983e-01   1.5500296e-01
   4.8829431e-01   1.5423823e-01
   4.9163880e-01   1.5346508e-01
   4.9498328e-01   1.5268376e-01
   4.9832776e-01   1.5189450e-01
   5.0167224e-01   1.5109753e-01
   5.0501672e-01   1.5029310e-01
   5.0836120e-01   1.4948143e-01
   5.1170569e-01   1.4866275e-01
   5.1505017e-01   1.4783729e-01
   5.1839465e-01   1.4700527e-01
   5.2173913e-01   1.4616691e-01
   5.2508361e-01   1.4532243e-01
   5.2842809e-01   1.4447205e-01
   5.3177258e-01   1.4361598e-01
   5.3511706e-01   1.4275443e-01
   5.3846154e-01   1.4188761e-01
   5.4180602e-01   1.4101572e-01
   5.4515050e-01   1.4013896e-01
   5.4849498e-01   1.3925753e-01
   5.5183946e-01   1.3837163e-01
   5.5518395e-01   1.3748144e-01
   5.5852843e-01   1.3658716e-01
   5.6187291e-01   1.3568898e-01
   5.6521739e-01   1.3478706e-01
   5.6856187e-01   1.3388160e-01
   5.7190635e-01   1.3297277e-01
   5.7525084e-01   1.3206074e-01
   5.7859532e-01   1.3114568e-01
   5.8193980e-01   1.3022776e-01
   5.8528428e-01   1.2930714e-01
   5.8862876e-01   1.2838397e-01
   5.9197324e-01   1.2745841e-01
   5.9531773e-01   1.2653061e-01
   5.9866221e-01   1.2560072e-01
   6.0200669e-01   1.2466889e-01
   6.0535117e-01   1.2373524e-01
   6.0869565e-01   1.2279993e-01
   6.1204013e-01   1.2186308e-01
   6.1538462e-01   1.2092481e-01
   6.1872910e-01   1.1998526e-01
   6.2207358e-01   1.1904454e-01
   6.2541806e-01   1.1810277e-01
   6.2876254e-01   1.1716007e-01
   6.3210702e-01   1.1621653e-01
   6.3545151e-01   1.1527227e-01
   6.3879599e-01   1.1432738e-01
   6.4214047e-01   1.1338197e-01
   6.4548495e-01   1.1243611e-01
   6.4882943e-01   1.1148990e-01
   6.5217391e-01   1.1054342e-01
   6.5551839e-01   1.0959675e-01
   6.5886288e-01   1.0864996e-01
   6.6220736e-01   1.0770312e-01
   6.6555184e-01   1.0675630e-01
   6.6889632e-01   1.0580955e-01
   6.7224080e-01   1.0486294e-01
   6.7558528e-01   1.0391650e-01
   6.7892977e-01   1.0297030e-01
   6.8227425e-01   1.0202437e-01
   6.8561873e-01   1.0107875e-01
   6.8896321e-01   1.0013346e-01
   6.9230769e-01   9.9188548e-02
   6.9565217e-01   9.8244021e-02
   6.9899666e-01   9.7299900e-02
   7.0234114e-01   9.6356200e-02
   7.0568562e-01   9.5412927e-02
   7.0903010e-01   9.4470084e-02
   7.1237458e-01   9.3527668e-02
   7.1571906e-01   9.2585673e-02
   7.1906355e-01   9.1644085e-02
   7.2240803e-01   9.0702887e-02
   7.2575251e-01   8.9762055e-02
   7.2909699e-01   8.8821563e-02
   7.3244147e-01   8.7881376e-02
   7.3578595e-01   8.6941455e-02
   7.3913043e-01   8.6001757e-02
   7.4247492e-01   8.5062232e-02
   7.4581940e-01   8.4122826e-02
   7.4916388e-01   8.3183479e-02
   7.5250836e-01   8.2244123e-02
   7.5585284e-01   8.1304690e-02
   7.5919732e-01   8.0365101e-02
   7.6254181e-01   7.9425275e-02
   7.6588629e-01   7.8485123e-02
   7.6923077e-01   7.7544553e-02
   7.7257525e-01   7.6603465e-02
   7.7591973e-01   7.5661753e-02
   7.7926421e-01   7.4719309e-02
   7.8260870e-01   7.3776014e-02
   7.8595318e-01   7.2831747e-02
   7.8929766e-01   7.1886380e-02
   7.9264214e-01   7.0939779e-02
   7.9598662e-01   6.9991804e-02
   7.9933110e-01   6.9042310e-02
   8.0267559e-01   6.8091144e-02
   8.0602007e-01   6.7138149e-02
   8.0936455e-01   6.6183161e-02
   8.1270903e-01   6.5226010e-02
   8.1605351e-01   6.4266521e-02
   8.1939799e-01   6.3304510e-02
   8.2274247e-01   6.2339791e-02
   8.2608696e-01   6.1372169e-02
   8.2943144e-01   6.0401442e-02
   8.3277592e-01   5.9427404e-02
   8.3612040e-01   5.8449842e-02
   8.3946488e-01   5.7468536e-02
   8.4280936e-01   5.6483261e-02
   8.4615385e-01   5.5493783e-02
   8.4949833e-01   5.4499865e-02
   8.5284281e-01   5.3501260e-02
   8.5618729e-01   5.2497718e-02
   8.5953177e-01   5.1488981e-02
   8.6287625e-01   5.0474783e-02
   8.6622074e-01   4.9454853e-02
   8.6956522e-01   4.8428914e-02
   8.7290970e-01   4.7396681e-02
   8.7625418e-01   4.6357863e-02
   8.7959866e-01   4.5312161e-02
   8.8294314e-01   4.4259272e-02
   8.8628763e-01   4.3198884e-02
   8.8963211e-01   4.2130679e-02
   8.9297659e-01   4.1054332e-02
   8.9632107e-01   3.9969511e-02
   8.9966555e-01   3.8875877e-02
   9.0301003e-01   3.7773086e-02
   9.0635452e-01   3.6660784e-02
   9.0969900e-01   3.5538612e-02
   9.1304348e-01   3.4406203e-02
   9.1638796e-01   3.3263185e-02
   9.1973244e-01   3.2109176e-02
   9.2307692e-01   3.0943789e-02
   9.2642140e-01   2.9766630e-02
   9.2976589e-01   2.8577296e-02
   9.3311037e-01   2.7375378e-02
   9.3645485e-01   2.6160461e-02
   9.3979933e-01   2.4932121e-02
   9.4314381e-01   2.3689927e-02
   9.4648829e-01   2.2433441e-02
   9.4983278e-01   2.1162219e-02
   9.5317726e-01   1.9875807e-02
   9.5652174e-01   1.8573745e-02
   9.5986622e-01   1.7255567e-02
   9.6321070e-01   1.5920797e-02
   9.6655518e-01   1.4568953e-02
   9.6989967e-01   1.3199546e-02
   9.7324415e-01   1.1812078e-02
   9.7658863e-01   1.0406046e-02
   9.7993311e-01   8.9809352e-03
   9.8327759e-01   7.5362275e-03
   9.8662207e-01   6.0713950e-03
   9.8996656e-01   4.5859026e-03
   9.9331104e-01   3.0792076e-03
   9.9665552e-01   1.5507594e-03
   1.0000000e+00   0.0000000e+00
   1.0000000e+00  -0.0000000e+00
   9.9665552e-01  -3.5525900e-04
   9.9331104e-01  -7.0126280e-04
   9.8996656e-01  -1.0381409e-03
   9.8662207e-01  -1.3660219e-03
   9.8327759e-01  -1.6850339e-03
   9.7993311e-01  -1.9953041e-03
   9.7658863e-01  -2.2969590e-03
   9.7324415e-01  -2.5901243e-03
   9.6989967e-01  -2.8749249e-03
   9.6655518e-01  -3.1514852e-03
   9.6321070e-01  -3.4199286e-03
   9.5986622e-01  -3.6803778e-03
   9.5652174e-01  -3.9329549e-03
   9.5317726e-01  -4.1777811e-03
   9.4983278e-01  -4.4149770e-03
   9.4648829e-01  -4.6446623e-03
   9.4314381e-01  -4.8669560e-03
   9.3979933e-01  -5.0819763e-03
   9.3645485e-01  -5.2898410e-03
   9.3311037e-01  -5.4906667e-03
   9.2976589e-01  -5.6845694e-03
   9.2642140e-01  -5.8716646e-03
   9.2307692e-01  -6.0520667e-03
   9.1973244e-01  -6.2258897e-03
   9.1638796e-01  -6.3932465e-03
   9.1304348e-01  -6.5542496e-03
   9.0969900e-01  -6.7090105e-03
   9.0635452e-01  -6.8576400e-03
   9.0301003e-01  -7.0002485e-03
   8.9966555e-01  -7.1369451e-03
   8.9632107e-01  -7.2678385e-03
   8.9297659e-01  -7.3930368e-03
   8.8963211e-01  -7.5126469e-03
   8.8628763e-01  -7.6267754e-03
   8.8294314e-01  -7.7355280e-03
   8.7959866e-01  -7.8390095e-03
   8.7625418e-01  -7.9373242e-03
   8.7290970e-01  -8.0305757e-03
   8.6956522e-01  -8.1188665e-03
   8.6622074e-01  -8.2022987e-03
   8.6287625e-01  -8.2809737e-03
   8.5953177e-01  -8.3549918e-03
   8.5618729e-01  -8.4244529e-03
   8.5284281e-01  -8.4894560e-03
   8.4949833e-01  -8.5500995e-03
   8.4615385e-01  -8.6064810e-03
   8.4280936e-01  -8.6586972e-03
   8.3946488e-01  -8.7068443e-03
   8.3612040e-01  -8.7510176e-03
   8.3277592e-01  -8.7913118e-03
   8.2943144e-01  -8.8278208e-03
   8.2608696e-01  -8.8606378e-03
   8.2274247e-01  -8.8898551e-03
   8.1939799e-01  -8.9155644e-03
   8.1605351e-01  -8.9378567e-03
   8.1270903e-01  -8.9568223e-03
   8.0936455e-01  -8.9725506e-03
   8.0602007e-01  -8.9851303e-03
   8.0267559e-01  -8.9946495e-03
   7.9933110e-01  -9.0011954e-03
   7.9598662e-01  -9.0048546e-03
   7.9264214e-01  -9.0057129e-03
   7.8929766e-01  -9.0038553e-03
   7.8595318e-01  -8.9993661e-03
   7.8260870e-01  -8.9923291e-03
   7.7926421e-01  -8.9828270e-03
   7.7591973e-01  -8.9709419e-03
   7.7257525e-01  -8.9567553e-03
   7.6923077e-01  -8.9403478e-03
   7.6588629e-01  -8.9217993e-03
   7.6254181e-01  -8.9011889e-03
   7.5919732e-01  -8.8785952e-03
   7.5585284e-01  -8.8540958e-03
   7.5250836e-01  -8.8277677e-03
   7.4916388e-01  -8.7996871e-03
   7.4581940e-01  -8.7699295e-03
   7.4247492e-01  -8.7385697e-03
   7.3913043e-01  -8.7056817e-03
   7.3578595e-01  -8.6713387e-03
   7.3244147e-01  -8.6356133e-03
   7.2909699e-01  -8.5985773e-03
   7.2575251e-01  -8.5603017e-03
   7.2240803e-01  -8.5208569e-03
   7.1906355e-01  -8.4803124e-03
   7.1571906e-01  -8.4387371e-03
   7.1237458e-01  -8.3961991e-03
   7.0903010e-01  -8.3527656e-03
   7.0568562e-01  -8.3085034e-03
   7.0234114e-01  -8.2634783e-03
   6.9899666e-01  -8.2177554e-03
   6.9565217e-01  -8.1713991e-03
   6.9230769e-01  -8.1244730e-03
   6.8896321e-01  -8.0770400e-03
   6.8561873e-01  -8.0291624e-03
   6.8227425e-01  -7.9809013e-03
   6.7892977e-01  -7.9323176e-03
   6.7558528e-01  -7.8834711e-03
   6.7224080e-01  -7.8344210e-03
   6.6889632e-01  -7.7852256e-03
   6.6555184e-01  -7.7359427e-03
   6.6220736e-01  -7.6866291e-03
   6.5886288e-01  -7.6373410e-03
   6.5551839e-01  -7.5881338e-03
   6.5217391e-01  -7.5390621e-03
   6.4882943e-01  -7.4901798e-03
   6.4548495e-01  -7.4415400e-03
   6.4214047e-01  -7.3931952e-03
   6.3879599e-01  -7.3451970e-03
   6.3545151e-01  -7.2975961e-03
   6.3210702e-01  -7.2504428e-03
   6.2876254e-01  -7.2037863e-03
   6.2541806e-01  -7.1576752e-03
   6.2207358e-01  -7.1121574e-03
   6.1872910e-01  -7.0672799e-03
   6.1538462e-01  -7.0230889e-03
   6.1204013e-01  -6.9796300e-03
   6.0869565e-01  -6.9369479e-03
   6.0535117e-01  -6.8950867e-03
   6.0200669e-01  -6.8540894e-03
   5.9866221e-01  -6.8139986e-03
   5.9531773e-01  -6.7748558e-03
   5.9197324e-01  -6.7367020e-03
   5.8862876e-01  -6.6995772e-03
   5.8528428e-01  -6.6635208e-03
   5.8193980e-01  -6.6285713e-03
   5.7859532e-01  -6.5947664e-03
   5.7525084e-01  -6.5621431e-03
   5.7190635e-01  -6.5307376e-03
   5.6856187e-01  -6.5005852e-03
   5.6521739e-01  -6.4717205e-03
   5.6187291e-01  -6.4441774e-03
   5.5852843e-01  -6.4179888e-03
   5.5518395e-01  -6.3931869e-03
   5.5183946e-01  -6.3698031e-03
   5.4849498e-01  -6.3478679e-03
   5.4515050e-01  -6.3274113e-03
   5.4180602e-01  -6.3084620e-03
   5.3846154e-01  -6.2910484e-03
   5.3511706e-01  -6.2751977e-03
   5.3177258e-01  -6.2609364e-03
   5.2842809e-01  -6.2482902e-03
   5.2508361e-01  -6.2372841e-03
   5.2173913e-01  -6.2279421e-03
   5.1839465e-01  -6.2202873e-03
   5.1505017e-01  -6.2143421e-03
   5.1170569e-01  -6.2101282e-03
   5.0836120e-01  -6.2076661e-03
   5.0501672e-01  -6.2069757e-03
   5.0167224e-01  -6.2080761e-03
   4.9832776e-01  -6.2109854e-03
   4.9498328e-01  -6.2157208e-03
   4.9163880e-01  -6.2222988e-03
   4.8829431e-01  -6.2307350e-03
   4.8494983e-01  -6.2410440e-03
   4.8160535e-01  -6.2532396e-03
   4.7826087e-01  -6.2673349e-03
   4.7491639e-01  -6.2833417e-03
   4.7157191e-01  -6.3012713e-03
   4.6822742e-01  -6.3211340e-03
   4.6488294e-01  -6.3429390e-03
   4.6153846e-01  -6.3666948e-03
   4.5819398e-01  -6.3924091e-03
   4.5484950e-01  -6.4200883e-03
   4.5150502e-01  -6.4497381e-03
   4.4816054e-01  -6.4813634e-03
   4.4481605e-01  -6.5149680e-03
   4.4147157e-01  -6.5505546e-03
   4.3812709e-01  -6.5881253e-03
   4.3478261e-01  -6.6276810e-03
   4.3143813e-01  -6.6692218e-03
   4.2809365e-01  -6.7127465e-03
   4.2474916e-01  -6.7582533e-03
   4.2140468e-01  -6.8057392e-03
   4.1806020e-01  -6.8552002e-03
   4.1471572e-01  -6.9066314e-03
   4.1137124e-01  -6.9600269e-03
   4.0802676e-01  -7.0153795e-03
   4.0468227e-01  -7.0726813e-03
   4.0133779e-01  -7.1319231e-03
   3.9799331e-01  -7.1930949e-03
   3.9464883e-01  -7.2561853e-03
   3.9130435e-01  -7.3211821e-03
   3.8795987e-01  -7.3880720e-03
   3.8461538e-01  -7.4568403e-03
   3.8127090e-01  -7.5274715e-03
   3.7792642e-01  -7.5999489e-03
   3.7458194e-01  -7.6742545e-03
   3.7123746e-01  -7.7503693e-03
   3.6789298e-01  -7.8282732e-03
   3.6454849e-01  -7.9079446e-03
   3.6120401e-01  -7.9893611e-03
   3.5785953e-01  -8.0724987e-03
   3.5451505e-01  -8.1573324e-03
   3.5117057e-01  -8.2438360e-03
   3.4782609e-01  -8.3319818e-03
   3.4448161e-01  -8.4217409e-03
   3.4113712e-01  -8.5130832e-03
   3.3779264e-01  -8.6059772e-03
   3.3444816e-01  -8.7003899e-03
   3.3110368e-01  -8.7962873e-03
   3.2775920e-01  -8.8936335e-03
   3.2441472e-01  -8.9923916e-03
   3.2107023e-01  -9.0925230e-03
   3.1772575e-01  -9.1939878e-03
   3.1438127e-01  -9.2967445e-03
   3.1103679e-01  -9.4007501e-03
   3.0769231e-01  -9.5059600e-03
   3.0434783e-01  -9.6123281e-03
   3.0100334e-01  -9.7198066e-03
   2.9765886e-01  -9.8283460e-03
   2.9431438e-01  -9.9378952e-03
   2.9096990e-01  -1.0048401e-02
   2.8762542e-01  -1.0159810e-02
   2.8428094e-01  -1.0272065e-02
   2.8093645e-01  -1.0385107e-02
   2.7759197e-01  -1.0498876e-02
   2.7424749e-01  -1.0613311e-02
   2.7090301e-01  -1.0728347e-02
   2.6755853e-01  -1.0843919e-02
   2.6421405e-01  -1.0959957e-02
   2.6086957e-01  -1.1076391e-02
   2.5752508e-01  -1.1193149e-02
   2.5418060e-01  -1.1310156e-02
   2.5083612e-01  -1.1427334e-02
   2.4749164e-01  -1.1544604e-02
   2.4414716e-01  -1.1661884e-02
   2.4080268e-01  -1.1779089e-02
   2.3745819e-01  -1.1896132e-02
   2.3411371e-01  -1.2012921e-02
   2.3076923e-01  -1.2129365e-02
   2.2742475e-01  -1.2245368e-02
   2.2408027e-01  -1.2360829e-02
   2.2073579e-01  -1.2475648e-02
   2.1739130e-01  -1.2589719e-02
   2.1404682e-01  -1.2702933e-02
   2.1070234e-01  -1.2815178e-02
   2.0735786e-01  -1.2926337e-02
   2.0401338e-01  -1.3036291e-02
   2.0066890e-01  -1.3144916e-02
   1.9732441e-01  -1.3252084e-02
   1.9397993e-01  -1.3357662e-02
   1.9063545e-01  -1.3461515e-02
   1.8729097e-01  -1.3563498e-02
   1.8394649e-01  -1.3663467e-02
   1.8060201e-01  -1.3761270e-02
   1.7725753e-01  -1.3856748e-02
   1.7391304e-01  -1.3949738e-02
   1.7056856e-01  -1.4040071e-02
   1.6722408e-01  -1.4127572e-02
   1.6387960e-01  -1.4212057e-02
   1.6053512e-01  -1.4293336e-02
   1.5719064e-01  -1.4371212e-02
   1.5384615e-01  -1.4445479e-02
   1.5050167e-01  -1.4515923e-02
   1.4715719e-01  -1.4582320e-02
   1.4381271e-01  -1.4644437e-02
   1.4046823e-01  -1.4702030e-02
   1.3712375e-01  -1.4754843e-02
   1.3377926e-01  -1.4802609e-02
   1.3043478e-01  -1.4845049e-02
   1.2709030e-01  -1.4881867e-02
   1.2374582e-01  -1.4912755e-02
   1.2040134e-01  -1.4937385e-02
   1.1705686e-01  -1.4955416e-02
   1.1371237e-01  -1.4966484e-02
   1.1036789e-01  -1.4970203e-02
   1.0702341e-01  -1.4966168e-02
   1.0367893e-01  -1.4953945e-02
   1.0033445e-01  -1.4933073e-02
   9.6989967e-02  -1.4903060e-02
   9.3645485e-02  -1.4863379e-02
   9.0301003e-02  -1.4813465e-02
   8.6956522e-02  -1.4752710e-02
   8.3612040e-02  -1.4680457e-02
   8.0267559e-02  -1.4595994e-02
   7.6923077e-02  -1.4498549e-02
   7.3578595e-02  -1.4387276e-02
   7.0234114e-02  -1.4261247e-02
   6.6889632e-02  -1.4119443e-02
   6.3545151e-02  -1.3960730e-02
   6.0200669e-02  -1.3783846e-02
   5.6856187e-02  -1.3587375e-02
   5.3511706e-02  -1.3369716e-02
   5.0167224e-02  -1.3129044e-02
   4.6822742e-02  -1.2863258e-02
   4.3478261e-02  -1.2569916e-02
   4.0133779e-02  -1.2246144e-02
   3.6789298e-02  -1.1888512e-02
   3.3444816e-02  -1.1492857e-02
   3.0100334e-02  -1.1054029e-02
   2.6755853e-02  -1.0565504e-02
   2.3411371e-02  -1.0018777e-02
   2.0066890e-02  -9.4023524e-03
   1.6722408e-02  -8.6999322e-03
   1.3377926e-02  -7.8868880e-03
   1.0033445e-02  -6.9223898e-03
   6.6889632e-03  -5.7280286e-03
   3.3444816e-03  -4.1044979e-03
   0.0000000e+00   0.0000000e+00
