   0.0000000e+00   0.0000000e+00
   3.3444816e-03   1.8712046e-02
   6.6889632e-03   2.6363255e-02
   1.0033445e-02   3.2166058e-02
   1.3377926e-02   3.7000777e-02
   1.6722408e-02   4.1209746e-02
   2.0066890e-02   4.4969196e-02
   2.3411371e-02   4.8384199e-02
   2.6755853e-02   5.1523464e-02
   3.0100334e-02   5.4434890e-02
   3.3444816e-02   5.7153475e-02
   3.6789298e-02   5.9705736e-02
   4.0133779e-02   6.2112347e-02
   4.3478261e-02   6.4389810e-02
   4.6822742e-02   6.6551553e-02
   5.0167224e-02   6.8608681e-02
   5.3511706e-02   7.0570513e-02
   5.6856187e-02   7.2444957e-02
   6.0200669e-02   7.4238802e-02
   6.3545151e-02   7.5957927e-02
   6.6889632e-02   7.7607466e-02
   7.0234114e-02   7.9191936e-02
   7.3578595e-02   8.0715339e-02
   7.6923077e-02   8.2181241e-02
   8.0267559e-02   8.3592837e-02
   8.3612040e-02   8.4953004e-02
   8.6956522e-02   8.6264347e-02
   9.0301003e-02   8.7529231e-02
   9.3645485e-02   8.8749815e-02
   9.6989967e-02   8.9928074e-02
   1.0033445e-01   9.1065823e-02
   1.0367893e-01   9.2164736e-02
   1.0702341e-01   9.3226359e-02
   1.1036789e-01   9.4252126e-02
   1.1371237e-01   9.5243368e-02
   1.1705686e-01   9.6201328e-02
   1.2040134e-01   9.7127163e-02
   1.2374582e-01   9.8021959e-02
   1.2709030e-01   9.8886733e-02
   1.3043478e-01   9.9722440e-02
   1.3377926e-01   1.0052998e-01
   1.3712375e-01   1.0131021e-01
   1.4046823e-01   1.0206391e-01
   1.4381271e-01   1.0279186e-01
   1.4715719e-01   1.0349478e-01
   1.5050167e-01   1.0417333e-01
   1.5384615e-01   1.0482818e-01
   1.5719064e-01   1.0545994e-01
   1.6053512e-01   1.0606920e-01
   1.6387960e-01   1.0665651e-01
   1.6722408e-01   1.0722243e-01
   1.7056856e-01   1.0776745e-01
   1.7391304e-01   1.0829207e-01
   1.7725753e-01   1.0879676e-01
   1.8060201e-01   1.0928197e-01
   1.8394649e-01   1.0974813e-01
   1.8729097e-01   1.1019567e-01
   1.9063545e-01   1.1062498e-01
   1.9397993e-01   1.1103644e-01
   1.9732441e-01   1.1143044e-01
   2.0066890e-01   1.1180733e-01
   2.0401338e-01   1.1216745e-01
   2.0735786e-01   1.1251114e-01
   2.1070234e-01   1.1283872e-01
   2.1404682e-01   1.1315052e-01
   2.1739130e-01   1.1344682e-01
   2.2073579e-01   1.1372792e-01
   2.2408027e-01   1.1399411e-01
   2.2742475e-01   1.1424566e-01
   2.3076923e-01   1.1448285e-01
   2.3411371e-01   1.1470593e-01
   2.3745819e-01   1.1491515e-01
   2.4080268e-01   1.1511076e-01
   2.4414716e-01   1.1529300e-01
   2.4749164e-01   1.1546210e-01
   2.5083612e-01   1.1561828e-01
   2.5418060e-01   1.1576178e-01
   2.5752508e-01   1.1589280e-01
   2.6086957e-01   1.1601155e-01
   2.6421405e-01   1.1611823e-01
   2.6755853e-01   1.1621305e-01
   2.7090301e-01   1.1629621e-01
   2.7424749e-01   1.1636788e-01
   2.7759197e-01   1.1642826e-01
   2.8093645e-01   1.1647752e-01
   2.8428094e-01   1.1651585e-01
   2.8762542e-01   1.1654342e-01
   2.9096990e-01   1.1656040e-01
   2.9431438e-01   1.1656694e-01
   2.9765886e-01   1.1656323e-01
   3.0100334e-01   1.1654941e-01
   3.0434783e-01   1.1652564e-01
   3.0769231e-01   1.1649207e-01
   3.1103679e-01   1.1644885e-01
   3.1438127e-01   1.1639613e-01
   3.1772575e-01   1.1633406e-01
   3.2107023e-01   1.1626276e-01
   3.2441472e-01   1.1618239e-01
   3.2775920e-01   1.1609307e-01
   3.3110368e-01   1.1599494e-01
   3.3444816e-01   1.1588813e-01
   3.3779264e-01   1.1577277e-01
   3.4113712e-01   1.1564898e-01
   3.4448161e-01   1.1551688e-01
   3.4782609e-01   1.1537660e-01
   3.5117057e-01   1.1522825e-01
   3.5451505e-01   1.1507196e-01
   3.5785953e-01   1.1490783e-01
   3.6120401e-01   1.1473598e-01
   3.6454849e-01   1.1455652e-01
   3.6789298e-01   1.1436956e-01
   3.7123746e-01   1.1417520e-01
   3.7458194e-01   1.1397355e-01
   3.7792642e-01   1.1376472e-01
   3.8127090e-01   1.1354879e-01
   3.8461538e-01   1.1332588e-01
   3.8795987e-01   1.1309609e-01
   3.9130435e-01   1.1285950e-01
   3.9464883e-01   1.1261621e-01
   3.9799331e-01   1.1236631e-01
   4.0133779e-01   1.1210990e-01
   4.0468227e-01   1.1184707e-01
   4.0802676e-01   1.1157791e-01
   4.1137124e-01   1.1130249e-01
   4.1471572e-01   1.1102091e-01
   4.1806020e-01   1.1073326e-01
   4.2140468e-01   1.1043960e-01
   4.2474916e-01   1.1014003e-01
   4.2809365e-01   1.0983463e-01
   4.3143813e-01   1.0952347e-01
   4.3478261e-01   1.0920663e-01
   4.3812709e-01   1.0888418e-01
   4.4147157e-01   1.0855620e-01
   4.4481605e-01   1.0822277e-01
   4.4816054e-01   1.0788395e-01
   4.5150502e-01   1.0753982e-01
   4.5484950e-01   1.0719045e-01
   4.5819398e-01   1.0683590e-01
   4.6153846e-01   1.0647623e-01
   4.6488294e-01   1.0611153e-01
   4.6822742e-01   1.0574185e-01
   4.7157191e-01   1.0536725e-01
   4.7491639e-01   1.0498780e-01
   4.7826087e-01   1.0460356e-01
   4.8160535e-01   1.0421458e-01
   4.8494983e-01   1.0382093e-01
   4.8829431e-01   1.0342267e-01
   4.9163880e-01   1.0301985e-01
   4.9498328e-01   1.0261253e-01
   4.9832776e-01   1.0220076e-01
   5.0167224e-01   1.0178460e-01
   5.0501672e-01   1.0136409e-01
   5.0836120e-01   1.0093929e-01
   5.1170569e-01   1.0051026e-01
   5.1505017e-01   1.0007703e-01
   5.1839465e-01   9.9639655e-02
   5.2173913e-01   9.9198188e-02
   5.2508361e-01   9.8752671e-02
   5.2842809e-01   9.8303150e-02
   5.3177258e-01   9.7849669e-02
   5.3511706e-01   9.7392270e-02
   5.3846154e-01   9.6930997e-02
   5.4180602e-01   9.6465889e-02
   5.4515050e-01   9.5996988e-02
   5.4849498e-01   9.5524331e-02
   5.5183946e-01   9.5047959e-02
   5.5518395e-01   9.4567906e-02
   5.5852843e-01   9.4084211e-02
   5.6187291e-01   9.3596908e-02
   5.6521739e-01   9.3106030e-02
   5.6856187e-01   9.2611613e-02
   5.7190635e-01   9.2113687e-02
   5.7525084e-01   9.1612284e-02
   5.7859532e-01   9.1107435e-02
   5.8193980e-01   9.0599169e-02
   5.8528428e-01   9.0087514e-02
   5.8862876e-01   8.9572498e-02
   5.9197324e-01   8.9054148e-02
   5.9531773e-01   8.8532490e-02
   5.9866221e-01   8.8007547e-02
   6.0200669e-01   8.7479344e-02
   6.0535117e-01   8.6947904e-02
   6.0869565e-01   8.6413248e-02
   6.1204013e-01   8.5875398e-02
   6.1538462e-01   8.5334373e-02
   6.1872910e-01   8.4790193e-02
   6.2207358e-01   8.4242876e-02
   6.2541806e-01   8.3692438e-02
   6.2876254e-01   8.3138897e-02
   6.3210702e-01   8.2582268e-02
   6.3545151e-01   8.2022565e-02
   6.3879599e-01   8.1459801e-02
   6.4214047e-01   8.0893990e-02
   6.4548495e-01   8.0325143e-02
   6.4882943e-01   7.9753271e-02
   6.5217391e-01   7.9178383e-02
   6.5551839e-01   7.8600488e-02
   6.5886288e-01   7.8019595e-02
   6.6220736e-01   7.7435711e-02
   6.6555184e-01   7.6848841e-02
   6.6889632e-01   7.6258991e-02
   6.7224080e-01   7.5666165e-02
   6.7558528e-01   7.5070366e-02
   6.7892977e-01   7.4471598e-02
   6.8227425e-01   7.3869861e-02
   6.8561873e-01   7.3265156e-02
   6.8896321e-01   7.2657483e-02
   6.9230769e-01   7.2046840e-02
   6.9565217e-01   7.1433225e-02
   6.9899666e-01   7.0816636e-02
   7.0234114e-01   7.0197069e-02
   7.0568562e-01   6.9574517e-02
   7.0903010e-01   6.8948976e-02
   7.1237458e-01   6.8320438e-02
   7.1571906e-01   6.7688896e-02
   7.1906355e-01   6.7054342e-02
   7.2240803e-01   6.6416765e-02
   7.2575251e-01   6.5776156e-02
   7.2909699e-01   6.5132502e-02
   7.3244147e-01   6.4485791e-02
   7.3578595e-01   6.3836010e-02
   7.3913043e-01   6.3183146e-02
   7.4247492e-01   6.2527181e-02
   7.4581940e-01   6.1868102e-02
   7.4916388e-01   6.1205889e-02
   7.5250836e-01   6.0540527e-02
   7.5585284e-01   5.9871995e-02
   7.5919732e-01   5.9200273e-02
   7.6254181e-01   5.8525342e-02
   7.6588629e-01   5.7847178e-02
   7.6923077e-01   5.7165761e-02
   7.7257525e-01   5.6481065e-02
   7.7591973e-01   5.5793066e-02
   7.7926421e-01   5.5101739e-02
   7.8260870e-01   5.4407058e-02
   7.8595318e-01   5.3708994e-02
   7.8929766e-01   5.3007520e-02
   7.9264214e-01   5.2302606e-02
   7.9598662e-01   5.1594223e-02
   7.9933110e-01   5.0882338e-02
   8.0267559e-01   5.0166919e-02
   8.0602007e-01   4.9447934e-02
   8.0936455e-01   4.8725348e-02
   8.1270903e-01   4.7999127e-02
   8.1605351e-01   4.7269233e-02
   8.1939799e-01   4.6535631e-02
   8.2274247e-01   4.5798283e-02
   8.2608696e-01   4.5057148e-02
   8.2943144e-01   4.4312189e-02
   8.3277592e-01   4.3563363e-02
   8.3612040e-01   4.2810628e-02
   8.3946488e-01   4.2053943e-02
   8.4280936e-01   4.1293263e-02
   8.4615385e-01   4.0528543e-02
   8.4949833e-01   3.9759739e-02
   8.5284281e-01   3.8986802e-02
   8.5618729e-01   3.8209685e-02
   8.5953177e-01   3.7428341e-02
   8.6287625e-01   3.6642718e-02
   8.6622074e-01   3.5852767e-02
   8.6956522e-01   3.5058435e-02
   8.7290970e-01   3.4259671e-02
   8.7625418e-01   3.3456420e-02
   8.7959866e-01   3.2648628e-02
   8.8294314e-01   3.1836239e-02
   8.8628763e-01   3.1019197e-02
   8.8963211e-01   3.0197444e-02
   8.9297659e-01   2.9370921e-02
   8.9632107e-01   2.8539569e-02
   8.9966555e-01   2.7703327e-02
   9.0301003e-01   2.6862134e-02
   9.0635452e-01   2.6015927e-02
   9.0969900e-01   2.5164642e-02
   9.1304348e-01   2.4308215e-02
   9.1638796e-01   2.3446580e-02
   9.1973244e-01   2.2579670e-02
   9.2307692e-01   2.1707417e-02
   9.2642140e-01   2.0829754e-02
   9.2976589e-01   1.9946609e-02
   9.3311037e-01   1.9057913e-02
   9.3645485e-01   1.8163593e-02
   9.3979933e-01   1.7263578e-02
   9.4314381e-01   1.6357791e-02
   9.4648829e-01   1.5446160e-02
   9.4983278e-01   1.4528608e-02
   9.5317726e-01   1.3605058e-02
   9.5652174e-01   1.2675433e-02
   9.5986622e-01   1.1739652e-02
   9.6321070e-01   1.0797636e-02
   9.6655518e-01   9.8493039e-03
   9.6989967e-01   8.8945736e-03
   9.7324415e-01   7.9333618e-03
   9.7658863e-01   6.9655842e-03
   9.7993311e-01   5.9911555e-03
   9.8327759e-01   5.0099894e-03
   9.8662207e-01   4.0219984e-03
   9.8996656e-01   3.0270940e-03
   9.9331104e-01   2.0251867e-03
   9.9665552e-01   1.0161860e-03
   1.0000000e+00   0.0000000e+00
   1.0000000e+00  -0.0000000e+00
   9.9665552e-01  -3.0064333e-06
   9.9331104e-01  -1.1439115e-05
   9.8996656e-01  -2.5209541e-05
   9.8662207e-01  -4.4230042e-05
   9.8327759e-01  -6.8413781e-05
   9.7993311e-01  -9.7674747e-05
   9.7658863e-01  -1.3192776e-04
   9.7324415e-01  -1.7108844e-04
   9.6989967e-01  -2.1507325e-04
   9.6655518e-01  -2.6379946e-04
   9.6321070e-01  -3.1718515e-04
   9.5986622e-01  -3.7514918e-04
   9.5652174e-01  -4.3761126e-04
   9.5317726e-01  -5.0449188e-04
   9.4983278e-01  -5.7571230e-04
   9.4648829e-01  -6.5119461e-04
   9.4314381e-01  -7.3086168e-04
   9.3979933e-01  -8.1463715e-04
   9.3645485e-01  -9.0244546e-04
   9.3311037e-01  -9.9421182e-04
   9.2976589e-01  -1.0898622e-03
   9.2642140e-01  -1.1893234e-03
   9.2307692e-01  -1.2925229e-03
   9.1973244e-01  -1.3993889e-03
   9.1638796e-01  -1.5098507e-03
   9.1304348e-01  -1.6238378e-03
   9.0969900e-01  -1.7412810e-03
   9.0635452e-01  -1.8621115e-03
   9.0301003e-01  -1.9862613e-03
   8.9966555e-01  -2.1136633e-03
   8.9632107e-01  -2.2442509e-03
   8.9297659e-01  -2.3779584e-03
   8.8963211e-01  -2.5147209e-03
   8.8628763e-01  -2.6544739e-03
   8.8294314e-01  -2.7971540e-03
   8.7959866e-01  -2.9426983e-03
   8.7625418e-01  -3.0910447e-03
   8.7290970e-01  -3.2421317e-03
   8.6956522e-01  -3.3958987e-03
   8.6622074e-01  -3.5522855e-03
   8.6287625e-01  -3.7112329e-03
   8.5953177e-01  -3.8726822e-03
   8.5618729e-01  -4.0365756e-03
   8.5284281e-01  -4.2028557e-03
   8.4949833e-01  -4.3714660e-03
   8.4615385e-01  -4.5423505e-03
   8.4280936e-01  -4.7154541e-03
   8.3946488e-01  -4.8907222e-03
   8.3612040e-01  -5.0681008e-03
   8.3277592e-01  -5.2475368e-03
   8.2943144e-01  -5.4289776e-03
   8.2608696e-01  -5.6123713e-03
   8.2274247e-01  -5.7976665e-03
   8.1939799e-01  -5.9848127e-03
   8.1605351e-01  -6.1737597e-03
   8.1270903e-01  -6.3644583e-03
   8.0936455e-01  -6.5568598e-03
   8.0602007e-01  -6.7509159e-03
   8.0267559e-01  -6.9465793e-03
   7.9933110e-01  -7.1438029e-03
   7.9598662e-01  -7.3425406e-03
   7.9264214e-01  -7.5427467e-03
   7.8929766e-01  -7.7443761e-03
   7.8595318e-01  -7.9473844e-03
   7.8260870e-01  -8.1517276e-03
   7.7926421e-01  -8.3573626e-03
   7.7591973e-01  -8.5642465e-03
   7.7257525e-01  -8.7723373e-03
   7.6923077e-01  -8.9815934e-03
   7.6588629e-01  -9.1919738e-03
   7.6254181e-01  -9.4034381e-03
   7.5919732e-01  -9.6159464e-03
   7.5585284e-01  -9.8294594e-03
   7.5250836e-01  -1.0043938e-02
   7.4916388e-01  -1.0259345e-02
   7.4581940e-01  -1.0475642e-02
   7.4247492e-01  -1.0692791e-02
   7.3913043e-01  -1.0910757e-02
   7.3578595e-01  -1.1129503e-02
   7.3244147e-01  -1.1348994e-02
   7.2909699e-01  -1.1569194e-02
   7.2575251e-01  -1.1790069e-02
   7.2240803e-01  -1.2011585e-02
   7.1906355e-01  -1.2233708e-02
   7.1571906e-01  -1.2456405e-02
   7.1237458e-01  -1.2679644e-02
   7.0903010e-01  -1.2903392e-02
   7.0568562e-01  -1.3127618e-02
   7.0234114e-01  -1.3352291e-02
   6.9899666e-01  -1.3577380e-02
   6.9565217e-01  -1.3802854e-02
   6.9230769e-01  -1.4028684e-02
   6.8896321e-01  -1.4254841e-02
   6.8561873e-01  -1.4481295e-02
   6.8227425e-01  -1.4708018e-02
   6.7892977e-01  -1.4934982e-02
   6.7558528e-01  -1.5162159e-02
   6.7224080e-01  -1.5389522e-02
   6.6889632e-01  -1.5617045e-02
   6.6555184e-01  -1.5844700e-02
   6.6220736e-01  -1.6072462e-02
   6.5886288e-01  -1.6300305e-02
   6.5551839e-01  -1.6528204e-02
   6.5217391e-01  -1.6756133e-02
   6.4882943e-01  -1.6984069e-02
   6.4548495e-01  -1.7211988e-02
   6.4214047e-01  -1.7439864e-02
   6.3879599e-01  -1.7667675e-02
   6.3545151e-01  -1.7895399e-02
   6.3210702e-01  -1.8123011e-02
   6.2876254e-01  -1.8350489e-02
   6.2541806e-01  -1.8577812e-02
   6.2207358e-01  -1.8804958e-02
   6.1872910e-01  -1.9031904e-02
   6.1538462e-01  -1.9258630e-02
   6.1204013e-01  -1.9485115e-02
   6.0869565e-01  -1.9711338e-02
   6.0535117e-01  -1.9937279e-02
   6.0200669e-01  -2.0162918e-02
   5.9866221e-01  -2.0388234e-02
   5.9531773e-01  -2.0613208e-02
   5.9197324e-01  -2.0837821e-02
   5.8862876e-01  -2.1062054e-02
   5.8528428e-01  -2.1285887e-02
   5.8193980e-01  -2.1509303e-02
   5.7859532e-01  -2.1732282e-02
   5.7525084e-01  -2.1954806e-02
   5.7190635e-01  -2.2176857e-02
   5.6856187e-01  -2.2398418e-02
   5.6521739e-01  -2.2619470e-02
   5.6187291e-01  -2.2839996e-02
   5.5852843e-01  -2.3059979e-02
   5.5518395e-01  -2.3279400e-02
   5.5183946e-01  -2.3498244e-02
   5.4849498e-01  -2.3716493e-02
   5.4515050e-01  -2.3934130e-02
   5.4180602e-01  -2.4151139e-02
   5.3846154e-01  -2.4367502e-02
   5.3511706e-01  -2.4583203e-02
   5.3177258e-01  -2.4798226e-02
   5.2842809e-01  -2.5012554e-02
   5.2508361e-01  -2.5226171e-02
   5.2173913e-01  -2.5439060e-02
   5.1839465e-01  -2.5651205e-02
   5.1505017e-01  -2.5862589e-02
   5.1170569e-01  -2.6073197e-02
   5.0836120e-01  -2.6283012e-02
   5.0501672e-01  -2.6492017e-02
   5.0167224e-01  -2.6700197e-02
   4.9832776e-01  -2.6907534e-02
   4.9498328e-01  -2.7114013e-02
   4.9163880e-01  -2.7319617e-02
   4.8829431e-01  -2.7524330e-02
   4.8494983e-01  -2.7728134e-02
   4.8160535e-01  -2.7931012e-02
   4.7826087e-01  -2.8132949e-02
   4.7491639e-01  -2.8333926e-02
   4.7157191e-01  -2.8533928e-02
   4.6822742e-01  -2.8732935e-02
   4.6488294e-01  -2.8930931e-02
   4.6153846e-01  -2.9127898e-02
   4.5819398e-01  -2.9323819e-02
   4.5484950e-01  -2.9518674e-02
   4.5150502e-01  -2.9712445e-02
   4.4816054e-01  -2.9905115e-02
   4.4481605e-01  -3.0096663e-02
   4.4147157e-01  -3.0287070e-02
   4.3812709e-01  -3.0476318e-02
   4.3478261e-01  -3.0664386e-02
   4.3143813e-01  -3.0851254e-02
   4.2809365e-01  -3.1036901e-02
   4.2474916e-01  -3.1221306e-02
   4.2140468e-01  -3.1404448e-02
   4.1806020e-01  -3.1586305e-02
   4.1471572e-01  -3.1766855e-02
   4.1137124e-01  -3.1946074e-02
   4.0802676e-01  -3.2123941e-02
   4.0468227e-01  -3.2300430e-02
   4.0133779e-01  -3.2475518e-02
   3.9799331e-01  -3.2649180e-02
   3.9464883e-01  -3.2821390e-02
   3.9130435e-01  -3.2992122e-02
   3.8795987e-01  -3.3161349e-02
   3.8461538e-01  -3.3329045e-02
   3.8127090e-01  -3.3495180e-02
   3.7792642e-01  -3.3659727e-02
   3.7458194e-01  -3.3822655e-02
   3.7123746e-01  -3.3983934e-02
   3.6789298e-01  -3.4143533e-02
   3.6454849e-01  -3.4301420e-02
   3.6120401e-01  -3.4457562e-02
   3.5785953e-01  -3.4611925e-02
   3.5451505e-01  -3.4764475e-02
   3.5117057e-01  -3.4915175e-02
   3.4782609e-01  -3.5063989e-02
   3.4448161e-01  -3.5210879e-02
   3.4113712e-01  -3.5355805e-02
   3.3779264e-01  -3.5498729e-02
   3.3444816e-01  -3.5639607e-02
   3.3110368e-01  -3.5778399e-02
   3.2775920e-01  -3.5915060e-02
   3.2441472e-01  -3.6049544e-02
   3.2107023e-01  -3.6181806e-02
   3.1772575e-01  -3.6311797e-02
   3.1438127e-01  -3.6439468e-02
   3.1103679e-01  -3.6564767e-02
   3.0769231e-01  -3.6687643e-02
   3.0434783e-01  -3.6808040e-02
   3.0100334e-01  -3.6925903e-02
   2.9765886e-01  -3.7041174e-02
   2.9431438e-01  -3.7153793e-02
   2.9096990e-01  -3.7263699e-02
   2.8762542e-01  -3.7370828e-02
   2.8428094e-01  -3.7475114e-02
   2.8093645e-01  -3.7576489e-02
   2.7759197e-01  -3.7674883e-02
   2.7424749e-01  -3.7770224e-02
   2.7090301e-01  -3.7862437e-02
   2.6755853e-01  -3.7951444e-02
   2.6421405e-01  -3.8037165e-02
   2.6086957e-01  -3.8119517e-02
   2.5752508e-01  -3.8198415e-02
   2.5418060e-01  -3.8273770e-02
   2.5083612e-01  -3.8345489e-02
   2.4749164e-01  -3.8413479e-02
   2.4414716e-01  -3.8477641e-02
   2.4080268e-01  -3.8537872e-02
   2.3745819e-01  -3.8594067e-02
   2.3411371e-01  -3.8646117e-02
   2.3076923e-01  -3.8693908e-02
   2.2742475e-01  -3.8737323e-02
   2.2408027e-01  -3.8776239e-02
   2.2073579e-01  -3.8810530e-02
   2.1739130e-01  -3.8840064e-02
   2.1404682e-01  -3.8864706e-02
   2.1070234e-01  -3.8884312e-02
   2.0735786e-01  -3.8898736e-02
   2.0401338e-01  -3.8907825e-02
   2.0066890e-01  -3.8911420e-02
   1.9732441e-01  -3.8909353e-02
   1.9397993e-01  -3.8901454e-02
   1.9063545e-01  -3.8887543e-02
   1.8729097e-01  -3.8867431e-02
   1.8394649e-01  -3.8840925e-02
   1.8060201e-01  -3.8807819e-02
   1.7725753e-01  -3.8767902e-02
   1.7391304e-01  -3.8720952e-02
   1.7056856e-01  -3.8666737e-02
   1.6722408e-01  -3.8605013e-02
   1.6387960e-01  -3.8535528e-02
   1.6053512e-01  -3.8458014e-02
   1.5719064e-01  -3.8372193e-02
   1.5384615e-01  -3.8277773e-02
   1.5050167e-01  -3.8174447e-02
   1.4715719e-01  -3.8061890e-02
   1.4381271e-01  -3.7939765e-02
   1.4046823e-01  -3.7807712e-02
   1.3712375e-01  -3.7665356e-02
   1.3377926e-01  -3.7512297e-02
   1.3043478e-01  -3.7348114e-02
   1.2709030e-01  -3.7172364e-02
   1.2374582e-01  -3.6984573e-02
   1.2040134e-01  -3.6784241e-02
   1.1705686e-01  -3.6570835e-02
   1.1371237e-01  -3.6343788e-02
   1.1036789e-01  -3.6102497e-02
   1.0702341e-01  -3.5846313e-02
   1.0367893e-01  -3.5574547e-02
   1.0033445e-01  -3.5286453e-02
   9.6989967e-02  -3.4981235e-02
   9.3645485e-02  -3.4658030e-02
   9.0301003e-02  -3.4315905e-02
   8.6956522e-02  -3.3953852e-02
   8.3612040e-02  -3.3570769e-02
   8.0267559e-02  -3.3165458e-02
   7.6923077e-02  -3.2736602e-02
   7.3578595e-02  -3.2282756e-02
   7.0234114e-02  -3.1802320e-02
   6.6889632e-02  -3.1293519e-02
   6.3545151e-02  -3.0754371e-02
   6.0200669e-02  -3.0182652e-02
   5.6856187e-02  -2.9575845e-02
   5.3511706e-02  -2.8931089e-02
   5.0167224e-02  -2.8245096e-02
   4.6822742e-02  -2.7514059e-02
   4.3478261e-02  -2.6733521e-02
   4.0133779e-02  -2.5898200e-02
   3.6789298e-02  -2.5001754e-02
   3.3444816e-02  -2.4036432e-02
   3.0100334e-02  -2.2992588e-02
   2.6755853e-02  -2.1857926e-02
   2.3411371e-02  -2.0616318e-02
   2.0066890e-02  -1.9245830e-02
   1.6722408e-02  -1.7715188e-02
   1.3377926e-02  -1.5976857e-02
   1.0033445e-02  -1.3951582e-02
   6.6889632e-03  -1.1486300e-02
   3.3444816e-03  -8.1897069e-03
   0.0000000e+00   0.0000000e+00
