   0.0000000e+00   0.0000000e+00
   3.3444816e-03   1.6959787e-02
   6.6889632e-03   2.3963399e-02
   1.0033445e-02   2.9321821e-02
   1.3377926e-02   3.3825257e-02
   1.6722408e-02   3.7779910e-02
   2.0066890e-02   4.1342853e-02
   2.3411371e-02   4.4607400e-02
   2.6755853e-02   4.7634345e-02
   3.0100334e-02   5.0465908e-02
   3.3444816e-02   5.3132820e-02
   3.6789298e-02   5.5658270e-02
   4.0133779e-02   5.8060266e-02
   4.3478261e-02   6.0353117e-02
   4.6822742e-02   6.2548422e-02
   5.0167224e-02   6.4655728e-02
   5.3511706e-02   6.6683012e-02
   5.6856187e-02   6.8637013e-02
   6.0200669e-02   7.0523488e-02
   6.3545151e-02   7.2347400e-02
   6.6889632e-02   7.4113062e-02
   7.0234114e-02   7.5824250e-02
   7.3578595e-02   7.7484294e-02
   7.6923077e-02   7.9096144e-02
   8.0267559e-02   8.0662432e-02
   8.3612040e-02   8.2185516e-02
   8.6956522e-02   8.3667519e-02
   9.0301003e-02   8.5110357e-02
   9.3645485e-02   8.6515774e-02
   9.6989967e-02   8.7885352e-02
   1.0033445e-01   8.9220543e-02
   1.0367893e-01   9.0522673e-02
   1.0702341e-01   9.1792964e-02
   1.1036789e-01   9.3032541e-02
   1.1371237e-01   9.4242445e-02
   1.1705686e-01   9.5423641e-02
   1.2040134e-01   9.6577024e-02
   1.2374582e-01   9.7703427e-02
   1.2709030e-01   9.8803629e-02
   1.3043478e-01   9.9878355e-02
   1.3377926e-01   1.0092829e-01
   1.3712375e-01   1.0195407e-01
   1.4046823e-01   1.0295629e-01
   1.4381271e-01   1.0393552e-01
   1.4715719e-01   1.0489229e-01
   1.5050167e-01   1.0582711e-01
   1.5384615e-01   1.0674044e-01
   1.5719064e-01   1.0763275e-01
   1.6053512e-01   1.0850445e-01
   1.6387960e-01   1.0935596e-01
   1.6722408e-01   1.1018765e-01
   1.7056856e-01   1.1099990e-01
   1.7391304e-01   1.1179306e-01
   1.7725753e-01   1.1256745e-01
   1.8060201e-01   1.1332340e-01
   1.8394649e-01   1.1406121e-01
   1.8729097e-01   1.1478118e-01
   1.9063545e-01   1.1548357e-01
   1.9397993e-01   1.1616867e-01
   1.9732441e-01   1.1683672e-01
   2.0066890e-01   1.1748798e-01
   2.0401338e-01   1.1812268e-01
   2.0735786e-01   1.1874106e-01
   2.1070234e-01   1.1934332e-01
   2.1404682e-01   1.1992969e-01
   2.1739130e-01   1.2050037e-01
   2.2073579e-01   1.2105556e-01
   2.2408027e-01   1.2159545e-01
   2.2742475e-01   1.2212023e-01
   2.3076923e-01   1.2263007e-01
   2.3411371e-01   1.2312514e-01
   2.3745819e-01   1.2360563e-01
   2.4080268e-01   1.2407169e-01
   2.4414716e-01   1.2452347e-01
   2.4749164e-01   1.2496114e-01
   2.5083612e-01   1.2538485e-01
   2.5418060e-01   1.2579473e-01
   2.5752508e-01   1.2619093e-01
   2.6086957e-01   1.2657360e-01
   2.6421405e-01   1.2694285e-01
   2.6755853e-01   1.2729884e-01
   2.7090301e-01   1.2764167e-01
   2.7424749e-01   1.2797149e-01
   2.7759197e-01   1.2828840e-01
   2.8093645e-01   1.2859254e-01
   2.8428094e-01   1.2888401e-01
   2.8762542e-01   1.2916293e-01
   2.9096990e-01   1.2942942e-01
   2.9431438e-01   1.2968357e-01
   2.9765886e-01   1.2992550e-01
   3.0100334e-01   1.3015532e-01
   3.0434783e-01   1.3037312e-01
   3.0769231e-01   1.3057900e-01
   3.1103679e-01   1.3077307e-01
   3.1438127e-01   1.3095542e-01
   3.1772575e-01   1.3112615e-01
   3.2107023e-01   1.3128535e-01
   3.2441472e-01   1.3143311e-01
   3.2775920e-01   1.3156952e-01
   3.3110368e-01   1.3169467e-01
   3.3444816e-01   1.3180865e-01
   3.3779264e-01   1.3191155e-01
   3.4113712e-01   1.3200344e-01
   3.4448161e-01   1.3208441e-01
   3.4782609e-01   1.3215455e-01
   3.5117057e-01   1.3221393e-01
   3.5451505e-01   1.3226263e-01
   3.5785953e-01   1.3230073e-01
   3.6120401e-01   1.3232832e-01
   3.6454849e-01   1.3234545e-01
   3.6789298e-01   1.3235222e-01
   3.7123746e-01   1.3234869e-01
   3.7458194e-01   1.3233493e-01
   3.7792642e-01   1.3231102e-01
   3.8127090e-01   1.3227704e-01
   3.8461538e-01   1.3223304e-01
   3.8795987e-01   1.3217910e-01
   3.9130435e-01   1.3211528e-01
   3.9464883e-01   1.3204166e-01
   3.9799331e-01   1.3195830e-01
   4.0133779e-01   1.3186527e-01
   4.0468227e-01   1.3176263e-01
   4.0802676e-01   1.3165045e-01
   4.1137124e-01   1.3152879e-01
   4.1471572e-01   1.3139771e-01
   4.1806020e-01   1.3125727e-01
   4.2140468e-01   1.3110755e-01
   4.2474916e-01   1.3094859e-01
   4.2809365e-01   1.3078045e-01
   4.3143813e-01   1.3060321e-01
   4.3478261e-01   1.3041691e-01
   4.3812709e-01   1.3022161e-01
   4.4147157e-01   1.3001738e-01
   4.4481605e-01   1.2980426e-01
   4.4816054e-01   1.2958232e-01
   4.5150502e-01   1.2935162e-01
   4.5484950e-01   1.2911219e-01
   4.5819398e-01   1.2886411e-01
   4.6153846e-01   1.2860742e-01
   4.6488294e-01   1.2834219e-01
   4.6822742e-01   1.2806845e-01
   4.7157191e-01   1.2778627e-01
   4.7491639e-01   1.2749569e-01
   4.7826087e-01   1.2719677e-01
   4.8160535e-01   1.2688957e-01
   4.8494983e-01   1.2657411e-01
   4.8829431e-01   1.2625047e-01
   4.9163880e-01   1.2591869e-01
   4.9498328e-01   1.2557881e-01
   4.9832776e-01   1.2523089e-01
   5.0167224e-01   1.2487498e-01
   5.0501672e-01   1.2451111e-01
   5.0836120e-01   1.2413934e-01
   5.1170569e-01   1.2375972e-01
   5.1505017e-01   1.2337229e-01
   5.1839465e-01   1.2297709e-01
   5.2173913e-01   1.2257418e-01
   5.2508361e-01   1.2216359e-01
   5.2842809e-01   1.2174538e-01
   5.3177258e-01   1.2131957e-01
   5.3511706e-01   1.2088623e-01
   5.3846154e-01   1.2044539e-01
   5.4180602e-01   1.1999709e-01
   5.4515050e-01   1.1954137e-01
   5.4849498e-01   1.1907828e-01
   5.5183946e-01   1.1860786e-01
   5.5518395e-01   1.1813015e-01
   5.5852843e-01   1.1764519e-01
   5.6187291e-01   1.1715302e-01
   5.6521739e-01   1.1665367e-01
   5.6856187e-01   1.1614720e-01
   5.7190635e-01   1.1563363e-01
   5.7525084e-01   1.1511300e-01
   5.7859532e-01   1.1458535e-01
   5.8193980e-01   1.1405073e-01
   5.8528428e-01   1.1350916e-01
   5.8862876e-01   1.1296068e-01
   5.9197324e-01   1.1240533e-01
   5.9531773e-01   1.1184315e-01
   5.9866221e-01   1.1127417e-01
   6.0200669e-01   1.1069842e-01
   6.0535117e-01   1.1011594e-01
   6.0869565e-01   1.0952676e-01
   6.1204013e-01   1.0893091e-01
   6.1538462e-01   1.0832844e-01
   6.1872910e-01   1.0771937e-01
   6.2207358e-01   1.0710373e-01
   6.2541806e-01   1.0648156e-01
   6.2876254e-01   1.0585289e-01
   6.3210702e-01   1.0521774e-01
   6.3545151e-01   1.0457615e-01
   6.3879599e-01   1.0392815e-01
   6.4214047e-01   1.0327377e-01
   6.4548495e-01   1.0261304e-01
   6.4882943e-01   1.0194598e-01
   6.5217391e-01   1.0127263e-01
   6.5551839e-01   1.0059302e-01
   6.5886288e-01   9.9907159e-02
   6.6220736e-01   9.9215090e-02
   6.6555184e-01   9.8516835e-02
   6.6889632e-01   9.7812421e-02
   6.7224080e-01   9.7101873e-02
   6.7558528e-01   9.6385217e-02
   6.7892977e-01   9.5662478e-02
   6.8227425e-01   9.4933680e-02
   6.8561873e-01   9.4198848e-02
   6.8896321e-01   9.3458005e-02
   6.9230769e-01   9.2711174e-02
   6.9565217e-01   9.1958377e-02
   6.9899666e-01   9.1199639e-02
   7.0234114e-01   9.0434979e-02
   7.0568562e-01   8.9664420e-02
   7.0903010e-01   8.8887983e-02
   7.1237458e-01   8.8105688e-02
   7.1571906e-01   8.7317555e-02
   7.1906355e-01   8.6523604e-02
   7.2240803e-01   8.5723853e-02
   7.2575251e-01   8.4918323e-02
   7.2909699e-01   8.4107031e-02
   7.3244147e-01   8.3289994e-02
   7.3578595e-01   8.2467230e-02
   7.3913043e-01   8.1638757e-02
   7.4247492e-01   8.0804590e-02
   7.4581940e-01   7.9964746e-02
   7.4916388e-01   7.9119239e-02
   7.5250836e-01   7.8268085e-02
   7.5585284e-01   7.7411299e-02
   7.5919732e-01   7.6548895e-02
   7.6254181e-01   7.5680886e-02
   7.6588629e-01   7.4807285e-02
   7.6923077e-01   7.3928105e-02
   7.7257525e-01   7.3043359e-02
   7.7591973e-01   7.2153058e-02
   7.7926421e-01   7.1257213e-02
   7.8260870e-01   7.0355834e-02
   7.8595318e-01   6.9448934e-02
   7.8929766e-01   6.8536520e-02
   7.9264214e-01   6.7618602e-02
   7.9598662e-01   6.6695190e-02
   7.9933110e-01   6.5766291e-02
   8.0267559e-01   6.4831914e-02
   8.0602007e-01   6.3892065e-02
   8.0936455e-01   6.2946752e-02
   8.1270903e-01   6.1995981e-02
   8.1605351e-01   6.1039757e-02
   8.1939799e-01   6.0078087e-02
   8.2274247e-01   5.9110974e-02
   8.2608696e-01   5.8138423e-02
   8.2943144e-01   5.7160439e-02
   8.3277592e-01   5.6177023e-02
   8.3612040e-01   5.5188180e-02
   8.3946488e-01   5.4193911e-02
   8.4280936e-01   5.3194219e-02
   8.4615385e-01   5.2189103e-02
   8.4949833e-01   5.1178566e-02
   8.5284281e-01   5.0162608e-02
   8.5618729e-01   4.9141227e-02
   8.5953177e-01   4.8114424e-02
   8.6287625e-01   4.7082196e-02
   8.6622074e-01   4.6044543e-02
   8.6956522e-01   4.5001461e-02
   8.7290970e-01   4.3952947e-02
   8.7625418e-01   4.2898999e-02
   8.7959866e-01   4.1839612e-02
   8.8294314e-01   4.0774781e-02
   8.8628763e-01   3.9704502e-02
   8.8963211e-01   3.8628769e-02
   8.9297659e-01   3.7547575e-02
   8.9632107e-01   3.6460914e-02
   8.9966555e-01   3.5368779e-02
   9.0301003e-01   3.4271161e-02
   9.0635452e-01   3.3168053e-02
   9.0969900e-01   3.2059445e-02
   9.1304348e-01   3.0945328e-02
   9.1638796e-01   2.9825692e-02
   9.1973244e-01   2.8700526e-02
   9.2307692e-01   2.7569819e-02
   9.2642140e-01   2.6433560e-02
   9.2976589e-01   2.5291735e-02
   9.3311037e-01   2.4144333e-02
   9.3645485e-01   2.2991340e-02
   9.3979933e-01   2.1832741e-02
   9.4314381e-01   2.0668522e-02
   9.4648829e-01   1.9498668e-02
   9.4983278e-01   1.8323163e-02
   9.5317726e-01   1.7141992e-02
   9.5652174e-01   1.5955136e-02
   9.5986622e-01   1.4762579e-02
   9.6321070e-01   1.3564302e-02
   9.6655518e-01   1.2360286e-02
   9.6989967e-01   1.1150514e-02
   9.7324415e-01   9.9349637e-03
   9.7658863e-01   8.7136158e-03
   9.7993311e-01   7.4864491e-03
   9.8327759e-01   6.2534420e-03
   9.8662207e-01   5.0145721e-03
   9.8996656e-01   3.7698167e-03
   9.9331104e-01   2.5191524e-03
   9.9665552e-01   1.2625550e-03
   1.0000000e+00   0.0000000e+00
   1.0000000e+00   0.0000000e+00
   9.9665552e-01   2.4209800e-05
   9.9331104e-01   4.5684972e-05
   9.8996656e-01   6.4510717e-05
   9.8662207e-01   8.0770630e-05
   9.8327759e-01   9.4546711e-05
   9.7993311e-01   1.0591937e-04
   9.7658863e-01   1.1496743e-04
   9.7324415e-01   1.2176815e-04
   9.6989967e-01   1.2639723e-04
   9.6655518e-01   1.2892880e-04
   9.6321070e-01   1.2943544e-04
   9.5986622e-01   1.2798822e-04
   9.5652174e-01   1.2465664e-04
   9.5317726e-01   1.1950870e-04
   9.4983278e-01   1.1261090e-04
   9.4648829e-01   1.0402819e-04
   9.4314381e-01   9.3824079e-05
   9.3979933e-01   8.2060545e-05
   9.3645485e-01   6.8798108e-05
   9.3311037e-01   5.4095811e-05
   9.2976589e-01   3.8011237e-05
   9.2642140e-01   2.0600516e-05
   9.2307692e-01   1.9183330e-06
   9.1973244e-01  -1.7982060e-05
   9.1638796e-01  -3.9048840e-05
   9.1304348e-01  -6.1231599e-05
   9.0969900e-01  -8.4481338e-05
   9.0635452e-01  -1.0875046e-04
   9.0301003e-01  -1.3399275e-04
   8.9966555e-01  -1.6016339e-04
   8.9632107e-01  -1.8721891e-04
   8.9297659e-01  -2.1511722e-04
   8.8963211e-01  -2.4381759e-04
   8.8628763e-01  -2.7328060e-04
   8.8294314e-01  -3.0346822e-04
   8.7959866e-01  -3.3434369e-04
   8.7625418e-01  -3.6587159e-04
   8.7290970e-01  -3.9801781e-04
   8.6956522e-01  -4.3074953e-04
   8.6622074e-01  -4.6403522e-04
   8.6287625e-01  -4.9784463e-04
   8.5953177e-01  -5.3214876e-04
   8.5618729e-01  -5.6691990e-04
   8.5284281e-01  -6.0213155e-04
   8.4949833e-01  -6.3775849e-04
   8.4615385e-01  -6.7377668e-04
   8.4280936e-01  -7.1016335e-04
   8.3946488e-01  -7.4689689e-04
   8.3612040e-01  -7.8395692e-04
   8.3277592e-01  -8.2132424e-04
   8.2943144e-01  -8.5898083e-04
   8.2608696e-01  -8.9690982e-04
   8.2274247e-01  -9.3509552e-04
   8.1939799e-01  -9.7352338e-04
   8.1605351e-01  -1.0121800e-03
   8.1270903e-01  -1.0510530e-03
   8.0936455e-01  -1.0901313e-03
   8.0602007e-01  -1.1294048e-03
   8.0267559e-01  -1.1688646e-03
   7.9933110e-01  -1.2085027e-03
   7.9598662e-01  -1.2483122e-03
   7.9264214e-01  -1.2882875e-03
   7.8929766e-01  -1.3284239e-03
   7.8595318e-01  -1.3687176e-03
   7.8260870e-01  -1.4091660e-03
   7.7926421e-01  -1.4497676e-03
   7.7591973e-01  -1.4905215e-03
   7.7257525e-01  -1.5314284e-03
   7.6923077e-01  -1.5724894e-03
   7.6588629e-01  -1.6137069e-03
   7.6254181e-01  -1.6550843e-03
   7.5919732e-01  -1.6966257e-03
   7.5585284e-01  -1.7383363e-03
   7.5250836e-01  -1.7802222e-03
   7.4916388e-01  -1.8222904e-03
   7.4581940e-01  -1.8645489e-03
   7.4247492e-01  -1.9070064e-03
   7.3913043e-01  -1.9496725e-03
   7.3578595e-01  -1.9925579e-03
   7.3244147e-01  -2.0356739e-03
   7.2909699e-01  -2.0790327e-03
   7.2575251e-01  -2.1226475e-03
   7.2240803e-01  -2.1665320e-03
   7.1906355e-01  -2.2107009e-03
   7.1571906e-01  -2.2551697e-03
   7.1237458e-01  -2.2999546e-03
   7.0903010e-01  -2.3450727e-03
   7.0568562e-01  -2.3905416e-03
   7.0234114e-01  -2.4363799e-03
   6.9899666e-01  -2.4826067e-03
   6.9565217e-01  -2.5292419e-03
   6.9230769e-01  -2.5763063e-03
   6.8896321e-01  -2.6238209e-03
   6.8561873e-01  -2.6718080e-03
   6.8227425e-01  -2.7202899e-03
   6.7892977e-01  -2.7692900e-03
   6.7558528e-01  -2.8188322e-03
   6.7224080e-01  -2.8689410e-03
   6.6889632e-01  -2.9196414e-03
   6.6555184e-01  -2.9709591e-03
   6.6220736e-01  -3.0229203e-03
   6.5886288e-01  -3.0755520e-03
   6.5551839e-01  -3.1288813e-03
   6.5217391e-01  -3.1829361e-03
   6.4882943e-01  -3.2377449e-03
   6.4548495e-01  -3.2933365e-03
   6.4214047e-01  -3.3497401e-03
   6.3879599e-01  -3.4069856e-03
   6.3545151e-01  -3.4651033e-03
   6.3210702e-01  -3.5241238e-03
   6.2876254e-01  -3.5840781e-03
   6.2541806e-01  -3.6449979e-03
   6.2207358e-01  -3.7069149e-03
   6.1872910e-01  -3.7698614e-03
   6.1538462e-01  -3.8338699e-03
   6.1204013e-01  -3.8989734e-03
   6.0869565e-01  -3.9652051e-03
   6.0535117e-01  -4.0325984e-03
   6.0200669e-01  -4.1011873e-03
   5.9866221e-01  -4.1710057e-03
   5.9531773e-01  -4.2420879e-03
   5.9197324e-01  -4.3144685e-03
   5.8862876e-01  -4.3881822e-03
   5.8528428e-01  -4.4632639e-03
   5.8193980e-01  -4.5397488e-03
   5.7859532e-01  -4.6176719e-03
   5.7525084e-01  -4.6970688e-03
   5.7190635e-01  -4.7779748e-03
   5.6856187e-01  -4.8604256e-03
   5.6521739e-01  -4.9444568e-03
   5.6187291e-01  -5.0301041e-03
   5.5852843e-01  -5.1174032e-03
   5.5518395e-01  -5.2063898e-03
   5.5183946e-01  -5.2970997e-03
   5.4849498e-01  -5.3895685e-03
   5.4515050e-01  -5.4838320e-03
   5.4180602e-01  -5.5799256e-03
   5.3846154e-01  -5.6778848e-03
   5.3511706e-01  -5.7777450e-03
   5.3177258e-01  -5.8795413e-03
   5.2842809e-01  -5.9833089e-03
   5.2508361e-01  -6.0890825e-03
   5.2173913e-01  -6.1968968e-03
   5.1839465e-01  -6.3067862e-03
   5.1505017e-01  -6.4187848e-03
   5.1170569e-01  -6.5329265e-03
   5.0836120e-01  -6.6492447e-03
   5.0501672e-01  -6.7677728e-03
   5.0167224e-01  -6.8885435e-03
   4.9832776e-01  -7.0115893e-03
   4.9498328e-01  -7.1369422e-03
   4.9163880e-01  -7.2646339e-03
   4.8829431e-01  -7.3946953e-03
   4.8494983e-01  -7.5271572e-03
   4.8160535e-01  -7.6620496e-03
   4.7826087e-01  -7.7994021e-03
   4.7491639e-01  -7.9392436e-03
   4.7157191e-01  -8.0816024e-03
   4.6822742e-01  -8.2265063e-03
   4.6488294e-01  -8.3739821e-03
   4.6153846e-01  -8.5240563e-03
   4.5819398e-01  -8.6767543e-03
   4.5484950e-01  -8.8321009e-03
   4.5150502e-01  -8.9901202e-03
   4.4816054e-01  -9.1508351e-03
   4.4481605e-01  -9.3142680e-03
   4.4147157e-01  -9.4804401e-03
   4.3812709e-01  -9.6493719e-03
   4.3478261e-01  -9.8210828e-03
   4.3143813e-01  -9.9955910e-03
   4.2809365e-01  -1.0172914e-02
   4.2474916e-01  -1.0353068e-02
   4.2140468e-01  -1.0536067e-02
   4.1806020e-01  -1.0721927e-02
   4.1471572e-01  -1.0910659e-02
   4.1137124e-01  -1.1102274e-02
   4.0802676e-01  -1.1296784e-02
   4.0468227e-01  -1.1494196e-02
   4.0133779e-01  -1.1694518e-02
   3.9799331e-01  -1.1897756e-02
   3.9464883e-01  -1.2103913e-02
   3.9130435e-01  -1.2312993e-02
   3.8795987e-01  -1.2524998e-02
   3.8461538e-01  -1.2739925e-02
   3.8127090e-01  -1.2957774e-02
   3.7792642e-01  -1.3178541e-02
   3.7458194e-01  -1.3402219e-02
   3.7123746e-01  -1.3628801e-02
   3.6789298e-01  -1.3858277e-02
   3.6454849e-01  -1.4090636e-02
   3.6120401e-01  -1.4325865e-02
   3.5785953e-01  -1.4563947e-02
   3.5451505e-01  -1.4804864e-02
   3.5117057e-01  -1.5048597e-02
   3.4782609e-01  -1.5295123e-02
   3.4448161e-01  -1.5544417e-02
   3.4113712e-01  -1.5796451e-02
   3.3779264e-01  -1.6051197e-02
   3.3444816e-01  -1.6308620e-02
   3.3110368e-01  -1.6568687e-02
   3.2775920e-01  -1.6831358e-02
   3.2441472e-01  -1.7096593e-02
   3.2107023e-01  -1.7364349e-02
   3.1772575e-01  -1.7634577e-02
   3.1438127e-01  -1.7907229e-02
   3.1103679e-01  -1.8182251e-02
   3.0769231e-01  -1.8459585e-02
   3.0434783e-01  -1.8739172e-02
   3.0100334e-01  -1.9020948e-02
   2.9765886e-01  -1.9304846e-02
   2.9431438e-01  -1.9590794e-02
   2.9096990e-01  -1.9878718e-02
   2.8762542e-01  -2.0168537e-02
   2.8428094e-01  -2.0460169e-02
   2.8093645e-01  -2.0753525e-02
   2.7759197e-01  -2.1048513e-02
   2.7424749e-01  -2.1345038e-02
   2.7090301e-01  -2.1642996e-02
   2.6755853e-01  -2.1942281e-02
   2.6421405e-01  -2.2242782e-02
   2.6086957e-01  -2.2544381e-02
   2.5752508e-01  -2.2846956e-02
   2.5418060e-01  -2.3150378e-02
   2.5083612e-01  -2.3454514e-02
   2.4749164e-01  -2.3759224e-02
   2.4414716e-01  -2.4064360e-02
   2.4080268e-01  -2.4369770e-02
   2.3745819e-01  -2.4675293e-02
   2.3411371e-01  -2.4980764e-02
   2.3076923e-01  -2.5286006e-02
   2.2742475e-01  -2.5590839e-02
   2.2408027e-01  -2.5895073e-02
   2.2073579e-01  -2.6198508e-02
   2.1739130e-01  -2.6500939e-02
   2.1404682e-01  -2.6802150e-02
   2.1070234e-01  -2.7101914e-02
   2.0735786e-01  -2.7399999e-02
   2.0401338e-01  -2.7696157e-02
   2.0066890e-01  -2.7990133e-02
   1.9732441e-01  -2.8281661e-02
   1.9397993e-01  -2.8570462e-02
   1.9063545e-01  -2.8856244e-02
   1.8729097e-01  -2.9138705e-02
   1.8394649e-01  -2.9417527e-02
   1.8060201e-01  -2.9692378e-02
   1.7725753e-01  -2.9962913e-02
   1.7391304e-01  -3.0228769e-02
   1.7056856e-01  -3.0489569e-02
   1.6722408e-01  -3.0744916e-02
   1.6387960e-01  -3.0994397e-02
   1.6053512e-01  -3.1237578e-02
   1.5719064e-01  -3.1474004e-02
   1.5384615e-01  -3.1703200e-02
   1.5050167e-01  -3.1924666e-02
   1.4715719e-01  -3.2137878e-02
   1.4381271e-01  -3.2342285e-02
   1.4046823e-01  -3.2537310e-02
   1.3712375e-01  -3.2722342e-02
   1.3377926e-01  -3.2896742e-02
   1.3043478e-01  -3.3059834e-02
   1.2709030e-01  -3.3210905e-02
   1.2374582e-01  -3.3349201e-02
   1.2040134e-01  -3.3473927e-02
   1.1705686e-01  -3.3584239e-02
   1.1371237e-01  -3.3679242e-02
   1.1036789e-01  -3.3757986e-02
   1.0702341e-01  -3.3819459e-02
   1.0367893e-01  -3.3862584e-02
   1.0033445e-01  -3.3886210e-02
   9.6989967e-02  -3.3889104e-02
   9.3645485e-02  -3.3869946e-02
   9.0301003e-02  -3.3827314e-02
   8.6956522e-02  -3.3759675e-02
   8.3612040e-02  -3.3665373e-02
   8.0267559e-02  -3.3542610e-02
   7.6923077e-02  -3.3389430e-02
   7.3578595e-02  -3.3203694e-02
   7.0234114e-02  -3.2983055e-02
   6.6889632e-02  -3.2724926e-02
   6.3545151e-02  -3.2426441e-02
   6.0200669e-02  -3.2084405e-02
   5.6856187e-02  -3.1695236e-02
   5.3511706e-02  -3.1254886e-02
   5.0167224e-02  -3.0758748e-02
   4.6822742e-02  -3.0201529e-02
   4.3478261e-02  -2.9577083e-02
   4.0133779e-02  -2.8878193e-02
   3.6789298e-02  -2.8096259e-02
   3.3444816e-02  -2.7220874e-02
   3.0100334e-02  -2.6239193e-02
   2.6755853e-02  -2.5134988e-02
   2.3411371e-02  -2.3887164e-02
   2.0066890e-02  -2.2467285e-02
   1.6722408e-02  -2.0835165e-02
   1.3377926e-02  -1.8930262e-02
   1.0033445e-02  -1.6652511e-02
   6.6889632e-03  -1.3810342e-02
   3.3444816e-03  -9.9183121e-03
   0.0000000e+00   0.0000000e+00
