   0.0000000e+00   9.0000000e-05
   3.3444816e-03   5.7502247e-03
   6.6889632e-03   8.1277968e-03
   1.0033445e-02   9.9491043e-03
   1.3377926e-02   1.1481835e-02
   1.6722408e-02   1.2829703e-02
   2.0066890e-02   1.4045907e-02
   2.3411371e-02   1.5162051e-02
   2.6755853e-02   1.6198725e-02
   3.0100334e-02   1.7170228e-02
   3.3444816e-02   1.8086967e-02
   3.6789298e-02   1.8956796e-02
   4.0133779e-02   1.9785814e-02
   4.3478261e-02   2.0578866e-02
   4.6822742e-02   2.1339879e-02
   5.0167224e-02   2.2072085e-02
   5.3511706e-02   2.2778182e-02
   5.6856187e-02   2.3460450e-02
   6.0200669e-02   2.4120837e-02
   6.3545151e-02   2.4761017e-02
   6.6889632e-02   2.5382448e-02
   7.0234114e-02   2.5986403e-02
   7.3578595e-02   2.6574005e-02
   7.6923077e-02   2.7146245e-02
   8.0267559e-02   2.7704010e-02
   8.3612040e-02   2.8248090e-02
   8.6956522e-02   2.8779195e-02
   9.0301003e-02   2.9297969e-02
   9.3645485e-02   2.9804990e-02
   9.6989967e-02   3.0300787e-02
   1.0033445e-01   3.0785842e-02
   1.0367893e-01   3.1260593e-02
   1.0702341e-01   3.1725443e-02
   1.1036789e-01   3.2180764e-02
   1.1371237e-01   3.2626896e-02
   1.1705686e-01   3.3064154e-02
   1.2040134e-01   3.3492829e-02
   1.2374582e-01   3.3913191e-02
   1.2709030e-01   3.4325491e-02
   1.3043478e-01   3.4729961e-02
   1.3377926e-01   3.5126820e-02
   1.3712375e-01   3.5516268e-02
   1.4046823e-01   3.5898497e-02
   1.4381271e-01   3.6273682e-02
   1.4715719e-01   3.6641989e-02
   1.5050167e-01   3.7003574e-02
   1.5384615e-01   3.7358582e-02
   1.5719064e-01   3.7707152e-02
   1.6053512e-01   3.8049411e-02
   1.6387960e-01   3.8385481e-02
   1.6722408e-01   3.8715477e-02
   1.7056856e-01   3.9039506e-02
   1.7391304e-01   3.9357672e-02
   1.7725753e-01   3.9670069e-02
   1.8060201e-01   3.9976789e-02
   1.8394649e-01   4.0277919e-02
   1.8729097e-01   4.0573540e-02
   1.9063545e-01   4.0863729e-02
   1.9397993e-01   4.1148559e-02
   1.9732441e-01   4.1428100e-02
   2.0066890e-01   4.1702418e-02
   2.0401338e-01   4.1971576e-02
   2.0735786e-01   4.2235633e-02
   2.1070234e-01   4.2494646e-02
   2.1404682e-01   4.2748669e-02
   2.1739130e-01   4.2997752e-02
   2.2073579e-01   4.3241945e-02
   2.2408027e-01   4.3481294e-02
   2.2742475e-01   4.3715843e-02
   2.3076923e-01   4.3945634e-02
   2.3411371e-01   4.4170708e-02
   2.3745819e-01   4.4391103e-02
   2.4080268e-01   4.4606855e-02
   2.4414716e-01   4.4818000e-02
   2.4749164e-01   4.5024570e-02
   2.5083612e-01   4.5226597e-02
   2.5418060e-01   4.5424112e-02
   2.5752508e-01   4.5617144e-02
   2.6086957e-01   4.5805721e-02
   2.6421405e-01   4.5989869e-02
   2.6755853e-01   4.6169613e-02
   2.7090301e-01   4.6344978e-02
   2.7424749e-01   4.6515988e-02
   2.7759197e-01   4.6682663e-02
   2.8093645e-01   4.6845027e-02
   2.8428094e-01   4.7003099e-02
   2.8762542e-01   4.7156898e-02
   2.9096990e-01   4.7306444e-02
   2.9431438e-01   4.7451755e-02
   2.9765886e-01   4.7592848e-02
   3.0100334e-01   4.7729739e-02
   3.0434783e-01   4.7862445e-02
   3.0769231e-01   4.7990980e-02
   3.1103679e-01   4.8115360e-02
   3.1438127e-01   4.8235598e-02
   3.1772575e-01   4.8351709e-02
   3.2107023e-01   4.8463705e-02
   3.2441472e-01   4.8571599e-02
   3.2775920e-01   4.8675404e-02
   3.3110368e-01   4.8775130e-02
   3.3444816e-01   4.8870789e-02
   3.3779264e-01   4.8962392e-02
   3.4113712e-01   4.9049950e-02
   3.4448161e-01   4.9133473e-02
   3.4782609e-01   4.9212970e-02
   3.5117057e-01   4.9288452e-02
   3.5451505e-01   4.9359927e-02
   3.5785953e-01   4.9427404e-02
   3.6120401e-01   4.9490893e-02
   3.6454849e-01   4.9550401e-02
   3.6789298e-01   4.9605937e-02
   3.7123746e-01   4.9657508e-02
   3.7458194e-01   4.9705123e-02
   3.7792642e-01   4.9748790e-02
   3.8127090e-01   4.9788514e-02
   3.8461538e-01   4.9824305e-02
   3.8795987e-01   4.9856168e-02
   3.9130435e-01   4.9884112e-02
   3.9464883e-01   4.9908142e-02
   3.9799331e-01   4.9928265e-02
   4.0133779e-01   4.9944488e-02
   4.0468227e-01   4.9956817e-02
   4.0802676e-01   4.9965260e-02
   4.1137124e-01   4.9969821e-02
   4.1471572e-01   4.9970507e-02
   4.1806020e-01   4.9967325e-02
   4.2140468e-01   4.9960281e-02
   4.2474916e-01   4.9949380e-02
   4.2809365e-01   4.9934629e-02
   4.3143813e-01   4.9916033e-02
   4.3478261e-01   4.9893598e-02
   4.3812709e-01   4.9867331e-02
   4.4147157e-01   4.9837238e-02
   4.4481605e-01   4.9803324e-02
   4.4816054e-01   4.9765595e-02
   4.5150502e-01   4.9724057e-02
   4.5484950e-01   4.9678716e-02
   4.5819398e-01   4.9629578e-02
   4.6153846e-01   4.9576649e-02
   4.6488294e-01   4.9519935e-02
   4.6822742e-01   4.9459442e-02
   4.7157191e-01   4.9395176e-02
   4.7491639e-01   4.9327144e-02
   4.7826087e-01   4.9255351e-02
   4.8160535e-01   4.9179804e-02
   4.8494983e-01   4.9100509e-02
   4.8829431e-01   4.9017472e-02
   4.9163880e-01   4.8930701e-02
   4.9498328e-01   4.8840201e-02
   4.9832776e-01   4.8745979e-02
   5.0167224e-01   4.8648041e-02
   5.0501672e-01   4.8546396e-02
   5.0836120e-01   4.8441049e-02
   5.1170569e-01   4.8332007e-02
   5.1505017e-01   4.8219279e-02
   5.1839465e-01   4.8102870e-02
   5.2173913e-01   4.7982788e-02
   5.2508361e-01   4.7859040e-02
   5.2842809e-01   4.7731635e-02
   5.3177258e-01   4.7600580e-02
   5.3511706e-01   4.7465882e-02
   5.3846154e-01   4.7327549e-02
   5.4180602e-01   4.7185590e-02
   5.4515050e-01   4.7040013e-02
   5.4849498e-01   4.6890826e-02
   5.5183946e-01   4.6738038e-02
   5.5518395e-01   4.6581656e-02
   5.5852843e-01   4.6421690e-02
   5.6187291e-01   4.6258150e-02
   5.6521739e-01   4.6091043e-02
   5.6856187e-01   4.5920379e-02
   5.7190635e-01   4.5746167e-02
   5.7525084e-01   4.5568418e-02
   5.7859532e-01   4.5387140e-02
   5.8193980e-01   4.5202343e-02
   5.8528428e-01   4.5014038e-02
   5.8862876e-01   4.4822235e-02
   5.9197324e-01   4.4626944e-02
   5.9531773e-01   4.4428176e-02
   5.9866221e-01   4.4225941e-02
   6.0200669e-01   4.4020250e-02
   6.0535117e-01   4.3811115e-02
   6.0869565e-01   4.3598546e-02
   6.1204013e-01   4.3382556e-02
   6.1538462e-01   4.3163155e-02
   6.1872910e-01   4.2940357e-02
   6.2207358e-01   4.2714171e-02
   6.2541806e-01   4.2484612e-02
   6.2876254e-01   4.2251691e-02
   6.3210702e-01   4.2015422e-02
   6.3545151e-01   4.1775816e-02
   6.3879599e-01   4.1532887e-02
   6.4214047e-01   4.1286649e-02
   6.4548495e-01   4.1037114e-02
   6.4882943e-01   4.0784296e-02
   6.5217391e-01   4.0528210e-02
   6.5551839e-01   4.0268869e-02
   6.5886288e-01   4.0006287e-02
   6.6220736e-01   3.9740480e-02
   6.6555184e-01   3.9471462e-02
   6.6889632e-01   3.9199248e-02
   6.7224080e-01   3.8923853e-02
   6.7558528e-01   3.8645293e-02
   6.7892977e-01   3.8363583e-02
   6.8227425e-01   3.8078739e-02
   6.8561873e-01   3.7790778e-02
   6.8896321e-01   3.7499715e-02
   6.9230769e-01   3.7205567e-02
   6.9565217e-01   3.6908351e-02
   6.9899666e-01   3.6608085e-02
   7.0234114e-01   3.6304785e-02
   7.0568562e-01   3.5998468e-02
   7.0903010e-01   3.5689154e-02
   7.1237458e-01   3.5376859e-02
   7.1571906e-01   3.5061602e-02
   7.1906355e-01   3.4743402e-02
   7.2240803e-01   3.4422276e-02
   7.2575251e-01   3.4098245e-02
   7.2909699e-01   3.3771328e-02
   7.3244147e-01   3.3441544e-02
   7.3578595e-01   3.3108912e-02
   7.3913043e-01   3.2773453e-02
   7.4247492e-01   3.2435188e-02
   7.4581940e-01   3.2094136e-02
   7.4916388e-01   3.1750318e-02
   7.5250836e-01   3.1403756e-02
   7.5585284e-01   3.1054471e-02
   7.5919732e-01   3.0702484e-02
   7.6254181e-01   3.0347817e-02
   7.6588629e-01   2.9990492e-02
   7.6923077e-01   2.9630532e-02
   7.7257525e-01   2.9267960e-02
   7.7591973e-01   2.8902797e-02
   7.7926421e-01   2.8535068e-02
   7.8260870e-01   2.8164796e-02
   7.8595318e-01   2.7792004e-02
   7.8929766e-01   2.7416717e-02
   7.9264214e-01   2.7038959e-02
   7.9598662e-01   2.6658754e-02
   7.9933110e-01   2.6276128e-02
   8.0267559e-01   2.5891105e-02
   8.0602007e-01   2.5503710e-02
   8.0936455e-01   2.5113970e-02
   8.1270903e-01   2.4721911e-02
   8.1605351e-01   2.4327558e-02
   8.1939799e-01   2.3930938e-02
   8.2274247e-01   2.3532078e-02
   8.2608696e-01   2.3131005e-02
   8.2943144e-01   2.2727746e-02
   8.3277592e-01   2.2322330e-02
   8.3612040e-01   2.1914784e-02
   8.3946488e-01   2.1505136e-02
   8.4280936e-01   2.1093414e-02
   8.4615385e-01   2.0679649e-02
   8.4949833e-01   2.0263868e-02
   8.5284281e-01   1.9846102e-02
   8.5618729e-01   1.9426380e-02
   8.5953177e-01   1.9004732e-02
   8.6287625e-01   1.8581188e-02
   8.6622074e-01   1.8155779e-02
   8.6956522e-01   1.7728537e-02
   8.7290970e-01   1.7299491e-02
   8.7625418e-01   1.6868674e-02
   8.7959866e-01   1.6436118e-02
   8.8294314e-01   1.6001855e-02
   8.8628763e-01   1.5565917e-02
   8.8963211e-01   1.5128336e-02
   8.9297659e-01   1.4689147e-02
   8.9632107e-01   1.4248382e-02
   8.9966555e-01   1.3806076e-02
   9.0301003e-01   1.3362261e-02
   9.0635452e-01   1.2916973e-02
   9.0969900e-01   1.2470246e-02
   9.1304348e-01   1.2022115e-02
   9.1638796e-01   1.1572615e-02
   9.1973244e-01   1.1121782e-02
   9.2307692e-01   1.0669652e-02
   9.2642140e-01   1.0216261e-02
   9.2976589e-01   9.7616454e-03
   9.3311037e-01   9.3058421e-03
   9.3645485e-01   8.8488883e-03
   9.3979933e-01   8.3908216e-03
   9.4314381e-01   7.9316797e-03
   9.4648829e-01   7.4715007e-03
   9.4983278e-01   7.0103233e-03
   9.5317726e-01   6.5481861e-03
   9.5652174e-01   6.0851283e-03
   9.5986622e-01   5.6211893e-03
   9.6321070e-01   5.1564089e-03
   9.6655518e-01   4.6908272e-03
   9.6989967e-01   4.2244846e-03
   9.7324415e-01   3.7574220e-03
   9.7658863e-01   3.2896804e-03
   9.7993311e-01   2.8213012e-03
   9.8327759e-01   2.3523262e-03
   9.8662207e-01   1.8827976e-03
   9.8996656e-01   1.4127577e-03
   9.9331104e-01   9.4224934e-04
   9.9665552e-01   4.7131563e-04
   1.0000000e+00   0.0000000e+00
   1.0000000e+00   0.0000000e+00
   9.9665552e-01   7.1692885e-05
   9.9331104e-01   1.4373055e-04
   9.8996656e-01   2.1613206e-04
   9.8662207e-01   2.8891568e-04
   9.8327759e-01   3.6209891e-04
   9.7993311e-01   4.3569849e-04
   9.7658863e-01   5.0973038e-04
   9.7324415e-01   5.8420978e-04
   9.6989967e-01   6.5915114e-04
   9.6655518e-01   7.3456816e-04
   9.6321070e-01   8.1047378e-04
   9.5986622e-01   8.8688021e-04
   9.5652174e-01   9.6379891e-04
   9.5317726e-01   1.0412406e-03
   9.4983278e-01   1.1192153e-03
   9.4648829e-01   1.1977323e-03
   9.4314381e-01   1.2768002e-03
   9.3979933e-01   1.3564267e-03
   9.3645485e-01   1.4366190e-03
   9.3311037e-01   1.5173835e-03
   9.2976589e-01   1.5987261e-03
   9.2642140e-01   1.6806516e-03
   9.2307692e-01   1.7631644e-03
   9.1973244e-01   1.8462682e-03
   9.1638796e-01   1.9299659e-03
   9.1304348e-01   2.0142598e-03
   9.0969900e-01   2.0991516e-03
   9.0635452e-01   2.1846422e-03
   9.0301003e-01   2.2707318e-03
   8.9966555e-01   2.3574201e-03
   8.9632107e-01   2.4447061e-03
   8.9297659e-01   2.5325881e-03
   8.8963211e-01   2.6210638e-03
   8.8628763e-01   2.7101302e-03
   8.8294314e-01   2.7997837e-03
   8.7959866e-01   2.8900201e-03
   8.7625418e-01   2.9808346e-03
   8.7290970e-01   3.0722218e-03
   8.6956522e-01   3.1641755e-03
   8.6622074e-01   3.2566891e-03
   8.6287625e-01   3.3497553e-03
   8.5953177e-01   3.4433663e-03
   8.5618729e-01   3.5375135e-03
   8.5284281e-01   3.6321879e-03
   8.4949833e-01   3.7273799e-03
   8.4615385e-01   3.8230793e-03
   8.4280936e-01   3.9192753e-03
   8.3946488e-01   4.0159566e-03
   8.3612040e-01   4.1131112e-03
   8.3277592e-01   4.2107267e-03
   8.2943144e-01   4.3087901e-03
   8.2608696e-01   4.4072879e-03
   8.2274247e-01   4.5062059e-03
   8.1939799e-01   4.6055296e-03
   8.1605351e-01   4.7052438e-03
   8.1270903e-01   4.8053329e-03
   8.0936455e-01   4.9057806e-03
   8.0602007e-01   5.0065704e-03
   8.0267559e-01   5.1076849e-03
   7.9933110e-01   5.2091066e-03
   7.9598662e-01   5.3108171e-03
   7.9264214e-01   5.4127980e-03
   7.8929766e-01   5.5150300e-03
   7.8595318e-01   5.6174935e-03
   7.8260870e-01   5.7201685e-03
   7.7926421e-01   5.8230344e-03
   7.7591973e-01   5.9260701e-03
   7.7257525e-01   6.0292543e-03
   7.6923077e-01   6.1325650e-03
   7.6588629e-01   6.2359799e-03
   7.6254181e-01   6.3394763e-03
   7.5919732e-01   6.4430309e-03
   7.5585284e-01   6.5466202e-03
   7.5250836e-01   6.6502201e-03
   7.4916388e-01   6.7538063e-03
   7.4581940e-01   6.8573538e-03
   7.4247492e-01   6.9608375e-03
   7.3913043e-01   7.0642317e-03
   7.3578595e-01   7.1675105e-03
   7.3244147e-01   7.2706476e-03
   7.2909699e-01   7.3736161e-03
   7.2575251e-01   7.4763890e-03
   7.2240803e-01   7.5789389e-03
   7.1906355e-01   7.6812381e-03
   7.1571906e-01   7.7832582e-03
   7.1237458e-01   7.8849710e-03
   7.0903010e-01   7.9863476e-03
   7.0568562e-01   8.0873590e-03
   7.0234114e-01   8.1879756e-03
   6.9899666e-01   8.2881679e-03
   6.9565217e-01   8.3879057e-03
   6.9230769e-01   8.4871588e-03
   6.8896321e-01   8.5858966e-03
   6.8561873e-01   8.6840882e-03
   6.8227425e-01   8.7817025e-03
   6.7892977e-01   8.8787082e-03
   6.7558528e-01   8.9750735e-03
   6.7224080e-01   9.0707665e-03
   6.6889632e-01   9.1657552e-03
   6.6555184e-01   9.2600071e-03
   6.6220736e-01   9.3534898e-03
   6.5886288e-01   9.4461703e-03
   6.5551839e-01   9.5380158e-03
   6.5217391e-01   9.6289929e-03
   6.4882943e-01   9.7190684e-03
   6.4548495e-01   9.8082085e-03
   6.4214047e-01   9.8963797e-03
   6.3879599e-01   9.9835478e-03
   6.3545151e-01   1.0069679e-02
   6.3210702e-01   1.0154739e-02
   6.2876254e-01   1.0238693e-02
   6.2541806e-01   1.0321508e-02
   6.2207358e-01   1.0403147e-02
   6.1872910e-01   1.0483577e-02
   6.1538462e-01   1.0562763e-02
   6.1204013e-01   1.0640669e-02
   6.0869565e-01   1.0717262e-02
   6.0535117e-01   1.0792505e-02
   6.0200669e-01   1.0866363e-02
   5.9866221e-01   1.0938802e-02
   5.9531773e-01   1.1009785e-02
   5.9197324e-01   1.1079278e-02
   5.8862876e-01   1.1147246e-02
   5.8528428e-01   1.1213652e-02
   5.8193980e-01   1.1278462e-02
   5.7859532e-01   1.1341640e-02
   5.7525084e-01   1.1403150e-02
   5.7190635e-01   1.1462958e-02
   5.6856187e-01   1.1521028e-02
   5.6521739e-01   1.1577324e-02
   5.6187291e-01   1.1631812e-02
   5.5852843e-01   1.1684457e-02
   5.5518395e-01   1.1735222e-02
   5.5183946e-01   1.1784073e-02
   5.4849498e-01   1.1830976e-02
   5.4515050e-01   1.1875895e-02
   5.4180602e-01   1.1918795e-02
   5.3846154e-01   1.1959642e-02
   5.3511706e-01   1.1998402e-02
   5.3177258e-01   1.2035040e-02
   5.2842809e-01   1.2069521e-02
   5.2508361e-01   1.2101813e-02
   5.2173913e-01   1.2131881e-02
   5.1839465e-01   1.2159691e-02
   5.1505017e-01   1.2185211e-02
   5.1170569e-01   1.2208407e-02
   5.0836120e-01   1.2229246e-02
   5.0501672e-01   1.2247695e-02
   5.0167224e-01   1.2263722e-02
   4.9832776e-01   1.2277295e-02
   4.9498328e-01   1.2288382e-02
   4.9163880e-01   1.2296951e-02
   4.8829431e-01   1.2302972e-02
   4.8494983e-01   1.2306413e-02
   4.8160535e-01   1.2307243e-02
   4.7826087e-01   1.2305433e-02
   4.7491639e-01   1.2300953e-02
   4.7157191e-01   1.2293773e-02
   4.6822742e-01   1.2283864e-02
   4.6488294e-01   1.2271198e-02
   4.6153846e-01   1.2255746e-02
   4.5819398e-01   1.2237481e-02
   4.5484950e-01   1.2216376e-02
   4.5150502e-01   1.2192403e-02
   4.4816054e-01   1.2165537e-02
   4.4481605e-01   1.2135752e-02
   4.4147157e-01   1.2103022e-02
   4.3812709e-01   1.2067324e-02
   4.3478261e-01   1.2028632e-02
   4.3143813e-01   1.1986924e-02
   4.2809365e-01   1.1942176e-02
   4.2474916e-01   1.1894367e-02
   4.2140468e-01   1.1843475e-02
   4.1806020e-01   1.1789478e-02
   4.1471572e-01   1.1732358e-02
   4.1137124e-01   1.1672094e-02
   4.0802676e-01   1.1608667e-02
   4.0468227e-01   1.1542060e-02
   4.0133779e-01   1.1472256e-02
   3.9799331e-01   1.1399237e-02
   3.9464883e-01   1.1322989e-02
   3.9130435e-01   1.1243497e-02
   3.8795987e-01   1.1160747e-02
   3.8461538e-01   1.1074726e-02
   3.8127090e-01   1.0985421e-02
   3.7792642e-01   1.0892823e-02
   3.7458194e-01   1.0796921e-02
   3.7123746e-01   1.0697705e-02
   3.6789298e-01   1.0595168e-02
   3.6454849e-01   1.0489303e-02
   3.6120401e-01   1.0380104e-02
   3.5785953e-01   1.0267566e-02
   3.5451505e-01   1.0151685e-02
   3.5117057e-01   1.0032460e-02
   3.4782609e-01   9.9098882e-03
   3.4448161e-01   9.7839708e-03
   3.4113712e-01   9.6547087e-03
   3.3779264e-01   9.5221047e-03
   3.3444816e-01   9.3861628e-03
   3.3110368e-01   9.2468883e-03
   3.2775920e-01   9.1042883e-03
   3.2441472e-01   8.9583709e-03
   3.2107023e-01   8.8091461e-03
   3.1772575e-01   8.6566254e-03
   3.1438127e-01   8.5008216e-03
   3.1103679e-01   8.3417496e-03
   3.0769231e-01   8.1794256e-03
   3.0434783e-01   8.0138679e-03
   3.0100334e-01   7.8450963e-03
   2.9765886e-01   7.6731325e-03
   2.9431438e-01   7.4980003e-03
   2.9096990e-01   7.3197253e-03
   2.8762542e-01   7.1383350e-03
   2.8428094e-01   6.9538593e-03
   2.8093645e-01   6.7663298e-03
   2.7759197e-01   6.5757807e-03
   2.7424749e-01   6.3822482e-03
   2.7090301e-01   6.1857709e-03
   2.6755853e-01   5.9863900e-03
   2.6421405e-01   5.7841488e-03
   2.6086957e-01   5.5790935e-03
   2.5752508e-01   5.3712727e-03
   2.5418060e-01   5.1607380e-03
   2.5083612e-01   4.9475434e-03
   2.4749164e-01   4.7317462e-03
   2.4414716e-01   4.5134064e-03
   2.4080268e-01   4.2925874e-03
   2.3745819e-01   4.0693556e-03
   2.3411371e-01   3.8437806e-03
   2.3076923e-01   3.6159358e-03
   2.2742475e-01   3.3858978e-03
   2.2408027e-01   3.1537471e-03
   2.2073579e-01   2.9195679e-03
   2.1739130e-01   2.6834484e-03
   2.1404682e-01   2.4454809e-03
   2.1070234e-01   2.2057619e-03
   2.0735786e-01   1.9643926e-03
   2.0401338e-01   1.7214785e-03
   2.0066890e-01   1.4771300e-03
   1.9732441e-01   1.2314625e-03
   1.9397993e-01   9.8459660e-04
   1.9063545e-01   7.3665838e-04
   1.8729097e-01   4.8777952e-04
   1.8394649e-01   2.3809763e-04
   1.8060201e-01  -1.2243491e-05
   1.7725753e-01  -2.6309355e-04
   1.7391304e-01  -5.1429548e-04
   1.7056856e-01  -7.6568511e-04
   1.6722408e-01  -1.0170908e-03
   1.6387960e-01  -1.2683329e-03
   1.6053512e-01  -1.5192238e-03
   1.5719064e-01  -1.7695670e-03
   1.5384615e-01  -2.0191567e-03
   1.5050167e-01  -2.2677775e-03
   1.4715719e-01  -2.5152038e-03
   1.4381271e-01  -2.7611990e-03
   1.4046823e-01  -3.0055149e-03
   1.3712375e-01  -3.2478911e-03
   1.3377926e-01  -3.4880539e-03
   1.3043478e-01  -3.7257159e-03
   1.2709030e-01  -3.9605744e-03
   1.2374582e-01  -4.1923110e-03
   1.2040134e-01  -4.4205899e-03
   1.1705686e-01  -4.6450566e-03
   1.1371237e-01  -4.8653367e-03
   1.1036789e-01  -5.0810342e-03
   1.0702341e-01  -5.2917295e-03
   1.0367893e-01  -5.4969773e-03
   1.0033445e-01  -5.6963044e-03
   9.6989967e-02  -5.8892068e-03
   9.3645485e-02  -6.0751468e-03
   9.0301003e-02  -6.2535495e-03
   8.6956522e-02  -6.4237985e-03
   8.3612040e-02  -6.5852316e-03
   8.0267559e-02  -6.7371346e-03
   7.6923077e-02  -6.8787358e-03
   7.3578595e-02  -7.0091974e-03
   7.0234114e-02  -7.1276069e-03
   6.6889632e-02  -7.2329662e-03
   6.3545151e-02  -7.3241779e-03
   6.0200669e-02  -7.4000294e-03
   5.6856187e-02  -7.4591724e-03
   5.3511706e-02  -7.5000980e-03
   5.0167224e-02  -7.5211039e-03
   4.6822742e-02  -7.5202537e-03
   4.3478261e-02  -7.4953219e-03
   4.0133779e-02  -7.4437212e-03
   3.6789298e-02  -7.3624032e-03
   3.3444816e-02  -7.2477180e-03
   3.0100334e-02  -7.0952129e-03
   2.6755853e-02  -6.8993282e-03
   2.3411371e-02  -6.6529225e-03
   2.0066890e-02  -6.3464870e-03
   1.6722408e-02  -5.9667511e-03
   1.3377926e-02  -5.4939735e-03
   1.0033445e-02  -4.8959450e-03
   6.6889632e-03  -4.1118070e-03
   3.3444816e-03  -2.9894303e-03
   0.0000000e+00   9.0000000e-05
