   0.0000000e+00   0.0000000e+00
   3.3444816e-03   9.4856517e-03
   6.6889632e-03   1.3371021e-02
   1.0033445e-02   1.6322807e-02
   1.3377926e-02   1.8786720e-02
   1.6722408e-02   2.0936049e-02
   2.0066890e-02   2.2859986e-02
   2.3411371e-02   2.4611708e-02
   2.6755853e-02   2.6225981e-02
   3.0100334e-02   2.7727044e-02
   3.3444816e-02   2.9132602e-02
   3.6789298e-02   3.0456071e-02
   4.0133779e-02   3.1707907e-02
   4.3478261e-02   3.2896454e-02
   4.6822742e-02   3.4028501e-02
   5.0167224e-02   3.5109661e-02
   5.3511706e-02   3.6144638e-02
   5.6856187e-02   3.7137425e-02
   6.0200669e-02   3.8091445e-02
   6.3545151e-02   3.9009662e-02
   6.6889632e-02   3.9894659e-02
   7.0234114e-02   4.0748708e-02
   7.3578595e-02   4.1573819e-02
   7.6923077e-02   4.2371777e-02
   8.0267559e-02   4.3144183e-02
   8.3612040e-02   4.3892474e-02
   8.6956522e-02   4.4617948e-02
   9.0301003e-02   4.5321780e-02
   9.3645485e-02   4.6005042e-02
   9.6989967e-02   4.6668709e-02
   1.0033445e-01   4.7313678e-02
   1.0367893e-01   4.7940770e-02
   1.0702341e-01   4.8550742e-02
   1.1036789e-01   4.9144295e-02
   1.1371237e-01   4.9722074e-02
   1.1705686e-01   5.0284681e-02
   1.2040134e-01   5.0832674e-02
   1.2374582e-01   5.1366573e-02
   1.2709030e-01   5.1886862e-02
   1.3043478e-01   5.2393996e-02
   1.3377926e-01   5.2888398e-02
   1.3712375e-01   5.3370466e-02
   1.4046823e-01   5.3840575e-02
   1.4381271e-01   5.4299075e-02
   1.4715719e-01   5.4746297e-02
   1.5050167e-01   5.5182553e-02
   1.5384615e-01   5.5608136e-02
   1.5719064e-01   5.6023325e-02
   1.6053512e-01   5.6428381e-02
   1.6387960e-01   5.6823555e-02
   1.6722408e-01   5.7209080e-02
   1.7056856e-01   5.7585180e-02
   1.7391304e-01   5.7952067e-02
   1.7725753e-01   5.8309942e-02
   1.8060201e-01   5.8658996e-02
   1.8394649e-01   5.8999410e-02
   1.8729097e-01   5.9331359e-02
   1.9063545e-01   5.9655005e-02
   1.9397993e-01   5.9970507e-02
   1.9732441e-01   6.0278014e-02
   2.0066890e-01   6.0577667e-02
   2.0401338e-01   6.0869605e-02
   2.0735786e-01   6.1153956e-02
   2.1070234e-01   6.1430844e-02
   2.1404682e-01   6.1700389e-02
   2.1739130e-01   6.1962704e-02
   2.2073579e-01   6.2217897e-02
   2.2408027e-01   6.2466072e-02
   2.2742475e-01   6.2707329e-02
   2.3076923e-01   6.2941763e-02
   2.3411371e-01   6.3169465e-02
   2.3745819e-01   6.3390522e-02
   2.4080268e-01   6.3605018e-02
   2.4414716e-01   6.3813034e-02
   2.4749164e-01   6.4014647e-02
   2.5083612e-01   6.4209930e-02
   2.5418060e-01   6.4398954e-02
   2.5752508e-01   6.4581787e-02
   2.6086957e-01   6.4758496e-02
   2.6421405e-01   6.4929142e-02
   2.6755853e-01   6.5093786e-02
   2.7090301e-01   6.5252486e-02
   2.7424749e-01   6.5405298e-02
   2.7759197e-01   6.5552274e-02
   2.8093645e-01   6.5693468e-02
   2.8428094e-01   6.5828927e-02
   2.8762542e-01   6.5958701e-02
   2.9096990e-01   6.6082834e-02
   2.9431438e-01   6.6201371e-02
   2.9765886e-01   6.6314354e-02
   3.0100334e-01   6.6421824e-02
   3.0434783e-01   6.6523820e-02
   3.0769231e-01   6.6620381e-02
   3.1103679e-01   6.6711543e-02
   3.1438127e-01   6.6797341e-02
   3.1772575e-01   6.6877809e-02
   3.2107023e-01   6.6952980e-02
   3.2441472e-01   6.7022885e-02
   3.2775920e-01   6.7087556e-02
   3.3110368e-01   6.7147020e-02
   3.3444816e-01   6.7201307e-02
   3.3779264e-01   6.7250444e-02
   3.4113712e-01   6.7294457e-02
   3.4448161e-01   6.7333372e-02
   3.4782609e-01   6.7367214e-02
   3.5117057e-01   6.7396007e-02
   3.5451505e-01   6.7419773e-02
   3.5785953e-01   6.7438535e-02
   3.6120401e-01   6.7452315e-02
   3.6454849e-01   6.7461134e-02
   3.6789298e-01   6.7465012e-02
   3.7123746e-01   6.7463968e-02
   3.7458194e-01   6.7458022e-02
   3.7792642e-01   6.7447192e-02
   3.8127090e-01   6.7431497e-02
   3.8461538e-01   6.7410954e-02
   3.8795987e-01   6.7385579e-02
   3.9130435e-01   6.7355390e-02
   3.9464883e-01   6.7320403e-02
   3.9799331e-01   6.7280633e-02
   4.0133779e-01   6.7236095e-02
   4.0468227e-01   6.7186805e-02
   4.0802676e-01   6.7132778e-02
   4.1137124e-01   6.7074027e-02
   4.1471572e-01   6.7010566e-02
   4.1806020e-01   6.6942410e-02
   4.2140468e-01   6.6869572e-02
   4.2474916e-01   6.6792064e-02
   4.2809365e-01   6.6709900e-02
   4.3143813e-01   6.6623093e-02
   4.3478261e-01   6.6531656e-02
   4.3812709e-01   6.6435599e-02
   4.4147157e-01   6.6334937e-02
   4.4481605e-01   6.6229680e-02
   4.4816054e-01   6.6119841e-02
   4.5150502e-01   6.6005432e-02
   4.5484950e-01   6.5886463e-02
   4.5819398e-01   6.5762948e-02
   4.6153846e-01   6.5634897e-02
   4.6488294e-01   6.5502322e-02
   4.6822742e-01   6.5365234e-02
   4.7157191e-01   6.5223645e-02
   4.7491639e-01   6.5077566e-02
   4.7826087e-01   6.4927008e-02
   4.8160535e-01   6.4771983e-02
   4.8494983e-01   6.4612502e-02
   4.8829431e-01   6.4448576e-02
   4.9163880e-01   6.4280217e-02
   4.9498328e-01   6.4107436e-02
   4.9832776e-01   6.3930245e-02
   5.0167224e-01   6.3748655e-02
   5.0501672e-01   6.3562678e-02
   5.0836120e-01   6.3372325e-02
   5.1170569e-01   6.3177609e-02
   5.1505017e-01   6.2978541e-02
   5.1839465e-01   6.2775134e-02
   5.2173913e-01   6.2567398e-02
   5.2508361e-01   6.2355348e-02
   5.2842809e-01   6.2138994e-02
   5.3177258e-01   6.1918350e-02
   5.3511706e-01   6.1693428e-02
   5.3846154e-01   6.1464242e-02
   5.4180602e-01   6.1230803e-02
   5.4515050e-01   6.0993127e-02
   5.4849498e-01   6.0751225e-02
   5.5183946e-01   6.0505111e-02
   5.5518395e-01   6.0254800e-02
   5.5852843e-01   6.0000305e-02
   5.6187291e-01   5.9741640e-02
   5.6521739e-01   5.9478820e-02
   5.6856187e-01   5.9211860e-02
   5.7190635e-01   5.8940775e-02
   5.7525084e-01   5.8665580e-02
   5.7859532e-01   5.8386289e-02
   5.8193980e-01   5.8102920e-02
   5.8528428e-01   5.7815487e-02
   5.8862876e-01   5.7524008e-02
   5.9197324e-01   5.7228498e-02
   5.9531773e-01   5.6928975e-02
   5.9866221e-01   5.6625455e-02
   6.0200669e-01   5.6317956e-02
   6.0535117e-01   5.6006495e-02
   6.0869565e-01   5.5691092e-02
   6.1204013e-01   5.5371763e-02
   6.1538462e-01   5.5048528e-02
   6.1872910e-01   5.4721405e-02
   6.2207358e-01   5.4390415e-02
   6.2541806e-01   5.4055575e-02
   6.2876254e-01   5.3716908e-02
   6.3210702e-01   5.3374432e-02
   6.3545151e-01   5.3028169e-02
   6.3879599e-01   5.2678139e-02
   6.4214047e-01   5.2324365e-02
   6.4548495e-01   5.1966867e-02
   6.4882943e-01   5.1605668e-02
   6.5217391e-01   5.1240791e-02
   6.5551839e-01   5.0872258e-02
   6.5886288e-01   5.0500093e-02
   6.6220736e-01   5.0124320e-02
   6.6555184e-01   4.9744962e-02
   6.6889632e-01   4.9362045e-02
   6.7224080e-01   4.8975593e-02
   6.7558528e-01   4.8585631e-02
   6.7892977e-01   4.8192185e-02
   6.8227425e-01   4.7795282e-02
   6.8561873e-01   4.7394949e-02
   6.8896321e-01   4.6991211e-02
   6.9230769e-01   4.6584097e-02
   6.9565217e-01   4.6173634e-02
   6.9899666e-01   4.5759852e-02
   7.0234114e-01   4.5342779e-02
   7.0568562e-01   4.4922443e-02
   7.0903010e-01   4.4498876e-02
   7.1237458e-01   4.4072106e-02
   7.1571906e-01   4.3642166e-02
   7.1906355e-01   4.3209085e-02
   7.2240803e-01   4.2772896e-02
   7.2575251e-01   4.2333631e-02
   7.2909699e-01   4.1891322e-02
   7.3244147e-01   4.1446002e-02
   7.3578595e-01   4.0997705e-02
   7.3913043e-01   4.0546466e-02
   7.4247492e-01   4.0092318e-02
   7.4581940e-01   3.9635296e-02
   7.4916388e-01   3.9175437e-02
   7.5250836e-01   3.8712776e-02
   7.5585284e-01   3.8247349e-02
   7.5919732e-01   3.7779195e-02
   7.6254181e-01   3.7308351e-02
   7.6588629e-01   3.6834854e-02
   7.6923077e-01   3.6358744e-02
   7.7257525e-01   3.5880059e-02
   7.7591973e-01   3.5398840e-02
   7.7926421e-01   3.4915127e-02
   7.8260870e-01   3.4428960e-02
   7.8595318e-01   3.3940381e-02
   7.8929766e-01   3.3449433e-02
   7.9264214e-01   3.2956156e-02
   7.9598662e-01   3.2460595e-02
   7.9933110e-01   3.1962794e-02
   8.0267559e-01   3.1462795e-02
   8.0602007e-01   3.0960644e-02
   8.0936455e-01   3.0456387e-02
   8.1270903e-01   2.9950069e-02
   8.1605351e-01   2.9441736e-02
   8.1939799e-01   2.8931436e-02
   8.2274247e-01   2.8419216e-02
   8.2608696e-01   2.7905125e-02
   8.2943144e-01   2.7389210e-02
   8.3277592e-01   2.6871523e-02
   8.3612040e-01   2.6352112e-02
   8.3946488e-01   2.5831028e-02
   8.4280936e-01   2.5308322e-02
   8.4615385e-01   2.4784047e-02
   8.4949833e-01   2.4258254e-02
   8.5284281e-01   2.3730996e-02
   8.5618729e-01   2.3202327e-02
   8.5953177e-01   2.2672302e-02
   8.6287625e-01   2.2140975e-02
   8.6622074e-01   2.1608401e-02
   8.6956522e-01   2.1074638e-02
   8.7290970e-01   2.0539740e-02
   8.7625418e-01   2.0003766e-02
   8.7959866e-01   1.9466774e-02
   8.8294314e-01   1.8928823e-02
   8.8628763e-01   1.8389971e-02
   8.8963211e-01   1.7850278e-02
   8.9297659e-01   1.7309806e-02
   8.9632107e-01   1.6768615e-02
   8.9966555e-01   1.6226767e-02
   9.0301003e-01   1.5684324e-02
   9.0635452e-01   1.5141351e-02
   9.0969900e-01   1.4597909e-02
   9.1304348e-01   1.4054065e-02
   9.1638796e-01   1.3509883e-02
   9.1973244e-01   1.2965429e-02
   9.2307692e-01   1.2420770e-02
   9.2642140e-01   1.1875972e-02
   9.2976589e-01   1.1331104e-02
   9.3311037e-01   1.0786233e-02
   9.3645485e-01   1.0241430e-02
   9.3979933e-01   9.6967636e-03
   9.4314381e-01   9.1523048e-03
   9.4648829e-01   8.6081248e-03
   9.4983278e-01   8.0642955e-03
   9.5317726e-01   7.5208896e-03
   9.5652174e-01   6.9779803e-03
   9.5986622e-01   6.4356417e-03
   9.6321070e-01   5.8939485e-03
   9.6655518e-01   5.3529762e-03
   9.6989967e-01   4.8128008e-03
   9.7324415e-01   4.2734992e-03
   9.7658863e-01   3.7351490e-03
   9.7993311e-01   3.1978284e-03
   9.8327759e-01   2.6616164e-03
   9.8662207e-01   2.1265926e-03
   9.8996656e-01   1.5928376e-03
   9.9331104e-01   1.0604325e-03
   9.9665552e-01   5.2945908e-04
   1.0000000e+00   0.0000000e+00
   1.0000000e+00   0.0000000e+00
   9.9665552e-01   2.1919786e-04
   9.9331104e-01   4.2697486e-04
   9.8996656e-01   6.2350782e-04
   9.8662207e-01   8.0897222e-04
   9.8327759e-01   9.8354222e-04
   9.7993311e-01   1.1473906e-03
   9.7658863e-01   1.3006888e-03
   9.7324415e-01   1.4436070e-03
   9.6989967e-01   1.5763139e-03
   9.6655518e-01   1.6989769e-03
   9.6321070e-01   1.8117623e-03
   9.5986622e-01   1.9148349e-03
   9.5652174e-01   2.0083580e-03
   9.5317726e-01   2.0924939e-03
   9.4983278e-01   2.1674035e-03
   9.4648829e-01   2.2332463e-03
   9.4314381e-01   2.2901806e-03
   9.3979933e-01   2.3383633e-03
   9.3645485e-01   2.3779501e-03
   9.3311037e-01   2.4090953e-03
   9.2976589e-01   2.4319520e-03
   9.2642140e-01   2.4466721e-03
   9.2307692e-01   2.4534059e-03
   9.1973244e-01   2.4523029e-03
   9.1638796e-01   2.4435108e-03
   9.1304348e-01   2.4271765e-03
   9.0969900e-01   2.4034454e-03
   9.0635452e-01   2.3724615e-03
   9.0301003e-01   2.3343679e-03
   8.9966555e-01   2.2893061e-03
   8.9632107e-01   2.2374166e-03
   8.9297659e-01   2.1788386e-03
   8.8963211e-01   2.1137099e-03
   8.8628763e-01   2.0421673e-03
   8.8294314e-01   1.9643461e-03
   8.7959866e-01   1.8803807e-03
   8.7625418e-01   1.7904039e-03
   8.7290970e-01   1.6945475e-03
   8.6956522e-01   1.5929422e-03
   8.6622074e-01   1.4857172e-03
   8.6287625e-01   1.3730006e-03
   8.5953177e-01   1.2549194e-03
   8.5618729e-01   1.1315993e-03
   8.5284281e-01   1.0031648e-03
   8.4949833e-01   8.6973923e-04
   8.4615385e-01   7.3144472e-04
   8.4280936e-01   5.8840221e-04
   8.3946488e-01   4.4073149e-04
   8.3612040e-01   2.8855114e-04
   8.3277592e-01   1.3197857e-04
   8.2943144e-01  -2.8869954e-05
   8.2608696e-01  -1.9387936e-04
   8.2274247e-01  -3.6293572e-04
   8.1939799e-01  -5.3592627e-04
   8.1605351e-01  -7.1273938e-04
   8.1270903e-01  -8.9326459e-04
   8.0936455e-01  -1.0773926e-03
   8.0602007e-01  -1.2650151e-03
   8.0267559e-01  -1.4560252e-03
   7.9933110e-01  -1.6503169e-03
   7.9598662e-01  -1.8477854e-03
   7.9264214e-01  -2.0483271e-03
   7.8929766e-01  -2.2518393e-03
   7.8595318e-01  -2.4582206e-03
   7.8260870e-01  -2.6673707e-03
   7.7926421e-01  -2.8791904e-03
   7.7591973e-01  -3.0935814e-03
   7.7257525e-01  -3.3104468e-03
   7.6923077e-01  -3.5296907e-03
   7.6588629e-01  -3.7512180e-03
   7.6254181e-01  -3.9749351e-03
   7.5919732e-01  -4.2007492e-03
   7.5585284e-01  -4.4285687e-03
   7.5250836e-01  -4.6583030e-03
   7.4916388e-01  -4.8898626e-03
   7.4581940e-01  -5.1231590e-03
   7.4247492e-01  -5.3581048e-03
   7.3913043e-01  -5.5946137e-03
   7.3578595e-01  -5.8326003e-03
   7.3244147e-01  -6.0719804e-03
   7.2909699e-01  -6.3126707e-03
   7.2575251e-01  -6.5545890e-03
   7.2240803e-01  -6.7976542e-03
   7.1906355e-01  -7.0417859e-03
   7.1571906e-01  -7.2869051e-03
   7.1237458e-01  -7.5329336e-03
   7.0903010e-01  -7.7797942e-03
   7.0568562e-01  -8.0274108e-03
   7.0234114e-01  -8.2757082e-03
   6.9899666e-01  -8.5246123e-03
   6.9565217e-01  -8.7740498e-03
   6.9230769e-01  -9.0239485e-03
   6.8896321e-01  -9.2742373e-03
   6.8561873e-01  -9.5248457e-03
   6.8227425e-01  -9.7757045e-03
   6.7892977e-01  -1.0026745e-02
   6.7558528e-01  -1.0277901e-02
   6.7224080e-01  -1.0529104e-02
   6.6889632e-01  -1.0780291e-02
   6.6555184e-01  -1.1031395e-02
   6.6220736e-01  -1.1282354e-02
   6.5886288e-01  -1.1533104e-02
   6.5551839e-01  -1.1783584e-02
   6.5217391e-01  -1.2033733e-02
   6.4882943e-01  -1.2283491e-02
   6.4548495e-01  -1.2532799e-02
   6.4214047e-01  -1.2781598e-02
   6.3879599e-01  -1.3029831e-02
   6.3545151e-01  -1.3277443e-02
   6.3210702e-01  -1.3524376e-02
   6.2876254e-01  -1.3770577e-02
   6.2541806e-01  -1.4015992e-02
   6.2207358e-01  -1.4260568e-02
   6.1872910e-01  -1.4504253e-02
   6.1538462e-01  -1.4746995e-02
   6.1204013e-01  -1.4988744e-02
   6.0869565e-01  -1.5229450e-02
   6.0535117e-01  -1.5469065e-02
   6.0200669e-01  -1.5707541e-02
   5.9866221e-01  -1.5944830e-02
   5.9531773e-01  -1.6180886e-02
   5.9197324e-01  -1.6415665e-02
   5.8862876e-01  -1.6649120e-02
   5.8528428e-01  -1.6881209e-02
   5.8193980e-01  -1.7111888e-02
   5.7859532e-01  -1.7341114e-02
   5.7525084e-01  -1.7568846e-02
   5.7190635e-01  -1.7795044e-02
   5.6856187e-01  -1.8019666e-02
   5.6521739e-01  -1.8242675e-02
   5.6187291e-01  -1.8464030e-02
   5.5852843e-01  -1.8683695e-02
   5.5518395e-01  -1.8901633e-02
   5.5183946e-01  -1.9117806e-02
   5.4849498e-01  -1.9332179e-02
   5.4515050e-01  -1.9544717e-02
   5.4180602e-01  -1.9755386e-02
   5.3846154e-01  -1.9964152e-02
   5.3511706e-01  -2.0170983e-02
   5.3177258e-01  -2.0375845e-02
   5.2842809e-01  -2.0578708e-02
   5.2508361e-01  -2.0779541e-02
   5.2173913e-01  -2.0978312e-02
   5.1839465e-01  -2.1174994e-02
   5.1505017e-01  -2.1369555e-02
   5.1170569e-01  -2.1561969e-02
   5.0836120e-01  -2.1752208e-02
   5.0501672e-01  -2.1940243e-02
   5.0167224e-01  -2.2126049e-02
   4.9832776e-01  -2.2309600e-02
   4.9498328e-01  -2.2490870e-02
   4.9163880e-01  -2.2669835e-02
   4.8829431e-01  -2.2846470e-02
   4.8494983e-01  -2.3020751e-02
   4.8160535e-01  -2.3192655e-02
   4.7826087e-01  -2.3362160e-02
   4.7491639e-01  -2.3529244e-02
   4.7157191e-01  -2.3693884e-02
   4.6822742e-01  -2.3856060e-02
   4.6488294e-01  -2.4015752e-02
   4.6153846e-01  -2.4172938e-02
   4.5819398e-01  -2.4327600e-02
   4.5484950e-01  -2.4479718e-02
   4.5150502e-01  -2.4629273e-02
   4.4816054e-01  -2.4776248e-02
   4.4481605e-01  -2.4920623e-02
   4.4147157e-01  -2.5062383e-02
   4.3812709e-01  -2.5201509e-02
   4.3478261e-01  -2.5337985e-02
   4.3143813e-01  -2.5471794e-02
   4.2809365e-01  -2.5602921e-02
   4.2474916e-01  -2.5731351e-02
   4.2140468e-01  -2.5857067e-02
   4.1806020e-01  -2.5980055e-02
   4.1471572e-01  -2.6100300e-02
   4.1137124e-01  -2.6217788e-02
   4.0802676e-01  -2.6332505e-02
   4.0468227e-01  -2.6444437e-02
   4.0133779e-01  -2.6553571e-02
   3.9799331e-01  -2.6659893e-02
   3.9464883e-01  -2.6763391e-02
   3.9130435e-01  -2.6864050e-02
   3.8795987e-01  -2.6961860e-02
   3.8461538e-01  -2.7056807e-02
   3.8127090e-01  -2.7148878e-02
   3.7792642e-01  -2.7238062e-02
   3.7458194e-01  -2.7324347e-02
   3.7123746e-01  -2.7407721e-02
   3.6789298e-01  -2.7488171e-02
   3.6454849e-01  -2.7565687e-02
   3.6120401e-01  -2.7640255e-02
   3.5785953e-01  -2.7711865e-02
   3.5451505e-01  -2.7780504e-02
   3.5117057e-01  -2.7846161e-02
   3.4782609e-01  -2.7908825e-02
   3.4448161e-01  -2.7968482e-02
   3.4113712e-01  -2.8025121e-02
   3.3779264e-01  -2.8078731e-02
   3.3444816e-01  -2.8129298e-02
   3.3110368e-01  -2.8176810e-02
   3.2775920e-01  -2.8221255e-02
   3.2441472e-01  -2.8262621e-02
   3.2107023e-01  -2.8300893e-02
   3.1772575e-01  -2.8336058e-02
   3.1438127e-01  -2.8368103e-02
   3.1103679e-01  -2.8397014e-02
   3.0769231e-01  -2.8422776e-02
   3.0434783e-01  -2.8445375e-02
   3.0100334e-01  -2.8464795e-02
   2.9765886e-01  -2.8481021e-02
   2.9431438e-01  -2.8494036e-02
   2.9096990e-01  -2.8503823e-02
   2.8762542e-01  -2.8510366e-02
   2.8428094e-01  -2.8513645e-02
   2.8093645e-01  -2.8513642e-02
   2.7759197e-01  -2.8510338e-02
   2.7424749e-01  -2.8503711e-02
   2.7090301e-01  -2.8493742e-02
   2.6755853e-01  -2.8480408e-02
   2.6421405e-01  -2.8463685e-02
   2.6086957e-01  -2.8443550e-02
   2.5752508e-01  -2.8419978e-02
   2.5418060e-01  -2.8392942e-02
   2.5083612e-01  -2.8362414e-02
   2.4749164e-01  -2.8328367e-02
   2.4414716e-01  -2.8290769e-02
   2.4080268e-01  -2.8249589e-02
   2.3745819e-01  -2.8204795e-02
   2.3411371e-01  -2.8156350e-02
   2.3076923e-01  -2.8104219e-02
   2.2742475e-01  -2.8048364e-02
   2.2408027e-01  -2.7988744e-02
   2.2073579e-01  -2.7925316e-02
   2.1739130e-01  -2.7858037e-02
   2.1404682e-01  -2.7786860e-02
   2.1070234e-01  -2.7711736e-02
   2.0735786e-01  -2.7632613e-02
   2.0401338e-01  -2.7549436e-02
   2.0066890e-01  -2.7462149e-02
   1.9732441e-01  -2.7370691e-02
   1.9397993e-01  -2.7274999e-02
   1.9063545e-01  -2.7175006e-02
   1.8729097e-01  -2.7070641e-02
   1.8394649e-01  -2.6961830e-02
   1.8060201e-01  -2.6848495e-02
   1.7725753e-01  -2.6730552e-02
   1.7391304e-01  -2.6607913e-02
   1.7056856e-01  -2.6480488e-02
   1.6722408e-01  -2.6348176e-02
   1.6387960e-01  -2.6210876e-02
   1.6053512e-01  -2.6068477e-02
   1.5719064e-01  -2.5920864e-02
   1.5384615e-01  -2.5767912e-02
   1.5050167e-01  -2.5609493e-02
   1.4715719e-01  -2.5445466e-02
   1.4381271e-01  -2.5275686e-02
   1.4046823e-01  -2.5099995e-02
   1.3712375e-01  -2.4918226e-02
   1.3377926e-01  -2.4730203e-02
   1.3043478e-01  -2.4535735e-02
   1.2709030e-01  -2.4334621e-02
   1.2374582e-01  -2.4126644e-02
   1.2040134e-01  -2.3911572e-02
   1.1705686e-01  -2.3689158e-02
   1.1371237e-01  -2.3459134e-02
   1.1036789e-01  -2.3221215e-02
   1.0702341e-01  -2.2975091e-02
   1.0367893e-01  -2.2720429e-02
   1.0033445e-01  -2.2456869e-02
   9.6989967e-02  -2.2184019e-02
   9.3645485e-02  -2.1901455e-02
   9.0301003e-02  -2.1608715e-02
   8.6956522e-02  -2.1305294e-02
   8.3612040e-02  -2.0990638e-02
   8.0267559e-02  -2.0664138e-02
   7.6923077e-02  -2.0325125e-02
   7.3578595e-02  -1.9972856e-02
   7.0234114e-02  -1.9606504e-02
   6.6889632e-02  -1.9225146e-02
   6.3545151e-02  -1.8827746e-02
   6.0200669e-02  -1.8413134e-02
   5.6856187e-02  -1.7979978e-02
   5.3511706e-02  -1.7526756e-02
   5.0167224e-02  -1.7051709e-02
   4.6822742e-02  -1.6552789e-02
   4.3478261e-02  -1.6027588e-02
   4.0133779e-02  -1.5473236e-02
   3.6789298e-02  -1.4886270e-02
   3.3444816e-02  -1.4262440e-02
   3.0100334e-02  -1.3596429e-02
   2.6755853e-02  -1.2881432e-02
   2.3411371e-02  -1.2108484e-02
   2.0066890e-02  -1.1265340e-02
   1.6722408e-02  -1.0334468e-02
   1.3377926e-02  -9.2891158e-03
   1.0033445e-02  -8.0845029e-03
   6.6889632e-03  -6.6338143e-03
   3.3444816e-03  -4.7142377e-03
   0.0000000e+00   0.0000000e+00
