   0.0000000e+00   0.0000000e+00
   3.3444816e-03   7.9503793e-03
   6.6889632e-03   1.1206722e-02
   1.0033445e-02   1.3680180e-02
   1.3377926e-02   1.5744200e-02
   1.6722408e-02   1.7543928e-02
   2.0066890e-02   1.9154044e-02
   2.3411371e-02   2.0619052e-02
   2.6755853e-02   2.1968038e-02
   3.0100334e-02   2.3221266e-02
   3.3444816e-02   2.4393536e-02
   3.6789298e-02   2.5496052e-02
   4.0133779e-02   2.6537546e-02
   4.3478261e-02   2.7524984e-02
   4.6822742e-02   2.8464027e-02
   5.0167224e-02   2.9359358e-02
   5.3511706e-02   3.0214899e-02
   5.6856187e-02   3.1033981e-02
   6.0200669e-02   3.1819456e-02
   6.3545151e-02   3.2573796e-02
   6.6889632e-02   3.3299154e-02
   7.0234114e-02   3.3997426e-02
   7.3578595e-02   3.4670287e-02
   7.6923077e-02   3.5319231e-02
   8.0267559e-02   3.5945592e-02
   8.3612040e-02   3.6550574e-02
   8.6956522e-02   3.7135261e-02
   9.0301003e-02   3.7700639e-02
   9.3645485e-02   3.8247607e-02
   9.6989967e-02   3.8776986e-02
   1.0033445e-01   3.9289529e-02
   1.0367893e-01   3.9785928e-02
   1.0702341e-01   4.0266826e-02
   1.1036789e-01   4.0732812e-02
   1.1371237e-01   4.1184438e-02
   1.1705686e-01   4.1622215e-02
   1.2040134e-01   4.2046619e-02
   1.2374582e-01   4.2458096e-02
   1.2709030e-01   4.2857062e-02
   1.3043478e-01   4.3243909e-02
   1.3377926e-01   4.3619005e-02
   1.3712375e-01   4.3982695e-02
   1.4046823e-01   4.4335306e-02
   1.4381271e-01   4.4677147e-02
   1.4715719e-01   4.5008507e-02
   1.5050167e-01   4.5329665e-02
   1.5384615e-01   4.5640881e-02
   1.5719064e-01   4.5942404e-02
   1.6053512e-01   4.6234472e-02
   1.6387960e-01   4.6517309e-02
   1.6722408e-01   4.6791130e-02
   1.7056856e-01   4.7056141e-02
   1.7391304e-01   4.7312536e-02
   1.7725753e-01   4.7560504e-02
   1.8060201e-01   4.7800223e-02
   1.8394649e-01   4.8031865e-02
   1.8729097e-01   4.8255596e-02
   1.9063545e-01   4.8471573e-02
   1.9397993e-01   4.8679949e-02
   1.9732441e-01   4.8880869e-02
   2.0066890e-01   4.9074474e-02
   2.0401338e-01   4.9260900e-02
   2.0735786e-01   4.9440277e-02
   2.1070234e-01   4.9612732e-02
   2.1404682e-01   4.9778386e-02
   2.1739130e-01   4.9937357e-02
   2.2073579e-01   5.0089758e-02
   2.2408027e-01   5.0235699e-02
   2.2742475e-01   5.0375286e-02
   2.3076923e-01   5.0508623e-02
   2.3411371e-01   5.0635809e-02
   2.3745819e-01   5.0756942e-02
   2.4080268e-01   5.0872114e-02
   2.4414716e-01   5.0981417e-02
   2.4749164e-01   5.1084940e-02
   2.5083612e-01   5.1182769e-02
   2.5418060e-01   5.1274987e-02
   2.5752508e-01   5.1361676e-02
   2.6086957e-01   5.1442914e-02
   2.6421405e-01   5.1518780e-02
   2.6755853e-01   5.1589347e-02
   2.7090301e-01   5.1654690e-02
   2.7424749e-01   5.1714879e-02
   2.7759197e-01   5.1769985e-02
   2.8093645e-01   5.1820075e-02
   2.8428094e-01   5.1865214e-02
   2.8762542e-01   5.1905469e-02
   2.9096990e-01   5.1940902e-02
   2.9431438e-01   5.1971576e-02
   2.9765886e-01   5.1997549e-02
   3.0100334e-01   5.2018882e-02
   3.0434783e-01   5.2035632e-02
   3.0769231e-01   5.2047856e-02
   3.1103679e-01   5.2055609e-02
   3.1438127e-01   5.2058946e-02
   3.1772575e-01   5.2057918e-02
   3.2107023e-01   5.2052579e-02
   3.2441472e-01   5.2042980e-02
   3.2775920e-01   5.2029169e-02
   3.3110368e-01   5.2011197e-02
   3.3444816e-01   5.1989111e-02
   3.3779264e-01   5.1962958e-02
   3.4113712e-01   5.1932786e-02
   3.4448161e-01   5.1898638e-02
   3.4782609e-01   5.1860560e-02
   3.5117057e-01   5.1818595e-02
   3.5451505e-01   5.1772788e-02
   3.5785953e-01   5.1723178e-02
   3.6120401e-01   5.1669810e-02
   3.6454849e-01   5.1612722e-02
   3.6789298e-01   5.1551955e-02
   3.7123746e-01   5.1487550e-02
   3.7458194e-01   5.1419544e-02
   3.7792642e-01   5.1347975e-02
   3.8127090e-01   5.1272883e-02
   3.8461538e-01   5.1194302e-02
   3.8795987e-01   5.1112270e-02
   3.9130435e-01   5.1026823e-02
   3.9464883e-01   5.0937995e-02
   3.9799331e-01   5.0845822e-02
   4.0133779e-01   5.0750338e-02
   4.0468227e-01   5.0651576e-02
   4.0802676e-01   5.0549570e-02
   4.1137124e-01   5.0444352e-02
   4.1471572e-01   5.0335955e-02
   4.1806020e-01   5.0224410e-02
   4.2140468e-01   5.0109749e-02
   4.2474916e-01   4.9992003e-02
   4.2809365e-01   4.9871201e-02
   4.3143813e-01   4.9747374e-02
   4.3478261e-01   4.9620552e-02
   4.3812709e-01   4.9490764e-02
   4.4147157e-01   4.9358038e-02
   4.4481605e-01   4.9222403e-02
   4.4816054e-01   4.9083887e-02
   4.5150502e-01   4.8942518e-02
   4.5484950e-01   4.8798322e-02
   4.5819398e-01   4.8651327e-02
   4.6153846e-01   4.8501560e-02
   4.6488294e-01   4.8349046e-02
   4.6822742e-01   4.8193812e-02
   4.7157191e-01   4.8035882e-02
   4.7491639e-01   4.7875283e-02
   4.7826087e-01   4.7712038e-02
   4.8160535e-01   4.7546173e-02
   4.8494983e-01   4.7377712e-02
   4.8829431e-01   4.7206679e-02
   4.9163880e-01   4.7033098e-02
   4.9498328e-01   4.6856991e-02
   4.9832776e-01   4.6678382e-02
   5.0167224e-01   4.6497293e-02
   5.0501672e-01   4.6313748e-02
   5.0836120e-01   4.6127768e-02
   5.1170569e-01   4.5939375e-02
   5.1505017e-01   4.5748592e-02
   5.1839465e-01   4.5555438e-02
   5.2173913e-01   4.5359936e-02
   5.2508361e-01   4.5162107e-02
   5.2842809e-01   4.4961970e-02
   5.3177258e-01   4.4759547e-02
   5.3511706e-01   4.4554857e-02
   5.3846154e-01   4.4347920e-02
   5.4180602e-01   4.4138757e-02
   5.4515050e-01   4.3927386e-02
   5.4849498e-01   4.3713826e-02
   5.5183946e-01   4.3498097e-02
   5.5518395e-01   4.3280216e-02
   5.5852843e-01   4.3060204e-02
   5.6187291e-01   4.2838077e-02
   5.6521739e-01   4.2613854e-02
   5.6856187e-01   4.2387552e-02
   5.7190635e-01   4.2159189e-02
   5.7525084e-01   4.1928783e-02
   5.7859532e-01   4.1696351e-02
   5.8193980e-01   4.1461909e-02
   5.8528428e-01   4.1225474e-02
   5.8862876e-01   4.0987063e-02
   5.9197324e-01   4.0746691e-02
   5.9531773e-01   4.0504376e-02
   5.9866221e-01   4.0260133e-02
   6.0200669e-01   4.0013977e-02
   6.0535117e-01   3.9765924e-02
   6.0869565e-01   3.9515989e-02
   6.1204013e-01   3.9264188e-02
   6.1538462e-01   3.9010535e-02
   6.1872910e-01   3.8755045e-02
   6.2207358e-01   3.8497732e-02
   6.2541806e-01   3.8238611e-02
   6.2876254e-01   3.7977696e-02
   6.3210702e-01   3.7715000e-02
   6.3545151e-01   3.7450538e-02
   6.3879599e-01   3.7184323e-02
   6.4214047e-01   3.6916368e-02
   6.4548495e-01   3.6646686e-02
   6.4882943e-01   3.6375291e-02
   6.5217391e-01   3.6102195e-02
   6.5551839e-01   3.5827410e-02
   6.5886288e-01   3.5550950e-02
   6.6220736e-01   3.5272827e-02
   6.6555184e-01   3.4993052e-02
   6.6889632e-01   3.4711637e-02
   6.7224080e-01   3.4428595e-02
   6.7558528e-01   3.4143936e-02
   6.7892977e-01   3.3857672e-02
   6.8227425e-01   3.3569815e-02
   6.8561873e-01   3.3280374e-02
   6.8896321e-01   3.2989362e-02
   6.9230769e-01   3.2696789e-02
   6.9565217e-01   3.2402664e-02
   6.9899666e-01   3.2107000e-02
   7.0234114e-01   3.1809804e-02
   7.0568562e-01   3.1511089e-02
   7.0903010e-01   3.1210863e-02
   7.1237458e-01   3.0909136e-02
   7.1571906e-01   3.0605917e-02
   7.1906355e-01   3.0301217e-02
   7.2240803e-01   2.9995043e-02
   7.2575251e-01   2.9687405e-02
   7.2909699e-01   2.9378312e-02
   7.3244147e-01   2.9067772e-02
   7.3578595e-01   2.8755794e-02
   7.3913043e-01   2.8442386e-02
   7.4247492e-01   2.8127556e-02
   7.4581940e-01   2.7811313e-02
   7.4916388e-01   2.7493663e-02
   7.5250836e-01   2.7174614e-02
   7.5585284e-01   2.6854175e-02
   7.5919732e-01   2.6532352e-02
   7.6254181e-01   2.6209152e-02
   7.6588629e-01   2.5884583e-02
   7.6923077e-01   2.5558651e-02
   7.7257525e-01   2.5231363e-02
   7.7591973e-01   2.4902725e-02
   7.7926421e-01   2.4572744e-02
   7.8260870e-01   2.4241425e-02
   7.8595318e-01   2.3908776e-02
   7.8929766e-01   2.3574800e-02
   7.9264214e-01   2.3239506e-02
   7.9598662e-01   2.2902896e-02
   7.9933110e-01   2.2564978e-02
   8.0267559e-01   2.2225756e-02
   8.0602007e-01   2.1885236e-02
   8.0936455e-01   2.1543421e-02
   8.1270903e-01   2.1200318e-02
   8.1605351e-01   2.0855929e-02
   8.1939799e-01   2.0510260e-02
   8.2274247e-01   2.0163316e-02
   8.2608696e-01   1.9815099e-02
   8.2943144e-01   1.9465614e-02
   8.3277592e-01   1.9114864e-02
   8.3612040e-01   1.8762854e-02
   8.3946488e-01   1.8409586e-02
   8.4280936e-01   1.8055064e-02
   8.4615385e-01   1.7699290e-02
   8.4949833e-01   1.7342268e-02
   8.5284281e-01   1.6984001e-02
   8.5618729e-01   1.6624491e-02
   8.5953177e-01   1.6263740e-02
   8.6287625e-01   1.5901751e-02
   8.6622074e-01   1.5538526e-02
   8.6956522e-01   1.5174067e-02
   8.7290970e-01   1.4808375e-02
   8.7625418e-01   1.4441452e-02
   8.7959866e-01   1.4073300e-02
   8.8294314e-01   1.3703920e-02
   8.8628763e-01   1.3333313e-02
   8.8963211e-01   1.2961480e-02
   8.9297659e-01   1.2588422e-02
   8.9632107e-01   1.2214140e-02
   8.9966555e-01   1.1838633e-02
   9.0301003e-01   1.1461903e-02
   9.0635452e-01   1.1083949e-02
   9.0969900e-01   1.0704771e-02
   9.1304348e-01   1.0324370e-02
   9.1638796e-01   9.9427453e-03
   9.1973244e-01   9.5598957e-03
   9.2307692e-01   9.1758210e-03
   9.2642140e-01   8.7905202e-03
   9.2976589e-01   8.4039925e-03
   9.3311037e-01   8.0162366e-03
   9.3645485e-01   7.6272513e-03
   9.3979933e-01   7.2370352e-03
   9.4314381e-01   6.8455865e-03
   9.4648829e-01   6.4529035e-03
   9.4983278e-01   6.0589842e-03
   9.5317726e-01   5.6638265e-03
   9.5652174e-01   5.2674280e-03
   9.5986622e-01   4.8697864e-03
   9.6321070e-01   4.4708990e-03
   9.6655518e-01   4.0707631e-03
   9.6989967e-01   3.6693756e-03
   9.7324415e-01   3.2667334e-03
   9.7658863e-01   2.8628334e-03
   9.7993311e-01   2.4576719e-03
   9.8327759e-01   2.0512454e-03
   9.8662207e-01   1.6435502e-03
   9.8996656e-01   1.2345822e-03
   9.9331104e-01   8.2433744e-04
   9.9665552e-01   4.1281151e-04
   1.0000000e+00   0.0000000e+00
   1.0000000e+00  -0.0000000e+00
   9.9665552e-01  -1.4765228e-04
   9.9331104e-01  -2.9403014e-04
   9.8996656e-01  -4.3916662e-04
   9.8662207e-01  -5.8309435e-04
   9.8327759e-01  -7.2584554e-04
   9.7993311e-01  -8.6745200e-04
   9.7658863e-01  -1.0079451e-03
   9.7324415e-01  -1.1473559e-03
   9.6989967e-01  -1.2857150e-03
   9.6655518e-01  -1.4230524e-03
   9.6321070e-01  -1.5593981e-03
   9.5986622e-01  -1.6947814e-03
   9.5652174e-01  -1.8292313e-03
   9.5317726e-01  -1.9627763e-03
   9.4983278e-01  -2.0954447e-03
   9.4648829e-01  -2.2272642e-03
   9.4314381e-01  -2.3582621e-03
   9.3979933e-01  -2.4884655e-03
   9.3645485e-01  -2.6179010e-03
   9.3311037e-01  -2.7465947e-03
   9.2976589e-01  -2.8745725e-03
   9.2642140e-01  -3.0018597e-03
   9.2307692e-01  -3.1284814e-03
   9.1973244e-01  -3.2544622e-03
   9.1638796e-01  -3.3798263e-03
   9.1304348e-01  -3.5045976e-03
   9.0969900e-01  -3.6287995e-03
   9.0635452e-01  -3.7524551e-03
   9.0301003e-01  -3.8755870e-03
   8.9966555e-01  -3.9982176e-03
   8.9632107e-01  -4.1203688e-03
   8.9297659e-01  -4.2420620e-03
   8.8963211e-01  -4.3633185e-03
   8.8628763e-01  -4.4841589e-03
   8.8294314e-01  -4.6046038e-03
   8.7959866e-01  -4.7246730e-03
   8.7625418e-01  -4.8443862e-03
   8.7290970e-01  -4.9637626e-03
   8.6956522e-01  -5.0828211e-03
   8.6622074e-01  -5.2015802e-03
   8.6287625e-01  -5.3200580e-03
   8.5953177e-01  -5.4382722e-03
   8.5618729e-01  -5.5562402e-03
   8.5284281e-01  -5.6739790e-03
   8.4949833e-01  -5.7915052e-03
   8.4615385e-01  -5.9088350e-03
   8.4280936e-01  -6.0259844e-03
   8.3946488e-01  -6.1429688e-03
   8.3612040e-01  -6.2598034e-03
   8.3277592e-01  -6.3765029e-03
   8.2943144e-01  -6.4930818e-03
   8.2608696e-01  -6.6095541e-03
   8.2274247e-01  -6.7259334e-03
   8.1939799e-01  -6.8422332e-03
   8.1605351e-01  -6.9584663e-03
   8.1270903e-01  -7.0746453e-03
   8.0936455e-01  -7.1907824e-03
   8.0602007e-01  -7.3068896e-03
   8.0267559e-01  -7.4229783e-03
   7.9933110e-01  -7.5390597e-03
   7.9598662e-01  -7.6551446e-03
   7.9264214e-01  -7.7712433e-03
   7.8929766e-01  -7.8873661e-03
   7.8595318e-01  -8.0035225e-03
   7.8260870e-01  -8.1197221e-03
   7.7926421e-01  -8.2359737e-03
   7.7591973e-01  -8.3522861e-03
   7.7257525e-01  -8.4686676e-03
   7.6923077e-01  -8.5851261e-03
   7.6588629e-01  -8.7016693e-03
   7.6254181e-01  -8.8183044e-03
   7.5919732e-01  -8.9350383e-03
   7.5585284e-01  -9.0518777e-03
   7.5250836e-01  -9.1688286e-03
   7.4916388e-01  -9.2858971e-03
   7.4581940e-01  -9.4030886e-03
   7.4247492e-01  -9.5204084e-03
   7.3913043e-01  -9.6378612e-03
   7.3578595e-01  -9.7554517e-03
   7.3244147e-01  -9.8731838e-03
   7.2909699e-01  -9.9910616e-03
   7.2575251e-01  -1.0109088e-02
   7.2240803e-01  -1.0227267e-02
   7.1906355e-01  -1.0345601e-02
   7.1571906e-01  -1.0464093e-02
   7.1237458e-01  -1.0582744e-02
   7.0903010e-01  -1.0701556e-02
   7.0568562e-01  -1.0820532e-02
   7.0234114e-01  -1.0939671e-02
   6.9899666e-01  -1.1058975e-02
   6.9565217e-01  -1.1178444e-02
   6.9230769e-01  -1.1298079e-02
   6.8896321e-01  -1.1417879e-02
   6.8561873e-01  -1.1537843e-02
   6.8227425e-01  -1.1657972e-02
   6.7892977e-01  -1.1778263e-02
   6.7558528e-01  -1.1898714e-02
   6.7224080e-01  -1.2019325e-02
   6.6889632e-01  -1.2140093e-02
   6.6555184e-01  -1.2261016e-02
   6.6220736e-01  -1.2382090e-02
   6.5886288e-01  -1.2503313e-02
   6.5551839e-01  -1.2624680e-02
   6.5217391e-01  -1.2746189e-02
   6.4882943e-01  -1.2867835e-02
   6.4548495e-01  -1.2989614e-02
   6.4214047e-01  -1.3111521e-02
   6.3879599e-01  -1.3233550e-02
   6.3545151e-01  -1.3355696e-02
   6.3210702e-01  -1.3477955e-02
   6.2876254e-01  -1.3600318e-02
   6.2541806e-01  -1.3722781e-02
   6.2207358e-01  -1.3845336e-02
   6.1872910e-01  -1.3967977e-02
   6.1538462e-01  -1.4090696e-02
   6.1204013e-01  -1.4213485e-02
   6.0869565e-01  -1.4336336e-02
   6.0535117e-01  -1.4459242e-02
   6.0200669e-01  -1.4582193e-02
   5.9866221e-01  -1.4705181e-02
   5.9531773e-01  -1.4828196e-02
   5.9197324e-01  -1.4951229e-02
   5.8862876e-01  -1.5074270e-02
   5.8528428e-01  -1.5197308e-02
   5.8193980e-01  -1.5320334e-02
   5.7859532e-01  -1.5443336e-02
   5.7525084e-01  -1.5566303e-02
   5.7190635e-01  -1.5689224e-02
   5.6856187e-01  -1.5812086e-02
   5.6521739e-01  -1.5934879e-02
   5.6187291e-01  -1.6057589e-02
   5.5852843e-01  -1.6180204e-02
   5.5518395e-01  -1.6302710e-02
   5.5183946e-01  -1.6425095e-02
   5.4849498e-01  -1.6547345e-02
   5.4515050e-01  -1.6669445e-02
   5.4180602e-01  -1.6791381e-02
   5.3846154e-01  -1.6913139e-02
   5.3511706e-01  -1.7034704e-02
   5.3177258e-01  -1.7156061e-02
   5.2842809e-01  -1.7277193e-02
   5.2508361e-01  -1.7398086e-02
   5.2173913e-01  -1.7518722e-02
   5.1839465e-01  -1.7639086e-02
   5.1505017e-01  -1.7759160e-02
   5.1170569e-01  -1.7878927e-02
   5.0836120e-01  -1.7998370e-02
   5.0501672e-01  -1.8117471e-02
   5.0167224e-01  -1.8236212e-02
   4.9832776e-01  -1.8354574e-02
   4.9498328e-01  -1.8472539e-02
   4.9163880e-01  -1.8590088e-02
   4.8829431e-01  -1.8707200e-02
   4.8494983e-01  -1.8823856e-02
   4.8160535e-01  -1.8940037e-02
   4.7826087e-01  -1.9055722e-02
   4.7491639e-01  -1.9170889e-02
   4.7157191e-01  -1.9285518e-02
   4.6822742e-01  -1.9399588e-02
   4.6488294e-01  -1.9513076e-02
   4.6153846e-01  -1.9625961e-02
   4.5819398e-01  -1.9738219e-02
   4.5484950e-01  -1.9849829e-02
   4.5150502e-01  -1.9960768e-02
   4.4816054e-01  -2.0071010e-02
   4.4481605e-01  -2.0180534e-02
   4.4147157e-01  -2.0289314e-02
   4.3812709e-01  -2.0397326e-02
   4.3478261e-01  -2.0504545e-02
   4.3143813e-01  -2.0610946e-02
   4.2809365e-01  -2.0716504e-02
   4.2474916e-01  -2.0821191e-02
   4.2140468e-01  -2.0924982e-02
   4.1806020e-01  -2.1027850e-02
   4.1471572e-01  -2.1129768e-02
   4.1137124e-01  -2.1230709e-02
   4.0802676e-01  -2.1330644e-02
   4.0468227e-01  -2.1429545e-02
   4.0133779e-01  -2.1527383e-02
   3.9799331e-01  -2.1624130e-02
   3.9464883e-01  -2.1719756e-02
   3.9130435e-01  -2.1814230e-02
   3.8795987e-01  -2.1907524e-02
   3.8461538e-01  -2.1999604e-02
   3.8127090e-01  -2.2090442e-02
   3.7792642e-01  -2.2180005e-02
   3.7458194e-01  -2.2268260e-02
   3.7123746e-01  -2.2355176e-02
   3.6789298e-01  -2.2440719e-02
   3.6454849e-01  -2.2524856e-02
   3.6120401e-01  -2.2607553e-02
   3.5785953e-01  -2.2688775e-02
   3.5451505e-01  -2.2768488e-02
   3.5117057e-01  -2.2846657e-02
   3.4782609e-01  -2.2923244e-02
   3.4448161e-01  -2.2998214e-02
   3.4113712e-01  -2.3071531e-02
   3.3779264e-01  -2.3143155e-02
   3.3444816e-01  -2.3213049e-02
   3.3110368e-01  -2.3281175e-02
   3.2775920e-01  -2.3347493e-02
   3.2441472e-01  -2.3411964e-02
   3.2107023e-01  -2.3474546e-02
   3.1772575e-01  -2.3535199e-02
   3.1438127e-01  -2.3593881e-02
   3.1103679e-01  -2.3650549e-02
   3.0769231e-01  -2.3705161e-02
   3.0434783e-01  -2.3757672e-02
   3.0100334e-01  -2.3808038e-02
   2.9765886e-01  -2.3856214e-02
   2.9431438e-01  -2.3902153e-02
   2.9096990e-01  -2.3945809e-02
   2.8762542e-01  -2.3987134e-02
   2.8428094e-01  -2.4026080e-02
   2.8093645e-01  -2.4062596e-02
   2.7759197e-01  -2.4096633e-02
   2.7424749e-01  -2.4128140e-02
   2.7090301e-01  -2.4157064e-02
   2.6755853e-01  -2.4183351e-02
   2.6421405e-01  -2.4206948e-02
   2.6086957e-01  -2.4227799e-02
   2.5752508e-01  -2.4245848e-02
   2.5418060e-01  -2.4261037e-02
   2.5083612e-01  -2.4273307e-02
   2.4749164e-01  -2.4282598e-02
   2.4414716e-01  -2.4288848e-02
   2.4080268e-01  -2.4291995e-02
   2.3745819e-01  -2.4291974e-02
   2.3411371e-01  -2.4288719e-02
   2.3076923e-01  -2.4282162e-02
   2.2742475e-01  -2.4272236e-02
   2.2408027e-01  -2.4258868e-02
   2.2073579e-01  -2.4241987e-02
   2.1739130e-01  -2.4221517e-02
   2.1404682e-01  -2.4197382e-02
   2.1070234e-01  -2.4169504e-02
   2.0735786e-01  -2.4137802e-02
   2.0401338e-01  -2.4102192e-02
   2.0066890e-01  -2.4062588e-02
   1.9732441e-01  -2.4018904e-02
   1.9397993e-01  -2.3971047e-02
   1.9063545e-01  -2.3918923e-02
   1.8729097e-01  -2.3862436e-02
   1.8394649e-01  -2.3801485e-02
   1.8060201e-01  -2.3735967e-02
   1.7725753e-01  -2.3665774e-02
   1.7391304e-01  -2.3590795e-02
   1.7056856e-01  -2.3510914e-02
   1.6722408e-01  -2.3426012e-02
   1.6387960e-01  -2.3335963e-02
   1.6053512e-01  -2.3240638e-02
   1.5719064e-01  -2.3139902e-02
   1.5384615e-01  -2.3033613e-02
   1.5050167e-01  -2.2921625e-02
   1.4715719e-01  -2.2803782e-02
   1.4381271e-01  -2.2679924e-02
   1.4046823e-01  -2.2549881e-02
   1.3712375e-01  -2.2413475e-02
   1.3377926e-01  -2.2270519e-02
   1.3043478e-01  -2.2120815e-02
   1.2709030e-01  -2.1964157e-02
   1.2374582e-01  -2.1800323e-02
   1.2040134e-01  -2.1629080e-02
   1.1705686e-01  -2.1450181e-02
   1.1371237e-01  -2.1263363e-02
   1.1036789e-01  -2.1068345e-02
   1.0702341e-01  -2.0864828e-02
   1.0367893e-01  -2.0652490e-02
   1.0033445e-01  -2.0430987e-02
   9.6989967e-02  -2.0199948e-02
   9.3645485e-02  -1.9958973e-02
   9.0301003e-02  -1.9707627e-02
   8.6956522e-02  -1.9445441e-02
   8.3612040e-02  -1.9171900e-02
   8.0267559e-02  -1.8886442e-02
   7.6923077e-02  -1.8588449e-02
   7.3578595e-02  -1.8277242e-02
   7.0234114e-02  -1.7952062e-02
   6.6889632e-02  -1.7612071e-02
   6.3545151e-02  -1.7256322e-02
   6.0200669e-02  -1.6883754e-02
   5.6856187e-02  -1.6493159e-02
   5.3511706e-02  -1.6083156e-02
   5.0167224e-02  -1.5652152e-02
   4.6822742e-02  -1.5198295e-02
   4.3478261e-02  -1.4719402e-02
   4.0133779e-02  -1.4212877e-02
   3.6789298e-02  -1.3675582e-02
   3.3444816e-02  -1.3103664e-02
   3.0100334e-02  -1.2492302e-02
   2.6755853e-02  -1.1835316e-02
   2.3411371e-02  -1.1124556e-02
   2.0066890e-02  -1.0348876e-02
   1.6722408e-02  -9.4923035e-03
   1.3377926e-02  -8.5304264e-03
   1.0033445e-02  -7.4223355e-03
   6.6889632e-03  -6.0886249e-03
   3.3444816e-03  -4.3252730e-03
   0.0000000e+00   0.0000000e+00
