   0.0000000e+00   0.0000000e+00
   3.3444816e-03   1.1438659e-02
   6.6889632e-03   1.6229643e-02
   1.0033445e-02   1.9939387e-02
   1.3377926e-02   2.3092870e-02
   1.6722408e-02   2.5892280e-02
   2.0066890e-02   2.8440681e-02
   2.3411371e-02   3.0798899e-02
   2.6755853e-02   3.3006290e-02
   3.0100334e-02   3.5089989e-02
   3.3444816e-02   3.7069597e-02
   3.6789298e-02   3.8959794e-02
   4.0133779e-02   4.0771887e-02
   4.3478261e-02   4.2514788e-02
   4.6822742e-02   4.4195659e-02
   5.0167224e-02   4.5820349e-02
   5.3511706e-02   4.7393699e-02
   5.6856187e-02   4.8919764e-02
   6.0200669e-02   5.0401979e-02
   6.3545151e-02   5.1843277e-02
   6.6889632e-02   5.3246187e-02
   7.0234114e-02   5.4612902e-02
   7.3578595e-02   5.5945339e-02
   7.6923077e-02   5.7245182e-02
   8.0267559e-02   5.8513923e-02
   8.3612040e-02   5.9752883e-02
   8.6956522e-02   6.0963244e-02
   9.0301003e-02   6.2146068e-02
   9.3645485e-02   6.3302307e-02
   9.6989967e-02   6.4432826e-02
   1.0033445e-01   6.5538408e-02
   1.0367893e-01   6.6619766e-02
   1.0702341e-01   6.7677552e-02
   1.1036789e-01   6.8712365e-02
   1.1371237e-01   6.9724755e-02
   1.1705686e-01   7.0715229e-02
   1.2040134e-01   7.1684257e-02
   1.2374582e-01   7.2632275e-02
   1.2709030e-01   7.3559689e-02
   1.3043478e-01   7.4466876e-02
   1.3377926e-01   7.5354192e-02
   1.3712375e-01   7.6221969e-02
   1.4046823e-01   7.7070518e-02
   1.4381271e-01   7.7900135e-02
   1.4715719e-01   7.8711098e-02
   1.5050167e-01   7.9503671e-02
   1.5384615e-01   8.0278103e-02
   1.5719064e-01   8.1034634e-02
   1.6053512e-01   8.1773490e-02
   1.6387960e-01   8.2494888e-02
   1.6722408e-01   8.3199037e-02
   1.7056856e-01   8.3886137e-02
   1.7391304e-01   8.4556378e-02
   1.7725753e-01   8.5209948e-02
   1.8060201e-01   8.5847023e-02
   1.8394649e-01   8.6467777e-02
   1.8729097e-01   8.7072378e-02
   1.9063545e-01   8.7660988e-02
   1.9397993e-01   8.8233765e-02
   1.9732441e-01   8.8790862e-02
   2.0066890e-01   8.9332431e-02
   2.0401338e-01   8.9858618e-02
   2.0735786e-01   9.0369565e-02
   2.1070234e-01   9.0865415e-02
   2.1404682e-01   9.1346303e-02
   2.1739130e-01   9.1812367e-02
   2.2073579e-01   9.2263738e-02
   2.2408027e-01   9.2700547e-02
   2.2742475e-01   9.3122924e-02
   2.3076923e-01   9.3530996e-02
   2.3411371e-01   9.3924887e-02
   2.3745819e-01   9.4304723e-02
   2.4080268e-01   9.4670625e-02
   2.4414716e-01   9.5022715e-02
   2.4749164e-01   9.5361113e-02
   2.5083612e-01   9.5685939e-02
   2.5418060e-01   9.5997309e-02
   2.5752508e-01   9.6295342e-02
   2.6086957e-01   9.6580153e-02
   2.6421405e-01   9.6851858e-02
   2.6755853e-01   9.7110572e-02
   2.7090301e-01   9.7356408e-02
   2.7424749e-01   9.7589481e-02
   2.7759197e-01   9.7809903e-02
   2.8093645e-01   9.8017787e-02
   2.8428094e-01   9.8213243e-02
   2.8762542e-01   9.8396385e-02
   2.9096990e-01   9.8567322e-02
   2.9431438e-01   9.8726166e-02
   2.9765886e-01   9.8873026e-02
   3.0100334e-01   9.9008013e-02
   3.0434783e-01   9.9131235e-02
   3.0769231e-01   9.9242804e-02
   3.1103679e-01   9.9342826e-02
   3.1438127e-01   9.9431412e-02
   3.1772575e-01   9.9508669e-02
   3.2107023e-01   9.9574706e-02
   3.2441472e-01   9.9629631e-02
   3.2775920e-01   9.9673552e-02
   3.3110368e-01   9.9706576e-02
   3.3444816e-01   9.9728811e-02
   3.3779264e-01   9.9740363e-02
   3.4113712e-01   9.9741340e-02
   3.4448161e-01   9.9731849e-02
   3.4782609e-01   9.9711996e-02
   3.5117057e-01   9.9681887e-02
   3.5451505e-01   9.9641629e-02
   3.5785953e-01   9.9591328e-02
   3.6120401e-01   9.9531089e-02
   3.6454849e-01   9.9461018e-02
   3.6789298e-01   9.9381221e-02
   3.7123746e-01   9.9291803e-02
   3.7458194e-01   9.9192869e-02
   3.7792642e-01   9.9084523e-02
   3.8127090e-01   9.8966871e-02
   3.8461538e-01   9.8840016e-02
   3.8795987e-01   9.8704062e-02
   3.9130435e-01   9.8559115e-02
   3.9464883e-01   9.8405276e-02
   3.9799331e-01   9.8242651e-02
   4.0133779e-01   9.8071341e-02
   4.0468227e-01   9.7891450e-02
   4.0802676e-01   9.7703081e-02
   4.1137124e-01   9.7506335e-02
   4.1471572e-01   9.7301315e-02
   4.1806020e-01   9.7088123e-02
   4.2140468e-01   9.6866860e-02
   4.2474916e-01   9.6637628e-02
   4.2809365e-01   9.6400526e-02
   4.3143813e-01   9.6155656e-02
   4.3478261e-01   9.5903118e-02
   4.3812709e-01   9.5643012e-02
   4.4147157e-01   9.5375437e-02
   4.4481605e-01   9.5100491e-02
   4.4816054e-01   9.4818275e-02
   4.5150502e-01   9.4528886e-02
   4.5484950e-01   9.4232423e-02
   4.5819398e-01   9.3928981e-02
   4.6153846e-01   9.3618660e-02
   4.6488294e-01   9.3301555e-02
   4.6822742e-01   9.2977763e-02
   4.7157191e-01   9.2647379e-02
   4.7491639e-01   9.2310498e-02
   4.7826087e-01   9.1967216e-02
   4.8160535e-01   9.1617627e-02
   4.8494983e-01   9.1261824e-02
   4.8829431e-01   9.0899901e-02
   4.9163880e-01   9.0531951e-02
   4.9498328e-01   9.0158066e-02
   4.9832776e-01   8.9778337e-02
   5.0167224e-01   8.9392856e-02
   5.0501672e-01   8.9001714e-02
   5.0836120e-01   8.8605000e-02
   5.1170569e-01   8.8202803e-02
   5.1505017e-01   8.7795214e-02
   5.1839465e-01   8.7382319e-02
   5.2173913e-01   8.6964207e-02
   5.2508361e-01   8.6540964e-02
   5.2842809e-01   8.6112677e-02
   5.3177258e-01   8.5679431e-02
   5.3511706e-01   8.5241312e-02
   5.3846154e-01   8.4798403e-02
   5.4180602e-01   8.4350789e-02
   5.4515050e-01   8.3898551e-02
   5.4849498e-01   8.3441774e-02
   5.5183946e-01   8.2980537e-02
   5.5518395e-01   8.2514922e-02
   5.5852843e-01   8.2045009e-02
   5.6187291e-01   8.1570876e-02
   5.6521739e-01   8.1092603e-02
   5.6856187e-01   8.0610268e-02
   5.7190635e-01   8.0123946e-02
   5.7525084e-01   7.9633714e-02
   5.7859532e-01   7.9139648e-02
   5.8193980e-01   7.8641822e-02
   5.8528428e-01   7.8140310e-02
   5.8862876e-01   7.7635184e-02
   5.9197324e-01   7.7126516e-02
   5.9531773e-01   7.6614377e-02
   5.9866221e-01   7.6098838e-02
   6.0200669e-01   7.5579969e-02
   6.0535117e-01   7.5057836e-02
   6.0869565e-01   7.4532508e-02
   6.1204013e-01   7.4004052e-02
   6.1538462e-01   7.3472532e-02
   6.1872910e-01   7.2938015e-02
   6.2207358e-01   7.2400563e-02
   6.2541806e-01   7.1860239e-02
   6.2876254e-01   7.1317105e-02
   6.3210702e-01   7.0771222e-02
   6.3545151e-01   7.0222650e-02
   6.3879599e-01   6.9671447e-02
   6.4214047e-01   6.9117671e-02
   6.4548495e-01   6.8561380e-02
   6.4882943e-01   6.8002629e-02
   6.5217391e-01   6.7441472e-02
   6.5551839e-01   6.6877963e-02
   6.5886288e-01   6.6312155e-02
   6.6220736e-01   6.5744100e-02
   6.6555184e-01   6.5173847e-02
   6.6889632e-01   6.4601445e-02
   6.7224080e-01   6.4026944e-02
   6.7558528e-01   6.3450390e-02
   6.7892977e-01   6.2871830e-02
   6.8227425e-01   6.2291307e-02
   6.8561873e-01   6.1708866e-02
   6.8896321e-01   6.1124548e-02
   6.9230769e-01   6.0538397e-02
   6.9565217e-01   5.9950450e-02
   6.9899666e-01   5.9360748e-02
   7.0234114e-01   5.8769329e-02
   7.0568562e-01   5.8176228e-02
   7.0903010e-01   5.7581481e-02
   7.1237458e-01   5.6985122e-02
   7.1571906e-01   5.6387184e-02
   7.1906355e-01   5.5787699e-02
   7.2240803e-01   5.5186697e-02
   7.2575251e-01   5.4584206e-02
   7.2909699e-01   5.3980256e-02
   7.3244147e-01   5.3374872e-02
   7.3578595e-01   5.2768079e-02
   7.3913043e-01   5.2159902e-02
   7.4247492e-01   5.1550363e-02
   7.4581940e-01   5.0939484e-02
   7.4916388e-01   5.0327283e-02
   7.5250836e-01   4.9713781e-02
   7.5585284e-01   4.9098993e-02
   7.5919732e-01   4.8482936e-02
   7.6254181e-01   4.7865625e-02
   7.6588629e-01   4.7247073e-02
   7.6923077e-01   4.6627291e-02
   7.7257525e-01   4.6006289e-02
   7.7591973e-01   4.5384077e-02
   7.7926421e-01   4.4760662e-02
   7.8260870e-01   4.4136050e-02
   7.8595318e-01   4.3510246e-02
   7.8929766e-01   4.2883253e-02
   7.9264214e-01   4.2255073e-02
   7.9598662e-01   4.1625706e-02
   7.9933110e-01   4.0995151e-02
   8.0267559e-01   4.0363404e-02
   8.0602007e-01   3.9730463e-02
   8.0936455e-01   3.9096321e-02
   8.1270903e-01   3.8460972e-02
   8.1605351e-01   3.7824406e-02
   8.1939799e-01   3.7186613e-02
   8.2274247e-01   3.6547582e-02
   8.2608696e-01   3.5907299e-02
   8.2943144e-01   3.5265749e-02
   8.3277592e-01   3.4622917e-02
   8.3612040e-01   3.3978783e-02
   8.3946488e-01   3.3333330e-02
   8.4280936e-01   3.2686534e-02
   8.4615385e-01   3.2038374e-02
   8.4949833e-01   3.1388826e-02
   8.5284281e-01   3.0737863e-02
   8.5618729e-01   3.0085459e-02
   8.5953177e-01   2.9431582e-02
   8.6287625e-01   2.8776204e-02
   8.6622074e-01   2.8119292e-02
   8.6956522e-01   2.7460810e-02
   8.7290970e-01   2.6800724e-02
   8.7625418e-01   2.6138997e-02
   8.7959866e-01   2.5475588e-02
   8.8294314e-01   2.4810458e-02
   8.8628763e-01   2.4143563e-02
   8.8963211e-01   2.3474860e-02
   8.9297659e-01   2.2804302e-02
   8.9632107e-01   2.2131843e-02
   8.9966555e-01   2.1457432e-02
   9.0301003e-01   2.0781018e-02
   9.0635452e-01   2.0102550e-02
   9.0969900e-01   1.9421971e-02
   9.1304348e-01   1.8739226e-02
   9.1638796e-01   1.8054257e-02
   9.1973244e-01   1.7367003e-02
   9.2307692e-01   1.6677404e-02
   9.2642140e-01   1.5985395e-02
   9.2976589e-01   1.5290912e-02
   9.3311037e-01   1.4593886e-02
   9.3645485e-01   1.3894250e-02
   9.3979933e-01   1.3191933e-02
   9.4314381e-01   1.2486862e-02
   9.4648829e-01   1.1778963e-02
   9.4983278e-01   1.1068159e-02
   9.5317726e-01   1.0354373e-02
   9.5652174e-01   9.6375243e-03
   9.5986622e-01   8.9175313e-03
   9.6321070e-01   8.1943104e-03
   9.6655518e-01   7.4677759e-03
   9.6989967e-01   6.7378404e-03
   9.7324415e-01   6.0044146e-03
   9.7658863e-01   5.2674072e-03
   9.7993311e-01   4.5267250e-03
   9.8327759e-01   3.7822729e-03
   9.8662207e-01   3.0339539e-03
   9.8996656e-01   2.2816690e-03
   9.9331104e-01   1.5253173e-03
   9.9665552e-01   7.6479590e-04
   1.0000000e+00   0.0000000e+00
   1.0000000e+00  -0.0000000e+00
   9.9665552e-01  -4.0890157e-04
   9.9331104e-01  -8.1488546e-04
   9.8996656e-01  -1.2178944e-03
   9.8662207e-01  -1.6178725e-03
   9.8327759e-01  -2.0147655e-03
   9.7993311e-01  -2.4085202e-03
   9.7658863e-01  -2.7990854e-03
   9.7324415e-01  -3.1864107e-03
   9.6989967e-01  -3.5704476e-03
   9.6655518e-01  -3.9511488e-03
   9.6321070e-01  -4.3284685e-03
   9.5986622e-01  -4.7023621e-03
   9.5652174e-01  -5.0727866e-03
   9.5317726e-01  -5.4397004e-03
   9.4983278e-01  -5.8030630e-03
   9.4648829e-01  -6.1628356e-03
   9.4314381e-01  -6.5189805e-03
   9.3979933e-01  -6.8714616e-03
   9.3645485e-01  -7.2202439e-03
   9.3311037e-01  -7.5652939e-03
   9.2976589e-01  -7.9065793e-03
   9.2642140e-01  -8.2440693e-03
   9.2307692e-01  -8.5777344e-03
   9.1973244e-01  -8.9075461e-03
   9.1638796e-01  -9.2334775e-03
   9.1304348e-01  -9.5555031e-03
   9.0969900e-01  -9.8735983e-03
   9.0635452e-01  -1.0187740e-02
   9.0301003e-01  -1.0497906e-02
   8.9966555e-01  -1.0804077e-02
   8.9632107e-01  -1.1106232e-02
   8.9297659e-01  -1.1404354e-02
   8.8963211e-01  -1.1698426e-02
   8.8628763e-01  -1.1988432e-02
   8.8294314e-01  -1.2274358e-02
   8.7959866e-01  -1.2556191e-02
   8.7625418e-01  -1.2833918e-02
   8.7290970e-01  -1.3107529e-02
   8.6956522e-01  -1.3377014e-02
   8.6622074e-01  -1.3642365e-02
   8.6287625e-01  -1.3903575e-02
   8.5953177e-01  -1.4160637e-02
   8.5618729e-01  -1.4413547e-02
   8.5284281e-01  -1.4662301e-02
   8.4949833e-01  -1.4906896e-02
   8.4615385e-01  -1.5147331e-02
   8.4280936e-01  -1.5383606e-02
   8.3946488e-01  -1.5615720e-02
   8.3612040e-01  -1.5843676e-02
   8.3277592e-01  -1.6067478e-02
   8.2943144e-01  -1.6287128e-02
   8.2608696e-01  -1.6502632e-02
   8.2274247e-01  -1.6713996e-02
   8.1939799e-01  -1.6921228e-02
   8.1605351e-01  -1.7124336e-02
   8.1270903e-01  -1.7323329e-02
   8.0936455e-01  -1.7518217e-02
   8.0602007e-01  -1.7709012e-02
   8.0267559e-01  -1.7895727e-02
   7.9933110e-01  -1.8078374e-02
   7.9598662e-01  -1.8256969e-02
   7.9264214e-01  -1.8431526e-02
   7.8929766e-01  -1.8602062e-02
   7.8595318e-01  -1.8768594e-02
   7.8260870e-01  -1.8931141e-02
   7.7926421e-01  -1.9089722e-02
   7.7591973e-01  -1.9244357e-02
   7.7257525e-01  -1.9395068e-02
   7.6923077e-01  -1.9541876e-02
   7.6588629e-01  -1.9684805e-02
   7.6254181e-01  -1.9823877e-02
   7.5919732e-01  -1.9959119e-02
   7.5585284e-01  -2.0090556e-02
   7.5250836e-01  -2.0218214e-02
   7.4916388e-01  -2.0342121e-02
   7.4581940e-01  -2.0462305e-02
   7.4247492e-01  -2.0578796e-02
   7.3913043e-01  -2.0691622e-02
   7.3578595e-01  -2.0800816e-02
   7.3244147e-01  -2.0906407e-02
   7.2909699e-01  -2.1008430e-02
   7.2575251e-01  -2.1106917e-02
   7.2240803e-01  -2.1201902e-02
   7.1906355e-01  -2.1293420e-02
   7.1571906e-01  -2.1381506e-02
   7.1237458e-01  -2.1466197e-02
   7.0903010e-01  -2.1547529e-02
   7.0568562e-01  -2.1625540e-02
   7.0234114e-01  -2.1700270e-02
   6.9899666e-01  -2.1771756e-02
   6.9565217e-01  -2.1840038e-02
   6.9230769e-01  -2.1905159e-02
   6.8896321e-01  -2.1967157e-02
   6.8561873e-01  -2.2026076e-02
   6.8227425e-01  -2.2081957e-02
   6.7892977e-01  -2.2134845e-02
   6.7558528e-01  -2.2184782e-02
   6.7224080e-01  -2.2231813e-02
   6.6889632e-01  -2.2275984e-02
   6.6555184e-01  -2.2317338e-02
   6.6220736e-01  -2.2355924e-02
   6.5886288e-01  -2.2391788e-02
   6.5551839e-01  -2.2424976e-02
   6.5217391e-01  -2.2455536e-02
   6.4882943e-01  -2.2483518e-02
   6.4548495e-01  -2.2508970e-02
   6.4214047e-01  -2.2531940e-02
   6.3879599e-01  -2.2552480e-02
   6.3545151e-01  -2.2570639e-02
   6.3210702e-01  -2.2586469e-02
   6.2876254e-01  -2.2600019e-02
   6.2541806e-01  -2.2611343e-02
   6.2207358e-01  -2.2620492e-02
   6.1872910e-01  -2.2627519e-02
   6.1538462e-01  -2.2632476e-02
   6.1204013e-01  -2.2635418e-02
   6.0869565e-01  -2.2636397e-02
   6.0535117e-01  -2.2635468e-02
   6.0200669e-01  -2.2632684e-02
   5.9866221e-01  -2.2628102e-02
   5.9531773e-01  -2.2621775e-02
   5.9197324e-01  -2.2613759e-02
   5.8862876e-01  -2.2604110e-02
   5.8528428e-01  -2.2592883e-02
   5.8193980e-01  -2.2580135e-02
   5.7859532e-01  -2.2565921e-02
   5.7525084e-01  -2.2550300e-02
   5.7190635e-01  -2.2533326e-02
   5.6856187e-01  -2.2515057e-02
   5.6521739e-01  -2.2495551e-02
   5.6187291e-01  -2.2474864e-02
   5.5852843e-01  -2.2453055e-02
   5.5518395e-01  -2.2430180e-02
   5.5183946e-01  -2.2406297e-02
   5.4849498e-01  -2.2381464e-02
   5.4515050e-01  -2.2355739e-02
   5.4180602e-01  -2.2329179e-02
   5.3846154e-01  -2.2301843e-02
   5.3511706e-01  -2.2273788e-02
   5.3177258e-01  -2.2245073e-02
   5.2842809e-01  -2.2215755e-02
   5.2508361e-01  -2.2185892e-02
   5.2173913e-01  -2.2155543e-02
   5.1839465e-01  -2.2124764e-02
   5.1505017e-01  -2.2093613e-02
   5.1170569e-01  -2.2062149e-02
   5.0836120e-01  -2.2030427e-02
   5.0501672e-01  -2.1998507e-02
   5.0167224e-01  -2.1966444e-02
   4.9832776e-01  -2.1934295e-02
   4.9498328e-01  -2.1902118e-02
   4.9163880e-01  -2.1869968e-02
   4.8829431e-01  -2.1837903e-02
   4.8494983e-01  -2.1805977e-02
   4.8160535e-01  -2.1774246e-02
   4.7826087e-01  -2.1742766e-02
   4.7491639e-01  -2.1711591e-02
   4.7157191e-01  -2.1680777e-02
   4.6822742e-01  -2.1650376e-02
   4.6488294e-01  -2.1620444e-02
   4.6153846e-01  -2.1591032e-02
   4.5819398e-01  -2.1562195e-02
   4.5484950e-01  -2.1533984e-02
   4.5150502e-01  -2.1506451e-02
   4.4816054e-01  -2.1479647e-02
   4.4481605e-01  -2.1453623e-02
   4.4147157e-01  -2.1428429e-02
   4.3812709e-01  -2.1404114e-02
   4.3478261e-01  -2.1380728e-02
   4.3143813e-01  -2.1358318e-02
   4.2809365e-01  -2.1336931e-02
   4.2474916e-01  -2.1316614e-02
   4.2140468e-01  -2.1297414e-02
   4.1806020e-01  -2.1279374e-02
   4.1471572e-01  -2.1262539e-02
   4.1137124e-01  -2.1246953e-02
   4.0802676e-01  -2.1232657e-02
   4.0468227e-01  -2.1219694e-02
   4.0133779e-01  -2.1208103e-02
   3.9799331e-01  -2.1197924e-02
   3.9464883e-01  -2.1189195e-02
   3.9130435e-01  -2.1181954e-02
   3.8795987e-01  -2.1176237e-02
   3.8461538e-01  -2.1172078e-02
   3.8127090e-01  -2.1169512e-02
   3.7792642e-01  -2.1168571e-02
   3.7458194e-01  -2.1169286e-02
   3.7123746e-01  -2.1171687e-02
   3.6789298e-01  -2.1175802e-02
   3.6454849e-01  -2.1181660e-02
   3.6120401e-01  -2.1189284e-02
   3.5785953e-01  -2.1198700e-02
   3.5451505e-01  -2.1209930e-02
   3.5117057e-01  -2.1222994e-02
   3.4782609e-01  -2.1237913e-02
   3.4448161e-01  -2.1254703e-02
   3.4113712e-01  -2.1273380e-02
   3.3779264e-01  -2.1293958e-02
   3.3444816e-01  -2.1316449e-02
   3.3110368e-01  -2.1340863e-02
   3.2775920e-01  -2.1367208e-02
   3.2441472e-01  -2.1395490e-02
   3.2107023e-01  -2.1425713e-02
   3.1772575e-01  -2.1457878e-02
   3.1438127e-01  -2.1491985e-02
   3.1103679e-01  -2.1528030e-02
   3.0769231e-01  -2.1566008e-02
   3.0434783e-01  -2.1605911e-02
   3.0100334e-01  -2.1647728e-02
   2.9765886e-01  -2.1691446e-02
   2.9431438e-01  -2.1737049e-02
   2.9096990e-01  -2.1784517e-02
   2.8762542e-01  -2.1833830e-02
   2.8428094e-01  -2.1884962e-02
   2.8093645e-01  -2.1937885e-02
   2.7759197e-01  -2.1992567e-02
   2.7424749e-01  -2.2048974e-02
   2.7090301e-01  -2.2107069e-02
   2.6755853e-01  -2.2166808e-02
   2.6421405e-01  -2.2228147e-02
   2.6086957e-01  -2.2291036e-02
   2.5752508e-01  -2.2355423e-02
   2.5418060e-01  -2.2421249e-02
   2.5083612e-01  -2.2488453e-02
   2.4749164e-01  -2.2556969e-02
   2.4414716e-01  -2.2626726e-02
   2.4080268e-01  -2.2697649e-02
   2.3745819e-01  -2.2769658e-02
   2.3411371e-01  -2.2842667e-02
   2.3076923e-01  -2.2916585e-02
   2.2742475e-01  -2.2991316e-02
   2.2408027e-01  -2.3066759e-02
   2.2073579e-01  -2.3142804e-02
   2.1739130e-01  -2.3219339e-02
   2.1404682e-01  -2.3296242e-02
   2.1070234e-01  -2.3373386e-02
   2.0735786e-01  -2.3450637e-02
   2.0401338e-01  -2.3527853e-02
   2.0066890e-01  -2.3604885e-02
   1.9732441e-01  -2.3681575e-02
   1.9397993e-01  -2.3757758e-02
   1.9063545e-01  -2.3833259e-02
   1.8729097e-01  -2.3907895e-02
   1.8394649e-01  -2.3981472e-02
   1.8060201e-01  -2.4053788e-02
   1.7725753e-01  -2.4124629e-02
   1.7391304e-01  -2.4193768e-02
   1.7056856e-01  -2.4260971e-02
   1.6722408e-01  -2.4325987e-02
   1.6387960e-01  -2.4388555e-02
   1.6053512e-01  -2.4448398e-02
   1.5719064e-01  -2.4505227e-02
   1.5384615e-01  -2.4558734e-02
   1.5050167e-01  -2.4608598e-02
   1.4715719e-01  -2.4654478e-02
   1.4381271e-01  -2.4696017e-02
   1.4046823e-01  -2.4732836e-02
   1.3712375e-01  -2.4764535e-02
   1.3377926e-01  -2.4790692e-02
   1.3043478e-01  -2.4810860e-02
   1.2709030e-01  -2.4824568e-02
   1.2374582e-01  -2.4831314e-02
   1.2040134e-01  -2.4830568e-02
   1.1705686e-01  -2.4821764e-02
   1.1371237e-01  -2.4804304e-02
   1.1036789e-01  -2.4777548e-02
   1.0702341e-01  -2.4740816e-02
   1.0367893e-01  -2.4693380e-02
   1.0033445e-01  -2.4634462e-02
   9.6989967e-02  -2.4563227e-02
   9.3645485e-02  -2.4478778e-02
   9.0301003e-02  -2.4380149e-02
   8.6956522e-02  -2.4266297e-02
   8.3612040e-02  -2.4136092e-02
   8.0267559e-02  -2.3988309e-02
   7.6923077e-02  -2.3821609e-02
   7.3578595e-02  -2.3634531e-02
   7.0234114e-02  -2.3425467e-02
   6.6889632e-02  -2.3192647e-02
   6.3545151e-02  -2.2934103e-02
   6.0200669e-02  -2.2647646e-02
   5.6856187e-02  -2.2330815e-02
   5.3511706e-02  -2.1980832e-02
   5.0167224e-02  -2.1594532e-02
   4.6822742e-02  -2.1168278e-02
   4.3478261e-02  -2.0697845e-02
   4.0133779e-02  -2.0178271e-02
   3.6789298e-02  -1.9603644e-02
   3.3444816e-02  -1.8966807e-02
   3.0100334e-02  -1.8258926e-02
   2.6755853e-02  -1.7468840e-02
   2.3411371e-02  -1.6582039e-02
   2.0066890e-02  -1.5578963e-02
   1.6722408e-02  -1.4431965e-02
   1.3377926e-02  -1.3099389e-02
   1.0033445e-02  -1.1512368e-02
   6.6889632e-03  -9.5390239e-03
   3.3444816e-03  -6.8450275e-03
   0.0000000e+00   0.0000000e+00
