   0.0000000e+00   5.0000000e-06
   3.3444816e-03   9.9948943e-03
   6.6889632e-03   1.4151529e-02
   1.0033445e-02   1.7351257e-02
   1.3377926e-02   2.0056465e-02
   1.6722408e-02   2.2445838e-02
   2.0066890e-02   2.4610790e-02
   2.3411371e-02   2.6605473e-02
   2.6755853e-02   2.8465066e-02
   3.0100334e-02   3.0213925e-02
   3.3444816e-02   3.1869723e-02
   3.6789298e-02   3.3445752e-02
   4.0133779e-02   3.4952302e-02
   4.3478261e-02   3.6397521e-02
   4.6822742e-02   3.7787988e-02
   5.0167224e-02   3.9129101e-02
   5.3511706e-02   4.0425353e-02
   5.6856187e-02   4.1680525e-02
   6.0200669e-02   4.2897836e-02
   6.3545151e-02   4.4080047e-02
   6.6889632e-02   4.5229552e-02
   7.0234114e-02   4.6348435e-02
   7.3578595e-02   4.7438527e-02
   7.6923077e-02   4.8501444e-02
   8.0267559e-02   4.9538623e-02
   8.3612040e-02   5.0551342e-02
   8.6956522e-02   5.1540750e-02
   9.0301003e-02   5.2507879e-02
   9.3645485e-02   5.3453662e-02
   9.6989967e-02   5.4378946e-02
   1.0033445e-01   5.5284499e-02
   1.0367893e-01   5.6171024e-02
   1.0702341e-01   5.7039165e-02
   1.1036789e-01   5.7889510e-02
   1.1371237e-01   5.8722605e-02
   1.1705686e-01   5.9538948e-02
   1.2040134e-01   6.0339004e-02
   1.2374582e-01   6.1123203e-02
   1.2709030e-01   6.1891942e-02
   1.3043478e-01   6.2645594e-02
   1.3377926e-01   6.3384504e-02
   1.3712375e-01   6.4108995e-02
   1.4046823e-01   6.4819372e-02
   1.4381271e-01   6.5515916e-02
   1.4715719e-01   6.6198895e-02
   1.5050167e-01   6.6868559e-02
   1.5384615e-01   6.7525146e-02
   1.5719064e-01   6.8168876e-02
   1.6053512e-01   6.8799962e-02
   1.6387960e-01   6.9418603e-02
   1.6722408e-01   7.0024986e-02
   1.7056856e-01   7.0619293e-02
   1.7391304e-01   7.1201693e-02
   1.7725753e-01   7.1772348e-02
   1.8060201e-01   7.2331412e-02
   1.8394649e-01   7.2879034e-02
   1.8729097e-01   7.3415353e-02
   1.9063545e-01   7.3940505e-02
   1.9397993e-01   7.4454618e-02
   1.9732441e-01   7.4957816e-02
   2.0066890e-01   7.5450217e-02
   2.0401338e-01   7.5931935e-02
   2.0735786e-01   7.6403080e-02
   2.1070234e-01   7.6863757e-02
   2.1404682e-01   7.7314068e-02
   2.1739130e-01   7.7754111e-02
   2.2073579e-01   7.8183980e-02
   2.2408027e-01   7.8603767e-02
   2.2742475e-01   7.9013561e-02
   2.3076923e-01   7.9413448e-02
   2.3411371e-01   7.9803510e-02
   2.3745819e-01   8.0183828e-02
   2.4080268e-01   8.0554482e-02
   2.4414716e-01   8.0915547e-02
   2.4749164e-01   8.1267098e-02
   2.5083612e-01   8.1609206e-02
   2.5418060e-01   8.1941943e-02
   2.5752508e-01   8.2265376e-02
   2.6086957e-01   8.2579574e-02
   2.6421405e-01   8.2884602e-02
   2.6755853e-01   8.3180524e-02
   2.7090301e-01   8.3467402e-02
   2.7424749e-01   8.3745299e-02
   2.7759197e-01   8.4014274e-02
   2.8093645e-01   8.4274387e-02
   2.8428094e-01   8.4525695e-02
   2.8762542e-01   8.4768256e-02
   2.9096990e-01   8.5002126e-02
   2.9431438e-01   8.5227359e-02
   2.9765886e-01   8.5444009e-02
   3.0100334e-01   8.5652130e-02
   3.0434783e-01   8.5851775e-02
   3.0769231e-01   8.6042995e-02
   3.1103679e-01   8.6225841e-02
   3.1438127e-01   8.6400364e-02
   3.1772575e-01   8.6566612e-02
   3.2107023e-01   8.6724636e-02
   3.2441472e-01   8.6874483e-02
   3.2775920e-01   8.7016202e-02
   3.3110368e-01   8.7149839e-02
   3.3444816e-01   8.7275442e-02
   3.3779264e-01   8.7393057e-02
   3.4113712e-01   8.7502730e-02
   3.4448161e-01   8.7604506e-02
   3.4782609e-01   8.7698430e-02
   3.5117057e-01   8.7784547e-02
   3.5451505e-01   8.7862902e-02
   3.5785953e-01   8.7933537e-02
   3.6120401e-01   8.7996496e-02
   3.6454849e-01   8.8051823e-02
   3.6789298e-01   8.8099560e-02
   3.7123746e-01   8.8139750e-02
   3.7458194e-01   8.8172434e-02
   3.7792642e-01   8.8197656e-02
   3.8127090e-01   8.8215457e-02
   3.8461538e-01   8.8225877e-02
   3.8795987e-01   8.8228958e-02
   3.9130435e-01   8.8224741e-02
   3.9464883e-01   8.8213267e-02
   3.9799331e-01   8.8194575e-02
   4.0133779e-01   8.8168707e-02
   4.0468227e-01   8.8135702e-02
   4.0802676e-01   8.8095600e-02
   4.1137124e-01   8.8048440e-02
   4.1471572e-01   8.7994261e-02
   4.1806020e-01   8.7933104e-02
   4.2140468e-01   8.7865007e-02
   4.2474916e-01   8.7790008e-02
   4.2809365e-01   8.7708147e-02
   4.3143813e-01   8.7619462e-02
   4.3478261e-01   8.7523990e-02
   4.3812709e-01   8.7421772e-02
   4.4147157e-01   8.7312843e-02
   4.4481605e-01   8.7197243e-02
   4.4816054e-01   8.7075008e-02
   4.5150502e-01   8.6946177e-02
   4.5484950e-01   8.6810787e-02
   4.5819398e-01   8.6668875e-02
   4.6153846e-01   8.6520478e-02
   4.6488294e-01   8.6365633e-02
   4.6822742e-01   8.6204377e-02
   4.7157191e-01   8.6036747e-02
   4.7491639e-01   8.5862779e-02
   4.7826087e-01   8.5682510e-02
   4.8160535e-01   8.5495976e-02
   4.8494983e-01   8.5303213e-02
   4.8829431e-01   8.5104257e-02
   4.9163880e-01   8.4899145e-02
   4.9498328e-01   8.4687911e-02
   4.9832776e-01   8.4470593e-02
   5.0167224e-01   8.4247224e-02
   5.0501672e-01   8.4017841e-02
   5.0836120e-01   8.3782479e-02
   5.1170569e-01   8.3541174e-02
   5.1505017e-01   8.3293959e-02
   5.1839465e-01   8.3040870e-02
   5.2173913e-01   8.2781943e-02
   5.2508361e-01   8.2517211e-02
   5.2842809e-01   8.2246708e-02
   5.3177258e-01   8.1970471e-02
   5.3511706e-01   8.1688532e-02
   5.3846154e-01   8.1400926e-02
   5.4180602e-01   8.1107687e-02
   5.4515050e-01   8.0808849e-02
   5.4849498e-01   8.0504446e-02
   5.5183946e-01   8.0194511e-02
   5.5518395e-01   7.9879077e-02
   5.5852843e-01   7.9558179e-02
   5.6187291e-01   7.9231850e-02
   5.6521739e-01   7.8900121e-02
   5.6856187e-01   7.8563028e-02
   5.7190635e-01   7.8220601e-02
   5.7525084e-01   7.7872875e-02
   5.7859532e-01   7.7519881e-02
   5.8193980e-01   7.7161652e-02
   5.8528428e-01   7.6798221e-02
   5.8862876e-01   7.6429619e-02
   5.9197324e-01   7.6055878e-02
   5.9531773e-01   7.5677031e-02
   5.9866221e-01   7.5293108e-02
   6.0200669e-01   7.4904142e-02
   6.0535117e-01   7.4510164e-02
   6.0869565e-01   7.4111205e-02
   6.1204013e-01   7.3707296e-02
   6.1538462e-01   7.3298468e-02
   6.1872910e-01   7.2884752e-02
   6.2207358e-01   7.2466179e-02
   6.2541806e-01   7.2042778e-02
   6.2876254e-01   7.1614581e-02
   6.3210702e-01   7.1181618e-02
   6.3545151e-01   7.0743917e-02
   6.3879599e-01   7.0301510e-02
   6.4214047e-01   6.9854426e-02
   6.4548495e-01   6.9402694e-02
   6.4882943e-01   6.8946344e-02
   6.5217391e-01   6.8485404e-02
   6.5551839e-01   6.8019904e-02
   6.5886288e-01   6.7549873e-02
   6.6220736e-01   6.7075338e-02
   6.6555184e-01   6.6596329e-02
   6.6889632e-01   6.6112873e-02
   6.7224080e-01   6.5625000e-02
   6.7558528e-01   6.5132735e-02
   6.7892977e-01   6.4636108e-02
   6.8227425e-01   6.4135146e-02
   6.8561873e-01   6.3629875e-02
   6.8896321e-01   6.3120324e-02
   6.9230769e-01   6.2606518e-02
   6.9565217e-01   6.2088486e-02
   6.9899666e-01   6.1566252e-02
   7.0234114e-01   6.1039844e-02
   7.0568562e-01   6.0509287e-02
   7.0903010e-01   5.9974607e-02
   7.1237458e-01   5.9435831e-02
   7.1571906e-01   5.8892983e-02
   7.1906355e-01   5.8346090e-02
   7.2240803e-01   5.7795174e-02
   7.2575251e-01   5.7240263e-02
   7.2909699e-01   5.6681380e-02
   7.3244147e-01   5.6118550e-02
   7.3578595e-01   5.5551796e-02
   7.3913043e-01   5.4981143e-02
   7.4247492e-01   5.4406615e-02
   7.4581940e-01   5.3828235e-02
   7.4916388e-01   5.3246026e-02
   7.5250836e-01   5.2660012e-02
   7.5585284e-01   5.2070215e-02
   7.5919732e-01   5.1476657e-02
   7.6254181e-01   5.0879362e-02
   7.6588629e-01   5.0278350e-02
   7.6923077e-01   4.9673645e-02
   7.7257525e-01   4.9065267e-02
   7.7591973e-01   4.8453238e-02
   7.7926421e-01   4.7837580e-02
   7.8260870e-01   4.7218312e-02
   7.8595318e-01   4.6595456e-02
   7.8929766e-01   4.5969032e-02
   7.9264214e-01   4.5339060e-02
   7.9598662e-01   4.4705559e-02
   7.9933110e-01   4.4068551e-02
   8.0267559e-01   4.3428053e-02
   8.0602007e-01   4.2784085e-02
   8.0936455e-01   4.2136666e-02
   8.1270903e-01   4.1485815e-02
   8.1605351e-01   4.0831549e-02
   8.1939799e-01   4.0173886e-02
   8.2274247e-01   3.9512845e-02
   8.2608696e-01   3.8848443e-02
   8.2943144e-01   3.8180696e-02
   8.3277592e-01   3.7509623e-02
   8.3612040e-01   3.6835239e-02
   8.3946488e-01   3.6157561e-02
   8.4280936e-01   3.5476605e-02
   8.4615385e-01   3.4792386e-02
   8.4949833e-01   3.4104921e-02
   8.5284281e-01   3.3414224e-02
   8.5618729e-01   3.2720310e-02
   8.5953177e-01   3.2023194e-02
   8.6287625e-01   3.1322891e-02
   8.6622074e-01   3.0619414e-02
   8.6956522e-01   2.9912776e-02
   8.7290970e-01   2.9202992e-02
   8.7625418e-01   2.8490075e-02
   8.7959866e-01   2.7774036e-02
   8.8294314e-01   2.7054890e-02
   8.8628763e-01   2.6332648e-02
   8.8963211e-01   2.5607321e-02
   8.9297659e-01   2.4878922e-02
   8.9632107e-01   2.4147462e-02
   8.9966555e-01   2.3412951e-02
   9.0301003e-01   2.2675400e-02
   9.0635452e-01   2.1934820e-02
   9.0969900e-01   2.1191221e-02
   9.1304348e-01   2.0444612e-02
   9.1638796e-01   1.9695002e-02
   9.1973244e-01   1.8942401e-02
   9.2307692e-01   1.8186817e-02
   9.2642140e-01   1.7428259e-02
   9.2976589e-01   1.6666734e-02
   9.3311037e-01   1.5902250e-02
   9.3645485e-01   1.5134815e-02
   9.3979933e-01   1.4364436e-02
   9.4314381e-01   1.3591119e-02
   9.4648829e-01   1.2814870e-02
   9.4983278e-01   1.2035696e-02
   9.5317726e-01   1.1253601e-02
   9.5652174e-01   1.0468592e-02
   9.5986622e-01   9.6806739e-03
   9.6321070e-01   8.8898502e-03
   9.6655518e-01   8.0961256e-03
   9.6989967e-01   7.2995039e-03
   9.7324415e-01   6.4999887e-03
   9.7658863e-01   5.6975831e-03
   9.7993311e-01   4.8922898e-03
   9.8327759e-01   4.0841113e-03
   9.8662207e-01   3.2730497e-03
   9.8996656e-01   2.4591066e-03
   9.9331104e-01   1.6422834e-03
   9.9665552e-01   8.2258101e-04
   1.0000000e+00   0.0000000e+00
   1.0000000e+00   0.0000000e+00
   9.9665552e-01   2.7046805e-04
   9.9331104e-01   5.3363680e-04
   9.8996656e-01   7.8960545e-04
   9.8662207e-01   1.0384722e-03
   9.8327759e-01   1.2803344e-03
   9.7993311e-01   1.5152882e-03
   9.7658863e-01   1.7434292e-03
   9.7324415e-01   1.9648516e-03
   9.6989967e-01   2.1796491e-03
   9.6655518e-01   2.3879140e-03
   9.6321070e-01   2.5897381e-03
   9.5986622e-01   2.7852119e-03
   9.5652174e-01   2.9744253e-03
   9.5317726e-01   3.1574671e-03
   9.4983278e-01   3.3344251e-03
   9.4648829e-01   3.5053864e-03
   9.4314381e-01   3.6704370e-03
   9.3979933e-01   3.8296622e-03
   9.3645485e-01   3.9831461e-03
   9.3311037e-01   4.1309721e-03
   9.2976589e-01   4.2732227e-03
   9.2642140e-01   4.4099796e-03
   9.2307692e-01   4.5413233e-03
   9.1973244e-01   4.6673337e-03
   9.1638796e-01   4.7880897e-03
   9.1304348e-01   4.9036693e-03
   9.0969900e-01   5.0141498e-03
   9.0635452e-01   5.1196075e-03
   9.0301003e-01   5.2201178e-03
   8.9966555e-01   5.3157553e-03
   8.9632107e-01   5.4065938e-03
   8.9297659e-01   5.4927061e-03
   8.8963211e-01   5.5741643e-03
   8.8628763e-01   5.6510396e-03
   8.8294314e-01   5.7234023e-03
   8.7959866e-01   5.7913220e-03
   8.7625418e-01   5.8548674e-03
   8.7290970e-01   5.9141064e-03
   8.6956522e-01   5.9691060e-03
   8.6622074e-01   6.0199324e-03
   8.6287625e-01   6.0666512e-03
   8.5953177e-01   6.1093269e-03
   8.5618729e-01   6.1480233e-03
   8.5284281e-01   6.1828035e-03
   8.4949833e-01   6.2137297e-03
   8.4615385e-01   6.2408633e-03
   8.4280936e-01   6.2642650e-03
   8.3946488e-01   6.2839947e-03
   8.3612040e-01   6.3001115e-03
   8.3277592e-01   6.3126737e-03
   8.2943144e-01   6.3217389e-03
   8.2608696e-01   6.3273638e-03
   8.2274247e-01   6.3296046e-03
   8.1939799e-01   6.3285165e-03
   8.1605351e-01   6.3241541e-03
   8.1270903e-01   6.3165712e-03
   8.0936455e-01   6.3058208e-03
   8.0602007e-01   6.2919554e-03
   8.0267559e-01   6.2750264e-03
   7.9933110e-01   6.2550848e-03
   7.9598662e-01   6.2321808e-03
   7.9264214e-01   6.2063638e-03
   7.8929766e-01   6.1776825e-03
   7.8595318e-01   6.1461850e-03
   7.8260870e-01   6.1119187e-03
   7.7926421e-01   6.0749302e-03
   7.7591973e-01   6.0352655e-03
   7.7257525e-01   5.9929698e-03
   7.6923077e-01   5.9480878e-03
   7.6588629e-01   5.9006634e-03
   7.6254181e-01   5.8507398e-03
   7.5919732e-01   5.7983597e-03
   7.5585284e-01   5.7435651e-03
   7.5250836e-01   5.6863971e-03
   7.4916388e-01   5.6268965e-03
   7.4581940e-01   5.5651032e-03
   7.4247492e-01   5.5010567e-03
   7.3913043e-01   5.4347957e-03
   7.3578595e-01   5.3663584e-03
   7.3244147e-01   5.2957821e-03
   7.2909699e-01   5.2231039e-03
   7.2575251e-01   5.1483599e-03
   7.2240803e-01   5.0715860e-03
   7.1906355e-01   4.9928171e-03
   7.1571906e-01   4.9120878e-03
   7.1237458e-01   4.8294319e-03
   7.0903010e-01   4.7448829e-03
   7.0568562e-01   4.6584735e-03
   7.0234114e-01   4.5702359e-03
   6.9899666e-01   4.4802017e-03
   6.9565217e-01   4.3884019e-03
   6.9230769e-01   4.2948673e-03
   6.8896321e-01   4.1996276e-03
   6.8561873e-01   4.1027125e-03
   6.8227425e-01   4.0041508e-03
   6.7892977e-01   3.9039708e-03
   6.7558528e-01   3.8022006e-03
   6.7224080e-01   3.6988675e-03
   6.6889632e-01   3.5939984e-03
   6.6555184e-01   3.4876196e-03
   6.6220736e-01   3.3797570e-03
   6.5886288e-01   3.2704360e-03
   6.5551839e-01   3.1596816e-03
   6.5217391e-01   3.0475182e-03
   6.4882943e-01   2.9339698e-03
   6.4548495e-01   2.8190599e-03
   6.4214047e-01   2.7028116e-03
   6.3879599e-01   2.5852476e-03
   6.3545151e-01   2.4663900e-03
   6.3210702e-01   2.3462606e-03
   6.2876254e-01   2.2248808e-03
   6.2541806e-01   2.1022715e-03
   6.2207358e-01   1.9784533e-03
   6.1872910e-01   1.8534462e-03
   6.1538462e-01   1.7272700e-03
   6.1204013e-01   1.5999441e-03
   6.0869565e-01   1.4714875e-03
   6.0535117e-01   1.3419187e-03
   6.0200669e-01   1.2112560e-03
   5.9866221e-01   1.0795173e-03
   5.9531773e-01   9.4672015e-04
   5.9197324e-01   8.1288177e-04
   5.8862876e-01   6.7801903e-04
   5.8528428e-01   5.4214850e-04
   5.8193980e-01   4.0528644e-04
   5.7859532e-01   2.6744878e-04
   5.7525084e-01   1.2865118e-04
   5.7190635e-01  -1.1090984e-05
   5.6856187e-01  -1.5176264e-04
   5.6521739e-01  -2.9334895e-04
   5.6187291e-01  -4.3583537e-04
   5.5852843e-01  -5.7920758e-04
   5.5518395e-01  -7.2345151e-04
   5.5183946e-01  -8.6855334e-04
   5.4849498e-01  -1.0144994e-03
   5.4515050e-01  -1.1612764e-03
   5.4180602e-01  -1.3088710e-03
   5.3846154e-01  -1.4572704e-03
   5.3511706e-01  -1.6064615e-03
   5.3177258e-01  -1.7564319e-03
   5.2842809e-01  -1.9071689e-03
   5.2508361e-01  -2.0586604e-03
   5.2173913e-01  -2.2108940e-03
   5.1839465e-01  -2.3638578e-03
   5.1505017e-01  -2.5175397e-03
   5.1170569e-01  -2.6719280e-03
   5.0836120e-01  -2.8270109e-03
   5.0501672e-01  -2.9827768e-03
   5.0167224e-01  -3.1392140e-03
   4.9832776e-01  -3.2963112e-03
   4.9498328e-01  -3.4540568e-03
   4.9163880e-01  -3.6124393e-03
   4.8829431e-01  -3.7714475e-03
   4.8494983e-01  -3.9310699e-03
   4.8160535e-01  -4.0912951e-03
   4.7826087e-01  -4.2521118e-03
   4.7491639e-01  -4.4135086e-03
   4.7157191e-01  -4.5754739e-03
   4.6822742e-01  -4.7379963e-03
   4.6488294e-01  -4.9010642e-03
   4.6153846e-01  -5.0646659e-03
   4.5819398e-01  -5.2287897e-03
   4.5484950e-01  -5.3934237e-03
   4.5150502e-01  -5.5585560e-03
   4.4816054e-01  -5.7241744e-03
   4.4481605e-01  -5.8902666e-03
   4.4147157e-01  -6.0568202e-03
   4.3812709e-01  -6.2238226e-03
   4.3478261e-01  -6.3912609e-03
   4.3143813e-01  -6.5591219e-03
   4.2809365e-01  -6.7273925e-03
   4.2474916e-01  -6.8960591e-03
   4.2140468e-01  -7.0651078e-03
   4.1806020e-01  -7.2345244e-03
   4.1471572e-01  -7.4042946e-03
   4.1137124e-01  -7.5744036e-03
   4.0802676e-01  -7.7448362e-03
   4.0468227e-01  -7.9155769e-03
   4.0133779e-01  -8.0866099e-03
   3.9799331e-01  -8.2579188e-03
   3.9464883e-01  -8.4294870e-03
   3.9130435e-01  -8.6012971e-03
   3.8795987e-01  -8.7733316e-03
   3.8461538e-01  -8.9455722e-03
   3.8127090e-01  -9.1180003e-03
   3.7792642e-01  -9.2905965e-03
   3.7458194e-01  -9.4633411e-03
   3.7123746e-01  -9.6362135e-03
   3.6789298e-01  -9.8091928e-03
   3.6454849e-01  -9.9822572e-03
   3.6120401e-01  -1.0155384e-02
   3.5785953e-01  -1.0328551e-02
   3.5451505e-01  -1.0501733e-02
   3.5117057e-01  -1.0674906e-02
   3.4782609e-01  -1.0848045e-02
   3.4448161e-01  -1.1021123e-02
   3.4113712e-01  -1.1194113e-02
   3.3779264e-01  -1.1366987e-02
   3.3444816e-01  -1.1539716e-02
   3.3110368e-01  -1.1712270e-02
   3.2775920e-01  -1.1884617e-02
   3.2441472e-01  -1.2056727e-02
   3.2107023e-01  -1.2228565e-02
   3.1772575e-01  -1.2400097e-02
   3.1438127e-01  -1.2571288e-02
   3.1103679e-01  -1.2742100e-02
   3.0769231e-01  -1.2912497e-02
   3.0434783e-01  -1.3082438e-02
   3.0100334e-01  -1.3251883e-02
   2.9765886e-01  -1.3420789e-02
   2.9431438e-01  -1.3589113e-02
   2.9096990e-01  -1.3756810e-02
   2.8762542e-01  -1.3923832e-02
   2.8428094e-01  -1.4090132e-02
   2.8093645e-01  -1.4255659e-02
   2.7759197e-01  -1.4420360e-02
   2.7424749e-01  -1.4584183e-02
   2.7090301e-01  -1.4747071e-02
   2.6755853e-01  -1.4908966e-02
   2.6421405e-01  -1.5069809e-02
   2.6086957e-01  -1.5229537e-02
   2.5752508e-01  -1.5388086e-02
   2.5418060e-01  -1.5545389e-02
   2.5083612e-01  -1.5701377e-02
   2.4749164e-01  -1.5855978e-02
   2.4414716e-01  -1.6009118e-02
   2.4080268e-01  -1.6160719e-02
   2.3745819e-01  -1.6310701e-02
   2.3411371e-01  -1.6458981e-02
   2.3076923e-01  -1.6605473e-02
   2.2742475e-01  -1.6750088e-02
   2.2408027e-01  -1.6892732e-02
   2.2073579e-01  -1.7033308e-02
   2.1739130e-01  -1.7171717e-02
   2.1404682e-01  -1.7307854e-02
   2.1070234e-01  -1.7441611e-02
   2.0735786e-01  -1.7572875e-02
   2.0401338e-01  -1.7701529e-02
   2.0066890e-01  -1.7827451e-02
   1.9732441e-01  -1.7950515e-02
   1.9397993e-01  -1.8070588e-02
   1.9063545e-01  -1.8187533e-02
   1.8729097e-01  -1.8301206e-02
   1.8394649e-01  -1.8411459e-02
   1.8060201e-01  -1.8518136e-02
   1.7725753e-01  -1.8621074e-02
   1.7391304e-01  -1.8720103e-02
   1.7056856e-01  -1.8815047e-02
   1.6722408e-01  -1.8905720e-02
   1.6387960e-01  -1.8991929e-02
   1.6053512e-01  -1.9073472e-02
   1.5719064e-01  -1.9150136e-02
   1.5384615e-01  -1.9221699e-02
   1.5050167e-01  -1.9287929e-02
   1.4715719e-01  -1.9348579e-02
   1.4381271e-01  -1.9403395e-02
   1.4046823e-01  -1.9452105e-02
   1.3712375e-01  -1.9494425e-02
   1.3377926e-01  -1.9530056e-02
   1.3043478e-01  -1.9558681e-02
   1.2709030e-01  -1.9579968e-02
   1.2374582e-01  -1.9593562e-02
   1.2040134e-01  -1.9599091e-02
   1.1705686e-01  -1.9596157e-02
   1.1371237e-01  -1.9584342e-02
   1.1036789e-01  -1.9563195e-02
   1.0702341e-01  -1.9532242e-02
   1.0367893e-01  -1.9490971e-02
   1.0033445e-01  -1.9438838e-02
   9.6989967e-02  -1.9375259e-02
   9.3645485e-02  -1.9299605e-02
   9.0301003e-02  -1.9211199e-02
   8.6956522e-02  -1.9109308e-02
   8.3612040e-02  -1.8993141e-02
   8.0267559e-02  -1.8861833e-02
   7.6923077e-02  -1.8714443e-02
   7.3578595e-02  -1.8549939e-02
   7.0234114e-02  -1.8367185e-02
   6.6889632e-02  -1.8164926e-02
   6.3545151e-02  -1.7941765e-02
   6.0200669e-02  -1.7696143e-02
   5.6856187e-02  -1.7426304e-02
   5.3511706e-02  -1.7130258e-02
   5.0167224e-02  -1.6805732e-02
   4.6822742e-02  -1.6450107e-02
   4.3478261e-02  -1.6060329e-02
   4.0133779e-02  -1.5632800e-02
   3.6789298e-02  -1.5163218e-02
   3.3444816e-02  -1.4646355e-02
   3.0100334e-02  -1.4075737e-02
   2.6755853e-02  -1.3443154e-02
   2.3411371e-02  -1.2737893e-02
   2.0066890e-02  -1.1945459e-02
   1.6722408e-02  -1.1045293e-02
   1.3377926e-02  -1.0006305e-02
   1.0033445e-02  -8.7769284e-03
   6.6889632e-03  -7.2580821e-03
   3.3444816e-03  -5.1977901e-03
   0.0000000e+00   5.0000000e-06
