   0.0000000e+00   1.9300000e-04
   3.3444816e-03   7.9819600e-03
   6.6889632e-03   1.1291309e-02
   1.0033445e-02   1.3832451e-02
   1.3377926e-02   1.5975972e-02
   1.6722408e-02   1.7865312e-02
   2.0066890e-02   1.9573977e-02
   2.3411371e-02   2.1145595e-02
   2.6755853e-02   2.2608560e-02
   3.0100334e-02   2.3982573e-02
   3.3444816e-02   2.5281959e-02
   3.6789298e-02   2.6517520e-02
   4.0133779e-02   2.7697632e-02
   4.3478261e-02   2.8828948e-02
   4.6822742e-02   2.9916850e-02
   5.0167224e-02   3.0965768e-02
   5.3511706e-02   3.1979396e-02
   5.6856187e-02   3.2960852e-02
   6.0200669e-02   3.3912794e-02
   6.3545151e-02   3.4837514e-02
   6.6889632e-02   3.5736997e-02
   7.0234114e-02   3.6612979e-02
   7.3578595e-02   3.7466990e-02
   7.6923077e-02   3.8300381e-02
   8.0267559e-02   3.9114356e-02
   8.3612040e-02   3.9909990e-02
   8.6956522e-02   4.0688249e-02
   9.0301003e-02   4.1450005e-02
   9.3645485e-02   4.2196046e-02
   9.6989967e-02   4.2927089e-02
   1.0033445e-01   4.3643784e-02
   1.0367893e-01   4.4346729e-02
   1.0702341e-01   4.5036469e-02
   1.1036789e-01   4.5713507e-02
   1.1371237e-01   4.6378305e-02
   1.1705686e-01   4.7031288e-02
   1.2040134e-01   4.7672851e-02
   1.2374582e-01   4.8303360e-02
   1.2709030e-01   4.8923153e-02
   1.3043478e-01   4.9532547e-02
   1.3377926e-01   5.0131835e-02
   1.3712375e-01   5.0721291e-02
   1.4046823e-01   5.1301171e-02
   1.4381271e-01   5.1871715e-02
   1.4715719e-01   5.2433148e-02
   1.5050167e-01   5.2985679e-02
   1.5384615e-01   5.3529506e-02
   1.5719064e-01   5.4064816e-02
   1.6053512e-01   5.4591782e-02
   1.6387960e-01   5.5110570e-02
   1.6722408e-01   5.5621334e-02
   1.7056856e-01   5.6124221e-02
   1.7391304e-01   5.6619370e-02
   1.7725753e-01   5.7106910e-02
   1.8060201e-01   5.7586966e-02
   1.8394649e-01   5.8059654e-02
   1.8729097e-01   5.8525085e-02
   1.9063545e-01   5.8983365e-02
   1.9397993e-01   5.9434592e-02
   1.9732441e-01   5.9878860e-02
   2.0066890e-01   6.0316260e-02
   2.0401338e-01   6.0746877e-02
   2.0735786e-01   6.1170791e-02
   2.1070234e-01   6.1588078e-02
   2.1404682e-01   6.1998813e-02
   2.1739130e-01   6.2403064e-02
   2.2073579e-01   6.2800898e-02
   2.2408027e-01   6.3192377e-02
   2.2742475e-01   6.3577561e-02
   2.3076923e-01   6.3956507e-02
   2.3411371e-01   6.4329269e-02
   2.3745819e-01   6.4695900e-02
   2.4080268e-01   6.5056447e-02
   2.4414716e-01   6.5410959e-02
   2.4749164e-01   6.5759479e-02
   2.5083612e-01   6.6102050e-02
   2.5418060e-01   6.6438714e-02
   2.5752508e-01   6.6769507e-02
   2.6086957e-01   6.7094468e-02
   2.6421405e-01   6.7413631e-02
   2.6755853e-01   6.7727029e-02
   2.7090301e-01   6.8034695e-02
   2.7424749e-01   6.8336659e-02
   2.7759197e-01   6.8632949e-02
   2.8093645e-01   6.8923593e-02
   2.8428094e-01   6.9208618e-02
   2.8762542e-01   6.9488047e-02
   2.9096990e-01   6.9761904e-02
   2.9431438e-01   7.0030213e-02
   2.9765886e-01   7.0292994e-02
   3.0100334e-01   7.0550267e-02
   3.0434783e-01   7.0802052e-02
   3.0769231e-01   7.1048367e-02
   3.1103679e-01   7.1289228e-02
   3.1438127e-01   7.1524653e-02
   3.1772575e-01   7.1754657e-02
   3.2107023e-01   7.1979254e-02
   3.2441472e-01   7.2198458e-02
   3.2775920e-01   7.2412282e-02
   3.3110368e-01   7.2620739e-02
   3.3444816e-01   7.2823838e-02
   3.3779264e-01   7.3021592e-02
   3.4113712e-01   7.3214011e-02
   3.4448161e-01   7.3401103e-02
   3.4782609e-01   7.3582877e-02
   3.5117057e-01   7.3759342e-02
   3.5451505e-01   7.3930505e-02
   3.5785953e-01   7.4096372e-02
   3.6120401e-01   7.4256951e-02
   3.6454849e-01   7.4412247e-02
   3.6789298e-01   7.4562265e-02
   3.7123746e-01   7.4707010e-02
   3.7458194e-01   7.4846487e-02
   3.7792642e-01   7.4980698e-02
   3.8127090e-01   7.5109648e-02
   3.8461538e-01   7.5233340e-02
   3.8795987e-01   7.5351775e-02
   3.9130435e-01   7.5464955e-02
   3.9464883e-01   7.5572884e-02
   3.9799331e-01   7.5675560e-02
   4.0133779e-01   7.5772986e-02
   4.0468227e-01   7.5865162e-02
   4.0802676e-01   7.5952088e-02
   4.1137124e-01   7.6033763e-02
   4.1471572e-01   7.6110187e-02
   4.1806020e-01   7.6181358e-02
   4.2140468e-01   7.6247276e-02
   4.2474916e-01   7.6307939e-02
   4.2809365e-01   7.6363345e-02
   4.3143813e-01   7.6413491e-02
   4.3478261e-01   7.6458375e-02
   4.3812709e-01   7.6497994e-02
   4.4147157e-01   7.6532345e-02
   4.4481605e-01   7.6561425e-02
   4.4816054e-01   7.6585229e-02
   4.5150502e-01   7.6603754e-02
   4.5484950e-01   7.6616995e-02
   4.5819398e-01   7.6624948e-02
   4.6153846e-01   7.6627609e-02
   4.6488294e-01   7.6624972e-02
   4.6822742e-01   7.6617031e-02
   4.7157191e-01   7.6603782e-02
   4.7491639e-01   7.6585219e-02
   4.7826087e-01   7.6561336e-02
   4.8160535e-01   7.6532126e-02
   4.8494983e-01   7.6497584e-02
   4.8829431e-01   7.6457703e-02
   4.9163880e-01   7.6412475e-02
   4.9498328e-01   7.6361895e-02
   4.9832776e-01   7.6305954e-02
   5.0167224e-01   7.6244646e-02
   5.0501672e-01   7.6177963e-02
   5.0836120e-01   7.6105897e-02
   5.1170569e-01   7.6028439e-02
   5.1505017e-01   7.5945583e-02
   5.1839465e-01   7.5857320e-02
   5.2173913e-01   7.5763641e-02
   5.2508361e-01   7.5664537e-02
   5.2842809e-01   7.5560000e-02
   5.3177258e-01   7.5450021e-02
   5.3511706e-01   7.5334590e-02
   5.3846154e-01   7.5213698e-02
   5.4180602e-01   7.5087336e-02
   5.4515050e-01   7.4955495e-02
   5.4849498e-01   7.4818163e-02
   5.5183946e-01   7.4675332e-02
   5.5518395e-01   7.4526990e-02
   5.5852843e-01   7.4373129e-02
   5.6187291e-01   7.4213737e-02
   5.6521739e-01   7.4048804e-02
   5.6856187e-01   7.3878320e-02
   5.7190635e-01   7.3702273e-02
   5.7525084e-01   7.3520652e-02
   5.7859532e-01   7.3333446e-02
   5.8193980e-01   7.3140644e-02
   5.8528428e-01   7.2942235e-02
   5.8862876e-01   7.2738207e-02
   5.9197324e-01   7.2528548e-02
   5.9531773e-01   7.2313247e-02
   5.9866221e-01   7.2092292e-02
   6.0200669e-01   7.1865670e-02
   6.0535117e-01   7.1633370e-02
   6.0869565e-01   7.1395378e-02
   6.1204013e-01   7.1151684e-02
   6.1538462e-01   7.0902273e-02
   6.1872910e-01   7.0647134e-02
   6.2207358e-01   7.0386254e-02
   6.2541806e-01   7.0119619e-02
   6.2876254e-01   6.9847217e-02
   6.3210702e-01   6.9569034e-02
   6.3545151e-01   6.9285058e-02
   6.3879599e-01   6.8995274e-02
   6.4214047e-01   6.8699670e-02
   6.4548495e-01   6.8398231e-02
   6.4882943e-01   6.8090944e-02
   6.5217391e-01   6.7777796e-02
   6.5551839e-01   6.7458771e-02
   6.5886288e-01   6.7133857e-02
   6.6220736e-01   6.6803038e-02
   6.6555184e-01   6.6466301e-02
   6.6889632e-01   6.6123631e-02
   6.7224080e-01   6.5775013e-02
   6.7558528e-01   6.5420434e-02
   6.7892977e-01   6.5059877e-02
   6.8227425e-01   6.4693330e-02
   6.8561873e-01   6.4320775e-02
   6.8896321e-01   6.3942199e-02
   6.9230769e-01   6.3557586e-02
   6.9565217e-01   6.3166922e-02
   6.9899666e-01   6.2770189e-02
   7.0234114e-01   6.2367374e-02
   7.0568562e-01   6.1958461e-02
   7.0903010e-01   6.1543433e-02
   7.1237458e-01   6.1122275e-02
   7.1571906e-01   6.0694972e-02
   7.1906355e-01   6.0261507e-02
   7.2240803e-01   5.9821864e-02
   7.2575251e-01   5.9376027e-02
   7.2909699e-01   5.8923979e-02
   7.3244147e-01   5.8465705e-02
   7.3578595e-01   5.8001188e-02
   7.3913043e-01   5.7530411e-02
   7.4247492e-01   5.7053357e-02
   7.4581940e-01   5.6570010e-02
   7.4916388e-01   5.6080353e-02
   7.5250836e-01   5.5584369e-02
   7.5585284e-01   5.5082040e-02
   7.5919732e-01   5.4573351e-02
   7.6254181e-01   5.4058282e-02
   7.6588629e-01   5.3536817e-02
   7.6923077e-01   5.3008939e-02
   7.7257525e-01   5.2474630e-02
   7.7591973e-01   5.1933872e-02
   7.7926421e-01   5.1386648e-02
   7.8260870e-01   5.0832939e-02
   7.8595318e-01   5.0272728e-02
   7.8929766e-01   4.9705996e-02
   7.9264214e-01   4.9132726e-02
   7.9598662e-01   4.8552899e-02
   7.9933110e-01   4.7966497e-02
   8.0267559e-01   4.7373502e-02
   8.0602007e-01   4.6773894e-02
   8.0936455e-01   4.6167656e-02
   8.1270903e-01   4.5554768e-02
   8.1605351e-01   4.4935212e-02
   8.1939799e-01   4.4308969e-02
   8.2274247e-01   4.3676020e-02
   8.2608696e-01   4.3036346e-02
   8.2943144e-01   4.2389927e-02
   8.3277592e-01   4.1736744e-02
   8.3612040e-01   4.1076779e-02
   8.3946488e-01   4.0410011e-02
   8.4280936e-01   3.9736420e-02
   8.4615385e-01   3.9055988e-02
   8.4949833e-01   3.8368695e-02
   8.5284281e-01   3.7674520e-02
   8.5618729e-01   3.6973443e-02
   8.5953177e-01   3.6265445e-02
   8.6287625e-01   3.5550506e-02
   8.6622074e-01   3.4828605e-02
   8.6956522e-01   3.4099721e-02
   8.7290970e-01   3.3363835e-02
   8.7625418e-01   3.2620927e-02
   8.7959866e-01   3.1870974e-02
   8.8294314e-01   3.1113957e-02
   8.8628763e-01   3.0349855e-02
   8.8963211e-01   2.9578647e-02
   8.9297659e-01   2.8800312e-02
   8.9632107e-01   2.8014829e-02
   8.9966555e-01   2.7222177e-02
   9.0301003e-01   2.6422334e-02
   9.0635452e-01   2.5615279e-02
   9.0969900e-01   2.4800990e-02
   9.1304348e-01   2.3979447e-02
   9.1638796e-01   2.3150628e-02
   9.1973244e-01   2.2314510e-02
   9.2307692e-01   2.1471071e-02
   9.2642140e-01   2.0620291e-02
   9.2976589e-01   1.9762147e-02
   9.3311037e-01   1.8896617e-02
   9.3645485e-01   1.8023678e-02
   9.3979933e-01   1.7143308e-02
   9.4314381e-01   1.6255485e-02
   9.4648829e-01   1.5360187e-02
   9.4983278e-01   1.4457390e-02
   9.5317726e-01   1.3547073e-02
   9.5652174e-01   1.2629212e-02
   9.5986622e-01   1.1703784e-02
   9.6321070e-01   1.0770767e-02
   9.6655518e-01   9.8301368e-03
   9.6989967e-01   8.8818711e-03
   9.7324415e-01   7.9259463e-03
   9.7658863e-01   6.9623392e-03
   9.7993311e-01   5.9910262e-03
   9.8327759e-01   5.0119838e-03
   9.8662207e-01   4.0251884e-03
   9.8996656e-01   3.0306162e-03
   9.9331104e-01   2.0282434e-03
   9.9665552e-01   1.0180460e-03
   1.0000000e+00   0.0000000e+00
   1.0000000e+00   0.0000000e+00
   9.9665552e-01   3.9085684e-04
   9.9331104e-01   7.7108130e-04
   9.8996656e-01   1.1407760e-03
   9.8662207e-01   1.5000434e-03
   9.8327759e-01   1.8489852e-03
   9.7993311e-01   2.1877033e-03
   9.7658863e-01   2.5162988e-03
   9.7324415e-01   2.8348727e-03
   9.6989967e-01   3.1435256e-03
   9.6655518e-01   3.4423577e-03
   9.6321070e-01   3.7314689e-03
   9.5986622e-01   4.0109589e-03
   9.5652174e-01   4.2809268e-03
   9.5317726e-01   4.5414716e-03
   9.4983278e-01   4.7926916e-03
   9.4648829e-01   5.0346853e-03
   9.4314381e-01   5.2675503e-03
   9.3979933e-01   5.4913843e-03
   9.3645485e-01   5.7062843e-03
   9.3311037e-01   5.9123473e-03
   9.2976589e-01   6.1096696e-03
   9.2642140e-01   6.2983475e-03
   9.2307692e-01   6.4784768e-03
   9.1973244e-01   6.6501529e-03
   9.1638796e-01   6.8134709e-03
   9.1304348e-01   6.9685256e-03
   9.0969900e-01   7.1154115e-03
   9.0635452e-01   7.2542226e-03
   9.0301003e-01   7.3850528e-03
   8.9966555e-01   7.5079954e-03
   8.9632107e-01   7.6231435e-03
   8.9297659e-01   7.7305899e-03
   8.8963211e-01   7.8304269e-03
   8.8628763e-01   7.9227467e-03
   8.8294314e-01   8.0076409e-03
   8.7959866e-01   8.0852009e-03
   8.7625418e-01   8.1555177e-03
   8.7290970e-01   8.2186821e-03
   8.6956522e-01   8.2747844e-03
   8.6622074e-01   8.3239147e-03
   8.6287625e-01   8.3661625e-03
   8.5953177e-01   8.4016174e-03
   8.5618729e-01   8.4303682e-03
   8.5284281e-01   8.4525037e-03
   8.4949833e-01   8.4681121e-03
   8.4615385e-01   8.4772815e-03
   8.4280936e-01   8.4800996e-03
   8.3946488e-01   8.4766535e-03
   8.3612040e-01   8.4670304e-03
   8.3277592e-01   8.4513168e-03
   8.2943144e-01   8.4295991e-03
   8.2608696e-01   8.4019633e-03
   8.2274247e-01   8.3684949e-03
   8.1939799e-01   8.3292792e-03
   8.1605351e-01   8.2844013e-03
   8.1270903e-01   8.2339456e-03
   8.0936455e-01   8.1779966e-03
   8.0602007e-01   8.1166382e-03
   8.0267559e-01   8.0499539e-03
   7.9933110e-01   7.9780270e-03
   7.9598662e-01   7.9009406e-03
   7.9264214e-01   7.8187771e-03
   7.8929766e-01   7.7316189e-03
   7.8595318e-01   7.6395479e-03
   7.8260870e-01   7.5426456e-03
   7.7926421e-01   7.4409934e-03
   7.7591973e-01   7.3346722e-03
   7.7257525e-01   7.2237626e-03
   7.6923077e-01   7.1083448e-03
   7.6588629e-01   6.9884988e-03
   7.6254181e-01   6.8643041e-03
   7.5919732e-01   6.7358400e-03
   7.5585284e-01   6.6031855e-03
   7.5250836e-01   6.4664191e-03
   7.4916388e-01   6.3256191e-03
   7.4581940e-01   6.1808634e-03
   7.4247492e-01   6.0322296e-03
   7.3913043e-01   5.8797950e-03
   7.3578595e-01   5.7236365e-03
   7.3244147e-01   5.5638307e-03
   7.2909699e-01   5.4004538e-03
   7.2575251e-01   5.2335818e-03
   7.2240803e-01   5.0632904e-03
   7.1906355e-01   4.8896547e-03
   7.1571906e-01   4.7127497e-03
   7.1237458e-01   4.5326500e-03
   7.0903010e-01   4.3494300e-03
   7.0568562e-01   4.1631635e-03
   7.0234114e-01   3.9739241e-03
   6.9899666e-01   3.7817853e-03
   6.9565217e-01   3.5868198e-03
   6.9230769e-01   3.3891005e-03
   6.8896321e-01   3.1886994e-03
   6.8561873e-01   2.9856888e-03
   6.8227425e-01   2.7801401e-03
   6.7892977e-01   2.5721247e-03
   6.7558528e-01   2.3617136e-03
   6.7224080e-01   2.1489775e-03
   6.6889632e-01   1.9339868e-03
   6.6555184e-01   1.7168113e-03
   6.6220736e-01   1.4975208e-03
   6.5886288e-01   1.2761848e-03
   6.5551839e-01   1.0528721e-03
   6.5217391e-01   8.2765153e-04
   6.4882943e-01   6.0059148e-04
   6.4548495e-01   3.7176001e-04
   6.4214047e-01   1.4122485e-04
   6.3879599e-01  -9.0946586e-05
   6.3545151e-01  -3.2468720e-04
   6.3210702e-01  -5.5993023e-04
   6.2876254e-01  -7.9660921e-04
   6.2541806e-01  -1.0346580e-03
   6.2207358e-01  -1.2740109e-03
   6.1872910e-01  -1.5146023e-03
   6.1538462e-01  -1.7563670e-03
   6.1204013e-01  -1.9992403e-03
   6.0869565e-01  -2.2431576e-03
   6.0535117e-01  -2.4880547e-03
   6.0200669e-01  -2.7338678e-03
   5.9866221e-01  -2.9805331e-03
   5.9531773e-01  -3.2279875e-03
   5.9197324e-01  -3.4761681e-03
   5.8862876e-01  -3.7250122e-03
   5.8528428e-01  -3.9744575e-03
   5.8193980e-01  -4.2244420e-03
   5.7859532e-01  -4.4749040e-03
   5.7525084e-01  -4.7257822e-03
   5.7190635e-01  -4.9770155e-03
   5.6856187e-01  -5.2285432e-03
   5.6521739e-01  -5.4803048e-03
   5.6187291e-01  -5.7322402e-03
   5.5852843e-01  -5.9842897e-03
   5.5518395e-01  -6.2363936e-03
   5.5183946e-01  -6.4884928e-03
   5.4849498e-01  -6.7405284e-03
   5.4515050e-01  -6.9924419e-03
   5.4180602e-01  -7.2441749e-03
   5.3846154e-01  -7.4956694e-03
   5.3511706e-01  -7.7468679e-03
   5.3177258e-01  -7.9977129e-03
   5.2842809e-01  -8.2481473e-03
   5.2508361e-01  -8.4981144e-03
   5.2173913e-01  -8.7475577e-03
   5.1839465e-01  -8.9964211e-03
   5.1505017e-01  -9.2446486e-03
   5.1170569e-01  -9.4921847e-03
   5.0836120e-01  -9.7389741e-03
   5.0501672e-01  -9.9849618e-03
   5.0167224e-01  -1.0230093e-02
   4.9832776e-01  -1.0474314e-02
   4.9498328e-01  -1.0717569e-02
   4.9163880e-01  -1.0959806e-02
   4.8829431e-01  -1.1200970e-02
   4.8494983e-01  -1.1441009e-02
   4.8160535e-01  -1.1679869e-02
   4.7826087e-01  -1.1917498e-02
   4.7491639e-01  -1.2153843e-02
   4.7157191e-01  -1.2388852e-02
   4.6822742e-01  -1.2622473e-02
   4.6488294e-01  -1.2854655e-02
   4.6153846e-01  -1.3085347e-02
   4.5819398e-01  -1.3314496e-02
   4.5484950e-01  -1.3542053e-02
   4.5150502e-01  -1.3767967e-02
   4.4816054e-01  -1.3992187e-02
   4.4481605e-01  -1.4214664e-02
   4.4147157e-01  -1.4435347e-02
   4.3812709e-01  -1.4654188e-02
   4.3478261e-01  -1.4871137e-02
   4.3143813e-01  -1.5086145e-02
   4.2809365e-01  -1.5299163e-02
   4.2474916e-01  -1.5510143e-02
   4.2140468e-01  -1.5719037e-02
   4.1806020e-01  -1.5925795e-02
   4.1471572e-01  -1.6130372e-02
   4.1137124e-01  -1.6332718e-02
   4.0802676e-01  -1.6532787e-02
   4.0468227e-01  -1.6730531e-02
   4.0133779e-01  -1.6925904e-02
   3.9799331e-01  -1.7118859e-02
   3.9464883e-01  -1.7309348e-02
   3.9130435e-01  -1.7497327e-02
   3.8795987e-01  -1.7682749e-02
   3.8461538e-01  -1.7865567e-02
   3.8127090e-01  -1.8045737e-02
   3.7792642e-01  -1.8223213e-02
   3.7458194e-01  -1.8397948e-02
   3.7123746e-01  -1.8569899e-02
   3.6789298e-01  -1.8739019e-02
   3.6454849e-01  -1.8905265e-02
   3.6120401e-01  -1.9068591e-02
   3.5785953e-01  -1.9228953e-02
   3.5451505e-01  -1.9386306e-02
   3.5117057e-01  -1.9540606e-02
   3.4782609e-01  -1.9691809e-02
   3.4448161e-01  -1.9839870e-02
   3.4113712e-01  -1.9984746e-02
   3.3779264e-01  -2.0126393e-02
   3.3444816e-01  -2.0264766e-02
   3.3110368e-01  -2.0399823e-02
   3.2775920e-01  -2.0531518e-02
   3.2441472e-01  -2.0659810e-02
   3.2107023e-01  -2.0784654e-02
   3.1772575e-01  -2.0906006e-02
   3.1438127e-01  -2.1023823e-02
   3.1103679e-01  -2.1138061e-02
   3.0769231e-01  -2.1248677e-02
   3.0434783e-01  -2.1355627e-02
   3.0100334e-01  -2.1458868e-02
   2.9765886e-01  -2.1558355e-02
   2.9431438e-01  -2.1654045e-02
   2.9096990e-01  -2.1745894e-02
   2.8762542e-01  -2.1833857e-02
   2.8428094e-01  -2.1917891e-02
   2.8093645e-01  -2.1997951e-02
   2.7759197e-01  -2.2073992e-02
   2.7424749e-01  -2.2145971e-02
   2.7090301e-01  -2.2213841e-02
   2.6755853e-01  -2.2277557e-02
   2.6421405e-01  -2.2337074e-02
   2.6086957e-01  -2.2392346e-02
   2.5752508e-01  -2.2443327e-02
   2.5418060e-01  -2.2489969e-02
   2.5083612e-01  -2.2532226e-02
   2.4749164e-01  -2.2570050e-02
   2.4414716e-01  -2.2603393e-02
   2.4080268e-01  -2.2632206e-02
   2.3745819e-01  -2.2656439e-02
   2.3411371e-01  -2.2676044e-02
   2.3076923e-01  -2.2690969e-02
   2.2742475e-01  -2.2701162e-02
   2.2408027e-01  -2.2706572e-02
   2.2073579e-01  -2.2707144e-02
   2.1739130e-01  -2.2702826e-02
   2.1404682e-01  -2.2693561e-02
   2.1070234e-01  -2.2679293e-02
   2.0735786e-01  -2.2659964e-02
   2.0401338e-01  -2.2635517e-02
   2.0066890e-01  -2.2605889e-02
   1.9732441e-01  -2.2571019e-02
   1.9397993e-01  -2.2530844e-02
   1.9063545e-01  -2.2485298e-02
   1.8729097e-01  -2.2434315e-02
   1.8394649e-01  -2.2377824e-02
   1.8060201e-01  -2.2315754e-02
   1.7725753e-01  -2.2248032e-02
   1.7391304e-01  -2.2174580e-02
   1.7056856e-01  -2.2095320e-02
   1.6722408e-01  -2.2010168e-02
   1.6387960e-01  -2.1919040e-02
   1.6053512e-01  -2.1821846e-02
   1.5719064e-01  -2.1718494e-02
   1.5384615e-01  -2.1608885e-02
   1.5050167e-01  -2.1492919e-02
   1.4715719e-01  -2.1370488e-02
   1.4381271e-01  -2.1241481e-02
   1.4046823e-01  -2.1105780e-02
   1.3712375e-01  -2.0963260e-02
   1.3377926e-01  -2.0813792e-02
   1.3043478e-01  -2.0657235e-02
   1.2709030e-01  -2.0493443e-02
   1.2374582e-01  -2.0322260e-02
   1.2040134e-01  -2.0143519e-02
   1.1705686e-01  -1.9957044e-02
   1.1371237e-01  -1.9762643e-02
   1.1036789e-01  -1.9560115e-02
   1.0702341e-01  -1.9349239e-02
   1.0367893e-01  -1.9129781e-02
   1.0033445e-01  -1.8901487e-02
   9.6989967e-02  -1.8664080e-02
   9.3645485e-02  -1.8417262e-02
   9.0301003e-02  -1.8160706e-02
   8.6956522e-02  -1.7894054e-02
   8.3612040e-02  -1.7616917e-02
   8.0267559e-02  -1.7328861e-02
   7.6923077e-02  -1.7029410e-02
   7.3578595e-02  -1.6718034e-02
   7.0234114e-02  -1.6394141e-02
   6.6889632e-02  -1.6057069e-02
   6.3545151e-02  -1.5706068e-02
   6.0200669e-02  -1.5340289e-02
   5.6856187e-02  -1.4958763e-02
   5.3511706e-02  -1.4560374e-02
   5.0167224e-02  -1.4143826e-02
   4.6822742e-02  -1.3707603e-02
   4.3478261e-02  -1.3249910e-02
   4.0133779e-02  -1.2768599e-02
   3.6789298e-02  -1.2261058e-02
   3.3444816e-02  -1.1724065e-02
   3.0100334e-02  -1.1153568e-02
   2.6755853e-02  -1.0544344e-02
   2.3411371e-02  -9.8894777e-03
   2.0066890e-02  -9.1794667e-03
   1.6722408e-02  -8.4006341e-03
   1.3377926e-02  -7.5319954e-03
   1.0033445e-02  -6.5382483e-03
   6.6889632e-03  -5.3506216e-03
   3.3444816e-03  -3.7918000e-03
   0.0000000e+00   1.9300000e-04
