   0.0000000e+00  -1.9726200e-03
   3.3444816e-03   1.6966789e-02
   6.6889632e-03   2.3995908e-02
   1.0033445e-02   2.9388845e-02
   1.3377926e-02   3.3933525e-02
   1.6722408e-02   3.7934874e-02
   2.0066890e-02   4.1549107e-02
   2.3411371e-02   4.4868903e-02
   2.6755853e-02   4.7954561e-02
   3.0100334e-02   5.0847893e-02
   3.3444816e-02   5.3579292e-02
   3.6789298e-02   5.6171653e-02
   4.0133779e-02   5.8642730e-02
   4.3478261e-02   6.1006609e-02
   4.6822742e-02   6.3274686e-02
   5.0167224e-02   6.5456330e-02
   5.3511706e-02   6.7559352e-02
   5.6856187e-02   6.9590342e-02
   6.0200669e-02   7.1554919e-02
   6.3545151e-02   7.3457919e-02
   6.6889632e-02   7.5303538e-02
   7.0234114e-02   7.7095444e-02
   7.3578595e-02   7.8836862e-02
   7.6923077e-02   8.0530650e-02
   8.0267559e-02   8.2179349e-02
   8.3612040e-02   8.3785235e-02
   8.6956522e-02   8.5350350e-02
   9.0301003e-02   8.6876538e-02
   9.3645485e-02   8.8365471e-02
   9.6989967e-02   8.9818668e-02
   1.0033445e-01   9.1237515e-02
   1.0367893e-01   9.2623280e-02
   1.0702341e-01   9.3977129e-02
   1.1036789e-01   9.5300135e-02
   1.1371237e-01   9.6593286e-02
   1.1705686e-01   9.7857500e-02
   1.2040134e-01   9.9093627e-02
   1.2374582e-01   1.0030246e-01
   1.2709030e-01   1.0148473e-01
   1.3043478e-01   1.0264112e-01
   1.3377926e-01   1.0377229e-01
   1.3712375e-01   1.0487883e-01
   1.4046823e-01   1.0596131e-01
   1.4381271e-01   1.0702026e-01
   1.4715719e-01   1.0805618e-01
   1.5050167e-01   1.0906956e-01
   1.5384615e-01   1.1006083e-01
   1.5719064e-01   1.1103041e-01
   1.6053512e-01   1.1197872e-01
   1.6387960e-01   1.1290614e-01
   1.6722408e-01   1.1381301e-01
   1.7056856e-01   1.1469970e-01
   1.7391304e-01   1.1556653e-01
   1.7725753e-01   1.1641381e-01
   1.8060201e-01   1.1724185e-01
   1.8394649e-01   1.1805093e-01
   1.8729097e-01   1.1884133e-01
   1.9063545e-01   1.1961331e-01
   1.9397993e-01   1.2036712e-01
   1.9732441e-01   1.2110301e-01
   2.0066890e-01   1.2182122e-01
   2.0401338e-01   1.2252196e-01
   2.0735786e-01   1.2320546e-01
   2.1070234e-01   1.2387192e-01
   2.1404682e-01   1.2452155e-01
   2.1739130e-01   1.2515454e-01
   2.2073579e-01   1.2577108e-01
   2.2408027e-01   1.2637136e-01
   2.2742475e-01   1.2695556e-01
   2.3076923e-01   1.2752384e-01
   2.3411371e-01   1.2807638e-01
   2.3745819e-01   1.2861334e-01
   2.4080268e-01   1.2913487e-01
   2.4414716e-01   1.2964113e-01
   2.4749164e-01   1.3013227e-01
   2.5083612e-01   1.3060843e-01
   2.5418060e-01   1.3106977e-01
   2.5752508e-01   1.3151641e-01
   2.6086957e-01   1.3194850e-01
   2.6421405e-01   1.3236616e-01
   2.6755853e-01   1.3276953e-01
   2.7090301e-01   1.3315873e-01
   2.7424749e-01   1.3353389e-01
   2.7759197e-01   1.3389513e-01
   2.8093645e-01   1.3424257e-01
   2.8428094e-01   1.3457632e-01
   2.8762542e-01   1.3489650e-01
   2.9096990e-01   1.3520323e-01
   2.9431438e-01   1.3549661e-01
   2.9765886e-01   1.3577675e-01
   3.0100334e-01   1.3604376e-01
   3.0434783e-01   1.3629774e-01
   3.0769231e-01   1.3653881e-01
   3.1103679e-01   1.3676705e-01
   3.1438127e-01   1.3698257e-01
   3.1772575e-01   1.3718546e-01
   3.2107023e-01   1.3737584e-01
   3.2441472e-01   1.3755378e-01
   3.2775920e-01   1.3771939e-01
   3.3110368e-01   1.3787275e-01
   3.3444816e-01   1.3801397e-01
   3.3779264e-01   1.3814313e-01
   3.4113712e-01   1.3826031e-01
   3.4448161e-01   1.3836562e-01
   3.4782609e-01   1.3845913e-01
   3.5117057e-01   1.3854093e-01
   3.5451505e-01   1.3861111e-01
   3.5785953e-01   1.3866975e-01
   3.6120401e-01   1.3871694e-01
   3.6454849e-01   1.3875275e-01
   3.6789298e-01   1.3877727e-01
   3.7123746e-01   1.3879057e-01
   3.7458194e-01   1.3879275e-01
   3.7792642e-01   1.3878387e-01
   3.8127090e-01   1.3876402e-01
   3.8461538e-01   1.3873327e-01
   3.8795987e-01   1.3869170e-01
   3.9130435e-01   1.3863938e-01
   3.9464883e-01   1.3857639e-01
   3.9799331e-01   1.3850280e-01
   4.0133779e-01   1.3841869e-01
   4.0468227e-01   1.3832414e-01
   4.0802676e-01   1.3821920e-01
   4.1137124e-01   1.3810395e-01
   4.1471572e-01   1.3797847e-01
   4.1806020e-01   1.3784283e-01
   4.2140468e-01   1.3769709e-01
   4.2474916e-01   1.3754132e-01
   4.2809365e-01   1.3737559e-01
   4.3143813e-01   1.3719997e-01
   4.3478261e-01   1.3701453e-01
   4.3812709e-01   1.3681932e-01
   4.4147157e-01   1.3661443e-01
   4.4481605e-01   1.3639991e-01
   4.4816054e-01   1.3617583e-01
   4.5150502e-01   1.3594225e-01
   4.5484950e-01   1.3569924e-01
   4.5819398e-01   1.3544686e-01
   4.6153846e-01   1.3518516e-01
   4.6488294e-01   1.3491423e-01
   4.6822742e-01   1.3463411e-01
   4.7157191e-01   1.3434486e-01
   4.7491639e-01   1.3404655e-01
   4.7826087e-01   1.3373924e-01
   4.8160535e-01   1.3342299e-01
   4.8494983e-01   1.3309785e-01
   4.8829431e-01   1.3276388e-01
   4.9163880e-01   1.3242115e-01
   4.9498328e-01   1.3206970e-01
   4.9832776e-01   1.3170960e-01
   5.0167224e-01   1.3134090e-01
   5.0501672e-01   1.3096366e-01
   5.0836120e-01   1.3057793e-01
   5.1170569e-01   1.3018377e-01
   5.1505017e-01   1.2978123e-01
   5.1839465e-01   1.2937036e-01
   5.2173913e-01   1.2895122e-01
   5.2508361e-01   1.2852387e-01
   5.2842809e-01   1.2808835e-01
   5.3177258e-01   1.2764471e-01
   5.3511706e-01   1.2719301e-01
   5.3846154e-01   1.2673330e-01
   5.4180602e-01   1.2626562e-01
   5.4515050e-01   1.2579003e-01
   5.4849498e-01   1.2530657e-01
   5.5183946e-01   1.2481530e-01
   5.5518395e-01   1.2431627e-01
   5.5852843e-01   1.2380951e-01
   5.6187291e-01   1.2329508e-01
   5.6521739e-01   1.2277302e-01
   5.6856187e-01   1.2224338e-01
   5.7190635e-01   1.2170621e-01
   5.7525084e-01   1.2116155e-01
   5.7859532e-01   1.2060944e-01
   5.8193980e-01   1.2004993e-01
   5.8528428e-01   1.1948306e-01
   5.8862876e-01   1.1890888e-01
   5.9197324e-01   1.1832742e-01
   5.9531773e-01   1.1773873e-01
   5.9866221e-01   1.1714285e-01
   6.0200669e-01   1.1653982e-01
   6.0535117e-01   1.1592968e-01
   6.0869565e-01   1.1531248e-01
   6.1204013e-01   1.1468824e-01
   6.1538462e-01   1.1405700e-01
   6.1872910e-01   1.1341882e-01
   6.2207358e-01   1.1277371e-01
   6.2541806e-01   1.1212173e-01
   6.2876254e-01   1.1146290e-01
   6.3210702e-01   1.1079726e-01
   6.3545151e-01   1.1012485e-01
   6.3879599e-01   1.0944569e-01
   6.4214047e-01   1.0875984e-01
   6.4548495e-01   1.0806731e-01
   6.4882943e-01   1.0736814e-01
   6.5217391e-01   1.0666237e-01
   6.5551839e-01   1.0595002e-01
   6.5886288e-01   1.0523112e-01
   6.6220736e-01   1.0450571e-01
   6.6555184e-01   1.0377382e-01
   6.6889632e-01   1.0303547e-01
   6.7224080e-01   1.0229070e-01
   6.7558528e-01   1.0153953e-01
   6.7892977e-01   1.0078198e-01
   6.8227425e-01   1.0001810e-01
   6.8561873e-01   9.9247891e-02
   6.8896321e-01   9.8471393e-02
   6.9230769e-01   9.7688627e-02
   6.9565217e-01   9.6899617e-02
   6.9899666e-01   9.6104388e-02
   7.0234114e-01   9.5302962e-02
   7.0568562e-01   9.4495362e-02
   7.0903010e-01   9.3681609e-02
   7.1237458e-01   9.2861724e-02
   7.1571906e-01   9.2035729e-02
   7.1906355e-01   9.1203642e-02
   7.2240803e-01   9.0365483e-02
   7.2575251e-01   8.9521270e-02
   7.2909699e-01   8.8671021e-02
   7.3244147e-01   8.7814754e-02
   7.3578595e-01   8.6952484e-02
   7.3913043e-01   8.6084228e-02
   7.4247492e-01   8.5210001e-02
   7.4581940e-01   8.4329816e-02
   7.4916388e-01   8.3443689e-02
   7.5250836e-01   8.2551631e-02
   7.5585284e-01   8.1653656e-02
   7.5919732e-01   8.0749776e-02
   7.6254181e-01   7.9840000e-02
   7.6588629e-01   7.8924339e-02
   7.6923077e-01   7.8002804e-02
   7.7257525e-01   7.7075402e-02
   7.7591973e-01   7.6142143e-02
   7.7926421e-01   7.5203033e-02
   7.8260870e-01   7.4258080e-02
   7.8595318e-01   7.3307289e-02
   7.8929766e-01   7.2350665e-02
   7.9264214e-01   7.1388214e-02
   7.9598662e-01   7.0419939e-02
   7.9933110e-01   6.9445843e-02
   8.0267559e-01   6.8465928e-02
   8.0602007e-01   6.7480197e-02
   8.0936455e-01   6.6488649e-02
   8.1270903e-01   6.5491286e-02
   8.1605351e-01   6.4488107e-02
   8.1939799e-01   6.3479109e-02
   8.2274247e-01   6.2464292e-02
   8.2608696e-01   6.1443652e-02
   8.2943144e-01   6.0417185e-02
   8.3277592e-01   5.9384887e-02
   8.3612040e-01   5.8346753e-02
   8.3946488e-01   5.7302776e-02
   8.4280936e-01   5.6252951e-02
   8.4615385e-01   5.5197269e-02
   8.4949833e-01   5.4135722e-02
   8.5284281e-01   5.3068301e-02
   8.5618729e-01   5.1994996e-02
   8.5953177e-01   5.0915796e-02
   8.6287625e-01   4.9830690e-02
   8.6622074e-01   4.8739665e-02
   8.6956522e-01   4.7642708e-02
   8.7290970e-01   4.6539806e-02
   8.7625418e-01   4.5430942e-02
   8.7959866e-01   4.4316103e-02
   8.8294314e-01   4.3195270e-02
   8.8628763e-01   4.2068428e-02
   8.8963211e-01   4.0935557e-02
   8.9297659e-01   3.9796639e-02
   8.9632107e-01   3.8651655e-02
   8.9966555e-01   3.7500583e-02
   9.0301003e-01   3.6343402e-02
   9.0635452e-01   3.5180089e-02
   9.0969900e-01   3.4010623e-02
   9.1304348e-01   3.2834977e-02
   9.1638796e-01   3.1653129e-02
   9.1973244e-01   3.0465051e-02
   9.2307692e-01   2.9270718e-02
   9.2642140e-01   2.8070101e-02
   9.2976589e-01   2.6863173e-02
   9.3311037e-01   2.5649903e-02
   9.3645485e-01   2.4430263e-02
   9.3979933e-01   2.3204221e-02
   9.4314381e-01   2.1971745e-02
   9.4648829e-01   2.0732803e-02
   9.4983278e-01   1.9487360e-02
   9.5317726e-01   1.8235382e-02
   9.5652174e-01   1.6976834e-02
   9.5986622e-01   1.5711679e-02
   9.6321070e-01   1.4439880e-02
   9.6655518e-01   1.3161398e-02
   9.6989967e-01   1.1876196e-02
   9.7324415e-01   1.0584232e-02
   9.7658863e-01   9.2854654e-03
   9.7993311e-01   7.9798549e-03
   9.8327759e-01   6.6673573e-03
   9.8662207e-01   5.3479289e-03
   9.8996656e-01   4.0215250e-03
   9.9331104e-01   2.6881001e-03
   9.9665552e-01   1.3476076e-03
   1.0000000e+00   0.0000000e+00
   1.0000000e+00   0.0000000e+00
   9.9665552e-01   6.8935032e-04
   9.9331104e-01   1.3619733e-03
   9.8996656e-01   2.0181005e-03
   9.8662207e-01   2.6579612e-03
   9.8327759e-01   3.2817827e-03
   9.7993311e-01   3.8897898e-03
   9.7658863e-01   4.4822055e-03
   9.7324415e-01   5.0592506e-03
   9.6989967e-01   5.6211438e-03
   9.6655518e-01   6.1681014e-03
   9.6321070e-01   6.7003381e-03
   9.5986622e-01   7.2180661e-03
   9.5652174e-01   7.7214956e-03
   9.5317726e-01   8.2108347e-03
   9.4983278e-01   8.6862897e-03
   9.4648829e-01   9.1480644e-03
   9.4314381e-01   9.5963608e-03
   9.3979933e-01   1.0031379e-02
   9.3645485e-01   1.0453316e-02
   9.3311037e-01   1.0862369e-02
   9.2976589e-01   1.1258731e-02
   9.2642140e-01   1.1642594e-02
   9.2307692e-01   1.2014148e-02
   9.1973244e-01   1.2373579e-02
   9.1638796e-01   1.2721075e-02
   9.1304348e-01   1.3056820e-02
   9.0969900e-01   1.3380993e-02
   9.0635452e-01   1.3693777e-02
   9.0301003e-01   1.3995348e-02
   8.9966555e-01   1.4285882e-02
   8.9632107e-01   1.4565553e-02
   8.9297659e-01   1.4834534e-02
   8.8963211e-01   1.5092995e-02
   8.8628763e-01   1.5341103e-02
   8.8294314e-01   1.5579025e-02
   8.7959866e-01   1.5806926e-02
   8.7625418e-01   1.6024968e-02
   8.7290970e-01   1.6233311e-02
   8.6956522e-01   1.6432114e-02
   8.6622074e-01   1.6621534e-02
   8.6287625e-01   1.6801726e-02
   8.5953177e-01   1.6972844e-02
   8.5618729e-01   1.7135038e-02
   8.5284281e-01   1.7288458e-02
   8.4949833e-01   1.7433252e-02
   8.4615385e-01   1.7569565e-02
   8.4280936e-01   1.7697542e-02
   8.3946488e-01   1.7817324e-02
   8.3612040e-01   1.7929053e-02
   8.3277592e-01   1.8032866e-02
   8.2943144e-01   1.8128902e-02
   8.2608696e-01   1.8217294e-02
   8.2274247e-01   1.8298176e-02
   8.1939799e-01   1.8371681e-02
   8.1605351e-01   1.8437937e-02
   8.1270903e-01   1.8497074e-02
   8.0936455e-01   1.8549217e-02
   8.0602007e-01   1.8594492e-02
   8.0267559e-01   1.8633021e-02
   7.9933110e-01   1.8664926e-02
   7.9598662e-01   1.8690326e-02
   7.9264214e-01   1.8709340e-02
   7.8929766e-01   1.8722085e-02
   7.8595318e-01   1.8728674e-02
   7.8260870e-01   1.8729221e-02
   7.7926421e-01   1.8723837e-02
   7.7591973e-01   1.8712633e-02
   7.7257525e-01   1.8695717e-02
   7.6923077e-01   1.8673195e-02
   7.6588629e-01   1.8645172e-02
   7.6254181e-01   1.8611752e-02
   7.5919732e-01   1.8573038e-02
   7.5585284e-01   1.8529128e-02
   7.5250836e-01   1.8480123e-02
   7.4916388e-01   1.8426120e-02
   7.4581940e-01   1.8367214e-02
   7.4247492e-01   1.8303499e-02
   7.3913043e-01   1.8235069e-02
   7.3578595e-01   1.8162015e-02
   7.3244147e-01   1.8084426e-02
   7.2909699e-01   1.8002392e-02
   7.2575251e-01   1.7915998e-02
   7.2240803e-01   1.7825331e-02
   7.1906355e-01   1.7730474e-02
   7.1571906e-01   1.7631510e-02
   7.1237458e-01   1.7528520e-02
   7.0903010e-01   1.7421584e-02
   7.0568562e-01   1.7310780e-02
   7.0234114e-01   1.7196185e-02
   6.9899666e-01   1.7077875e-02
   6.9565217e-01   1.6955925e-02
   6.9230769e-01   1.6830407e-02
   6.8896321e-01   1.6701392e-02
   6.8561873e-01   1.6568951e-02
   6.8227425e-01   1.6433154e-02
   6.7892977e-01   1.6294067e-02
   6.7558528e-01   1.6151757e-02
   6.7224080e-01   1.6006289e-02
   6.6889632e-01   1.5857727e-02
   6.6555184e-01   1.5706134e-02
   6.6220736e-01   1.5551570e-02
   6.5886288e-01   1.5394097e-02
   6.5551839e-01   1.5233773e-02
   6.5217391e-01   1.5070656e-02
   6.4882943e-01   1.4904802e-02
   6.4548495e-01   1.4736267e-02
   6.4214047e-01   1.4565105e-02
   6.3879599e-01   1.4391368e-02
   6.3545151e-01   1.4215110e-02
   6.3210702e-01   1.4036381e-02
   6.2876254e-01   1.3855230e-02
   6.2541806e-01   1.3671706e-02
   6.2207358e-01   1.3485857e-02
   6.1872910e-01   1.3297729e-02
   6.1538462e-01   1.3107368e-02
   6.1204013e-01   1.2914818e-02
   6.0869565e-01   1.2720122e-02
   6.0535117e-01   1.2523323e-02
   6.0200669e-01   1.2324463e-02
   5.9866221e-01   1.2123581e-02
   5.9531773e-01   1.1920716e-02
   5.9197324e-01   1.1715909e-02
   5.8862876e-01   1.1509195e-02
   5.8528428e-01   1.1300613e-02
   5.8193980e-01   1.1090196e-02
   5.7859532e-01   1.0877981e-02
   5.7525084e-01   1.0664002e-02
   5.7190635e-01   1.0448291e-02
   5.6856187e-01   1.0230880e-02
   5.6521739e-01   1.0011802e-02
   5.6187291e-01   9.7910872e-03
   5.5852843e-01   9.5687648e-03
   5.5518395e-01   9.3448643e-03
   5.5183946e-01   9.1194142e-03
   5.4849498e-01   8.8924419e-03
   5.4515050e-01   8.6639743e-03
   5.4180602e-01   8.4340378e-03
   5.3846154e-01   8.2026578e-03
   5.3511706e-01   7.9698591e-03
   5.3177258e-01   7.7356660e-03
   5.2842809e-01   7.5001020e-03
   5.2508361e-01   7.2631900e-03
   5.2173913e-01   7.0249525e-03
   5.1839465e-01   6.7854112e-03
   5.1505017e-01   6.5445875e-03
   5.1170569e-01   6.3025019e-03
   5.0836120e-01   6.0591747e-03
   5.0501672e-01   5.8146256e-03
   5.0167224e-01   5.5688738e-03
   4.9832776e-01   5.3219381e-03
   4.9498328e-01   5.0738370e-03
   4.9163880e-01   4.8245882e-03
   4.8829431e-01   4.5742094e-03
   4.8494983e-01   4.3227177e-03
   4.8160535e-01   4.0701301e-03
   4.7826087e-01   3.8164630e-03
   4.7491639e-01   3.5617327e-03
   4.7157191e-01   3.3059551e-03
   4.6822742e-01   3.0491460e-03
   4.6488294e-01   2.7913209e-03
   4.6153846e-01   2.5324950e-03
   4.5819398e-01   2.2726835e-03
   4.5484950e-01   2.0119013e-03
   4.5150502e-01   1.7501634e-03
   4.4816054e-01   1.4874843e-03
   4.4481605e-01   1.2238789e-03
   4.4147157e-01   9.5936181e-04
   4.3812709e-01   6.9394758e-04
   4.3478261e-01   4.2765089e-04
   4.3143813e-01   1.6048642e-04
   4.2809365e-01  -1.0753106e-04
   4.2474916e-01  -3.7638670e-04
   4.2140468e-01  -6.4606551e-04
   4.1806020e-01  -9.1655231e-04
   4.1471572e-01  -1.1878318e-03
   4.1137124e-01  -1.4598883e-03
   4.0802676e-01  -1.7327060e-03
   4.0468227e-01  -2.0062687e-03
   4.0133779e-01  -2.2805601e-03
   3.9799331e-01  -2.5555632e-03
   3.9464883e-01  -2.8312608e-03
   3.9130435e-01  -3.1076352e-03
   3.8795987e-01  -3.3846683e-03
   3.8461538e-01  -3.6623413e-03
   3.8127090e-01  -3.9406350e-03
   3.7792642e-01  -4.2195296e-03
   3.7458194e-01  -4.4990047e-03
   3.7123746e-01  -4.7790390e-03
   3.6789298e-01  -5.0596107e-03
   3.6454849e-01  -5.3406971e-03
   3.6120401e-01  -5.6222748e-03
   3.5785953e-01  -5.9043194e-03
   3.5451505e-01  -6.1868058e-03
   3.5117057e-01  -6.4697076e-03
   3.4782609e-01  -6.7529977e-03
   3.4448161e-01  -7.0366478e-03
   3.4113712e-01  -7.3206285e-03
   3.3779264e-01  -7.6049092e-03
   3.3444816e-01  -7.8894581e-03
   3.3110368e-01  -8.1742422e-03
   3.2775920e-01  -8.4592268e-03
   3.2441472e-01  -8.7443763e-03
   3.2107023e-01  -9.0296532e-03
   3.1772575e-01  -9.3150186e-03
   3.1438127e-01  -9.6004320e-03
   3.1103679e-01  -9.8858512e-03
   3.0769231e-01  -1.0171232e-02
   3.0434783e-01  -1.0456529e-02
   3.0100334e-01  -1.0741695e-02
   2.9765886e-01  -1.1026678e-02
   2.9431438e-01  -1.1311429e-02
   2.9096990e-01  -1.1595892e-02
   2.8762542e-01  -1.1880012e-02
   2.8428094e-01  -1.2163730e-02
   2.8093645e-01  -1.2446984e-02
   2.7759197e-01  -1.2729712e-02
   2.7424749e-01  -1.3011846e-02
   2.7090301e-01  -1.3293318e-02
   2.6755853e-01  -1.3574055e-02
   2.6421405e-01  -1.3853984e-02
   2.6086957e-01  -1.4133025e-02
   2.5752508e-01  -1.4411097e-02
   2.5418060e-01  -1.4688115e-02
   2.5083612e-01  -1.4963991e-02
   2.4749164e-01  -1.5238632e-02
   2.4414716e-01  -1.5511943e-02
   2.4080268e-01  -1.5783824e-02
   2.3745819e-01  -1.6054170e-02
   2.3411371e-01  -1.6322873e-02
   2.3076923e-01  -1.6589819e-02
   2.2742475e-01  -1.6854891e-02
   2.2408027e-01  -1.7117965e-02
   2.2073579e-01  -1.7378913e-02
   2.1739130e-01  -1.7637602e-02
   2.1404682e-01  -1.7893891e-02
   2.1070234e-01  -1.8147635e-02
   2.0735786e-01  -1.8398684e-02
   2.0401338e-01  -1.8646877e-02
   2.0066890e-01  -1.8892051e-02
   1.9732441e-01  -1.9134032e-02
   1.9397993e-01  -1.9372640e-02
   1.9063545e-01  -1.9607688e-02
   1.8729097e-01  -1.9838980e-02
   1.8394649e-01  -2.0066308e-02
   1.8060201e-01  -2.0289460e-02
   1.7725753e-01  -2.0508211e-02
   1.7391304e-01  -2.0722325e-02
   1.7056856e-01  -2.0931557e-02
   1.6722408e-01  -2.1135651e-02
   1.6387960e-01  -2.1334335e-02
   1.6053512e-01  -2.1527328e-02
   1.5719064e-01  -2.1714333e-02
   1.5384615e-01  -2.1895039e-02
   1.5050167e-01  -2.2069120e-02
   1.4715719e-01  -2.2236232e-02
   1.4381271e-01  -2.2396013e-02
   1.4046823e-01  -2.2548085e-02
   1.3712375e-01  -2.2692046e-02
   1.3377926e-01  -2.2827474e-02
   1.3043478e-01  -2.2953924e-02
   1.2709030e-01  -2.3070924e-02
   1.2374582e-01  -2.3177976e-02
   1.2040134e-01  -2.3274552e-02
   1.1705686e-01  -2.3360092e-02
   1.1371237e-01  -2.3434001e-02
   1.1036789e-01  -2.3495646e-02
   1.0702341e-01  -2.3544354e-02
   1.0367893e-01  -2.3579402e-02
   1.0033445e-01  -2.3600023e-02
   9.6989967e-02  -2.3605390e-02
   9.3645485e-02  -2.3594615e-02
   9.0301003e-02  -2.3566745e-02
   8.6956522e-02  -2.3520747e-02
   8.3612040e-02  -2.3455503e-02
   8.0267559e-02  -2.3369802e-02
   7.6923077e-02  -2.3262318e-02
   7.3578595e-02  -2.3131603e-02
   7.0234114e-02  -2.2976067e-02
   6.6889632e-02  -2.2793952e-02
   6.3545151e-02  -2.2583309e-02
   6.0200669e-02  -2.2341961e-02
   5.6856187e-02  -2.2067465e-02
   5.3511706e-02  -2.1757058e-02
   5.0167224e-02  -2.1407590e-02
   4.6822742e-02  -2.1015436e-02
   4.3478261e-02  -2.0576386e-02
   4.0133779e-02  -2.0085487e-02
   3.6789298e-02  -1.9536831e-02
   3.3444816e-02  -1.8923262e-02
   3.0100334e-02  -1.8235939e-02
   2.6755853e-02  -1.7463682e-02
   2.3411371e-02  -1.6591943e-02
   2.0066890e-02  -1.5601097e-02
   1.6722408e-02  -1.4463389e-02
   1.3377926e-02  -1.3136972e-02
   1.0033445e-02  -1.1552637e-02
   6.6889632e-03  -9.5778081e-03
   3.3444816e-03  -6.8763421e-03
   0.0000000e+00  -1.9726200e-03
