   0.0000000e+00   1.5663000e-04
   3.3444816e-03   9.5487029e-03
   6.6889632e-03   1.3499406e-02
   1.0033445e-02   1.6526986e-02
   1.3377926e-02   1.9075444e-02
   1.6722408e-02   2.1316687e-02
   2.0066890e-02   2.3338821e-02
   2.3411371e-02   2.5194143e-02
   2.6755853e-02   2.6916689e-02
   3.0100334e-02   2.8530076e-02
   3.3444816e-02   3.0051474e-02
   3.6789298e-02   3.1493826e-02
   4.0133779e-02   3.2867171e-02
   4.3478261e-02   3.4179478e-02
   4.6822742e-02   3.5437198e-02
   5.0167224e-02   3.6645635e-02
   5.3511706e-02   3.7809215e-02
   5.6856187e-02   3.8931671e-02
   6.0200669e-02   4.0016190e-02
   6.3545151e-02   4.1065515e-02
   6.6889632e-02   4.2082025e-02
   7.0234114e-02   4.3067804e-02
   7.3578595e-02   4.4024682e-02
   7.6923077e-02   4.4954283e-02
   8.0267559e-02   4.5858050e-02
   8.3612040e-02   4.6737278e-02
   8.6956522e-02   4.7593128e-02
   9.0301003e-02   4.8426648e-02
   9.3645485e-02   4.9238790e-02
   9.6989967e-02   5.0030418e-02
   1.0033445e-01   5.0802321e-02
   1.0367893e-01   5.1555222e-02
   1.0702341e-01   5.2289784e-02
   1.1036789e-01   5.3006619e-02
   1.1371237e-01   5.3706291e-02
   1.1705686e-01   5.4389321e-02
   1.2040134e-01   5.5056195e-02
   1.2374582e-01   5.5707364e-02
   1.2709030e-01   5.6343247e-02
   1.3043478e-01   5.6964236e-02
   1.3377926e-01   5.7570700e-02
   1.3712375e-01   5.8162981e-02
   1.4046823e-01   5.8741403e-02
   1.4381271e-01   5.9306270e-02
   1.4715719e-01   5.9857869e-02
   1.5050167e-01   6.0396470e-02
   1.5384615e-01   6.0922329e-02
   1.5719064e-01   6.1435688e-02
   1.6053512e-01   6.1936777e-02
   1.6387960e-01   6.2425814e-02
   1.6722408e-01   6.2903006e-02
   1.7056856e-01   6.3368550e-02
   1.7391304e-01   6.3822635e-02
   1.7725753e-01   6.4265441e-02
   1.8060201e-01   6.4697140e-02
   1.8394649e-01   6.5117895e-02
   1.8729097e-01   6.5527864e-02
   1.9063545e-01   6.5927198e-02
   1.9397993e-01   6.6316043e-02
   1.9732441e-01   6.6694538e-02
   2.0066890e-01   6.7062817e-02
   2.0401338e-01   6.7421009e-02
   2.0735786e-01   6.7769239e-02
   2.1070234e-01   6.8107628e-02
   2.1404682e-01   6.8436291e-02
   2.1739130e-01   6.8755342e-02
   2.2073579e-01   6.9064889e-02
   2.2408027e-01   6.9365037e-02
   2.2742475e-01   6.9655890e-02
   2.3076923e-01   6.9937546e-02
   2.3411371e-01   7.0210103e-02
   2.3745819e-01   7.0473653e-02
   2.4080268e-01   7.0728288e-02
   2.4414716e-01   7.0974098e-02
   2.4749164e-01   7.1211169e-02
   2.5083612e-01   7.1439585e-02
   2.5418060e-01   7.1659430e-02
   2.5752508e-01   7.1870784e-02
   2.6086957e-01   7.2073725e-02
   2.6421405e-01   7.2268331e-02
   2.6755853e-01   7.2454678e-02
   2.7090301e-01   7.2632840e-02
   2.7424749e-01   7.2802888e-02
   2.7759197e-01   7.2964895e-02
   2.8093645e-01   7.3118930e-02
   2.8428094e-01   7.3265062e-02
   2.8762542e-01   7.3403358e-02
   2.9096990e-01   7.3533884e-02
   2.9431438e-01   7.3656706e-02
   2.9765886e-01   7.3771887e-02
   3.0100334e-01   7.3879491e-02
   3.0434783e-01   7.3979581e-02
   3.0769231e-01   7.4072217e-02
   3.1103679e-01   7.4157459e-02
   3.1438127e-01   7.4235369e-02
   3.1772575e-01   7.4306004e-02
   3.2107023e-01   7.4369423e-02
   3.2441472e-01   7.4425683e-02
   3.2775920e-01   7.4474841e-02
   3.3110368e-01   7.4516953e-02
   3.3444816e-01   7.4552075e-02
   3.3779264e-01   7.4580262e-02
   3.4113712e-01   7.4601568e-02
   3.4448161e-01   7.4616047e-02
   3.4782609e-01   7.4623752e-02
   3.5117057e-01   7.4624736e-02
   3.5451505e-01   7.4619052e-02
   3.5785953e-01   7.4606751e-02
   3.6120401e-01   7.4587885e-02
   3.6454849e-01   7.4562506e-02
   3.6789298e-01   7.4530662e-02
   3.7123746e-01   7.4492406e-02
   3.7458194e-01   7.4447786e-02
   3.7792642e-01   7.4396853e-02
   3.8127090e-01   7.4339655e-02
   3.8461538e-01   7.4276242e-02
   3.8795987e-01   7.4206661e-02
   3.9130435e-01   7.4130962e-02
   3.9464883e-01   7.4049192e-02
   3.9799331e-01   7.3961398e-02
   4.0133779e-01   7.3867629e-02
   4.0468227e-01   7.3767932e-02
   4.0802676e-01   7.3662352e-02
   4.1137124e-01   7.3550937e-02
   4.1471572e-01   7.3433734e-02
   4.1806020e-01   7.3310788e-02
   4.2140468e-01   7.3182145e-02
   4.2474916e-01   7.3047851e-02
   4.2809365e-01   7.2907952e-02
   4.3143813e-01   7.2762493e-02
   4.3478261e-01   7.2611518e-02
   4.3812709e-01   7.2455073e-02
   4.4147157e-01   7.2293203e-02
   4.4481605e-01   7.2125953e-02
   4.4816054e-01   7.1953365e-02
   4.5150502e-01   7.1775485e-02
   4.5484950e-01   7.1592357e-02
   4.5819398e-01   7.1404025e-02
   4.6153846e-01   7.1210532e-02
   4.6488294e-01   7.1011921e-02
   4.6822742e-01   7.0808237e-02
   4.7157191e-01   7.0599523e-02
   4.7491639e-01   7.0385821e-02
   4.7826087e-01   7.0167174e-02
   4.8160535e-01   6.9943626e-02
   4.8494983e-01   6.9715219e-02
   4.8829431e-01   6.9481996e-02
   4.9163880e-01   6.9243998e-02
   4.9498328e-01   6.9001269e-02
   4.9832776e-01   6.8753850e-02
   5.0167224e-01   6.8501784e-02
   5.0501672e-01   6.8245112e-02
   5.0836120e-01   6.7983876e-02
   5.1170569e-01   6.7718118e-02
   5.1505017e-01   6.7447879e-02
   5.1839465e-01   6.7173201e-02
   5.2173913e-01   6.6894125e-02
   5.2508361e-01   6.6610692e-02
   5.2842809e-01   6.6322943e-02
   5.3177258e-01   6.6030919e-02
   5.3511706e-01   6.5734662e-02
   5.3846154e-01   6.5434211e-02
   5.4180602e-01   6.5129607e-02
   5.4515050e-01   6.4820892e-02
   5.4849498e-01   6.4508104e-02
   5.5183946e-01   6.4191285e-02
   5.5518395e-01   6.3870474e-02
   5.5852843e-01   6.3545712e-02
   5.6187291e-01   6.3217039e-02
   5.6521739e-01   6.2884494e-02
   5.6856187e-01   6.2548116e-02
   5.7190635e-01   6.2207947e-02
   5.7525084e-01   6.1864024e-02
   5.7859532e-01   6.1516388e-02
   5.8193980e-01   6.1165078e-02
   5.8528428e-01   6.0810132e-02
   5.8862876e-01   6.0451591e-02
   5.9197324e-01   6.0089492e-02
   5.9531773e-01   5.9723875e-02
   5.9866221e-01   5.9354778e-02
   6.0200669e-01   5.8982240e-02
   6.0535117e-01   5.8606299e-02
   6.0869565e-01   5.8226994e-02
   6.1204013e-01   5.7844362e-02
   6.1538462e-01   5.7458443e-02
   6.1872910e-01   5.7069274e-02
   6.2207358e-01   5.6676892e-02
   6.2541806e-01   5.6281336e-02
   6.2876254e-01   5.5882644e-02
   6.3210702e-01   5.5480852e-02
   6.3545151e-01   5.5075998e-02
   6.3879599e-01   5.4668120e-02
   6.4214047e-01   5.4257255e-02
   6.4548495e-01   5.3843439e-02
   6.4882943e-01   5.3426710e-02
   6.5217391e-01   5.3007104e-02
   6.5551839e-01   5.2584659e-02
   6.5886288e-01   5.2159410e-02
   6.6220736e-01   5.1731394e-02
   6.6555184e-01   5.1300647e-02
   6.6889632e-01   5.0867206e-02
   6.7224080e-01   5.0431106e-02
   6.7558528e-01   4.9992384e-02
   6.7892977e-01   4.9551075e-02
   6.8227425e-01   4.9107215e-02
   6.8561873e-01   4.8660839e-02
   6.8896321e-01   4.8211983e-02
   6.9230769e-01   4.7760682e-02
   6.9565217e-01   4.7306971e-02
   6.9899666e-01   4.6850885e-02
   7.0234114e-01   4.6392459e-02
   7.0568562e-01   4.5931727e-02
   7.0903010e-01   4.5468725e-02
   7.1237458e-01   4.5003485e-02
   7.1571906e-01   4.4536044e-02
   7.1906355e-01   4.4066434e-02
   7.2240803e-01   4.3594690e-02
   7.2575251e-01   4.3120846e-02
   7.2909699e-01   4.2644935e-02
   7.3244147e-01   4.2166991e-02
   7.3578595e-01   4.1687047e-02
   7.3913043e-01   4.1205136e-02
   7.4247492e-01   4.0721292e-02
   7.4581940e-01   4.0235548e-02
   7.4916388e-01   3.9747935e-02
   7.5250836e-01   3.9258487e-02
   7.5585284e-01   3.8767236e-02
   7.5919732e-01   3.8274215e-02
   7.6254181e-01   3.7779455e-02
   7.6588629e-01   3.7282989e-02
   7.6923077e-01   3.6784848e-02
   7.7257525e-01   3.6285065e-02
   7.7591973e-01   3.5783669e-02
   7.7926421e-01   3.5280694e-02
   7.8260870e-01   3.4776169e-02
   7.8595318e-01   3.4270127e-02
   7.8929766e-01   3.3762597e-02
   7.9264214e-01   3.3253610e-02
   7.9598662e-01   3.2743197e-02
   7.9933110e-01   3.2231388e-02
   8.0267559e-01   3.1718213e-02
   8.0602007e-01   3.1203703e-02
   8.0936455e-01   3.0687886e-02
   8.1270903e-01   3.0170793e-02
   8.1605351e-01   2.9652452e-02
   8.1939799e-01   2.9132893e-02
   8.2274247e-01   2.8612146e-02
   8.2608696e-01   2.8090238e-02
   8.2943144e-01   2.7567199e-02
   8.3277592e-01   2.7043057e-02
   8.3612040e-01   2.6517841e-02
   8.3946488e-01   2.5991577e-02
   8.4280936e-01   2.5464295e-02
   8.4615385e-01   2.4936022e-02
   8.4949833e-01   2.4406786e-02
   8.5284281e-01   2.3876613e-02
   8.5618729e-01   2.3345531e-02
   8.5953177e-01   2.2813568e-02
   8.6287625e-01   2.2280748e-02
   8.6622074e-01   2.1747101e-02
   8.6956522e-01   2.1212650e-02
   8.7290970e-01   2.0677423e-02
   8.7625418e-01   2.0141446e-02
   8.7959866e-01   1.9604744e-02
   8.8294314e-01   1.9067343e-02
   8.8628763e-01   1.8529267e-02
   8.8963211e-01   1.7990543e-02
   8.9297659e-01   1.7451195e-02
   8.9632107e-01   1.6911248e-02
   8.9966555e-01   1.6370726e-02
   9.0301003e-01   1.5829653e-02
   9.0635452e-01   1.5288054e-02
   9.0969900e-01   1.4745952e-02
   9.1304348e-01   1.4203371e-02
   9.1638796e-01   1.3660334e-02
   9.1973244e-01   1.3116864e-02
   9.2307692e-01   1.2572985e-02
   9.2642140e-01   1.2028719e-02
   9.2976589e-01   1.1484088e-02
   9.3311037e-01   1.0939115e-02
   9.3645485e-01   1.0393822e-02
   9.3979933e-01   9.8482306e-03
   9.4314381e-01   9.3023621e-03
   9.4648829e-01   8.7562382e-03
   9.4983278e-01   8.2098798e-03
   9.5317726e-01   7.6633079e-03
   9.5652174e-01   7.1165430e-03
   9.5986622e-01   6.5696057e-03
   9.6321070e-01   6.0225160e-03
   9.6655518e-01   5.4752940e-03
   9.6989967e-01   4.9279591e-03
   9.7324415e-01   4.3805310e-03
   9.7658863e-01   3.8330288e-03
   9.7993311e-01   3.2854715e-03
   9.8327759e-01   2.7378777e-03
   9.8662207e-01   2.1902660e-03
   9.8996656e-01   1.6426545e-03
   9.9331104e-01   1.0950613e-03
   9.9665552e-01   5.4750394e-04
   1.0000000e+00   0.0000000e+00
   1.0000000e+00   0.0000000e+00
   9.9665552e-01   7.4511209e-05
   9.9331104e-01   1.4449362e-04
   9.8996656e-01   2.1001122e-04
   9.8662207e-01   2.7112737e-04
   9.8327759e-01   3.2790483e-04
   9.7993311e-01   3.8040571e-04
   9.7658863e-01   4.2869150e-04
   9.7324415e-01   4.7282310e-04
   9.6989967e-01   5.1286075e-04
   9.6655518e-01   5.4886412e-04
   9.6321070e-01   5.8089227e-04
   9.5986622e-01   6.0900361e-04
   9.5652174e-01   6.3325601e-04
   9.5317726e-01   6.5370668e-04
   9.4983278e-01   6.7041228e-04
   9.4648829e-01   6.8342886e-04
   9.4314381e-01   6.9281186e-04
   9.3979933e-01   6.9861616e-04
   9.3645485e-01   7.0089604e-04
   9.3311037e-01   6.9970520e-04
   9.2976589e-01   6.9509677e-04
   9.2642140e-01   6.8712328e-04
   9.2307692e-01   6.7583671e-04
   9.1973244e-01   6.6128847e-04
   9.1638796e-01   6.4352938e-04
   9.1304348e-01   6.2260973e-04
   9.0969900e-01   5.9857921e-04
   9.0635452e-01   5.7148699e-04
   9.0301003e-01   5.4138166e-04
   8.9966555e-01   5.0831126e-04
   8.9632107e-01   4.7232331e-04
   8.9297659e-01   4.3346474e-04
   8.8963211e-01   3.9178198e-04
   8.8628763e-01   3.4732089e-04
   8.8294314e-01   3.0012682e-04
   8.7959866e-01   2.5024456e-04
   8.7625418e-01   1.9771840e-04
   8.7290970e-01   1.4259208e-04
   8.6956522e-01   8.4908842e-05
   8.6622074e-01   2.4711382e-05
   8.6287625e-01  -3.7958101e-05
   8.5953177e-01  -1.0305793e-04
   8.5618729e-01  -1.7054692e-04
   8.5284281e-01  -2.4038442e-04
   8.4949833e-01  -3.1253025e-04
   8.4615385e-01  -3.8694476e-04
   8.4280936e-01  -4.6358877e-04
   8.3946488e-01  -5.4242360e-04
   8.3612040e-01  -6.2341106e-04
   8.3277592e-01  -7.0651345e-04
   8.2943144e-01  -7.9169353e-04
   8.2608696e-01  -8.7891457e-04
   8.2274247e-01  -9.6814028e-04
   8.1939799e-01  -1.0593349e-03
   8.1605351e-01  -1.1524630e-03
   8.1270903e-01  -1.2474898e-03
   8.0936455e-01  -1.3443808e-03
   8.0602007e-01  -1.4431022e-03
   8.0267559e-01  -1.5436203e-03
   7.9933110e-01  -1.6459022e-03
   7.9598662e-01  -1.7499151e-03
   7.9264214e-01  -1.8556270e-03
   7.8929766e-01  -1.9630061e-03
   7.8595318e-01  -2.0720211e-03
   7.8260870e-01  -2.1826412e-03
   7.7926421e-01  -2.2948358e-03
   7.7591973e-01  -2.4085749e-03
   7.7257525e-01  -2.5238290e-03
   7.6923077e-01  -2.6405688e-03
   7.6588629e-01  -2.7587656e-03
   7.6254181e-01  -2.8783909e-03
   7.5919732e-01  -2.9994167e-03
   7.5585284e-01  -3.1218156e-03
   7.5250836e-01  -3.2455603e-03
   7.4916388e-01  -3.3706239e-03
   7.4581940e-01  -3.4969801e-03
   7.4247492e-01  -3.6246028e-03
   7.3913043e-01  -3.7534663e-03
   7.3578595e-01  -3.8835454e-03
   7.3244147e-01  -4.0148152e-03
   7.2909699e-01  -4.1472509e-03
   7.2575251e-01  -4.2808286e-03
   7.2240803e-01  -4.4155242e-03
   7.1906355e-01  -4.5513142e-03
   7.1571906e-01  -4.6881756e-03
   7.1237458e-01  -4.8260855e-03
   7.0903010e-01  -4.9650214e-03
   7.0568562e-01  -5.1049611e-03
   7.0234114e-01  -5.2458829e-03
   6.9899666e-01  -5.3877651e-03
   6.9565217e-01  -5.5305866e-03
   6.9230769e-01  -5.6743266e-03
   6.8896321e-01  -5.8189644e-03
   6.8561873e-01  -5.9644797e-03
   6.8227425e-01  -6.1108527e-03
   6.7892977e-01  -6.2580635e-03
   6.7558528e-01  -6.4060928e-03
   6.7224080e-01  -6.5549215e-03
   6.6889632e-01  -6.7045307e-03
   6.6555184e-01  -6.8549018e-03
   6.6220736e-01  -7.0060166e-03
   6.5886288e-01  -7.1578570e-03
   6.5551839e-01  -7.3104051e-03
   6.5217391e-01  -7.4636435e-03
   6.4882943e-01  -7.6175547e-03
   6.4548495e-01  -7.7721219e-03
   6.4214047e-01  -7.9273281e-03
   6.3879599e-01  -8.0831567e-03
   6.3545151e-01  -8.2395914e-03
   6.3210702e-01  -8.3966159e-03
   6.2876254e-01  -8.5542143e-03
   6.2541806e-01  -8.7123708e-03
   6.2207358e-01  -8.8710699e-03
   6.1872910e-01  -9.0302962e-03
   6.1538462e-01  -9.1900345e-03
   6.1204013e-01  -9.3502699e-03
   6.0869565e-01  -9.5109873e-03
   6.0535117e-01  -9.6721723e-03
   6.0200669e-01  -9.8338102e-03
   5.9866221e-01  -9.9958868e-03
   5.9531773e-01  -1.0158388e-02
   5.9197324e-01  -1.0321299e-02
   5.8862876e-01  -1.0484607e-02
   5.8528428e-01  -1.0648297e-02
   5.8193980e-01  -1.0812356e-02
   5.7859532e-01  -1.0976770e-02
   5.7525084e-01  -1.1141526e-02
   5.7190635e-01  -1.1306611e-02
   5.6856187e-01  -1.1472010e-02
   5.6521739e-01  -1.1637711e-02
   5.6187291e-01  -1.1803702e-02
   5.5852843e-01  -1.1969967e-02
   5.5518395e-01  -1.2136496e-02
   5.5183946e-01  -1.2303273e-02
   5.4849498e-01  -1.2470288e-02
   5.4515050e-01  -1.2637526e-02
   5.4180602e-01  -1.2804976e-02
   5.3846154e-01  -1.2972623e-02
   5.3511706e-01  -1.3140456e-02
   5.3177258e-01  -1.3308461e-02
   5.2842809e-01  -1.3476625e-02
   5.2508361e-01  -1.3644937e-02
   5.2173913e-01  -1.3813381e-02
   5.1839465e-01  -1.3981947e-02
   5.1505017e-01  -1.4150621e-02
   5.1170569e-01  -1.4319389e-02
   5.0836120e-01  -1.4488239e-02
   5.0501672e-01  -1.4657157e-02
   5.0167224e-01  -1.4826131e-02
   4.9832776e-01  -1.4995146e-02
   4.9498328e-01  -1.5164190e-02
   4.9163880e-01  -1.5333249e-02
   4.8829431e-01  -1.5502308e-02
   4.8494983e-01  -1.5671355e-02
   4.8160535e-01  -1.5840375e-02
   4.7826087e-01  -1.6009354e-02
   4.7491639e-01  -1.6178278e-02
   4.7157191e-01  -1.6347131e-02
   4.6822742e-01  -1.6515900e-02
   4.6488294e-01  -1.6684570e-02
   4.6153846e-01  -1.6853124e-02
   4.5819398e-01  -1.7021548e-02
   4.5484950e-01  -1.7189827e-02
   4.5150502e-01  -1.7357943e-02
   4.4816054e-01  -1.7525882e-02
   4.4481605e-01  -1.7693626e-02
   4.4147157e-01  -1.7861159e-02
   4.3812709e-01  -1.8028463e-02
   4.3478261e-01  -1.8195521e-02
   4.3143813e-01  -1.8362316e-02
   4.2809365e-01  -1.8528828e-02
   4.2474916e-01  -1.8695040e-02
   4.2140468e-01  -1.8860932e-02
   4.1806020e-01  -1.9026485e-02
   4.1471572e-01  -1.9191679e-02
   4.1137124e-01  -1.9356494e-02
   4.0802676e-01  -1.9520909e-02
   4.0468227e-01  -1.9684902e-02
   4.0133779e-01  -1.9848453e-02
   3.9799331e-01  -2.0011538e-02
   3.9464883e-01  -2.0174135e-02
   3.9130435e-01  -2.0336220e-02
   3.8795987e-01  -2.0497769e-02
   3.8461538e-01  -2.0658758e-02
   3.8127090e-01  -2.0819161e-02
   3.7792642e-01  -2.0978952e-02
   3.7458194e-01  -2.1138104e-02
   3.7123746e-01  -2.1296590e-02
   3.6789298e-01  -2.1454382e-02
   3.6454849e-01  -2.1611451e-02
   3.6120401e-01  -2.1767768e-02
   3.5785953e-01  -2.1923301e-02
   3.5451505e-01  -2.2078019e-02
   3.5117057e-01  -2.2231890e-02
   3.4782609e-01  -2.2384881e-02
   3.4448161e-01  -2.2536957e-02
   3.4113712e-01  -2.2688084e-02
   3.3779264e-01  -2.2838225e-02
   3.3444816e-01  -2.2987343e-02
   3.3110368e-01  -2.3135400e-02
   3.2775920e-01  -2.3282355e-02
   3.2441472e-01  -2.3428170e-02
   3.2107023e-01  -2.3572801e-02
   3.1772575e-01  -2.3716206e-02
   3.1438127e-01  -2.3858340e-02
   3.1103679e-01  -2.3999158e-02
   3.0769231e-01  -2.4138612e-02
   3.0434783e-01  -2.4276654e-02
   3.0100334e-01  -2.4413233e-02
   2.9765886e-01  -2.4548299e-02
   2.9431438e-01  -2.4681798e-02
   2.9096990e-01  -2.4813674e-02
   2.8762542e-01  -2.4943872e-02
   2.8428094e-01  -2.5072332e-02
   2.8093645e-01  -2.5198996e-02
   2.7759197e-01  -2.5323799e-02
   2.7424749e-01  -2.5446679e-02
   2.7090301e-01  -2.5567568e-02
   2.6755853e-01  -2.5686399e-02
   2.6421405e-01  -2.5803100e-02
   2.6086957e-01  -2.5917599e-02
   2.5752508e-01  -2.6029819e-02
   2.5418060e-01  -2.6139684e-02
   2.5083612e-01  -2.6247112e-02
   2.4749164e-01  -2.6352020e-02
   2.4414716e-01  -2.6454322e-02
   2.4080268e-01  -2.6553928e-02
   2.3745819e-01  -2.6650747e-02
   2.3411371e-01  -2.6744682e-02
   2.3076923e-01  -2.6835635e-02
   2.2742475e-01  -2.6923503e-02
   2.2408027e-01  -2.7008181e-02
   2.2073579e-01  -2.7089557e-02
   2.1739130e-01  -2.7167519e-02
   2.1404682e-01  -2.7241949e-02
   2.1070234e-01  -2.7312722e-02
   2.0735786e-01  -2.7379713e-02
   2.0401338e-01  -2.7442789e-02
   2.0066890e-01  -2.7501813e-02
   1.9732441e-01  -2.7556643e-02
   1.9397993e-01  -2.7607129e-02
   1.9063545e-01  -2.7653119e-02
   1.8729097e-01  -2.7694452e-02
   1.8394649e-01  -2.7730960e-02
   1.8060201e-01  -2.7762470e-02
   1.7725753e-01  -2.7788800e-02
   1.7391304e-01  -2.7809762e-02
   1.7056856e-01  -2.7825158e-02
   1.6722408e-01  -2.7834782e-02
   1.6387960e-01  -2.7838418e-02
   1.6053512e-01  -2.7835841e-02
   1.5719064e-01  -2.7826816e-02
   1.5384615e-01  -2.7811096e-02
   1.5050167e-01  -2.7788421e-02
   1.4715719e-01  -2.7758519e-02
   1.4381271e-01  -2.7721106e-02
   1.4046823e-01  -2.7675880e-02
   1.3712375e-01  -2.7622525e-02
   1.3377926e-01  -2.7560709e-02
   1.3043478e-01  -2.7490080e-02
   1.2709030e-01  -2.7410265e-02
   1.2374582e-01  -2.7320873e-02
   1.2040134e-01  -2.7221485e-02
   1.1705686e-01  -2.7111661e-02
   1.1371237e-01  -2.6990929e-02
   1.1036789e-01  -2.6858789e-02
   1.0702341e-01  -2.6714707e-02
   1.0367893e-01  -2.6558111e-02
   1.0033445e-01  -2.6388389e-02
   9.6989967e-02  -2.6204885e-02
   9.3645485e-02  -2.6006889e-02
   9.0301003e-02  -2.5793637e-02
   8.6956522e-02  -2.5564302e-02
   8.3612040e-02  -2.5317986e-02
   8.0267559e-02  -2.5053707e-02
   7.6923077e-02  -2.4770395e-02
   7.3578595e-02  -2.4466872e-02
   7.0234114e-02  -2.4141839e-02
   6.6889632e-02  -2.3793858e-02
   6.3545151e-02  -2.3421323e-02
   6.0200669e-02  -2.3022436e-02
   5.6856187e-02  -2.2595168e-02
   5.3511706e-02  -2.2137211e-02
   5.0167224e-02  -2.1645924e-02
   4.6822742e-02  -2.1118249e-02
   4.3478261e-02  -2.0550613e-02
   4.0133779e-02  -1.9938791e-02
   3.6789298e-02  -1.9277715e-02
   3.3444816e-02  -1.8561205e-02
   3.0100334e-02  -1.7781580e-02
   2.6755853e-02  -1.6929066e-02
   2.3411371e-02  -1.5990866e-02
   2.0066890e-02  -1.4949602e-02
   1.6722408e-02  -1.3780536e-02
   1.3377926e-02  -1.2446130e-02
   1.0033445e-02  -1.0883895e-02
   6.6889632e-03  -8.9733423e-03
   3.3444816e-03  -6.4069443e-03
   0.0000000e+00   1.5663000e-04
