   0.0000000e+00   0.0000000e+00
   3.3444816e-03   1.0879857e-02
   6.6889632e-03   1.5399875e-02
   1.0033445e-02   1.8876421e-02
   1.3377926e-02   2.1813418e-02
   1.6722408e-02   2.4405710e-02
   2.0066890e-02   2.6753025e-02
   2.3411371e-02   2.8914476e-02
   2.6755853e-02   3.0928488e-02
   3.0100334e-02   3.2821676e-02
   3.3444816e-02   3.4613366e-02
   3.6789298e-02   3.6318102e-02
   4.0133779e-02   3.7947145e-02
   4.3478261e-02   3.9509420e-02
   4.6822742e-02   4.1012136e-02
   5.0167224e-02   4.2461211e-02
   5.3511706e-02   4.3861571e-02
   5.6856187e-02   4.5217364e-02
   6.0200669e-02   4.6532121e-02
   6.3545151e-02   4.7808873e-02
   6.6889632e-02   4.9050245e-02
   7.0234114e-02   5.0258526e-02
   7.3578595e-02   5.1435726e-02
   7.6923077e-02   5.2583616e-02
   8.0267559e-02   5.3703771e-02
   8.3612040e-02   5.4797594e-02
   8.6956522e-02   5.5866342e-02
   9.0301003e-02   5.6911146e-02
   9.3645485e-02   5.7933025e-02
   9.6989967e-02   5.8932905e-02
   1.0033445e-01   5.9911624e-02
   1.0367893e-01   6.0869948e-02
   1.0702341e-01   6.1808577e-02
   1.1036789e-01   6.2728152e-02
   1.1371237e-01   6.3629261e-02
   1.1705686e-01   6.4512446e-02
   1.2040134e-01   6.5378208e-02
   1.2374582e-01   6.6227008e-02
   1.2709030e-01   6.7059275e-02
   1.3043478e-01   6.7875407e-02
   1.3377926e-01   6.8675772e-02
   1.3712375e-01   6.9460715e-02
   1.4046823e-01   7.0230556e-02
   1.4381271e-01   7.0985595e-02
   1.4715719e-01   7.1726113e-02
   1.5050167e-01   7.2452372e-02
   1.5384615e-01   7.3164618e-02
   1.5719064e-01   7.3863083e-02
   1.6053512e-01   7.4547985e-02
   1.6387960e-01   7.5219527e-02
   1.6722408e-01   7.5877904e-02
   1.7056856e-01   7.6523297e-02
   1.7391304e-01   7.7155879e-02
   1.7725753e-01   7.7775812e-02
   1.8060201e-01   7.8383252e-02
   1.8394649e-01   7.8978344e-02
   1.8729097e-01   7.9561227e-02
   1.9063545e-01   8.0132033e-02
   1.9397993e-01   8.0690888e-02
   1.9732441e-01   8.1237910e-02
   2.0066890e-01   8.1773215e-02
   2.0401338e-01   8.2296909e-02
   2.0735786e-01   8.2809098e-02
   2.1070234e-01   8.3309880e-02
   2.1404682e-01   8.3799350e-02
   2.1739130e-01   8.4277599e-02
   2.2073579e-01   8.4744713e-02
   2.2408027e-01   8.5200778e-02
   2.2742475e-01   8.5645872e-02
   2.3076923e-01   8.6080073e-02
   2.3411371e-01   8.6503456e-02
   2.3745819e-01   8.6916092e-02
   2.4080268e-01   8.7318051e-02
   2.4414716e-01   8.7709398e-02
   2.4749164e-01   8.8090200e-02
   2.5083612e-01   8.8460517e-02
   2.5418060e-01   8.8820411e-02
   2.5752508e-01   8.9169941e-02
   2.6086957e-01   8.9509162e-02
   2.6421405e-01   8.9838132e-02
   2.6755853e-01   9.0156903e-02
   2.7090301e-01   9.0465528e-02
   2.7424749e-01   9.0764058e-02
   2.7759197e-01   9.1052543e-02
   2.8093645e-01   9.1331031e-02
   2.8428094e-01   9.1599572e-02
   2.8762542e-01   9.1858210e-02
   2.9096990e-01   9.2106991e-02
   2.9431438e-01   9.2345962e-02
   2.9765886e-01   9.2575165e-02
   3.0100334e-01   9.2794643e-02
   3.0434783e-01   9.3004441e-02
   3.0769231e-01   9.3204598e-02
   3.1103679e-01   9.3395157e-02
   3.1438127e-01   9.3576159e-02
   3.1772575e-01   9.3747643e-02
   3.2107023e-01   9.3909649e-02
   3.2441472e-01   9.4062218e-02
   3.2775920e-01   9.4205387e-02
   3.3110368e-01   9.4339196e-02
   3.3444816e-01   9.4463682e-02
   3.3779264e-01   9.4578884e-02
   3.4113712e-01   9.4684840e-02
   3.4448161e-01   9.4781587e-02
   3.4782609e-01   9.4869162e-02
   3.5117057e-01   9.4947603e-02
   3.5451505e-01   9.5016947e-02
   3.5785953e-01   9.5077231e-02
   3.6120401e-01   9.5128492e-02
   3.6454849e-01   9.5170765e-02
   3.6789298e-01   9.5204090e-02
   3.7123746e-01   9.5228501e-02
   3.7458194e-01   9.5244035e-02
   3.7792642e-01   9.5250730e-02
   3.8127090e-01   9.5248623e-02
   3.8461538e-01   9.5237749e-02
   3.8795987e-01   9.5218147e-02
   3.9130435e-01   9.5189852e-02
   3.9464883e-01   9.5152903e-02
   3.9799331e-01   9.5107336e-02
   4.0133779e-01   9.5053189e-02
   4.0468227e-01   9.4990499e-02
   4.0802676e-01   9.4919304e-02
   4.1137124e-01   9.4839641e-02
   4.1471572e-01   9.4751550e-02
   4.1806020e-01   9.4655067e-02
   4.2140468e-01   9.4550232e-02
   4.2474916e-01   9.4437082e-02
   4.2809365e-01   9.4315658e-02
   4.3143813e-01   9.4185997e-02
   4.3478261e-01   9.4048140e-02
   4.3812709e-01   9.3902126e-02
   4.4147157e-01   9.3747995e-02
   4.4481605e-01   9.3585787e-02
   4.4816054e-01   9.3415542e-02
   4.5150502e-01   9.3237302e-02
   4.5484950e-01   9.3051107e-02
   4.5819398e-01   9.2856998e-02
   4.6153846e-01   9.2655018e-02
   4.6488294e-01   9.2445209e-02
   4.6822742e-01   9.2227612e-02
   4.7157191e-01   9.2002270e-02
   4.7491639e-01   9.1769227e-02
   4.7826087e-01   9.1528526e-02
   4.8160535e-01   9.1280210e-02
   4.8494983e-01   9.1024323e-02
   4.8829431e-01   9.0760911e-02
   4.9163880e-01   9.0490017e-02
   4.9498328e-01   9.0211688e-02
   4.9832776e-01   8.9925968e-02
   5.0167224e-01   8.9632904e-02
   5.0501672e-01   8.9332542e-02
   5.0836120e-01   8.9024929e-02
   5.1170569e-01   8.8710111e-02
   5.1505017e-01   8.8388138e-02
   5.1839465e-01   8.8059056e-02
   5.2173913e-01   8.7722914e-02
   5.2508361e-01   8.7379760e-02
   5.2842809e-01   8.7029646e-02
   5.3177258e-01   8.6672618e-02
   5.3511706e-01   8.6308729e-02
   5.3846154e-01   8.5938029e-02
   5.4180602e-01   8.5560568e-02
   5.4515050e-01   8.5176397e-02
   5.4849498e-01   8.4785570e-02
   5.5183946e-01   8.4388139e-02
   5.5518395e-01   8.3984155e-02
   5.5852843e-01   8.3573672e-02
   5.6187291e-01   8.3156745e-02
   5.6521739e-01   8.2733427e-02
   5.6856187e-01   8.2303772e-02
   5.7190635e-01   8.1867837e-02
   5.7525084e-01   8.1425677e-02
   5.7859532e-01   8.0977347e-02
   5.8193980e-01   8.0522904e-02
   5.8528428e-01   8.0062405e-02
   5.8862876e-01   7.9595908e-02
   5.9197324e-01   7.9123471e-02
   5.9531773e-01   7.8645152e-02
   5.9866221e-01   7.8161010e-02
   6.0200669e-01   7.7671105e-02
   6.0535117e-01   7.7175496e-02
   6.0869565e-01   7.6674244e-02
   6.1204013e-01   7.6167410e-02
   6.1538462e-01   7.5655055e-02
   6.1872910e-01   7.5137242e-02
   6.2207358e-01   7.4614032e-02
   6.2541806e-01   7.4085489e-02
   6.2876254e-01   7.3551676e-02
   6.3210702e-01   7.3012657e-02
   6.3545151e-01   7.2468497e-02
   6.3879599e-01   7.1919260e-02
   6.4214047e-01   7.1365012e-02
   6.4548495e-01   7.0805819e-02
   6.4882943e-01   7.0241747e-02
   6.5217391e-01   6.9672865e-02
   6.5551839e-01   6.9099238e-02
   6.5886288e-01   6.8520936e-02
   6.6220736e-01   6.7938027e-02
   6.6555184e-01   6.7350579e-02
   6.6889632e-01   6.6758664e-02
   6.7224080e-01   6.6162350e-02
   6.7558528e-01   6.5561709e-02
   6.7892977e-01   6.4956812e-02
   6.8227425e-01   6.4347731e-02
   6.8561873e-01   6.3734538e-02
   6.8896321e-01   6.3117305e-02
   6.9230769e-01   6.2496107e-02
   6.9565217e-01   6.1871018e-02
   6.9899666e-01   6.1242111e-02
   7.0234114e-01   6.0609462e-02
   7.0568562e-01   5.9973147e-02
   7.0903010e-01   5.9333241e-02
   7.1237458e-01   5.8689821e-02
   7.1571906e-01   5.8042965e-02
   7.1906355e-01   5.7392749e-02
   7.2240803e-01   5.6739254e-02
   7.2575251e-01   5.6082556e-02
   7.2909699e-01   5.5422737e-02
   7.3244147e-01   5.4759875e-02
   7.3578595e-01   5.4094051e-02
   7.3913043e-01   5.3425346e-02
   7.4247492e-01   5.2753842e-02
   7.4581940e-01   5.2079622e-02
   7.4916388e-01   5.1402767e-02
   7.5250836e-01   5.0723361e-02
   7.5585284e-01   5.0041489e-02
   7.5919732e-01   4.9357233e-02
   7.6254181e-01   4.8670680e-02
   7.6588629e-01   4.7981915e-02
   7.6923077e-01   4.7291024e-02
   7.7257525e-01   4.6598094e-02
   7.7591973e-01   4.5903211e-02
   7.7926421e-01   4.5206465e-02
   7.8260870e-01   4.4507942e-02
   7.8595318e-01   4.3807732e-02
   7.8929766e-01   4.3105925e-02
   7.9264214e-01   4.2402611e-02
   7.9598662e-01   4.1697880e-02
   7.9933110e-01   4.0991823e-02
   8.0267559e-01   4.0284532e-02
   8.0602007e-01   3.9576101e-02
   8.0936455e-01   3.8866620e-02
   8.1270903e-01   3.8156185e-02
   8.1605351e-01   3.7444890e-02
   8.1939799e-01   3.6732828e-02
   8.2274247e-01   3.6020095e-02
   8.2608696e-01   3.5306787e-02
   8.2943144e-01   3.4593001e-02
   8.3277592e-01   3.3878833e-02
   8.3612040e-01   3.3164381e-02
   8.3946488e-01   3.2449743e-02
   8.4280936e-01   3.1735018e-02
   8.4615385e-01   3.1020305e-02
   8.4949833e-01   3.0305704e-02
   8.5284281e-01   2.9591316e-02
   8.5618729e-01   2.8877242e-02
   8.5953177e-01   2.8163583e-02
   8.6287625e-01   2.7450442e-02
   8.6622074e-01   2.6737921e-02
   8.6956522e-01   2.6026124e-02
   8.7290970e-01   2.5315154e-02
   8.7625418e-01   2.4605118e-02
   8.7959866e-01   2.3896119e-02
   8.8294314e-01   2.3188264e-02
   8.8628763e-01   2.2481658e-02
   8.8963211e-01   2.1776410e-02
   8.9297659e-01   2.1072626e-02
   8.9632107e-01   2.0370415e-02
   8.9966555e-01   1.9669885e-02
   9.0301003e-01   1.8971147e-02
   9.0635452e-01   1.8274309e-02
   9.0969900e-01   1.7579482e-02
   9.1304348e-01   1.6886778e-02
   9.1638796e-01   1.6196308e-02
   9.1973244e-01   1.5508185e-02
   9.2307692e-01   1.4822522e-02
   9.2642140e-01   1.4139432e-02
   9.2976589e-01   1.3459029e-02
   9.3311037e-01   1.2781428e-02
   9.3645485e-01   1.2106745e-02
   9.3979933e-01   1.1435096e-02
   9.4314381e-01   1.0766597e-02
   9.4648829e-01   1.0101365e-02
   9.4983278e-01   9.4395180e-03
   9.5317726e-01   8.7811747e-03
   9.5652174e-01   8.1264540e-03
   9.5986622e-01   7.4754754e-03
   9.6321070e-01   6.8283593e-03
   9.6655518e-01   6.1852264e-03
   9.6989967e-01   5.5461982e-03
   9.7324415e-01   4.9113969e-03
   9.7658863e-01   4.2809449e-03
   9.7993311e-01   3.6549658e-03
   9.8327759e-01   3.0335833e-03
   9.8662207e-01   2.4169219e-03
   9.8996656e-01   1.8051068e-03
   9.9331104e-01   1.1982638e-03
   9.9665552e-01   5.9651923e-04
   1.0000000e+00   0.0000000e+00
   1.0000000e+00   0.0000000e+00
   9.9665552e-01   2.6957640e-04
   9.9331104e-01   5.1976775e-04
   9.8996656e-01   7.5089118e-04
   9.8662207e-01   9.6326142e-04
   9.8327759e-01   1.1571908e-03
   9.7993311e-01   1.3329893e-03
   9.7658863e-01   1.4909644e-03
   9.7324415e-01   1.6314213e-03
   9.6989967e-01   1.7546629e-03
   9.6655518e-01   1.8609895e-03
   9.6321070e-01   1.9506993e-03
   9.5986622e-01   2.0240880e-03
   9.5652174e-01   2.0814490e-03
   9.5317726e-01   2.1230732e-03
   9.4983278e-01   2.1492495e-03
   9.4648829e-01   2.1602641e-03
   9.4314381e-01   2.1564012e-03
   9.3979933e-01   2.1379424e-03
   9.3645485e-01   2.1051673e-03
   9.3311037e-01   2.0583528e-03
   9.2976589e-01   1.9977738e-03
   9.2642140e-01   1.9237029e-03
   9.2307692e-01   1.8364104e-03
   9.1973244e-01   1.7361640e-03
   9.1638796e-01   1.6232297e-03
   9.1304348e-01   1.4978707e-03
   9.0969900e-01   1.3603483e-03
   9.0635452e-01   1.2109213e-03
   9.0301003e-01   1.0498464e-03
   8.9966555e-01   8.7737814e-04
   8.9632107e-01   6.9376858e-04
   8.9297659e-01   4.9926772e-04
   8.8963211e-01   2.9412330e-04
   8.8628763e-01   7.8580858e-05
   8.8294314e-01  -1.4711630e-04
   8.7959866e-01  -3.8272706e-04
   8.7625418e-01  -6.2801249e-04
   8.7290970e-01  -8.8273586e-04
   8.6956522e-01  -1.1466626e-03
   8.6622074e-01  -1.4195604e-03
   8.6287625e-01  -1.7011990e-03
   8.5953177e-01  -1.9913503e-03
   8.5618729e-01  -2.2897885e-03
   8.5284281e-01  -2.5962898e-03
   8.4949833e-01  -2.9106326e-03
   8.4615385e-01  -3.2325974e-03
   8.4280936e-01  -3.5619670e-03
   8.3946488e-01  -3.8985260e-03
   8.3612040e-01  -4.2420615e-03
   8.3277592e-01  -4.5923622e-03
   8.2943144e-01  -4.9492195e-03
   8.2608696e-01  -5.3124264e-03
   8.2274247e-01  -5.6817783e-03
   8.1939799e-01  -6.0570725e-03
   8.1605351e-01  -6.4381084e-03
   8.1270903e-01  -6.8246875e-03
   8.0936455e-01  -7.2166134e-03
   8.0602007e-01  -7.6136916e-03
   8.0267559e-01  -8.0157299e-03
   7.9933110e-01  -8.4225379e-03
   7.9598662e-01  -8.8339272e-03
   7.9264214e-01  -9.2497117e-03
   7.8929766e-01  -9.6697071e-03
   7.8595318e-01  -1.0093731e-02
   7.8260870e-01  -1.0521604e-02
   7.7926421e-01  -1.0953146e-02
   7.7591973e-01  -1.1388183e-02
   7.7257525e-01  -1.1826538e-02
   7.6923077e-01  -1.2268042e-02
   7.6588629e-01  -1.2712522e-02
   7.6254181e-01  -1.3159810e-02
   7.5919732e-01  -1.3609741e-02
   7.5585284e-01  -1.4062149e-02
   7.5250836e-01  -1.4516872e-02
   7.4916388e-01  -1.4973749e-02
   7.4581940e-01  -1.5432622e-02
   7.4247492e-01  -1.5893333e-02
   7.3913043e-01  -1.6355728e-02
   7.3578595e-01  -1.6819654e-02
   7.3244147e-01  -1.7284959e-02
   7.2909699e-01  -1.7751494e-02
   7.2575251e-01  -1.8219112e-02
   7.2240803e-01  -1.8687668e-02
   7.1906355e-01  -1.9157016e-02
   7.1571906e-01  -1.9627017e-02
   7.1237458e-01  -2.0097529e-02
   7.0903010e-01  -2.0568415e-02
   7.0568562e-01  -2.1039538e-02
   7.0234114e-01  -2.1510763e-02
   6.9899666e-01  -2.1981958e-02
   6.9565217e-01  -2.2452992e-02
   6.9230769e-01  -2.2923736e-02
   6.8896321e-01  -2.3394062e-02
   6.8561873e-01  -2.3863844e-02
   6.8227425e-01  -2.4332960e-02
   6.7892977e-01  -2.4801286e-02
   6.7558528e-01  -2.5268702e-02
   6.7224080e-01  -2.5735090e-02
   6.6889632e-01  -2.6200333e-02
   6.6555184e-01  -2.6664315e-02
   6.6220736e-01  -2.7126923e-02
   6.5886288e-01  -2.7588046e-02
   6.5551839e-01  -2.8047573e-02
   6.5217391e-01  -2.8505396e-02
   6.4882943e-01  -2.8961408e-02
   6.4548495e-01  -2.9415504e-02
   6.4214047e-01  -2.9867580e-02
   6.3879599e-01  -3.0317536e-02
   6.3545151e-01  -3.0765270e-02
   6.3210702e-01  -3.1210685e-02
   6.2876254e-01  -3.1653682e-02
   6.2541806e-01  -3.2094168e-02
   6.2207358e-01  -3.2532048e-02
   6.1872910e-01  -3.2967231e-02
   6.1538462e-01  -3.3399625e-02
   6.1204013e-01  -3.3829142e-02
   6.0869565e-01  -3.4255694e-02
   6.0535117e-01  -3.4679196e-02
   6.0200669e-01  -3.5099563e-02
   5.9866221e-01  -3.5516713e-02
   5.9531773e-01  -3.5930564e-02
   5.9197324e-01  -3.6341036e-02
   5.8862876e-01  -3.6748052e-02
   5.8528428e-01  -3.7151534e-02
   5.8193980e-01  -3.7551407e-02
   5.7859532e-01  -3.7947597e-02
   5.7525084e-01  -3.8340033e-02
   5.7190635e-01  -3.8728642e-02
   5.6856187e-01  -3.9113356e-02
   5.6521739e-01  -3.9494106e-02
   5.6187291e-01  -3.9870826e-02
   5.5852843e-01  -4.0243450e-02
   5.5518395e-01  -4.0611915e-02
   5.5183946e-01  -4.0976158e-02
   5.4849498e-01  -4.1336118e-02
   5.4515050e-01  -4.1691735e-02
   5.4180602e-01  -4.2042951e-02
   5.3846154e-01  -4.2389708e-02
   5.3511706e-01  -4.2731951e-02
   5.3177258e-01  -4.3069626e-02
   5.2842809e-01  -4.3402678e-02
   5.2508361e-01  -4.3731056e-02
   5.2173913e-01  -4.4054710e-02
   5.1839465e-01  -4.4373589e-02
   5.1505017e-01  -4.4687647e-02
   5.1170569e-01  -4.4996835e-02
   5.0836120e-01  -4.5301108e-02
   5.0501672e-01  -4.5600422e-02
   5.0167224e-01  -4.5894733e-02
   4.9832776e-01  -4.6183998e-02
   4.9498328e-01  -4.6468178e-02
   4.9163880e-01  -4.6747232e-02
   4.8829431e-01  -4.7021121e-02
   4.8494983e-01  -4.7289808e-02
   4.8160535e-01  -4.7553256e-02
   4.7826087e-01  -4.7811430e-02
   4.7491639e-01  -4.8064295e-02
   4.7157191e-01  -4.8311817e-02
   4.6822742e-01  -4.8553966e-02
   4.6488294e-01  -4.8790709e-02
   4.6153846e-01  -4.9022015e-02
   4.5819398e-01  -4.9247857e-02
   4.5484950e-01  -4.9468205e-02
   4.5150502e-01  -4.9683033e-02
   4.4816054e-01  -4.9892313e-02
   4.4481605e-01  -5.0096020e-02
   4.4147157e-01  -5.0294130e-02
   4.3812709e-01  -5.0486619e-02
   4.3478261e-01  -5.0673463e-02
   4.3143813e-01  -5.0854643e-02
   4.2809365e-01  -5.1030134e-02
   4.2474916e-01  -5.1199919e-02
   4.2140468e-01  -5.1363976e-02
   4.1806020e-01  -5.1522288e-02
   4.1471572e-01  -5.1674836e-02
   4.1137124e-01  -5.1821602e-02
   4.0802676e-01  -5.1962571e-02
   4.0468227e-01  -5.2097726e-02
   4.0133779e-01  -5.2227052e-02
   3.9799331e-01  -5.2350534e-02
   3.9464883e-01  -5.2468159e-02
   3.9130435e-01  -5.2579912e-02
   3.8795987e-01  -5.2685781e-02
   3.8461538e-01  -5.2785754e-02
   3.8127090e-01  -5.2879818e-02
   3.7792642e-01  -5.2967963e-02
   3.7458194e-01  -5.3050177e-02
   3.7123746e-01  -5.3126451e-02
   3.6789298e-01  -5.3196773e-02
   3.6454849e-01  -5.3261135e-02
   3.6120401e-01  -5.3319526e-02
   3.5785953e-01  -5.3371938e-02
   3.5451505e-01  -5.3418363e-02
   3.5117057e-01  -5.3458791e-02
   3.4782609e-01  -5.3493215e-02
   3.4448161e-01  -5.3521626e-02
   3.4113712e-01  -5.3544016e-02
   3.3779264e-01  -5.3560377e-02
   3.3444816e-01  -5.3570702e-02
   3.3110368e-01  -5.3574983e-02
   3.2775920e-01  -5.3573213e-02
   3.2441472e-01  -5.3565382e-02
   3.2107023e-01  -5.3551483e-02
   3.1772575e-01  -5.3531509e-02
   3.1438127e-01  -5.3505451e-02
   3.1103679e-01  -5.3473301e-02
   3.0769231e-01  -5.3435049e-02
   3.0434783e-01  -5.3390686e-02
   3.0100334e-01  -5.3340204e-02
   2.9765886e-01  -5.3283592e-02
   2.9431438e-01  -5.3220840e-02
   2.9096990e-01  -5.3151936e-02
   2.8762542e-01  -5.3076869e-02
   2.8428094e-01  -5.2995627e-02
   2.8093645e-01  -5.2908196e-02
   2.7759197e-01  -5.2814563e-02
   2.7424749e-01  -5.2714713e-02
   2.7090301e-01  -5.2608630e-02
   2.6755853e-01  -5.2496297e-02
   2.6421405e-01  -5.2377696e-02
   2.6086957e-01  -5.2252808e-02
   2.5752508e-01  -5.2121612e-02
   2.5418060e-01  -5.1984086e-02
   2.5083612e-01  -5.1840206e-02
   2.4749164e-01  -5.1689949e-02
   2.4414716e-01  -5.1533285e-02
   2.4080268e-01  -5.1370188e-02
   2.3745819e-01  -5.1200625e-02
   2.3411371e-01  -5.1024564e-02
   2.3076923e-01  -5.0841970e-02
   2.2742475e-01  -5.0652806e-02
   2.2408027e-01  -5.0457030e-02
   2.2073579e-01  -5.0254600e-02
   2.1739130e-01  -5.0045471e-02
   2.1404682e-01  -4.9829593e-02
   2.1070234e-01  -4.9606914e-02
   2.0735786e-01  -4.9377378e-02
   2.0401338e-01  -4.9140926e-02
   2.0066890e-01  -4.8897494e-02
   1.9732441e-01  -4.8647015e-02
   1.9397993e-01  -4.8389416e-02
   1.9063545e-01  -4.8124620e-02
   1.8729097e-01  -4.7852546e-02
   1.8394649e-01  -4.7573104e-02
   1.8060201e-01  -4.7286203e-02
   1.7725753e-01  -4.6991742e-02
   1.7391304e-01  -4.6689614e-02
   1.7056856e-01  -4.6379706e-02
   1.6722408e-01  -4.6061897e-02
   1.6387960e-01  -4.5736058e-02
   1.6053512e-01  -4.5402050e-02
   1.5719064e-01  -4.5059725e-02
   1.5384615e-01  -4.4708926e-02
   1.5050167e-01  -4.4349485e-02
   1.4715719e-01  -4.3981220e-02
   1.4381271e-01  -4.3603938e-02
   1.4046823e-01  -4.3217434e-02
   1.3712375e-01  -4.2821484e-02
   1.3377926e-01  -4.2415852e-02
   1.3043478e-01  -4.2000281e-02
   1.2709030e-01  -4.1574498e-02
   1.2374582e-01  -4.1138208e-02
   1.2040134e-01  -4.0691092e-02
   1.1705686e-01  -4.0232808e-02
   1.1371237e-01  -3.9762986e-02
   1.1036789e-01  -3.9281225e-02
   1.0702341e-01  -3.8787093e-02
   1.0367893e-01  -3.8280119e-02
   1.0033445e-01  -3.7759791e-02
   9.6989967e-02  -3.7225554e-02
   9.3645485e-02  -3.6676799e-02
   9.0301003e-02  -3.6112862e-02
   8.6956522e-02  -3.5533012e-02
   8.3612040e-02  -3.4936448e-02
   8.0267559e-02  -3.4322283e-02
   7.6923077e-02  -3.3689535e-02
   7.3578595e-02  -3.3037113e-02
   7.0234114e-02  -3.2363799e-02
   6.6889632e-02  -3.1668227e-02
   6.3545151e-02  -3.0948855e-02
   6.0200669e-02  -3.0203938e-02
   5.6856187e-02  -2.9431483e-02
   5.3511706e-02  -2.8629202e-02
   5.0167224e-02  -2.7794444e-02
   4.6822742e-02  -2.6924111e-02
   4.3478261e-02  -2.6014547e-02
   4.0133779e-02  -2.5061384e-02
   3.6789298e-02  -2.4059331e-02
   3.3444816e-02  -2.3001877e-02
   3.0100334e-02  -2.1880852e-02
   2.6755853e-02  -2.0685769e-02
   2.3411371e-02  -1.9402771e-02
   2.0066890e-02  -1.8012878e-02
   1.6722408e-02  -1.6488847e-02
   1.3377926e-02  -1.4788989e-02
   1.0033445e-02  -1.2843342e-02
   6.6889632e-03  -1.0515925e-02
   3.3444816e-03  -7.4568253e-03
   0.0000000e+00   0.0000000e+00
