   0.0000000e+00   0.0000000e+00
   3.3444816e-03   7.6837198e-03
   6.6889632e-03   1.0867523e-02
   1.0033445e-02   1.3311146e-02
   1.3377926e-02   1.5371600e-02
   1.6722408e-02   1.7187122e-02
   2.0066890e-02   1.8828573e-02
   2.3411371e-02   2.0338027e-02
   2.6755853e-02   2.1742875e-02
   3.0100334e-02   2.3062126e-02
   3.3444816e-02   2.4309608e-02
   3.6789298e-02   2.5495745e-02
   4.0133779e-02   2.6628624e-02
   4.3478261e-02   2.7714667e-02
   4.6822742e-02   2.8759070e-02
   5.0167224e-02   2.9766106e-02
   5.3511706e-02   3.0739338e-02
   5.6856187e-02   3.1681771e-02
   6.0200669e-02   3.2595969e-02
   6.3545151e-02   3.3484134e-02
   6.6889632e-02   3.4348177e-02
   7.0234114e-02   3.5189765e-02
   7.3578595e-02   3.6010363e-02
   7.6923077e-02   3.6811267e-02
   8.0267559e-02   3.7593625e-02
   8.3612040e-02   3.8358465e-02
   8.6956522e-02   3.9106703e-02
   9.0301003e-02   3.9839168e-02
   9.3645485e-02   4.0556605e-02
   9.6989967e-02   4.1259689e-02
   1.0033445e-01   4.1949032e-02
   1.0367893e-01   4.2625195e-02
   1.0702341e-01   4.3288684e-02
   1.1036789e-01   4.3939968e-02
   1.1371237e-01   4.4579471e-02
   1.1705686e-01   4.5207587e-02
   1.2040134e-01   4.5824676e-02
   1.2374582e-01   4.6431070e-02
   1.2709030e-01   4.7027077e-02
   1.3043478e-01   4.7612978e-02
   1.3377926e-01   4.8189036e-02
   1.3712375e-01   4.8755494e-02
   1.4046823e-01   4.9312577e-02
   1.4381271e-01   4.9860493e-02
   1.4715719e-01   5.0399436e-02
   1.5050167e-01   5.0929587e-02
   1.5384615e-01   5.1451113e-02
   1.5719064e-01   5.1964169e-02
   1.6053512e-01   5.2468902e-02
   1.6387960e-01   5.2965445e-02
   1.6722408e-01   5.3453926e-02
   1.7056856e-01   5.3934461e-02
   1.7391304e-01   5.4407160e-02
   1.7725753e-01   5.4872126e-02
   1.8060201e-01   5.5329452e-02
   1.8394649e-01   5.5779229e-02
   1.8729097e-01   5.6221538e-02
   1.9063545e-01   5.6656457e-02
   1.9397993e-01   5.7084058e-02
   1.9732441e-01   5.7504407e-02
   2.0066890e-01   5.7917568e-02
   2.0401338e-01   5.8323599e-02
   2.0735786e-01   5.8722553e-02
   2.1070234e-01   5.9114481e-02
   2.1404682e-01   5.9499430e-02
   2.1739130e-01   5.9877443e-02
   2.2073579e-01   6.0248561e-02
   2.2408027e-01   6.0612821e-02
   2.2742475e-01   6.0970258e-02
   2.3076923e-01   6.1320905e-02
   2.3411371e-01   6.1664790e-02
   2.3745819e-01   6.2001942e-02
   2.4080268e-01   6.2332386e-02
   2.4414716e-01   6.2656144e-02
   2.4749164e-01   6.2973239e-02
   2.5083612e-01   6.3283690e-02
   2.5418060e-01   6.3587515e-02
   2.5752508e-01   6.3884731e-02
   2.6086957e-01   6.4175352e-02
   2.6421405e-01   6.4459391e-02
   2.6755853e-01   6.4736862e-02
   2.7090301e-01   6.5007776e-02
   2.7424749e-01   6.5272141e-02
   2.7759197e-01   6.5529968e-02
   2.8093645e-01   6.5781263e-02
   2.8428094e-01   6.6026035e-02
   2.8762542e-01   6.6264288e-02
   2.9096990e-01   6.6496030e-02
   2.9431438e-01   6.6721263e-02
   2.9765886e-01   6.6939992e-02
   3.0100334e-01   6.7152221e-02
   3.0434783e-01   6.7357951e-02
   3.0769231e-01   6.7557186e-02
   3.1103679e-01   6.7749927e-02
   3.1438127e-01   6.7936176e-02
   3.1772575e-01   6.8115932e-02
   3.2107023e-01   6.8289197e-02
   3.2441472e-01   6.8455971e-02
   3.2775920e-01   6.8616254e-02
   3.3110368e-01   6.8770046e-02
   3.3444816e-01   6.8917345e-02
   3.3779264e-01   6.9058152e-02
   3.4113712e-01   6.9192466e-02
   3.4448161e-01   6.9320286e-02
   3.4782609e-01   6.9441610e-02
   3.5117057e-01   6.9556439e-02
   3.5451505e-01   6.9664769e-02
   3.5785953e-01   6.9766602e-02
   3.6120401e-01   6.9861935e-02
   3.6454849e-01   6.9950768e-02
   3.6789298e-01   7.0033100e-02
   3.7123746e-01   7.0108930e-02
   3.7458194e-01   7.0178257e-02
   3.7792642e-01   7.0241081e-02
   3.8127090e-01   7.0297402e-02
   3.8461538e-01   7.0347219e-02
   3.8795987e-01   7.0390533e-02
   3.9130435e-01   7.0427343e-02
   3.9464883e-01   7.0457651e-02
   3.9799331e-01   7.0481457e-02
   4.0133779e-01   7.0498763e-02
   4.0468227e-01   7.0509569e-02
   4.0802676e-01   7.0513878e-02
   4.1137124e-01   7.0511691e-02
   4.1471572e-01   7.0503012e-02
   4.1806020e-01   7.0487842e-02
   4.2140468e-01   7.0466186e-02
   4.2474916e-01   7.0438046e-02
   4.2809365e-01   7.0403427e-02
   4.3143813e-01   7.0362333e-02
   4.3478261e-01   7.0314769e-02
   4.3812709e-01   7.0260740e-02
   4.4147157e-01   7.0200252e-02
   4.4481605e-01   7.0133312e-02
   4.4816054e-01   7.0059926e-02
   4.5150502e-01   6.9980102e-02
   4.5484950e-01   6.9893847e-02
   4.5819398e-01   6.9801170e-02
   4.6153846e-01   6.9702079e-02
   4.6488294e-01   6.9596585e-02
   4.6822742e-01   6.9484696e-02
   4.7157191e-01   6.9366424e-02
   4.7491639e-01   6.9241781e-02
   4.7826087e-01   6.9110776e-02
   4.8160535e-01   6.8973424e-02
   4.8494983e-01   6.8829737e-02
   4.8829431e-01   6.8679729e-02
   4.9163880e-01   6.8523414e-02
   4.9498328e-01   6.8360806e-02
   4.9832776e-01   6.8191923e-02
   5.0167224e-01   6.8016779e-02
   5.0501672e-01   6.7835392e-02
   5.0836120e-01   6.7647779e-02
   5.1170569e-01   6.7453959e-02
   5.1505017e-01   6.7253951e-02
   5.1839465e-01   6.7047775e-02
   5.2173913e-01   6.6835450e-02
   5.2508361e-01   6.6616999e-02
   5.2842809e-01   6.6392442e-02
   5.3177258e-01   6.6161804e-02
   5.3511706e-01   6.5925107e-02
   5.3846154e-01   6.5682375e-02
   5.4180602e-01   6.5433634e-02
   5.4515050e-01   6.5178909e-02
   5.4849498e-01   6.4918227e-02
   5.5183946e-01   6.4651615e-02
   5.5518395e-01   6.4379101e-02
   5.5852843e-01   6.4100714e-02
   5.6187291e-01   6.3816485e-02
   5.6521739e-01   6.3526442e-02
   5.6856187e-01   6.3230619e-02
   5.7190635e-01   6.2929047e-02
   5.7525084e-01   6.2621759e-02
   5.7859532e-01   6.2308790e-02
   5.8193980e-01   6.1990173e-02
   5.8528428e-01   6.1665945e-02
   5.8862876e-01   6.1336142e-02
   5.9197324e-01   6.1000802e-02
   5.9531773e-01   6.0659963e-02
   5.9866221e-01   6.0313664e-02
   6.0200669e-01   5.9961946e-02
   6.0535117e-01   5.9604848e-02
   6.0869565e-01   5.9242414e-02
   6.1204013e-01   5.8874686e-02
   6.1538462e-01   5.8501707e-02
   6.1872910e-01   5.8123523e-02
   6.2207358e-01   5.7740178e-02
   6.2541806e-01   5.7351720e-02
   6.2876254e-01   5.6958196e-02
   6.3210702e-01   5.6559655e-02
   6.3545151e-01   5.6156145e-02
   6.3879599e-01   5.5747717e-02
   6.4214047e-01   5.5334423e-02
   6.4548495e-01   5.4916314e-02
   6.4882943e-01   5.4493445e-02
   6.5217391e-01   5.4065869e-02
   6.5551839e-01   5.3633641e-02
   6.5886288e-01   5.3196818e-02
   6.6220736e-01   5.2755458e-02
   6.6555184e-01   5.2309617e-02
   6.6889632e-01   5.1859356e-02
   6.7224080e-01   5.1404735e-02
   6.7558528e-01   5.0945815e-02
   6.7892977e-01   5.0482659e-02
   6.8227425e-01   5.0015329e-02
   6.8561873e-01   4.9543891e-02
   6.8896321e-01   4.9068409e-02
   6.9230769e-01   4.8588951e-02
   6.9565217e-01   4.8105583e-02
   6.9899666e-01   4.7618375e-02
   7.0234114e-01   4.7127396e-02
   7.0568562e-01   4.6632717e-02
   7.0903010e-01   4.6134409e-02
   7.1237458e-01   4.5632546e-02
   7.1571906e-01   4.5127201e-02
   7.1906355e-01   4.4618450e-02
   7.2240803e-01   4.4106368e-02
   7.2575251e-01   4.3591034e-02
   7.2909699e-01   4.3072525e-02
   7.3244147e-01   4.2550920e-02
   7.3578595e-01   4.2026301e-02
   7.3913043e-01   4.1498749e-02
   7.4247492e-01   4.0968347e-02
   7.4581940e-01   4.0435179e-02
   7.4916388e-01   3.9899329e-02
   7.5250836e-01   3.9360885e-02
   7.5585284e-01   3.8819933e-02
   7.5919732e-01   3.8276561e-02
   7.6254181e-01   3.7730861e-02
   7.6588629e-01   3.7182921e-02
   7.6923077e-01   3.6632835e-02
   7.7257525e-01   3.6080696e-02
   7.7591973e-01   3.5526597e-02
   7.7926421e-01   3.4970633e-02
   7.8260870e-01   3.4412903e-02
   7.8595318e-01   3.3853503e-02
   7.8929766e-01   3.3292532e-02
   7.9264214e-01   3.2730091e-02
   7.9598662e-01   3.2166281e-02
   7.9933110e-01   3.1601205e-02
   8.0267559e-01   3.1034965e-02
   8.0602007e-01   3.0467668e-02
   8.0936455e-01   2.9899419e-02
   8.1270903e-01   2.9330326e-02
   8.1605351e-01   2.8760497e-02
   8.1939799e-01   2.8190042e-02
   8.2274247e-01   2.7619072e-02
   8.2608696e-01   2.7047700e-02
   8.2943144e-01   2.6476038e-02
   8.3277592e-01   2.5904202e-02
   8.3612040e-01   2.5332308e-02
   8.3946488e-01   2.4760472e-02
   8.4280936e-01   2.4188813e-02
   8.4615385e-01   2.3617452e-02
   8.4949833e-01   2.3046508e-02
   8.5284281e-01   2.2476105e-02
   8.5618729e-01   2.1906365e-02
   8.5953177e-01   2.1337414e-02
   8.6287625e-01   2.0769377e-02
   8.6622074e-01   2.0202382e-02
   8.6956522e-01   1.9636557e-02
   8.7290970e-01   1.9072032e-02
   8.7625418e-01   1.8508939e-02
   8.7959866e-01   1.7947410e-02
   8.8294314e-01   1.7387578e-02
   8.8628763e-01   1.6829579e-02
   8.8963211e-01   1.6273549e-02
   8.9297659e-01   1.5719625e-02
   8.9632107e-01   1.5167948e-02
   8.9966555e-01   1.4618656e-02
   9.0301003e-01   1.4071892e-02
   9.0635452e-01   1.3527798e-02
   9.0969900e-01   1.2986519e-02
   9.1304348e-01   1.2448200e-02
   9.1638796e-01   1.1912989e-02
   9.1973244e-01   1.1381033e-02
   9.2307692e-01   1.0852482e-02
   9.2642140e-01   1.0327487e-02
   9.2976589e-01   9.8062002e-03
   9.3311037e-01   9.2887755e-03
   9.3645485e-01   8.7753677e-03
   9.3979933e-01   8.2661332e-03
   9.4314381e-01   7.7612297e-03
   9.4648829e-01   7.2608162e-03
   9.4983278e-01   6.7650532e-03
   9.5317726e-01   6.2741025e-03
   9.5652174e-01   5.7881273e-03
   9.5986622e-01   5.3072922e-03
   9.6321070e-01   4.8317631e-03
   9.6655518e-01   4.3617074e-03
   9.6989967e-01   3.8972938e-03
   9.7324415e-01   3.4386924e-03
   9.7658863e-01   2.9860748e-03
   9.7993311e-01   2.5396139e-03
   9.8327759e-01   2.0994840e-03
   9.8662207e-01   1.6658609e-03
   9.8996656e-01   1.2389216e-03
   9.9331104e-01   8.1884484e-04
   9.9665552e-01   4.0581050e-04
   1.0000000e+00   0.0000000e+00
   1.0000000e+00   0.0000000e+00
   9.9665552e-01   3.2546733e-05
   9.9331104e-01   5.0478553e-05
   9.8996656e-01   5.4080264e-05
   9.8662207e-01   4.3634247e-05
   9.8327759e-01   1.9420467e-05
   9.7993311e-01  -1.8283520e-05
   9.7658863e-01  -6.9202565e-05
   9.7324415e-01  -1.3306391e-04
   9.6989967e-01  -2.0959720e-04
   9.6655518e-01  -2.9853445e-04
   9.6321070e-01  -3.9961005e-04
   9.5986622e-01  -5.1256078e-04
   9.5652174e-01  -6.3712577e-04
   9.5317726e-01  -7.7304650e-04
   9.4983278e-01  -9.2006682e-04
   9.4648829e-01  -1.0779329e-03
   9.4314381e-01  -1.2463933e-03
   9.3979933e-01  -1.4251988e-03
   9.3645485e-01  -1.6141026e-03
   9.3311037e-01  -1.8128603e-03
   9.2976589e-01  -2.0212295e-03
   9.2642140e-01  -2.2389705e-03
   9.2307692e-01  -2.4658456e-03
   9.1973244e-01  -2.7016195e-03
   9.1638796e-01  -2.9460591e-03
   9.1304348e-01  -3.1989338e-03
   9.0969900e-01  -3.4600150e-03
   9.0635452e-01  -3.7290766e-03
   9.0301003e-01  -4.0058945e-03
   8.9966555e-01  -4.2902470e-03
   8.9632107e-01  -4.5819147e-03
   8.9297659e-01  -4.8806803e-03
   8.8963211e-01  -5.1863288e-03
   8.8628763e-01  -5.4986474e-03
   8.8294314e-01  -5.8174255e-03
   8.7959866e-01  -6.1424548e-03
   8.7625418e-01  -6.4735290e-03
   8.7290970e-01  -6.8104441e-03
   8.6956522e-01  -7.1529984e-03
   8.6622074e-01  -7.5009922e-03
   8.6287625e-01  -7.8542280e-03
   8.5953177e-01  -8.2125106e-03
   8.5618729e-01  -8.5756468e-03
   8.5284281e-01  -8.9434456e-03
   8.4949833e-01  -9.3157181e-03
   8.4615385e-01  -9.6922776e-03
   8.4280936e-01  -1.0072940e-02
   8.3946488e-01  -1.0457521e-02
   8.3612040e-01  -1.0845843e-02
   8.3277592e-01  -1.1237726e-02
   8.2943144e-01  -1.1632993e-02
   8.2608696e-01  -1.2031472e-02
   8.2274247e-01  -1.2432990e-02
   8.1939799e-01  -1.2837377e-02
   8.1605351e-01  -1.3244464e-02
   8.1270903e-01  -1.3654088e-02
   8.0936455e-01  -1.4066083e-02
   8.0602007e-01  -1.4480287e-02
   8.0267559e-01  -1.4896542e-02
   7.9933110e-01  -1.5314690e-02
   7.9598662e-01  -1.5734574e-02
   7.9264214e-01  -1.6156041e-02
   7.8929766e-01  -1.6578940e-02
   7.8595318e-01  -1.7003121e-02
   7.8260870e-01  -1.7428436e-02
   7.7926421e-01  -1.7854740e-02
   7.7591973e-01  -1.8281888e-02
   7.7257525e-01  -1.8709740e-02
   7.6923077e-01  -1.9138154e-02
   7.6588629e-01  -1.9566995e-02
   7.6254181e-01  -1.9996125e-02
   7.5919732e-01  -2.0425410e-02
   7.5585284e-01  -2.0854719e-02
   7.5250836e-01  -2.1283921e-02
   7.4916388e-01  -2.1712888e-02
   7.4581940e-01  -2.2141494e-02
   7.4247492e-01  -2.2569614e-02
   7.3913043e-01  -2.2997126e-02
   7.3578595e-01  -2.3423909e-02
   7.3244147e-01  -2.3849844e-02
   7.2909699e-01  -2.4274814e-02
   7.2575251e-01  -2.4698704e-02
   7.2240803e-01  -2.5121401e-02
   7.1906355e-01  -2.5542792e-02
   7.1571906e-01  -2.5962770e-02
   7.1237458e-01  -2.6381225e-02
   7.0903010e-01  -2.6798051e-02
   7.0568562e-01  -2.7213145e-02
   7.0234114e-01  -2.7626403e-02
   6.9899666e-01  -2.8037726e-02
   6.9565217e-01  -2.8447013e-02
   6.9230769e-01  -2.8854169e-02
   6.8896321e-01  -2.9259097e-02
   6.8561873e-01  -2.9661704e-02
   6.8227425e-01  -3.0061897e-02
   6.7892977e-01  -3.0459588e-02
   6.7558528e-01  -3.0854686e-02
   6.7224080e-01  -3.1247105e-02
   6.6889632e-01  -3.1636760e-02
   6.6555184e-01  -3.2023568e-02
   6.6220736e-01  -3.2407446e-02
   6.5886288e-01  -3.2788315e-02
   6.5551839e-01  -3.3166096e-02
   6.5217391e-01  -3.3540712e-02
   6.4882943e-01  -3.3912089e-02
   6.4548495e-01  -3.4280151e-02
   6.4214047e-01  -3.4644828e-02
   6.3879599e-01  -3.5006049e-02
   6.3545151e-01  -3.5363745e-02
   6.3210702e-01  -3.5717849e-02
   6.2876254e-01  -3.6068296e-02
   6.2541806e-01  -3.6415021e-02
   6.2207358e-01  -3.6757962e-02
   6.1872910e-01  -3.7097057e-02
   6.1538462e-01  -3.7432248e-02
   6.1204013e-01  -3.7763477e-02
   6.0869565e-01  -3.8090686e-02
   6.0535117e-01  -3.8413822e-02
   6.0200669e-01  -3.8732830e-02
   5.9866221e-01  -3.9047660e-02
   5.9531773e-01  -3.9358259e-02
   5.9197324e-01  -3.9664580e-02
   5.8862876e-01  -3.9966574e-02
   5.8528428e-01  -4.0264196e-02
   5.8193980e-01  -4.0557400e-02
   5.7859532e-01  -4.0846145e-02
   5.7525084e-01  -4.1130386e-02
   5.7190635e-01  -4.1410085e-02
   5.6856187e-01  -4.1685201e-02
   5.6521739e-01  -4.1955698e-02
   5.6187291e-01  -4.2221538e-02
   5.5852843e-01  -4.2482686e-02
   5.5518395e-01  -4.2739109e-02
   5.5183946e-01  -4.2990775e-02
   5.4849498e-01  -4.3237651e-02
   5.4515050e-01  -4.3479709e-02
   5.4180602e-01  -4.3716920e-02
   5.3846154e-01  -4.3949255e-02
   5.3511706e-01  -4.4176690e-02
   5.3177258e-01  -4.4399199e-02
   5.2842809e-01  -4.4616759e-02
   5.2508361e-01  -4.4829347e-02
   5.2173913e-01  -4.5036943e-02
   5.1839465e-01  -4.5239525e-02
   5.1505017e-01  -4.5437076e-02
   5.1170569e-01  -4.5629577e-02
   5.0836120e-01  -4.5817012e-02
   5.0501672e-01  -4.5999366e-02
   5.0167224e-01  -4.6176624e-02
   4.9832776e-01  -4.6348774e-02
   4.9498328e-01  -4.6515802e-02
   4.9163880e-01  -4.6677698e-02
   4.8829431e-01  -4.6834452e-02
   4.8494983e-01  -4.6986055e-02
   4.8160535e-01  -4.7132500e-02
   4.7826087e-01  -4.7273778e-02
   4.7491639e-01  -4.7409885e-02
   4.7157191e-01  -4.7540814e-02
   4.6822742e-01  -4.7666564e-02
   4.6488294e-01  -4.7787129e-02
   4.6153846e-01  -4.7902509e-02
   4.5819398e-01  -4.8012701e-02
   4.5484950e-01  -4.8117707e-02
   4.5150502e-01  -4.8217525e-02
   4.4816054e-01  -4.8312158e-02
   4.4481605e-01  -4.8401608e-02
   4.4147157e-01  -4.8485879e-02
   4.3812709e-01  -4.8564973e-02
   4.3478261e-01  -4.8638896e-02
   4.3143813e-01  -4.8707652e-02
   4.2809365e-01  -4.8771249e-02
   4.2474916e-01  -4.8829694e-02
   4.2140468e-01  -4.8882993e-02
   4.1806020e-01  -4.8931155e-02
   4.1471572e-01  -4.8974190e-02
   4.1137124e-01  -4.9012106e-02
   4.0802676e-01  -4.9044914e-02
   4.0468227e-01  -4.9072625e-02
   4.0133779e-01  -4.9095250e-02
   3.9799331e-01  -4.9112801e-02
   3.9464883e-01  -4.9125291e-02
   3.9130435e-01  -4.9132733e-02
   3.8795987e-01  -4.9135140e-02
   3.8461538e-01  -4.9132526e-02
   3.8127090e-01  -4.9124905e-02
   3.7792642e-01  -4.9112293e-02
   3.7458194e-01  -4.9094705e-02
   3.7123746e-01  -4.9072155e-02
   3.6789298e-01  -4.9044660e-02
   3.6454849e-01  -4.9012236e-02
   3.6120401e-01  -4.8974899e-02
   3.5785953e-01  -4.8932666e-02
   3.5451505e-01  -4.8885553e-02
   3.5117057e-01  -4.8833579e-02
   3.4782609e-01  -4.8776759e-02
   3.4448161e-01  -4.8715111e-02
   3.4113712e-01  -4.8648652e-02
   3.3779264e-01  -4.8577400e-02
   3.3444816e-01  -4.8501372e-02
   3.3110368e-01  -4.8420586e-02
   3.2775920e-01  -4.8335058e-02
   3.2441472e-01  -4.8244805e-02
   3.2107023e-01  -4.8149845e-02
   3.1772575e-01  -4.8050194e-02
   3.1438127e-01  -4.7945869e-02
   3.1103679e-01  -4.7836886e-02
   3.0769231e-01  -4.7723261e-02
   3.0434783e-01  -4.7605009e-02
   3.0100334e-01  -4.7482145e-02
   2.9765886e-01  -4.7354684e-02
   2.9431438e-01  -4.7222640e-02
   2.9096990e-01  -4.7086026e-02
   2.8762542e-01  -4.6944855e-02
   2.8428094e-01  -4.6799139e-02
   2.8093645e-01  -4.6648890e-02
   2.7759197e-01  -4.6494117e-02
   2.7424749e-01  -4.6334830e-02
   2.7090301e-01  -4.6171038e-02
   2.6755853e-01  -4.6002748e-02
   2.6421405e-01  -4.5829967e-02
   2.6086957e-01  -4.5652699e-02
   2.5752508e-01  -4.5470949e-02
   2.5418060e-01  -4.5284719e-02
   2.5083612e-01  -4.5094009e-02
   2.4749164e-01  -4.4898820e-02
   2.4414716e-01  -4.4699148e-02
   2.4080268e-01  -4.4494990e-02
   2.3745819e-01  -4.4286340e-02
   2.3411371e-01  -4.4073190e-02
   2.3076923e-01  -4.3855529e-02
   2.2742475e-01  -4.3633346e-02
   2.2408027e-01  -4.3406625e-02
   2.2073579e-01  -4.3175349e-02
   2.1739130e-01  -4.2939498e-02
   2.1404682e-01  -4.2699049e-02
   2.1070234e-01  -4.2453976e-02
   2.0735786e-01  -4.2204250e-02
   2.0401338e-01  -4.1949837e-02
   2.0066890e-01  -4.1690702e-02
   1.9732441e-01  -4.1426805e-02
   1.9397993e-01  -4.1158100e-02
   1.9063545e-01  -4.0884540e-02
   1.8729097e-01  -4.0606071e-02
   1.8394649e-01  -4.0322634e-02
   1.8060201e-01  -4.0034167e-02
   1.7725753e-01  -3.9740599e-02
   1.7391304e-01  -3.9441856e-02
   1.7056856e-01  -3.9137856e-02
   1.6722408e-01  -3.8828511e-02
   1.6387960e-01  -3.8513726e-02
   1.6053512e-01  -3.8193396e-02
   1.5719064e-01  -3.7867411e-02
   1.5384615e-01  -3.7535649e-02
   1.5050167e-01  -3.7197980e-02
   1.4715719e-01  -3.6854264e-02
   1.4381271e-01  -3.6504350e-02
   1.4046823e-01  -3.6148073e-02
   1.3712375e-01  -3.5785256e-02
   1.3377926e-01  -3.5415711e-02
   1.3043478e-01  -3.5039230e-02
   1.2709030e-01  -3.4655591e-02
   1.2374582e-01  -3.4264556e-02
   1.2040134e-01  -3.3865863e-02
   1.1705686e-01  -3.3459232e-02
   1.1371237e-01  -3.3044358e-02
   1.1036789e-01  -3.2620911e-02
   1.0702341e-01  -3.2188534e-02
   1.0367893e-01  -3.1746835e-02
   1.0033445e-01  -3.1295390e-02
   9.6989967e-02  -3.0833737e-02
   9.3645485e-02  -3.0361367e-02
   9.0301003e-02  -2.9877727e-02
   8.6956522e-02  -2.9382207e-02
   8.3612040e-02  -2.8874136e-02
   8.0267559e-02  -2.8352772e-02
   7.6923077e-02  -2.7817294e-02
   7.3578595e-02  -2.7266788e-02
   7.0234114e-02  -2.6700236e-02
   6.6889632e-02  -2.6116492e-02
   6.3545151e-02  -2.5514268e-02
   6.0200669e-02  -2.4892104e-02
   5.6856187e-02  -2.4248333e-02
   5.3511706e-02  -2.3581044e-02
   5.0167224e-02  -2.2888022e-02
   4.6822742e-02  -2.2166684e-02
   4.3478261e-02  -2.1413982e-02
   4.0133779e-02  -2.0626277e-02
   3.6789298e-02  -1.9799168e-02
   3.3444816e-02  -1.8927243e-02
   3.0100334e-02  -1.8003719e-02
   2.6755853e-02  -1.7019895e-02
   2.3411371e-02  -1.5964290e-02
   2.0066890e-02  -1.4821192e-02
   1.6722408e-02  -1.3568073e-02
   1.3377926e-02  -1.2170487e-02
   1.0033445e-02  -1.0570681e-02
   6.6889632e-03  -8.6564894e-03
   3.3444816e-03  -6.1394823e-03
   0.0000000e+00   0.0000000e+00
