   0.0000000e+00   0.0000000e+00
   3.3444816e-03   1.2393693e-02
   6.6889632e-03   1.7472067e-02
   1.0033445e-02   2.1332829e-02
   1.3377926e-02   2.4558731e-02
   1.6722408e-02   2.7376516e-02
   2.0066890e-02   2.9902999e-02
   2.3411371e-02   3.2207896e-02
   2.6755853e-02   3.4336844e-02
   3.0100334e-02   3.6321691e-02
   3.3444816e-02   3.8185734e-02
   3.6789298e-02   3.9946642e-02
   4.0133779e-02   4.1618203e-02
   4.3478261e-02   4.3211432e-02
   4.6822742e-02   4.4735294e-02
   5.0167224e-02   4.6197210e-02
   5.3511706e-02   4.7603402e-02
   5.6856187e-02   4.8959153e-02
   6.0200669e-02   5.0268991e-02
   6.3545151e-02   5.1536836e-02
   6.6889632e-02   5.2766102e-02
   7.0234114e-02   5.3959792e-02
   7.3578595e-02   5.5120554e-02
   7.6923077e-02   5.6250743e-02
   8.0267559e-02   5.7352462e-02
   8.3612040e-02   5.8427594e-02
   8.6956522e-02   5.9477837e-02
   9.0301003e-02   6.0504723e-02
   9.3645485e-02   6.1509643e-02
   9.6989967e-02   6.2493859e-02
   1.0033445e-01   6.3458522e-02
   1.0367893e-01   6.4404685e-02
   1.0702341e-01   6.5333311e-02
   1.1036789e-01   6.6245282e-02
   1.1371237e-01   6.7141412e-02
   1.1705686e-01   6.8022446e-02
   1.2040134e-01   6.8889073e-02
   1.2374582e-01   6.9741928e-02
   1.2709030e-01   7.0581598e-02
   1.3043478e-01   7.1408624e-02
   1.3377926e-01   7.2223509e-02
   1.3712375e-01   7.3026716e-02
   1.4046823e-01   7.3818675e-02
   1.4381271e-01   7.4599784e-02
   1.4715719e-01   7.5370411e-02
   1.5050167e-01   7.6130898e-02
   1.5384615e-01   7.6881561e-02
   1.5719064e-01   7.7622693e-02
   1.6053512e-01   7.8354565e-02
   1.6387960e-01   7.9077426e-02
   1.6722408e-01   7.9791510e-02
   1.7056856e-01   8.0497030e-02
   1.7391304e-01   8.1194182e-02
   1.7725753e-01   8.1883149e-02
   1.8060201e-01   8.2564098e-02
   1.8394649e-01   8.3237181e-02
   1.8729097e-01   8.3902539e-02
   1.9063545e-01   8.4560300e-02
   1.9397993e-01   8.5210581e-02
   1.9732441e-01   8.5853488e-02
   2.0066890e-01   8.6489116e-02
   2.0401338e-01   8.7117550e-02
   2.0735786e-01   8.7738869e-02
   2.1070234e-01   8.8353140e-02
   2.1404682e-01   8.8960423e-02
   2.1739130e-01   8.9560771e-02
   2.2073579e-01   9.0154228e-02
   2.2408027e-01   9.0740833e-02
   2.2742475e-01   9.1320618e-02
   2.3076923e-01   9.1893607e-02
   2.3411371e-01   9.2459820e-02
   2.3745819e-01   9.3019270e-02
   2.4080268e-01   9.3571968e-02
   2.4414716e-01   9.4117914e-02
   2.4749164e-01   9.4657110e-02
   2.5083612e-01   9.5189548e-02
   2.5418060e-01   9.5715218e-02
   2.5752508e-01   9.6234107e-02
   2.6086957e-01   9.6746195e-02
   2.6421405e-01   9.7251462e-02
   2.6755853e-01   9.7749882e-02
   2.7090301e-01   9.8241426e-02
   2.7424749e-01   9.8726062e-02
   2.7759197e-01   9.9203757e-02
   2.8093645e-01   9.9674472e-02
   2.8428094e-01   1.0013817e-01
   2.8762542e-01   1.0059480e-01
   2.9096990e-01   1.0104432e-01
   2.9431438e-01   1.0148670e-01
   2.9765886e-01   1.0192186e-01
   3.0100334e-01   1.0234977e-01
   3.0434783e-01   1.0277038e-01
   3.0769231e-01   1.0318362e-01
   3.1103679e-01   1.0358944e-01
   3.1438127e-01   1.0398778e-01
   3.1772575e-01   1.0437858e-01
   3.2107023e-01   1.0476179e-01
   3.2441472e-01   1.0513733e-01
   3.2775920e-01   1.0550516e-01
   3.3110368e-01   1.0586519e-01
   3.3444816e-01   1.0621738e-01
   3.3779264e-01   1.0656164e-01
   3.4113712e-01   1.0689792e-01
   3.4448161e-01   1.0722615e-01
   3.4782609e-01   1.0754625e-01
   3.5117057e-01   1.0785817e-01
   3.5451505e-01   1.0816183e-01
   3.5785953e-01   1.0845716e-01
   3.6120401e-01   1.0874410e-01
   3.6454849e-01   1.0902257e-01
   3.6789298e-01   1.0929249e-01
   3.7123746e-01   1.0955382e-01
   3.7458194e-01   1.0980646e-01
   3.7792642e-01   1.1005035e-01
   3.8127090e-01   1.1028543e-01
   3.8461538e-01   1.1051161e-01
   3.8795987e-01   1.1072884e-01
   3.9130435e-01   1.1093704e-01
   3.9464883e-01   1.1113613e-01
   3.9799331e-01   1.1132606e-01
   4.0133779e-01   1.1150675e-01
   4.0468227e-01   1.1167814e-01
   4.0802676e-01   1.1184015e-01
   4.1137124e-01   1.1199272e-01
   4.1471572e-01   1.1213579e-01
   4.1806020e-01   1.1226928e-01
   4.2140468e-01   1.1239312e-01
   4.2474916e-01   1.1250727e-01
   4.2809365e-01   1.1261164e-01
   4.3143813e-01   1.1270618e-01
   4.3478261e-01   1.1279083e-01
   4.3812709e-01   1.1286552e-01
   4.4147157e-01   1.1293020e-01
   4.4481605e-01   1.1298480e-01
   4.4816054e-01   1.1302926e-01
   4.5150502e-01   1.1306353e-01
   4.5484950e-01   1.1308755e-01
   4.5819398e-01   1.1310126e-01
   4.6153846e-01   1.1310462e-01
   4.6488294e-01   1.1309756e-01
   4.6822742e-01   1.1308004e-01
   4.7157191e-01   1.1305200e-01
   4.7491639e-01   1.1301340e-01
   4.7826087e-01   1.1296419e-01
   4.8160535e-01   1.1290432e-01
   4.8494983e-01   1.1283374e-01
   4.8829431e-01   1.1275242e-01
   4.9163880e-01   1.1266030e-01
   4.9498328e-01   1.1255736e-01
   4.9832776e-01   1.1244354e-01
   5.0167224e-01   1.1231882e-01
   5.0501672e-01   1.1218316e-01
   5.0836120e-01   1.1203651e-01
   5.1170569e-01   1.1187886e-01
   5.1505017e-01   1.1171016e-01
   5.1839465e-01   1.1153039e-01
   5.2173913e-01   1.1133952e-01
   5.2508361e-01   1.1113752e-01
   5.2842809e-01   1.1092438e-01
   5.3177258e-01   1.1070006e-01
   5.3511706e-01   1.1046455e-01
   5.3846154e-01   1.1021783e-01
   5.4180602e-01   1.0995988e-01
   5.4515050e-01   1.0969069e-01
   5.4849498e-01   1.0941025e-01
   5.5183946e-01   1.0911853e-01
   5.5518395e-01   1.0881555e-01
   5.5852843e-01   1.0850128e-01
   5.6187291e-01   1.0817572e-01
   5.6521739e-01   1.0783888e-01
   5.6856187e-01   1.0749074e-01
   5.7190635e-01   1.0713132e-01
   5.7525084e-01   1.0676062e-01
   5.7859532e-01   1.0637863e-01
   5.8193980e-01   1.0598538e-01
   5.8528428e-01   1.0558086e-01
   5.8862876e-01   1.0516510e-01
   5.9197324e-01   1.0473811e-01
   5.9531773e-01   1.0429990e-01
   5.9866221e-01   1.0385050e-01
   6.0200669e-01   1.0338992e-01
   6.0535117e-01   1.0291820e-01
   6.0869565e-01   1.0243535e-01
   6.1204013e-01   1.0194141e-01
   6.1538462e-01   1.0143641e-01
   6.1872910e-01   1.0092038e-01
   6.2207358e-01   1.0039336e-01
   6.2541806e-01   9.9855386e-02
   6.2876254e-01   9.9306502e-02
   6.3210702e-01   9.8746752e-02
   6.3545151e-01   9.8176182e-02
   6.3879599e-01   9.7594841e-02
   6.4214047e-01   9.7002780e-02
   6.4548495e-01   9.6400056e-02
   6.4882943e-01   9.5786723e-02
   6.5217391e-01   9.5162843e-02
   6.5551839e-01   9.4528477e-02
   6.5886288e-01   9.3883691e-02
   6.6220736e-01   9.3228553e-02
   6.6555184e-01   9.2563132e-02
   6.6889632e-01   9.1887503e-02
   6.7224080e-01   9.1201742e-02
   6.7558528e-01   9.0505928e-02
   6.7892977e-01   8.9800142e-02
   6.8227425e-01   8.9084469e-02
   6.8561873e-01   8.8358996e-02
   6.8896321e-01   8.7623815e-02
   6.9230769e-01   8.6879017e-02
   6.9565217e-01   8.6124700e-02
   6.9899666e-01   8.5360962e-02
   7.0234114e-01   8.4587906e-02
   7.0568562e-01   8.3805636e-02
   7.0903010e-01   8.3014261e-02
   7.1237458e-01   8.2213892e-02
   7.1571906e-01   8.1404642e-02
   7.1906355e-01   8.0586629e-02
   7.2240803e-01   7.9759974e-02
   7.2575251e-01   7.8924798e-02
   7.2909699e-01   7.8081229e-02
   7.3244147e-01   7.7229396e-02
   7.3578595e-01   7.6369432e-02
   7.3913043e-01   7.5501473e-02
   7.4247492e-01   7.4625656e-02
   7.4581940e-01   7.3742125e-02
   7.4916388e-01   7.2851025e-02
   7.5250836e-01   7.1952505e-02
   7.5585284e-01   7.1046715e-02
   7.5919732e-01   7.0133811e-02
   7.6254181e-01   6.9213952e-02
   7.6588629e-01   6.8287298e-02
   7.6923077e-01   6.7354015e-02
   7.7257525e-01   6.6414272e-02
   7.7591973e-01   6.5468238e-02
   7.7926421e-01   6.4516090e-02
   7.8260870e-01   6.3558005e-02
   7.8595318e-01   6.2594166e-02
   7.8929766e-01   6.1624756e-02
   7.9264214e-01   6.0649965e-02
   7.9598662e-01   5.9669985e-02
   7.9933110e-01   5.8685010e-02
   8.0267559e-01   5.7695239e-02
   8.0602007e-01   5.6700875e-02
   8.0936455e-01   5.5702124e-02
   8.1270903e-01   5.4699194e-02
   8.1605351e-01   5.3692298e-02
   8.1939799e-01   5.2681653e-02
   8.2274247e-01   5.1667479e-02
   8.2608696e-01   5.0649998e-02
   8.2943144e-01   4.9629438e-02
   8.3277592e-01   4.8606030e-02
   8.3612040e-01   4.7580007e-02
   8.3946488e-01   4.6551608e-02
   8.4280936e-01   4.5521073e-02
   8.4615385e-01   4.4488649e-02
   8.4949833e-01   4.3454584e-02
   8.5284281e-01   4.2419131e-02
   8.5618729e-01   4.1382545e-02
   8.5953177e-01   4.0345086e-02
   8.6287625e-01   3.9307019e-02
   8.6622074e-01   3.8268611e-02
   8.6956522e-01   3.7230132e-02
   8.7290970e-01   3.6191858e-02
   8.7625418e-01   3.5154068e-02
   8.7959866e-01   3.4117044e-02
   8.8294314e-01   3.3081072e-02
   8.8628763e-01   3.2046442e-02
   8.8963211e-01   3.1013450e-02
   8.9297659e-01   2.9982392e-02
   8.9632107e-01   2.8953570e-02
   8.9966555e-01   2.7927290e-02
   9.0301003e-01   2.6903862e-02
   9.0635452e-01   2.5883599e-02
   9.0969900e-01   2.4866818e-02
   9.1304348e-01   2.3853841e-02
   9.1638796e-01   2.2844993e-02
   9.1973244e-01   2.1840604e-02
   9.2307692e-01   2.0841007e-02
   9.2642140e-01   1.9846538e-02
   9.2976589e-01   1.8857540e-02
   9.3311037e-01   1.7874357e-02
   9.3645485e-01   1.6897339e-02
   9.3979933e-01   1.5926840e-02
   9.4314381e-01   1.4963217e-02
   9.4648829e-01   1.4006831e-02
   9.4983278e-01   1.3058048e-02
   9.5317726e-01   1.2117238e-02
   9.5652174e-01   1.1184774e-02
   9.5986622e-01   1.0261036e-02
   9.6321070e-01   9.3464042e-03
   9.6655518e-01   8.4412657e-03
   9.6989967e-01   7.5460110e-03
   9.7324415e-01   6.6610347e-03
   9.7658863e-01   5.7867357e-03
   9.7993311e-01   4.9235170e-03
   9.8327759e-01   4.0717861e-03
   9.8662207e-01   3.2319544e-03
   9.8996656e-01   2.4044377e-03
   9.9331104e-01   1.5896561e-03
   9.9665552e-01   7.8803403e-04
   1.0000000e+00   0.0000000e+00
   1.0000000e+00   0.0000000e+00
   9.9665552e-01   3.5430716e-05
   9.9331104e-01   4.5909113e-05
   9.8996656e-01   3.1978762e-05
   9.8662207e-01  -5.8219044e-06
   9.8327759e-01  -6.6959588e-05
   9.7993311e-01  -1.5090610e-04
   9.7658863e-01  -2.5713836e-04
   9.7324415e-01  -3.8513837e-04
   9.6989967e-01  -5.3439319e-04
   9.6655518e-01  -7.0439494e-04
   9.6321070e-01  -8.9464080e-04
   9.5986622e-01  -1.1046330e-03
   9.5652174e-01  -1.3338786e-03
   9.5317726e-01  -1.5818899e-03
   9.4983278e-01  -1.8481841e-03
   9.4648829e-01  -2.1322833e-03
   9.4314381e-01  -2.4337145e-03
   9.3979933e-01  -2.7520099e-03
   9.3645485e-01  -3.0867062e-03
   9.3311037e-01  -3.4373455e-03
   9.2976589e-01  -3.8034743e-03
   9.2642140e-01  -4.1846443e-03
   9.2307692e-01  -4.5804120e-03
   9.1973244e-01  -4.9903386e-03
   9.1638796e-01  -5.4139902e-03
   9.1304348e-01  -5.8509378e-03
   9.0969900e-01  -6.3007571e-03
   9.0635452e-01  -6.7630286e-03
   9.0301003e-01  -7.2373375e-03
   8.9966555e-01  -7.7232739e-03
   8.9632107e-01  -8.2204324e-03
   8.9297659e-01  -8.7284126e-03
   8.8963211e-01  -9.2468185e-03
   8.8628763e-01  -9.7752589e-03
   8.8294314e-01  -1.0313347e-02
   8.7959866e-01  -1.0860702e-02
   8.7625418e-01  -1.1416946e-02
   8.7290970e-01  -1.1981706e-02
   8.6956522e-01  -1.2554614e-02
   8.6622074e-01  -1.3135307e-02
   8.6287625e-01  -1.3723426e-02
   8.5953177e-01  -1.4318617e-02
   8.5618729e-01  -1.4920530e-02
   8.5284281e-01  -1.5528819e-02
   8.4949833e-01  -1.6143144e-02
   8.4615385e-01  -1.6763169e-02
   8.4280936e-01  -1.7388561e-02
   8.3946488e-01  -1.8018994e-02
   8.3612040e-01  -1.8654144e-02
   8.3277592e-01  -1.9293693e-02
   8.2943144e-01  -1.9937327e-02
   8.2608696e-01  -2.0584735e-02
   8.2274247e-01  -2.1235613e-02
   8.1939799e-01  -2.1889660e-02
   8.1605351e-01  -2.2546578e-02
   8.1270903e-01  -2.3206076e-02
   8.0936455e-01  -2.3867864e-02
   8.0602007e-01  -2.4531661e-02
   8.0267559e-01  -2.5197185e-02
   7.9933110e-01  -2.5864161e-02
   7.9598662e-01  -2.6532319e-02
   7.9264214e-01  -2.7201391e-02
   7.8929766e-01  -2.7871115e-02
   7.8595318e-01  -2.8541232e-02
   7.8260870e-01  -2.9211487e-02
   7.7926421e-01  -2.9881631e-02
   7.7591973e-01  -3.0551417e-02
   7.7257525e-01  -3.1220604e-02
   7.6923077e-01  -3.1888952e-02
   7.6588629e-01  -3.2556228e-02
   7.6254181e-01  -3.3222203e-02
   7.5919732e-01  -3.3886650e-02
   7.5585284e-01  -3.4549347e-02
   7.5250836e-01  -3.5210077e-02
   7.4916388e-01  -3.5868626e-02
   7.4581940e-01  -3.6524783e-02
   7.4247492e-01  -3.7178343e-02
   7.3913043e-01  -3.7829103e-02
   7.3578595e-01  -3.8476865e-02
   7.3244147e-01  -3.9121435e-02
   7.2909699e-01  -3.9762621e-02
   7.2575251e-01  -4.0400238e-02
   7.2240803e-01  -4.1034103e-02
   7.1906355e-01  -4.1664036e-02
   7.1571906e-01  -4.2289862e-02
   7.1237458e-01  -4.2911409e-02
   7.0903010e-01  -4.3528509e-02
   7.0568562e-01  -4.4140999e-02
   7.0234114e-01  -4.4748717e-02
   6.9899666e-01  -4.5351507e-02
   6.9565217e-01  -4.5949216e-02
   6.9230769e-01  -4.6541694e-02
   6.8896321e-01  -4.7128796e-02
   6.8561873e-01  -4.7710378e-02
   6.8227425e-01  -4.8286302e-02
   6.7892977e-01  -4.8856433e-02
   6.7558528e-01  -4.9420639e-02
   6.7224080e-01  -4.9978792e-02
   6.6889632e-01  -5.0530767e-02
   6.6555184e-01  -5.1076443e-02
   6.6220736e-01  -5.1615702e-02
   6.5886288e-01  -5.2148429e-02
   6.5551839e-01  -5.2674514e-02
   6.5217391e-01  -5.3193848e-02
   6.4882943e-01  -5.3706328e-02
   6.4548495e-01  -5.4211853e-02
   6.4214047e-01  -5.4710324e-02
   6.3879599e-01  -5.5201648e-02
   6.3545151e-01  -5.5685732e-02
   6.3210702e-01  -5.6162490e-02
   6.2876254e-01  -5.6631837e-02
   6.2541806e-01  -5.7093691e-02
   6.2207358e-01  -5.7547973e-02
   6.1872910e-01  -5.7994609e-02
   6.1538462e-01  -5.8433527e-02
   6.1204013e-01  -5.8864657e-02
   6.0869565e-01  -5.9287933e-02
   6.0535117e-01  -5.9703293e-02
   6.0200669e-01  -6.0110677e-02
   5.9866221e-01  -6.0510028e-02
   5.9531773e-01  -6.0901292e-02
   5.9197324e-01  -6.1284418e-02
   5.8862876e-01  -6.1659358e-02
   5.8528428e-01  -6.2026067e-02
   5.8193980e-01  -6.2384504e-02
   5.7859532e-01  -6.2734627e-02
   5.7525084e-01  -6.3076402e-02
   5.7190635e-01  -6.3409794e-02
   5.6856187e-01  -6.3734772e-02
   5.6521739e-01  -6.4051308e-02
   5.6187291e-01  -6.4359376e-02
   5.5852843e-01  -6.4658954e-02
   5.5518395e-01  -6.4950022e-02
   5.5183946e-01  -6.5232561e-02
   5.4849498e-01  -6.5506558e-02
   5.4515050e-01  -6.5771999e-02
   5.4180602e-01  -6.6028875e-02
   5.3846154e-01  -6.6277179e-02
   5.3511706e-01  -6.6516906e-02
   5.3177258e-01  -6.6748053e-02
   5.2842809e-01  -6.6970621e-02
   5.2508361e-01  -6.7184613e-02
   5.2173913e-01  -6.7390033e-02
   5.1839465e-01  -6.7586888e-02
   5.1505017e-01  -6.7775189e-02
   5.1170569e-01  -6.7954947e-02
   5.0836120e-01  -6.8126176e-02
   5.0501672e-01  -6.8288893e-02
   5.0167224e-01  -6.8443116e-02
   4.9832776e-01  -6.8588867e-02
   4.9498328e-01  -6.8726167e-02
   4.9163880e-01  -6.8855043e-02
   4.8829431e-01  -6.8975520e-02
   4.8494983e-01  -6.9087629e-02
   4.8160535e-01  -6.9191400e-02
   4.7826087e-01  -6.9286867e-02
   4.7491639e-01  -6.9374064e-02
   4.7157191e-01  -6.9453028e-02
   4.6822742e-01  -6.9523799e-02
   4.6488294e-01  -6.9586416e-02
   4.6153846e-01  -6.9640923e-02
   4.5819398e-01  -6.9687363e-02
   4.5484950e-01  -6.9725782e-02
   4.5150502e-01  -6.9756228e-02
   4.4816054e-01  -6.9778750e-02
   4.4481605e-01  -6.9793399e-02
   4.4147157e-01  -6.9800228e-02
   4.3812709e-01  -6.9799289e-02
   4.3478261e-01  -6.9790640e-02
   4.3143813e-01  -6.9774336e-02
   4.2809365e-01  -6.9750436e-02
   4.2474916e-01  -6.9718999e-02
   4.2140468e-01  -6.9680087e-02
   4.1806020e-01  -6.9633761e-02
   4.1471572e-01  -6.9580086e-02
   4.1137124e-01  -6.9519126e-02
   4.0802676e-01  -6.9450946e-02
   4.0468227e-01  -6.9375614e-02
   4.0133779e-01  -6.9293198e-02
   3.9799331e-01  -6.9203766e-02
   3.9464883e-01  -6.9107389e-02
   3.9130435e-01  -6.9004138e-02
   3.8795987e-01  -6.8894084e-02
   3.8461538e-01  -6.8777299e-02
   3.8127090e-01  -6.8653858e-02
   3.7792642e-01  -6.8523834e-02
   3.7458194e-01  -6.8387302e-02
   3.7123746e-01  -6.8244336e-02
   3.6789298e-01  -6.8095013e-02
   3.6454849e-01  -6.7939410e-02
   3.6120401e-01  -6.7777602e-02
   3.5785953e-01  -6.7609667e-02
   3.5451505e-01  -6.7435682e-02
   3.5117057e-01  -6.7255726e-02
   3.4782609e-01  -6.7069874e-02
   3.4448161e-01  -6.6878206e-02
   3.4113712e-01  -6.6680800e-02
   3.3779264e-01  -6.6477733e-02
   3.3444816e-01  -6.6269082e-02
   3.3110368e-01  -6.6054927e-02
   3.2775920e-01  -6.5835344e-02
   3.2441472e-01  -6.5610410e-02
   3.2107023e-01  -6.5380202e-02
   3.1772575e-01  -6.5144796e-02
   3.1438127e-01  -6.4904268e-02
   3.1103679e-01  -6.4658693e-02
   3.0769231e-01  -6.4408144e-02
   3.0434783e-01  -6.4152696e-02
   3.0100334e-01  -6.3892421e-02
   2.9765886e-01  -6.3627391e-02
   2.9431438e-01  -6.3357675e-02
   2.9096990e-01  -6.3083344e-02
   2.8762542e-01  -6.2804464e-02
   2.8428094e-01  -6.2521103e-02
   2.8093645e-01  -6.2233325e-02
   2.7759197e-01  -6.1941194e-02
   2.7424749e-01  -6.1644770e-02
   2.7090301e-01  -6.1344114e-02
   2.6755853e-01  -6.1039283e-02
   2.6421405e-01  -6.0730332e-02
   2.6086957e-01  -6.0417314e-02
   2.5752508e-01  -6.0100280e-02
   2.5418060e-01  -5.9779278e-02
   2.5083612e-01  -5.9454353e-02
   2.4749164e-01  -5.9125547e-02
   2.4414716e-01  -5.8792899e-02
   2.4080268e-01  -5.8456445e-02
   2.3745819e-01  -5.8116217e-02
   2.3411371e-01  -5.7772244e-02
   2.3076923e-01  -5.7424550e-02
   2.2742475e-01  -5.7073156e-02
   2.2408027e-01  -5.6718079e-02
   2.2073579e-01  -5.6359329e-02
   2.1739130e-01  -5.5996913e-02
   2.1404682e-01  -5.5630834e-02
   2.1070234e-01  -5.5261087e-02
   2.0735786e-01  -5.4887662e-02
   2.0401338e-01  -5.4510544e-02
   2.0066890e-01  -5.4129712e-02
   1.9732441e-01  -5.3745135e-02
   1.9397993e-01  -5.3356779e-02
   1.9063545e-01  -5.2964600e-02
   1.8729097e-01  -5.2568547e-02
   1.8394649e-01  -5.2168558e-02
   1.8060201e-01  -5.1764567e-02
   1.7725753e-01  -5.1356494e-02
   1.7391304e-01  -5.0944251e-02
   1.7056856e-01  -5.0527739e-02
   1.6722408e-01  -5.0106848e-02
   1.6387960e-01  -4.9681454e-02
   1.6053512e-01  -4.9251423e-02
   1.5719064e-01  -4.8816606e-02
   1.5384615e-01  -4.8376838e-02
   1.5050167e-01  -4.7931941e-02
   1.4715719e-01  -4.7481718e-02
   1.4381271e-01  -4.7025956e-02
   1.4046823e-01  -4.6564421e-02
   1.3712375e-01  -4.6096859e-02
   1.3377926e-01  -4.5622996e-02
   1.3043478e-01  -4.5142530e-02
   1.2709030e-01  -4.4655136e-02
   1.2374582e-01  -4.4160460e-02
   1.2040134e-01  -4.3658118e-02
   1.1705686e-01  -4.3147692e-02
   1.1371237e-01  -4.2628730e-02
   1.1036789e-01  -4.2100737e-02
   1.0702341e-01  -4.1563178e-02
   1.0367893e-01  -4.1015469e-02
   1.0033445e-01  -4.0456974e-02
   9.6989967e-02  -3.9886998e-02
   9.3645485e-02  -3.9304782e-02
   9.0301003e-02  -3.8709494e-02
   8.6956522e-02  -3.8100224e-02
   8.3612040e-02  -3.7475966e-02
   8.0267559e-02  -3.6835616e-02
   7.6923077e-02  -3.6177949e-02
   7.3578595e-02  -3.5501609e-02
   7.0234114e-02  -3.4805083e-02
   6.6889632e-02  -3.4086681e-02
   6.3545151e-02  -3.3344504e-02
   6.0200669e-02  -3.2576405e-02
   5.6856187e-02  -3.1779947e-02
   5.3511706e-02  -3.0952341e-02
   5.0167224e-02  -3.0090370e-02
   4.6822742e-02  -2.9190297e-02
   4.3478261e-02  -2.8247730e-02
   4.0133779e-02  -2.7257450e-02
   3.6789298e-02  -2.6213170e-02
   3.3444816e-02  -2.5107195e-02
   3.0100334e-02  -2.3929925e-02
   2.6755853e-02  -2.2669103e-02
   2.3411371e-02  -2.1308626e-02
   2.0066890e-02  -1.9826561e-02
   1.6722408e-02  -1.8191594e-02
   1.3377926e-02  -1.6356064e-02
   1.0033445e-02  -1.4240391e-02
   6.6889632e-03  -1.1690645e-02
   3.3444816e-03  -8.3125783e-03
   0.0000000e+00   0.0000000e+00
