   0.0000000e+00   0.0000000e+00
   3.3444816e-03   1.2005434e-02
   6.6889632e-03   1.6912237e-02
   1.0033445e-02   2.0634466e-02
   1.3377926e-02   2.3738162e-02
   1.6722408e-02   2.6443809e-02
   2.0066890e-02   2.8865132e-02
   2.3411371e-02   3.1070078e-02
   2.6755853e-02   3.3103179e-02
   3.0100334e-02   3.4995551e-02
   3.3444816e-02   3.6769982e-02
   3.6789298e-02   3.8443774e-02
   4.0133779e-02   4.0030445e-02
   4.3478261e-02   4.1540807e-02
   4.6822742e-02   4.2983669e-02
   5.0167224e-02   4.4366328e-02
   5.3511706e-02   4.5694912e-02
   5.6856187e-02   4.6974624e-02
   6.0200669e-02   4.8209932e-02
   6.3545151e-02   4.9404701e-02
   6.6889632e-02   5.0562306e-02
   7.0234114e-02   5.1685711e-02
   7.3578595e-02   5.2777535e-02
   7.6923077e-02   5.3840105e-02
   8.0267559e-02   5.4875500e-02
   8.3612040e-02   5.5885584e-02
   8.6956522e-02   5.6872034e-02
   9.0301003e-02   5.7836367e-02
   9.3645485e-02   5.8779955e-02
   9.6989967e-02   5.9704046e-02
   1.0033445e-01   6.0609776e-02
   1.0367893e-01   6.1498184e-02
   1.0702341e-01   6.2370217e-02
   1.1036789e-01   6.3226745e-02
   1.1371237e-01   6.4068567e-02
   1.1705686e-01   6.4896413e-02
   1.2040134e-01   6.5710960e-02
   1.2374582e-01   6.6512827e-02
   1.2709030e-01   6.7302587e-02
   1.3043478e-01   6.8080766e-02
   1.3377926e-01   6.8847851e-02
   1.3712375e-01   6.9604290e-02
   1.4046823e-01   7.0350497e-02
   1.4381271e-01   7.1086854e-02
   1.4715719e-01   7.1813713e-02
   1.5050167e-01   7.2531399e-02
   1.5384615e-01   7.3240211e-02
   1.5719064e-01   7.3940423e-02
   1.6053512e-01   7.4632289e-02
   1.6387960e-01   7.5316042e-02
   1.6722408e-01   7.5991894e-02
   1.7056856e-01   7.6660041e-02
   1.7391304e-01   7.7320660e-02
   1.7725753e-01   7.7973914e-02
   1.8060201e-01   7.8619951e-02
   1.8394649e-01   7.9258903e-02
   1.8729097e-01   7.9890890e-02
   1.9063545e-01   8.0516020e-02
   1.9397993e-01   8.1134390e-02
   1.9732441e-01   8.1746084e-02
   2.0066890e-01   8.2351176e-02
   2.0401338e-01   8.2949731e-02
   2.0735786e-01   8.3541805e-02
   2.1070234e-01   8.4127444e-02
   2.1404682e-01   8.4706687e-02
   2.1739130e-01   8.5279564e-02
   2.2073579e-01   8.5846097e-02
   2.2408027e-01   8.6406304e-02
   2.2742475e-01   8.6960192e-02
   2.3076923e-01   8.7507766e-02
   2.3411371e-01   8.8049022e-02
   2.3745819e-01   8.8583951e-02
   2.4080268e-01   8.9112540e-02
   2.4414716e-01   8.9634769e-02
   2.4749164e-01   9.0150615e-02
   2.5083612e-01   9.0660049e-02
   2.5418060e-01   9.1163038e-02
   2.5752508e-01   9.1659545e-02
   2.6086957e-01   9.2149530e-02
   2.6421405e-01   9.2632949e-02
   2.6755853e-01   9.3109754e-02
   2.7090301e-01   9.3579893e-02
   2.7424749e-01   9.4043313e-02
   2.7759197e-01   9.4499957e-02
   2.8093645e-01   9.4949765e-02
   2.8428094e-01   9.5392676e-02
   2.8762542e-01   9.5828624e-02
   2.9096990e-01   9.6257542e-02
   2.9431438e-01   9.6679363e-02
   2.9765886e-01   9.7094016e-02
   3.0100334e-01   9.7501427e-02
   3.0434783e-01   9.7901522e-02
   3.0769231e-01   9.8294226e-02
   3.1103679e-01   9.8679462e-02
   3.1438127e-01   9.9057151e-02
   3.1772575e-01   9.9427212e-02
   3.2107023e-01   9.9789567e-02
   3.2441472e-01   1.0014413e-01
   3.2775920e-01   1.0049082e-01
   3.3110368e-01   1.0082956e-01
   3.3444816e-01   1.0116026e-01
   3.3779264e-01   1.0148283e-01
   3.4113712e-01   1.0179720e-01
   3.4448161e-01   1.0210327e-01
   3.4782609e-01   1.0240095e-01
   3.5117057e-01   1.0269018e-01
   3.5451505e-01   1.0297084e-01
   3.5785953e-01   1.0324287e-01
   3.6120401e-01   1.0350617e-01
   3.6454849e-01   1.0376066e-01
   3.6789298e-01   1.0400626e-01
   3.7123746e-01   1.0424286e-01
   3.7458194e-01   1.0447040e-01
   3.7792642e-01   1.0468879e-01
   3.8127090e-01   1.0489793e-01
   3.8461538e-01   1.0509775e-01
   3.8795987e-01   1.0528816e-01
   3.9130435e-01   1.0546909e-01
   3.9464883e-01   1.0564044e-01
   3.9799331e-01   1.0580214e-01
   4.0133779e-01   1.0595410e-01
   4.0468227e-01   1.0609625e-01
   4.0802676e-01   1.0622850e-01
   4.1137124e-01   1.0635078e-01
   4.1471572e-01   1.0646302e-01
   4.1806020e-01   1.0656513e-01
   4.2140468e-01   1.0665705e-01
   4.2474916e-01   1.0673869e-01
   4.2809365e-01   1.0680999e-01
   4.3143813e-01   1.0687088e-01
   4.3478261e-01   1.0692128e-01
   4.3812709e-01   1.0696113e-01
   4.4147157e-01   1.0699036e-01
   4.4481605e-01   1.0700891e-01
   4.4816054e-01   1.0701671e-01
   4.5150502e-01   1.0701370e-01
   4.5484950e-01   1.0699983e-01
   4.5819398e-01   1.0697503e-01
   4.6153846e-01   1.0693924e-01
   4.6488294e-01   1.0689242e-01
   4.6822742e-01   1.0683450e-01
   4.7157191e-01   1.0676544e-01
   4.7491639e-01   1.0668519e-01
   4.7826087e-01   1.0659369e-01
   4.8160535e-01   1.0649091e-01
   4.8494983e-01   1.0637680e-01
   4.8829431e-01   1.0625132e-01
   4.9163880e-01   1.0611443e-01
   4.9498328e-01   1.0596610e-01
   4.9832776e-01   1.0580628e-01
   5.0167224e-01   1.0563494e-01
   5.0501672e-01   1.0545206e-01
   5.0836120e-01   1.0525761e-01
   5.1170569e-01   1.0505156e-01
   5.1505017e-01   1.0483388e-01
   5.1839465e-01   1.0460456e-01
   5.2173913e-01   1.0436358e-01
   5.2508361e-01   1.0411091e-01
   5.2842809e-01   1.0384656e-01
   5.3177258e-01   1.0357050e-01
   5.3511706e-01   1.0328272e-01
   5.3846154e-01   1.0298323e-01
   5.4180602e-01   1.0267202e-01
   5.4515050e-01   1.0234908e-01
   5.4849498e-01   1.0201442e-01
   5.5183946e-01   1.0166805e-01
   5.5518395e-01   1.0130996e-01
   5.5852843e-01   1.0094018e-01
   5.6187291e-01   1.0055871e-01
   5.6521739e-01   1.0016557e-01
   5.6856187e-01   9.9760783e-02
   5.7190635e-01   9.9344365e-02
   5.7525084e-01   9.8916342e-02
   5.7859532e-01   9.8476743e-02
   5.8193980e-01   9.8025597e-02
   5.8528428e-01   9.7562939e-02
   5.8862876e-01   9.7088805e-02
   5.9197324e-01   9.6603235e-02
   5.9531773e-01   9.6106272e-02
   5.9866221e-01   9.5597963e-02
   6.0200669e-01   9.5078356e-02
   6.0535117e-01   9.4547504e-02
   6.0869565e-01   9.4005462e-02
   6.1204013e-01   9.3452291e-02
   6.1538462e-01   9.2888051e-02
   6.1872910e-01   9.2312809e-02
   6.2207358e-01   9.1726633e-02
   6.2541806e-01   9.1129596e-02
   6.2876254e-01   9.0521774e-02
   6.3210702e-01   8.9903245e-02
   6.3545151e-01   8.9274093e-02
   6.3879599e-01   8.8634402e-02
   6.4214047e-01   8.7984264e-02
   6.4548495e-01   8.7323770e-02
   6.4882943e-01   8.6653017e-02
   6.5217391e-01   8.5972106e-02
   6.5551839e-01   8.5281141e-02
   6.5886288e-01   8.4580228e-02
   6.6220736e-01   8.3869479e-02
   6.6555184e-01   8.3149008e-02
   6.6889632e-01   8.2418935e-02
   6.7224080e-01   8.1679380e-02
   6.7558528e-01   8.0930470e-02
   6.7892977e-01   8.0172335e-02
   6.8227425e-01   7.9405108e-02
   6.8561873e-01   7.8628926e-02
   6.8896321e-01   7.7843930e-02
   6.9230769e-01   7.7050266e-02
   6.9565217e-01   7.6248082e-02
   6.9899666e-01   7.5437531e-02
   7.0234114e-01   7.4618769e-02
   7.0568562e-01   7.3791958e-02
   7.0903010e-01   7.2957261e-02
   7.1237458e-01   7.2114848e-02
   7.1571906e-01   7.1264892e-02
   7.1906355e-01   7.0407568e-02
   7.2240803e-01   6.9543058e-02
   7.2575251e-01   6.8671546e-02
   7.2909699e-01   6.7793222e-02
   7.3244147e-01   6.6908279e-02
   7.3578595e-01   6.6016913e-02
   7.3913043e-01   6.5119326e-02
   7.4247492e-01   6.4215725e-02
   7.4581940e-01   6.3306318e-02
   7.4916388e-01   6.2391320e-02
   7.5250836e-01   6.1470950e-02
   7.5585284e-01   6.0545429e-02
   7.5919732e-01   5.9614985e-02
   7.6254181e-01   5.8679850e-02
   7.6588629e-01   5.7740258e-02
   7.6923077e-01   5.6796450e-02
   7.7257525e-01   5.5848670e-02
   7.7591973e-01   5.4897167e-02
   7.7926421e-01   5.3942194e-02
   7.8260870e-01   5.2984010e-02
   7.8595318e-01   5.2022875e-02
   7.8929766e-01   5.1059057e-02
   7.9264214e-01   5.0092827e-02
   7.9598662e-01   4.9124461e-02
   7.9933110e-01   4.8154238e-02
   8.0267559e-01   4.7182444e-02
   8.0602007e-01   4.6209368e-02
   8.0936455e-01   4.5235303e-02
   8.1270903e-01   4.4260550e-02
   8.1605351e-01   4.3285411e-02
   8.1939799e-01   4.2310193e-02
   8.2274247e-01   4.1335210e-02
   8.2608696e-01   4.0360780e-02
   8.2943144e-01   3.9387223e-02
   8.3277592e-01   3.8414867e-02
   8.3612040e-01   3.7444043e-02
   8.3946488e-01   3.6475089e-02
   8.4280936e-01   3.5508345e-02
   8.4615385e-01   3.4544156e-02
   8.4949833e-01   3.3582875e-02
   8.5284281e-01   3.2624856e-02
   8.5618729e-01   3.1670461e-02
   8.5953177e-01   3.0720054e-02
   8.6287625e-01   2.9774007e-02
   8.6622074e-01   2.8832694e-02
   8.6956522e-01   2.7896496e-02
   8.7290970e-01   2.6965798e-02
   8.7625418e-01   2.6040991e-02
   8.7959866e-01   2.5122469e-02
   8.8294314e-01   2.4210633e-02
   8.8628763e-01   2.3305889e-02
   8.8963211e-01   2.2408646e-02
   8.9297659e-01   2.1519320e-02
   8.9632107e-01   2.0638332e-02
   8.9966555e-01   1.9766107e-02
   9.0301003e-01   1.8903077e-02
   9.0635452e-01   1.8049677e-02
   9.0969900e-01   1.7206348e-02
   9.1304348e-01   1.6373538e-02
   9.1638796e-01   1.5551696e-02
   9.1973244e-01   1.4741280e-02
   9.2307692e-01   1.3942753e-02
   9.2642140e-01   1.3156580e-02
   9.2976589e-01   1.2383236e-02
   9.3311037e-01   1.1623197e-02
   9.3645485e-01   1.0876946e-02
   9.3979933e-01   1.0144973e-02
   9.4314381e-01   9.4277711e-03
   9.4648829e-01   8.7258391e-03
   9.4983278e-01   8.0396817e-03
   9.5317726e-01   7.3698089e-03
   9.5652174e-01   6.7167360e-03
   9.5986622e-01   6.0809837e-03
   9.6321070e-01   5.4630783e-03
   9.6655518e-01   4.8635513e-03
   9.6989967e-01   4.2829400e-03
   9.7324415e-01   3.7217869e-03
   9.7658863e-01   3.1806402e-03
   9.7993311e-01   2.6600536e-03
   9.8327759e-01   2.1605862e-03
   9.8662207e-01   1.6828028e-03
   9.8996656e-01   1.2272737e-03
   9.9331104e-01   7.9457494e-04
   9.9665552e-01   3.8528798e-04
   1.0000000e+00   0.0000000e+00
   1.0000000e+00  -0.0000000e+00
   9.9665552e-01  -3.8527533e-04
   9.9331104e-01  -7.9455033e-04
   9.8996656e-01  -1.2272378e-03
   9.8662207e-01  -1.6827562e-03
   9.8327759e-01  -2.1605296e-03
   9.7993311e-01  -2.6599876e-03
   9.7658863e-01  -3.1805655e-03
   9.7324415e-01  -3.7217040e-03
   9.6989967e-01  -4.2828495e-03
   9.6655518e-01  -4.8634538e-03
   9.6321070e-01  -5.4629742e-03
   9.5986622e-01  -6.0808737e-03
   9.5652174e-01  -6.7166206e-03
   9.5317726e-01  -7.3696886e-03
   9.4983278e-01  -8.0395569e-03
   9.4648829e-01  -8.7257104e-03
   9.4314381e-01  -9.4276389e-03
   9.3979933e-01  -1.0144838e-02
   9.3645485e-01  -1.0876809e-02
   9.3311037e-01  -1.1623057e-02
   9.2976589e-01  -1.2383094e-02
   9.2642140e-01  -1.3156437e-02
   9.2307692e-01  -1.3942609e-02
   9.1973244e-01  -1.4741136e-02
   9.1638796e-01  -1.5551551e-02
   9.1304348e-01  -1.6373393e-02
   9.0969900e-01  -1.7206205e-02
   9.0635452e-01  -1.8049534e-02
   9.0301003e-01  -1.8902936e-02
   8.9966555e-01  -1.9765967e-02
   8.9632107e-01  -2.0638194e-02
   8.9297659e-01  -2.1519184e-02
   8.8963211e-01  -2.2408512e-02
   8.8628763e-01  -2.3305758e-02
   8.8294314e-01  -2.4210505e-02
   8.7959866e-01  -2.5122344e-02
   8.7625418e-01  -2.6040870e-02
   8.7290970e-01  -2.6965681e-02
   8.6956522e-01  -2.7896383e-02
   8.6622074e-01  -2.8832585e-02
   8.6287625e-01  -2.9773902e-02
   8.5953177e-01  -3.0719954e-02
   8.5618729e-01  -3.1670365e-02
   8.5284281e-01  -3.2624765e-02
   8.4949833e-01  -3.3582789e-02
   8.4615385e-01  -3.4544076e-02
   8.4280936e-01  -3.5508269e-02
   8.3946488e-01  -3.6475019e-02
   8.3612040e-01  -3.7443979e-02
   8.3277592e-01  -3.8414808e-02
   8.2943144e-01  -3.9387170e-02
   8.2608696e-01  -4.0360733e-02
   8.2274247e-01  -4.1335170e-02
   8.1939799e-01  -4.2310159e-02
   8.1605351e-01  -4.3285383e-02
   8.1270903e-01  -4.4260529e-02
   8.0936455e-01  -4.5235288e-02
   8.0602007e-01  -4.6209359e-02
   8.0267559e-01  -4.7182442e-02
   7.9933110e-01  -4.8154242e-02
   7.9598662e-01  -4.9124472e-02
   7.9264214e-01  -5.0092845e-02
   7.8929766e-01  -5.1059082e-02
   7.8595318e-01  -5.2022906e-02
   7.8260870e-01  -5.2984048e-02
   7.7926421e-01  -5.3942239e-02
   7.7591973e-01  -5.4897219e-02
   7.7257525e-01  -5.5848728e-02
   7.6923077e-01  -5.6796515e-02
   7.6588629e-01  -5.7740330e-02
   7.6254181e-01  -5.8679928e-02
   7.5919732e-01  -5.9615071e-02
   7.5585284e-01  -6.0545521e-02
   7.5250836e-01  -6.1471049e-02
   7.4916388e-01  -6.2391426e-02
   7.4581940e-01  -6.3306430e-02
   7.4247492e-01  -6.4215843e-02
   7.3913043e-01  -6.5119451e-02
   7.3578595e-01  -6.6017044e-02
   7.3244147e-01  -6.6908416e-02
   7.2909699e-01  -6.7793366e-02
   7.2575251e-01  -6.8671697e-02
   7.2240803e-01  -6.9543214e-02
   7.1906355e-01  -7.0407731e-02
   7.1571906e-01  -7.1265061e-02
   7.1237458e-01  -7.2115023e-02
   7.0903010e-01  -7.2957442e-02
   7.0568562e-01  -7.3792144e-02
   7.0234114e-01  -7.4618961e-02
   6.9899666e-01  -7.5437728e-02
   6.9565217e-01  -7.6248285e-02
   6.9230769e-01  -7.7050474e-02
   6.8896321e-01  -7.7844144e-02
   6.8561873e-01  -7.8629144e-02
   6.8227425e-01  -7.9405331e-02
   6.7892977e-01  -8.0172563e-02
   6.7558528e-01  -8.0930703e-02
   6.7224080e-01  -8.1679618e-02
   6.6889632e-01  -8.2419177e-02
   6.6555184e-01  -8.3149255e-02
   6.6220736e-01  -8.3869730e-02
   6.5886288e-01  -8.4580483e-02
   6.5551839e-01  -8.5281400e-02
   6.5217391e-01  -8.5972370e-02
   6.4882943e-01  -8.6653284e-02
   6.4548495e-01  -8.7324041e-02
   6.4214047e-01  -8.7984538e-02
   6.3879599e-01  -8.8634680e-02
   6.3545151e-01  -8.9274373e-02
   6.3210702e-01  -8.9903529e-02
   6.2876254e-01  -9.0522061e-02
   6.2541806e-01  -9.1129886e-02
   6.2207358e-01  -9.1726925e-02
   6.1872910e-01  -9.2313104e-02
   6.1538462e-01  -9.2888348e-02
   6.1204013e-01  -9.3452590e-02
   6.0869565e-01  -9.4005764e-02
   6.0535117e-01  -9.4547807e-02
   6.0200669e-01  -9.5078661e-02
   5.9866221e-01  -9.5598270e-02
   5.9531773e-01  -9.6106581e-02
   5.9197324e-01  -9.6603545e-02
   5.8862876e-01  -9.7089116e-02
   5.8528428e-01  -9.7563251e-02
   5.8193980e-01  -9.8025910e-02
   5.7859532e-01  -9.8477056e-02
   5.7525084e-01  -9.8916657e-02
   5.7190635e-01  -9.9344680e-02
   5.6856187e-01  -9.9761098e-02
   5.6521739e-01  -1.0016589e-01
   5.6187291e-01  -1.0055903e-01
   5.5852843e-01  -1.0094049e-01
   5.5518395e-01  -1.0131028e-01
   5.5183946e-01  -1.0166836e-01
   5.4849498e-01  -1.0201473e-01
   5.4515050e-01  -1.0234939e-01
   5.4180602e-01  -1.0267233e-01
   5.3846154e-01  -1.0298354e-01
   5.3511706e-01  -1.0328303e-01
   5.3177258e-01  -1.0357081e-01
   5.2842809e-01  -1.0384686e-01
   5.2508361e-01  -1.0411122e-01
   5.2173913e-01  -1.0436388e-01
   5.1839465e-01  -1.0460486e-01
   5.1505017e-01  -1.0483418e-01
   5.1170569e-01  -1.0505185e-01
   5.0836120e-01  -1.0525791e-01
   5.0501672e-01  -1.0545236e-01
   5.0167224e-01  -1.0563523e-01
   4.9832776e-01  -1.0580657e-01
   4.9498328e-01  -1.0596638e-01
   4.9163880e-01  -1.0611472e-01
   4.8829431e-01  -1.0625160e-01
   4.8494983e-01  -1.0637708e-01
   4.8160535e-01  -1.0649119e-01
   4.7826087e-01  -1.0659396e-01
   4.7491639e-01  -1.0668545e-01
   4.7157191e-01  -1.0676570e-01
   4.6822742e-01  -1.0683476e-01
   4.6488294e-01  -1.0689267e-01
   4.6153846e-01  -1.0693950e-01
   4.5819398e-01  -1.0697528e-01
   4.5484950e-01  -1.0700008e-01
   4.5150502e-01  -1.0701395e-01
   4.4816054e-01  -1.0701695e-01
   4.4481605e-01  -1.0700914e-01
   4.4147157e-01  -1.0699059e-01
   4.3812709e-01  -1.0696135e-01
   4.3478261e-01  -1.0692150e-01
   4.3143813e-01  -1.0687109e-01
   4.2809365e-01  -1.0681020e-01
   4.2474916e-01  -1.0673890e-01
   4.2140468e-01  -1.0665725e-01
   4.1806020e-01  -1.0656533e-01
   4.1471572e-01  -1.0646322e-01
   4.1137124e-01  -1.0635098e-01
   4.0802676e-01  -1.0622869e-01
   4.0468227e-01  -1.0609643e-01
   4.0133779e-01  -1.0595427e-01
   3.9799331e-01  -1.0580231e-01
   3.9464883e-01  -1.0564061e-01
   3.9130435e-01  -1.0546925e-01
   3.8795987e-01  -1.0528832e-01
   3.8461538e-01  -1.0509790e-01
   3.8127090e-01  -1.0489808e-01
   3.7792642e-01  -1.0468893e-01
   3.7458194e-01  -1.0447054e-01
   3.7123746e-01  -1.0424300e-01
   3.6789298e-01  -1.0400638e-01
   3.6454849e-01  -1.0376079e-01
   3.6120401e-01  -1.0350629e-01
   3.5785953e-01  -1.0324298e-01
   3.5451505e-01  -1.0297095e-01
   3.5117057e-01  -1.0269028e-01
   3.4782609e-01  -1.0240105e-01
   3.4448161e-01  -1.0210336e-01
   3.4113712e-01  -1.0179729e-01
   3.3779264e-01  -1.0148292e-01
   3.3444816e-01  -1.0116034e-01
   3.3110368e-01  -1.0082964e-01
   3.2775920e-01  -1.0049089e-01
   3.2441472e-01  -1.0014420e-01
   3.2107023e-01  -9.9789626e-02
   3.1772575e-01  -9.9427267e-02
   3.1438127e-01  -9.9057201e-02
   3.1103679e-01  -9.8679508e-02
   3.0769231e-01  -9.8294268e-02
   3.0434783e-01  -9.7901559e-02
   3.0100334e-01  -9.7501460e-02
   2.9765886e-01  -9.7094044e-02
   2.9431438e-01  -9.6679388e-02
   2.9096990e-01  -9.6257563e-02
   2.8762542e-01  -9.5828640e-02
   2.8428094e-01  -9.5392688e-02
   2.8093645e-01  -9.4949774e-02
   2.7759197e-01  -9.4499962e-02
   2.7424749e-01  -9.4043315e-02
   2.7090301e-01  -9.3579891e-02
   2.6755853e-01  -9.3109749e-02
   2.6421405e-01  -9.2632941e-02
   2.6086957e-01  -9.2149519e-02
   2.5752508e-01  -9.1659531e-02
   2.5418060e-01  -9.1163020e-02
   2.5083612e-01  -9.0660029e-02
   2.4749164e-01  -9.0150592e-02
   2.4414716e-01  -8.9634744e-02
   2.4080268e-01  -8.9112512e-02
   2.3745819e-01  -8.8583921e-02
   2.3411371e-01  -8.8048989e-02
   2.3076923e-01  -8.7507731e-02
   2.2742475e-01  -8.6960156e-02
   2.2408027e-01  -8.6406265e-02
   2.2073579e-01  -8.5846057e-02
   2.1739130e-01  -8.5279522e-02
   2.1404682e-01  -8.4706644e-02
   2.1070234e-01  -8.4127400e-02
   2.0735786e-01  -8.3541760e-02
   2.0401338e-01  -8.2949685e-02
   2.0066890e-01  -8.2351129e-02
   1.9732441e-01  -8.1746036e-02
   1.9397993e-01  -8.1134342e-02
   1.9063545e-01  -8.0515972e-02
   1.8729097e-01  -7.9890841e-02
   1.8394649e-01  -7.9258854e-02
   1.8060201e-01  -7.8619902e-02
   1.7725753e-01  -7.7973866e-02
   1.7391304e-01  -7.7320613e-02
   1.7056856e-01  -7.6659994e-02
   1.6722408e-01  -7.5991848e-02
   1.6387960e-01  -7.5315997e-02
   1.6053512e-01  -7.4632245e-02
   1.5719064e-01  -7.3940380e-02
   1.5384615e-01  -7.3240169e-02
   1.5050167e-01  -7.2531359e-02
   1.4715719e-01  -7.1813675e-02
   1.4381271e-01  -7.1086818e-02
   1.4046823e-01  -7.0350462e-02
   1.3712375e-01  -6.9604257e-02
   1.3377926e-01  -6.8847820e-02
   1.3043478e-01  -6.8080738e-02
   1.2709030e-01  -6.7302561e-02
   1.2374582e-01  -6.6512805e-02
   1.2040134e-01  -6.5710940e-02
   1.1705686e-01  -6.4896396e-02
   1.1371237e-01  -6.4068552e-02
   1.1036789e-01  -6.3226734e-02
   1.0702341e-01  -6.2370209e-02
   1.0367893e-01  -6.1498179e-02
   1.0033445e-01  -6.0609775e-02
   9.6989967e-02  -5.9704048e-02
   9.3645485e-02  -5.8779961e-02
   9.0301003e-02  -5.7836376e-02
   8.6956522e-02  -5.6872047e-02
   8.3612040e-02  -5.5885600e-02
   8.0267559e-02  -5.4875520e-02
   7.6923077e-02  -5.3840129e-02
   7.3578595e-02  -5.2777562e-02
   7.0234114e-02  -5.1685743e-02
   6.6889632e-02  -5.0562342e-02
   6.3545151e-02  -4.9404740e-02
   6.0200669e-02  -4.8209974e-02
   5.6856187e-02  -4.6974670e-02
   5.3511706e-02  -4.5694961e-02
   5.0167224e-02  -4.4366380e-02
   4.6822742e-02  -4.2983724e-02
   4.3478261e-02  -4.1540865e-02
   4.0133779e-02  -4.0030505e-02
   3.6789298e-02  -3.8443836e-02
   3.3444816e-02  -3.6770046e-02
   3.0100334e-02  -3.4995616e-02
   2.6755853e-02  -3.3103245e-02
   2.3411371e-02  -3.1070144e-02
   2.0066890e-02  -2.8865197e-02
   1.6722408e-02  -2.6443872e-02
   1.3377926e-02  -2.3738222e-02
   1.0033445e-02  -2.0634521e-02
   6.6889632e-03  -1.6912284e-02
   3.3444816e-03  -1.2005469e-02
   0.0000000e+00   0.0000000e+00
