   0.0000000e+00   0.0000000e+00
   3.3444816e-03   1.0884992e-02
   6.6889632e-03   1.5373406e-02
   1.0033445e-02   1.8802807e-02
   1.3377926e-02   2.1680992e-02
   1.6722408e-02   2.4204801e-02
   2.0066890e-02   2.6475240e-02
   2.3411371e-02   2.8552335e-02
   2.6755853e-02   3.0475204e-02
   3.0100334e-02   3.2271022e-02
   3.3444816e-02   3.3959577e-02
   3.6789298e-02   3.5555805e-02
   4.0133779e-02   3.7071308e-02
   4.3478261e-02   3.8515313e-02
   4.6822742e-02   3.9895297e-02
   5.0167224e-02   4.1217423e-02
   5.3511706e-02   4.2486839e-02
   5.6856187e-02   4.3707900e-02
   6.0200669e-02   4.4884327e-02
   6.3545151e-02   4.6019330e-02
   6.6889632e-02   4.7115703e-02
   7.0234114e-02   4.8175892e-02
   7.3578595e-02   4.9202059e-02
   7.6923077e-02   5.0196118e-02
   8.0267559e-02   5.1159782e-02
   8.3612040e-02   5.2094585e-02
   8.6956522e-02   5.3001912e-02
   9.0301003e-02   5.3883014e-02
   9.3645485e-02   5.4739031e-02
   9.6989967e-02   5.5571001e-02
   1.0033445e-01   5.6379875e-02
   1.0367893e-01   5.7166526e-02
   1.0702341e-01   5.7931760e-02
   1.1036789e-01   5.8676319e-02
   1.1371237e-01   5.9400893e-02
   1.1705686e-01   6.0106121e-02
   1.2040134e-01   6.0792601e-02
   1.2374582e-01   6.1460887e-02
   1.2709030e-01   6.2111501e-02
   1.3043478e-01   6.2744929e-02
   1.3377926e-01   6.3361631e-02
   1.3712375e-01   6.3962038e-02
   1.4046823e-01   6.4546555e-02
   1.4381271e-01   6.5115568e-02
   1.4715719e-01   6.5669440e-02
   1.5050167e-01   6.6208514e-02
   1.5384615e-01   6.6733119e-02
   1.5719064e-01   6.7243565e-02
   1.6053512e-01   6.7740147e-02
   1.6387960e-01   6.8223149e-02
   1.6722408e-01   6.8692839e-02
   1.7056856e-01   6.9149475e-02
   1.7391304e-01   6.9593304e-02
   1.7725753e-01   7.0024561e-02
   1.8060201e-01   7.0443474e-02
   1.8394649e-01   7.0850261e-02
   1.8729097e-01   7.1245131e-02
   1.9063545e-01   7.1628285e-02
   1.9397993e-01   7.1999918e-02
   1.9732441e-01   7.2360218e-02
   2.0066890e-01   7.2709366e-02
   2.0401338e-01   7.3047536e-02
   2.0735786e-01   7.3374899e-02
   2.1070234e-01   7.3691618e-02
   2.1404682e-01   7.3997852e-02
   2.1739130e-01   7.4293756e-02
   2.2073579e-01   7.4579479e-02
   2.2408027e-01   7.4855167e-02
   2.2742475e-01   7.5120961e-02
   2.3076923e-01   7.5377000e-02
   2.3411371e-01   7.5623416e-02
   2.3745819e-01   7.5860340e-02
   2.4080268e-01   7.6087901e-02
   2.4414716e-01   7.6306222e-02
   2.4749164e-01   7.6515425e-02
   2.5083612e-01   7.6715627e-02
   2.5418060e-01   7.6906945e-02
   2.5752508e-01   7.7089492e-02
   2.6086957e-01   7.7263380e-02
   2.6421405e-01   7.7428715e-02
   2.6755853e-01   7.7585605e-02
   2.7090301e-01   7.7734154e-02
   2.7424749e-01   7.7874464e-02
   2.7759197e-01   7.8006635e-02
   2.8093645e-01   7.8130765e-02
   2.8428094e-01   7.8246951e-02
   2.8762542e-01   7.8355287e-02
   2.9096990e-01   7.8455867e-02
   2.9431438e-01   7.8548782e-02
   2.9765886e-01   7.8634121e-02
   3.0100334e-01   7.8711973e-02
   3.0434783e-01   7.8782426e-02
   3.0769231e-01   7.8845564e-02
   3.1103679e-01   7.8901472e-02
   3.1438127e-01   7.8950233e-02
   3.1772575e-01   7.8991928e-02
   3.2107023e-01   7.9026638e-02
   3.2441472e-01   7.9054442e-02
   3.2775920e-01   7.9075419e-02
   3.3110368e-01   7.9089644e-02
   3.3444816e-01   7.9097194e-02
   3.3779264e-01   7.9098145e-02
   3.4113712e-01   7.9092568e-02
   3.4448161e-01   7.9080539e-02
   3.4782609e-01   7.9062127e-02
   3.5117057e-01   7.9037405e-02
   3.5451505e-01   7.9006442e-02
   3.5785953e-01   7.8969307e-02
   3.6120401e-01   7.8926068e-02
   3.6454849e-01   7.8876793e-02
   3.6789298e-01   7.8821547e-02
   3.7123746e-01   7.8760398e-02
   3.7458194e-01   7.8693408e-02
   3.7792642e-01   7.8620643e-02
   3.8127090e-01   7.8542164e-02
   3.8461538e-01   7.8458036e-02
   3.8795987e-01   7.8368319e-02
   3.9130435e-01   7.8273074e-02
   3.9464883e-01   7.8172361e-02
   3.9799331e-01   7.8066240e-02
   4.0133779e-01   7.7954769e-02
   4.0468227e-01   7.7838007e-02
   4.0802676e-01   7.7716009e-02
   4.1137124e-01   7.7588834e-02
   4.1471572e-01   7.7456537e-02
   4.1806020e-01   7.7319172e-02
   4.2140468e-01   7.7176795e-02
   4.2474916e-01   7.7029459e-02
   4.2809365e-01   7.6877218e-02
   4.3143813e-01   7.6720123e-02
   4.3478261e-01   7.6558227e-02
   4.3812709e-01   7.6391581e-02
   4.4147157e-01   7.6220235e-02
   4.4481605e-01   7.6044240e-02
   4.4816054e-01   7.5863644e-02
   4.5150502e-01   7.5678496e-02
   4.5484950e-01   7.5488845e-02
   4.5819398e-01   7.5294737e-02
   4.6153846e-01   7.5096220e-02
   4.6488294e-01   7.4893339e-02
   4.6822742e-01   7.4686140e-02
   4.7157191e-01   7.4474668e-02
   4.7491639e-01   7.4258967e-02
   4.7826087e-01   7.4039081e-02
   4.8160535e-01   7.3815053e-02
   4.8494983e-01   7.3586925e-02
   4.8829431e-01   7.3354739e-02
   4.9163880e-01   7.3118537e-02
   4.9498328e-01   7.2878359e-02
   4.9832776e-01   7.2634245e-02
   5.0167224e-01   7.2386234e-02
   5.0501672e-01   7.2134366e-02
   5.0836120e-01   7.1878677e-02
   5.1170569e-01   7.1619207e-02
   5.1505017e-01   7.1355992e-02
   5.1839465e-01   7.1089069e-02
   5.2173913e-01   7.0818472e-02
   5.2508361e-01   7.0544237e-02
   5.2842809e-01   7.0266400e-02
   5.3177258e-01   6.9984992e-02
   5.3511706e-01   6.9700049e-02
   5.3846154e-01   6.9411603e-02
   5.4180602e-01   6.9119685e-02
   5.4515050e-01   6.8824328e-02
   5.4849498e-01   6.8525561e-02
   5.5183946e-01   6.8223416e-02
   5.5518395e-01   6.7917922e-02
   5.5852843e-01   6.7609108e-02
   5.6187291e-01   6.7297002e-02
   5.6521739e-01   6.6981632e-02
   5.6856187e-01   6.6663025e-02
   5.7190635e-01   6.6341208e-02
   5.7525084e-01   6.6016206e-02
   5.7859532e-01   6.5688045e-02
   5.8193980e-01   6.5356750e-02
   5.8528428e-01   6.5022344e-02
   5.8862876e-01   6.4684850e-02
   5.9197324e-01   6.4344292e-02
   5.9531773e-01   6.4000691e-02
   5.9866221e-01   6.3654069e-02
   6.0200669e-01   6.3304446e-02
   6.0535117e-01   6.2951843e-02
   6.0869565e-01   6.2596279e-02
   6.1204013e-01   6.2237773e-02
   6.1538462e-01   6.1876343e-02
   6.1872910e-01   6.1512007e-02
   6.2207358e-01   6.1144781e-02
   6.2541806e-01   6.0774682e-02
   6.2876254e-01   6.0401724e-02
   6.3210702e-01   6.0025924e-02
   6.3545151e-01   5.9647295e-02
   6.3879599e-01   5.9265850e-02
   6.4214047e-01   5.8881603e-02
   6.4548495e-01   5.8494565e-02
   6.4882943e-01   5.8104749e-02
   6.5217391e-01   5.7712164e-02
   6.5551839e-01   5.7316821e-02
   6.5886288e-01   5.6918729e-02
   6.6220736e-01   5.6517897e-02
   6.6555184e-01   5.6114334e-02
   6.6889632e-01   5.5708046e-02
   6.7224080e-01   5.5299039e-02
   6.7558528e-01   5.4887321e-02
   6.7892977e-01   5.4472896e-02
   6.8227425e-01   5.4055769e-02
   6.8561873e-01   5.3635943e-02
   6.8896321e-01   5.3213421e-02
   6.9230769e-01   5.2788206e-02
   6.9565217e-01   5.2360300e-02
   6.9899666e-01   5.1929704e-02
   7.0234114e-01   5.1496417e-02
   7.0568562e-01   5.1060439e-02
   7.0903010e-01   5.0621769e-02
   7.1237458e-01   5.0180405e-02
   7.1571906e-01   4.9736345e-02
   7.1906355e-01   4.9289583e-02
   7.2240803e-01   4.8840118e-02
   7.2575251e-01   4.8387943e-02
   7.2909699e-01   4.7933052e-02
   7.3244147e-01   4.7475440e-02
   7.3578595e-01   4.7015100e-02
   7.3913043e-01   4.6552022e-02
   7.4247492e-01   4.6086199e-02
   7.4581940e-01   4.5617620e-02
   7.4916388e-01   4.5146276e-02
   7.5250836e-01   4.4672156e-02
   7.5585284e-01   4.4195248e-02
   7.5919732e-01   4.3715539e-02
   7.6254181e-01   4.3233015e-02
   7.6588629e-01   4.2747663e-02
   7.6923077e-01   4.2259468e-02
   7.7257525e-01   4.1768415e-02
   7.7591973e-01   4.1274485e-02
   7.7926421e-01   4.0777663e-02
   7.8260870e-01   4.0277930e-02
   7.8595318e-01   3.9775266e-02
   7.8929766e-01   3.9269654e-02
   7.9264214e-01   3.8761071e-02
   7.9598662e-01   3.8249497e-02
   7.9933110e-01   3.7734909e-02
   8.0267559e-01   3.7217285e-02
   8.0602007e-01   3.6696601e-02
   8.0936455e-01   3.6172831e-02
   8.1270903e-01   3.5645952e-02
   8.1605351e-01   3.5115936e-02
   8.1939799e-01   3.4582756e-02
   8.2274247e-01   3.4046384e-02
   8.2608696e-01   3.3506793e-02
   8.2943144e-01   3.2963951e-02
   8.3277592e-01   3.2417829e-02
   8.3612040e-01   3.1868395e-02
   8.3946488e-01   3.1315618e-02
   8.4280936e-01   3.0759463e-02
   8.4615385e-01   3.0199898e-02
   8.4949833e-01   2.9636888e-02
   8.5284281e-01   2.9070397e-02
   8.5618729e-01   2.8500389e-02
   8.5953177e-01   2.7926826e-02
   8.6287625e-01   2.7349670e-02
   8.6622074e-01   2.6768882e-02
   8.6956522e-01   2.6184423e-02
   8.7290970e-01   2.5596251e-02
   8.7625418e-01   2.5004325e-02
   8.7959866e-01   2.4408602e-02
   8.8294314e-01   2.3809039e-02
   8.8628763e-01   2.3205591e-02
   8.8963211e-01   2.2598213e-02
   8.9297659e-01   2.1986860e-02
   8.9632107e-01   2.1371483e-02
   8.9966555e-01   2.0752036e-02
   9.0301003e-01   2.0128468e-02
   9.0635452e-01   1.9500731e-02
   9.0969900e-01   1.8868774e-02
   9.1304348e-01   1.8232545e-02
   9.1638796e-01   1.7591992e-02
   9.1973244e-01   1.6947061e-02
   9.2307692e-01   1.6297697e-02
   9.2642140e-01   1.5643847e-02
   9.2976589e-01   1.4985452e-02
   9.3311037e-01   1.4322457e-02
   9.3645485e-01   1.3654804e-02
   9.3979933e-01   1.2982432e-02
   9.4314381e-01   1.2305282e-02
   9.4648829e-01   1.1623294e-02
   9.4983278e-01   1.0936405e-02
   9.5317726e-01   1.0244553e-02
   9.5652174e-01   9.5476731e-03
   9.5986622e-01   8.8457017e-03
   9.6321070e-01   8.1385727e-03
   9.6655518e-01   7.4262195e-03
   9.6989967e-01   6.7085745e-03
   9.7324415e-01   5.9855691e-03
   9.7658863e-01   5.2571337e-03
   9.7993311e-01   4.5231979e-03
   9.8327759e-01   3.7836900e-03
   9.8662207e-01   3.0385378e-03
   9.8996656e-01   2.2876676e-03
   9.9331104e-01   1.5310050e-03
   9.9665552e-01   7.6847462e-04
   1.0000000e+00   0.0000000e+00
   1.0000000e+00  -0.0000000e+00
   9.9665552e-01  -2.6587011e-04
   9.9331104e-01  -5.3141536e-04
   9.8996656e-01  -7.9662246e-04
   9.8662207e-01  -1.0614784e-03
   9.8327759e-01  -1.3259705e-03
   9.7993311e-01  -1.5900863e-03
   9.7658863e-01  -1.8538137e-03
   9.7324415e-01  -2.1171407e-03
   9.6989967e-01  -2.3800556e-03
   9.6655518e-01  -2.6425472e-03
   9.6321070e-01  -2.9046042e-03
   9.5986622e-01  -3.1662160e-03
   9.5652174e-01  -3.4273718e-03
   9.5317726e-01  -3.6880613e-03
   9.4983278e-01  -3.9482745e-03
   9.4648829e-01  -4.2080016e-03
   9.4314381e-01  -4.4672328e-03
   9.3979933e-01  -4.7259590e-03
   9.3645485e-01  -4.9841711e-03
   9.3311037e-01  -5.2418601e-03
   9.2976589e-01  -5.4990175e-03
   9.2642140e-01  -5.7556350e-03
   9.2307692e-01  -6.0117043e-03
   9.1973244e-01  -6.2672177e-03
   9.1638796e-01  -6.5221673e-03
   9.1304348e-01  -6.7765459e-03
   9.0969900e-01  -7.0303462e-03
   9.0635452e-01  -7.2835611e-03
   9.0301003e-01  -7.5361840e-03
   8.9966555e-01  -7.7882083e-03
   8.9632107e-01  -8.0396276e-03
   8.9297659e-01  -8.2904358e-03
   8.8963211e-01  -8.5406271e-03
   8.8628763e-01  -8.7901958e-03
   8.8294314e-01  -9.0391362e-03
   8.7959866e-01  -9.2874433e-03
   8.7625418e-01  -9.5351118e-03
   8.7290970e-01  -9.7821368e-03
   8.6956522e-01  -1.0028514e-02
   8.6622074e-01  -1.0274238e-02
   8.6287625e-01  -1.0519306e-02
   8.5953177e-01  -1.0763712e-02
   8.5618729e-01  -1.1007453e-02
   8.5284281e-01  -1.1250526e-02
   8.4949833e-01  -1.1492927e-02
   8.4615385e-01  -1.1734651e-02
   8.4280936e-01  -1.1975697e-02
   8.3946488e-01  -1.2216061e-02
   8.3612040e-01  -1.2455740e-02
   8.3277592e-01  -1.2694731e-02
   8.2943144e-01  -1.2933033e-02
   8.2608696e-01  -1.3170641e-02
   8.2274247e-01  -1.3407555e-02
   8.1939799e-01  -1.3643773e-02
   8.1605351e-01  -1.3879291e-02
   8.1270903e-01  -1.4114109e-02
   8.0936455e-01  -1.4348225e-02
   8.0602007e-01  -1.4581637e-02
   8.0267559e-01  -1.4814344e-02
   7.9933110e-01  -1.5046344e-02
   7.9598662e-01  -1.5277638e-02
   7.9264214e-01  -1.5508223e-02
   7.8929766e-01  -1.5738099e-02
   7.8595318e-01  -1.5967265e-02
   7.8260870e-01  -1.6195721e-02
   7.7926421e-01  -1.6423466e-02
   7.7591973e-01  -1.6650499e-02
   7.7257525e-01  -1.6876821e-02
   7.6923077e-01  -1.7102432e-02
   7.6588629e-01  -1.7327331e-02
   7.6254181e-01  -1.7551518e-02
   7.5919732e-01  -1.7774994e-02
   7.5585284e-01  -1.7997758e-02
   7.5250836e-01  -1.8219812e-02
   7.4916388e-01  -1.8441155e-02
   7.4581940e-01  -1.8661789e-02
   7.4247492e-01  -1.8881713e-02
   7.3913043e-01  -1.9100929e-02
   7.3578595e-01  -1.9319436e-02
   7.3244147e-01  -1.9537237e-02
   7.2909699e-01  -1.9754331e-02
   7.2575251e-01  -1.9970720e-02
   7.2240803e-01  -2.0186405e-02
   7.1906355e-01  -2.0401386e-02
   7.1571906e-01  -2.0615666e-02
   7.1237458e-01  -2.0829244e-02
   7.0903010e-01  -2.1042123e-02
   7.0568562e-01  -2.1254302e-02
   7.0234114e-01  -2.1465785e-02
   6.9899666e-01  -2.1676571e-02
   6.9565217e-01  -2.1886663e-02
   6.9230769e-01  -2.2096061e-02
   6.8896321e-01  -2.2304767e-02
   6.8561873e-01  -2.2512782e-02
   6.8227425e-01  -2.2720108e-02
   6.7892977e-01  -2.2926745e-02
   6.7558528e-01  -2.3132696e-02
   6.7224080e-01  -2.3337962e-02
   6.6889632e-01  -2.3542543e-02
   6.6555184e-01  -2.3746442e-02
   6.6220736e-01  -2.3949659e-02
   6.5886288e-01  -2.4152196e-02
   6.5551839e-01  -2.4354055e-02
   6.5217391e-01  -2.4555235e-02
   6.4882943e-01  -2.4755739e-02
   6.4548495e-01  -2.4955568e-02
   6.4214047e-01  -2.5154722e-02
   6.3879599e-01  -2.5353203e-02
   6.3545151e-01  -2.5551012e-02
   6.3210702e-01  -2.5748149e-02
   6.2876254e-01  -2.5944616e-02
   6.2541806e-01  -2.6140413e-02
   6.2207358e-01  -2.6335541e-02
   6.1872910e-01  -2.6530000e-02
   6.1538462e-01  -2.6723791e-02
   6.1204013e-01  -2.6916914e-02
   6.0869565e-01  -2.7109369e-02
   6.0535117e-01  -2.7301158e-02
   6.0200669e-01  -2.7492279e-02
   5.9866221e-01  -2.7682733e-02
   5.9531773e-01  -2.7872519e-02
   5.9197324e-01  -2.8061638e-02
   5.8862876e-01  -2.8250088e-02
   5.8528428e-01  -2.8437870e-02
   5.8193980e-01  -2.8624981e-02
   5.7859532e-01  -2.8811422e-02
   5.7525084e-01  -2.8997191e-02
   5.7190635e-01  -2.9182287e-02
   5.6856187e-01  -2.9366709e-02
   5.6521739e-01  -2.9550454e-02
   5.6187291e-01  -2.9733521e-02
   5.5852843e-01  -2.9915908e-02
   5.5518395e-01  -3.0097613e-02
   5.5183946e-01  -3.0278633e-02
   5.4849498e-01  -3.0458965e-02
   5.4515050e-01  -3.0638606e-02
   5.4180602e-01  -3.0817554e-02
   5.3846154e-01  -3.0995804e-02
   5.3511706e-01  -3.1173354e-02
   5.3177258e-01  -3.1350198e-02
   5.2842809e-01  -3.1526333e-02
   5.2508361e-01  -3.1701754e-02
   5.2173913e-01  -3.1876457e-02
   5.1839465e-01  -3.2050436e-02
   5.1505017e-01  -3.2223685e-02
   5.1170569e-01  -3.2396200e-02
   5.0836120e-01  -3.2567973e-02
   5.0501672e-01  -3.2738998e-02
   5.0167224e-01  -3.2909269e-02
   4.9832776e-01  -3.3078778e-02
   4.9498328e-01  -3.3247518e-02
   4.9163880e-01  -3.3415480e-02
   4.8829431e-01  -3.3582657e-02
   4.8494983e-01  -3.3749039e-02
   4.8160535e-01  -3.3914617e-02
   4.7826087e-01  -3.4079383e-02
   4.7491639e-01  -3.4243324e-02
   4.7157191e-01  -3.4406432e-02
   4.6822742e-01  -3.4568696e-02
   4.6488294e-01  -3.4730102e-02
   4.6153846e-01  -3.4890640e-02
   4.5819398e-01  -3.5050298e-02
   4.5484950e-01  -3.5209061e-02
   4.5150502e-01  -3.5366917e-02
   4.4816054e-01  -3.5523852e-02
   4.4481605e-01  -3.5679850e-02
   4.4147157e-01  -3.5834896e-02
   4.3812709e-01  -3.5988975e-02
   4.3478261e-01  -3.6142070e-02
   4.3143813e-01  -3.6294164e-02
   4.2809365e-01  -3.6445239e-02
   4.2474916e-01  -3.6595277e-02
   4.2140468e-01  -3.6744258e-02
   4.1806020e-01  -3.6892163e-02
   4.1471572e-01  -3.7038971e-02
   4.1137124e-01  -3.7184660e-02
   4.0802676e-01  -3.7329210e-02
   4.0468227e-01  -3.7472596e-02
   4.0133779e-01  -3.7614796e-02
   3.9799331e-01  -3.7755784e-02
   3.9464883e-01  -3.7895535e-02
   3.9130435e-01  -3.8034023e-02
   3.8795987e-01  -3.8171222e-02
   3.8461538e-01  -3.8307102e-02
   3.8127090e-01  -3.8441635e-02
   3.7792642e-01  -3.8574791e-02
   3.7458194e-01  -3.8706538e-02
   3.7123746e-01  -3.8836845e-02
   3.6789298e-01  -3.8965679e-02
   3.6454849e-01  -3.9093006e-02
   3.6120401e-01  -3.9218790e-02
   3.5785953e-01  -3.9342994e-02
   3.5451505e-01  -3.9465582e-02
   3.5117057e-01  -3.9586513e-02
   3.4782609e-01  -3.9705749e-02
   3.4448161e-01  -3.9823247e-02
   3.4113712e-01  -3.9938965e-02
   3.3779264e-01  -4.0052858e-02
   3.3444816e-01  -4.0164882e-02
   3.3110368e-01  -4.0274988e-02
   3.2775920e-01  -4.0383129e-02
   3.2441472e-01  -4.0489254e-02
   3.2107023e-01  -4.0593312e-02
   3.1772575e-01  -4.0695249e-02
   3.1438127e-01  -4.0795011e-02
   3.1103679e-01  -4.0892539e-02
   3.0769231e-01  -4.0987777e-02
   3.0434783e-01  -4.1080662e-02
   3.0100334e-01  -4.1171134e-02
   2.9765886e-01  -4.1259127e-02
   2.9431438e-01  -4.1344574e-02
   2.9096990e-01  -4.1427408e-02
   2.8762542e-01  -4.1507557e-02
   2.8428094e-01  -4.1584948e-02
   2.8093645e-01  -4.1659506e-02
   2.7759197e-01  -4.1731152e-02
   2.7424749e-01  -4.1799807e-02
   2.7090301e-01  -4.1865386e-02
   2.6755853e-01  -4.1927805e-02
   2.6421405e-01  -4.1986974e-02
   2.6086957e-01  -4.2042802e-02
   2.5752508e-01  -4.2095194e-02
   2.5418060e-01  -4.2144051e-02
   2.5083612e-01  -4.2189274e-02
   2.4749164e-01  -4.2230757e-02
   2.4414716e-01  -4.2268392e-02
   2.4080268e-01  -4.2302068e-02
   2.3745819e-01  -4.2331667e-02
   2.3411371e-01  -4.2357072e-02
   2.3076923e-01  -4.2378157e-02
   2.2742475e-01  -4.2394794e-02
   2.2408027e-01  -4.2406850e-02
   2.2073579e-01  -4.2414188e-02
   2.1739130e-01  -4.2416664e-02
   2.1404682e-01  -4.2414131e-02
   2.1070234e-01  -4.2406434e-02
   2.0735786e-01  -4.2393415e-02
   2.0401338e-01  -4.2374908e-02
   2.0066890e-01  -4.2350741e-02
   1.9732441e-01  -4.2320736e-02
   1.9397993e-01  -4.2284708e-02
   1.9063545e-01  -4.2242462e-02
   1.8729097e-01  -4.2193800e-02
   1.8394649e-01  -4.2138511e-02
   1.8060201e-01  -4.2076377e-02
   1.7725753e-01  -4.2007173e-02
   1.7391304e-01  -4.1930662e-02
   1.7056856e-01  -4.1846595e-02
   1.6722408e-01  -4.1754716e-02
   1.6387960e-01  -4.1654755e-02
   1.6053512e-01  -4.1546429e-02
   1.5719064e-01  -4.1429443e-02
   1.5384615e-01  -4.1303488e-02
   1.5050167e-01  -4.1168239e-02
   1.4715719e-01  -4.1023356e-02
   1.4381271e-01  -4.0868479e-02
   1.4046823e-01  -4.0703234e-02
   1.3712375e-01  -4.0527221e-02
   1.3377926e-01  -4.0340024e-02
   1.3043478e-01  -4.0141200e-02
   1.2709030e-01  -3.9930282e-02
   1.2374582e-01  -3.9706775e-02
   1.2040134e-01  -3.9470154e-02
   1.1705686e-01  -3.9219862e-02
   1.1371237e-01  -3.8955306e-02
   1.1036789e-01  -3.8675853e-02
   1.0702341e-01  -3.8380829e-02
   1.0367893e-01  -3.8069511e-02
   1.0033445e-01  -3.7741122e-02
   9.6989967e-02  -3.7394831e-02
   9.3645485e-02  -3.7029737e-02
   9.0301003e-02  -3.6644869e-02
   8.6956522e-02  -3.6239173e-02
   8.3612040e-02  -3.5811504e-02
   8.0267559e-02  -3.5360611e-02
   7.6923077e-02  -3.4885124e-02
   7.3578595e-02  -3.4383534e-02
   7.0234114e-02  -3.3854176e-02
   6.6889632e-02  -3.3295200e-02
   6.3545151e-02  -3.2704540e-02
   6.0200669e-02  -3.2079876e-02
   5.6856187e-02  -3.1418587e-02
   5.3511706e-02  -3.0717687e-02
   5.0167224e-02  -2.9973745e-02
   4.6822742e-02  -2.9182789e-02
   4.3478261e-02  -2.8340165e-02
   4.0133779e-02  -2.7440356e-02
   3.6789298e-02  -2.6476732e-02
   3.3444816e-02  -2.5441190e-02
   3.0100334e-02  -2.4323639e-02
   2.6755853e-02  -2.3111205e-02
   2.3411371e-02  -2.1786996e-02
   2.0066890e-02  -2.0328021e-02
   1.6722408e-02  -1.8701482e-02
   1.3377926e-02  -1.6857492e-02
   1.0033445e-02  -1.4712819e-02
   6.6889632e-03  -1.2106620e-02
   3.3444816e-03  -8.6274185e-03
   0.0000000e+00   0.0000000e+00
