   0.0000000e+00   0.0000000e+00
   3.3444816e-03   6.2558273e-03
   6.6889632e-03   8.8776391e-03
   1.0033445e-02   1.0909202e-02
   1.3377926e-02   1.2637617e-02
   1.6722408e-02   1.4173492e-02
   2.0066890e-02   1.5573231e-02
   2.3411371e-02   1.6870142e-02
   2.6755853e-02   1.8085788e-02
   3.0100334e-02   1.9235048e-02
   3.3444816e-02   2.0328679e-02
   3.6789298e-02   2.1374741e-02
   4.0133779e-02   2.2379451e-02
   4.3478261e-02   2.3347711e-02
   4.6822742e-02   2.4283466e-02
   5.0167224e-02   2.5189938e-02
   5.3511706e-02   2.6069799e-02
   5.6856187e-02   2.6925287e-02
   6.0200669e-02   2.7758300e-02
   6.3545151e-02   2.8570461e-02
   6.6889632e-02   2.9363167e-02
   7.0234114e-02   3.0137633e-02
   7.3578595e-02   3.0894921e-02
   7.6923077e-02   3.1635963e-02
   8.0267559e-02   3.2361586e-02
   8.3612040e-02   3.3072521e-02
   8.6956522e-02   3.3769424e-02
   9.0301003e-02   3.4452880e-02
   9.3645485e-02   3.5123418e-02
   9.6989967e-02   3.5781514e-02
   1.0033445e-01   3.6427600e-02
   1.0367893e-01   3.7062069e-02
   1.0702341e-01   3.7685280e-02
   1.1036789e-01   3.8297560e-02
   1.1371237e-01   3.8899210e-02
   1.1705686e-01   3.9490507e-02
   1.2040134e-01   4.0071706e-02
   1.2374582e-01   4.0643042e-02
   1.2709030e-01   4.1204733e-02
   1.3043478e-01   4.1756984e-02
   1.3377926e-01   4.2299981e-02
   1.3712375e-01   4.2833902e-02
   1.4046823e-01   4.3358911e-02
   1.4381271e-01   4.3875162e-02
   1.4715719e-01   4.4382800e-02
   1.5050167e-01   4.4881959e-02
   1.5384615e-01   4.5372769e-02
   1.5719064e-01   4.5855350e-02
   1.6053512e-01   4.6329816e-02
   1.6387960e-01   4.6796274e-02
   1.6722408e-01   4.7254829e-02
   1.7056856e-01   4.7705576e-02
   1.7391304e-01   4.8148608e-02
   1.7725753e-01   4.8584014e-02
   1.8060201e-01   4.9011879e-02
   1.8394649e-01   4.9432281e-02
   1.8729097e-01   4.9845300e-02
   1.9063545e-01   5.0251008e-02
   1.9397993e-01   5.0649477e-02
   1.9732441e-01   5.1040775e-02
   2.0066890e-01   5.1424967e-02
   2.0401338e-01   5.1802119e-02
   2.0735786e-01   5.2172290e-02
   2.1070234e-01   5.2535540e-02
   2.1404682e-01   5.2891926e-02
   2.1739130e-01   5.3241505e-02
   2.2073579e-01   5.3584329e-02
   2.2408027e-01   5.3920452e-02
   2.2742475e-01   5.4249924e-02
   2.3076923e-01   5.4572796e-02
   2.3411371e-01   5.4889115e-02
   2.3745819e-01   5.5198929e-02
   2.4080268e-01   5.5502284e-02
   2.4414716e-01   5.5799225e-02
   2.4749164e-01   5.6089796e-02
   2.5083612e-01   5.6374041e-02
   2.5418060e-01   5.6652002e-02
   2.5752508e-01   5.6923720e-02
   2.6086957e-01   5.7189237e-02
   2.6421405e-01   5.7448591e-02
   2.6755853e-01   5.7701824e-02
   2.7090301e-01   5.7948973e-02
   2.7424749e-01   5.8190077e-02
   2.7759197e-01   5.8425172e-02
   2.8093645e-01   5.8654297e-02
   2.8428094e-01   5.8877488e-02
   2.8762542e-01   5.9094780e-02
   2.9096990e-01   5.9306209e-02
   2.9431438e-01   5.9511811e-02
   2.9765886e-01   5.9711619e-02
   3.0100334e-01   5.9905669e-02
   3.0434783e-01   6.0093993e-02
   3.0769231e-01   6.0276626e-02
   3.1103679e-01   6.0453600e-02
   3.1438127e-01   6.0624947e-02
   3.1772575e-01   6.0790702e-02
   3.2107023e-01   6.0950894e-02
   3.2441472e-01   6.1105557e-02
   3.2775920e-01   6.1254721e-02
   3.3110368e-01   6.1398418e-02
   3.3444816e-01   6.1536678e-02
   3.3779264e-01   6.1669532e-02
   3.4113712e-01   6.1797010e-02
   3.4448161e-01   6.1919143e-02
   3.4782609e-01   6.2035958e-02
   3.5117057e-01   6.2147487e-02
   3.5451505e-01   6.2253758e-02
   3.5785953e-01   6.2354800e-02
   3.6120401e-01   6.2450642e-02
   3.6454849e-01   6.2541312e-02
   3.6789298e-01   6.2626838e-02
   3.7123746e-01   6.2707248e-02
   3.7458194e-01   6.2782570e-02
   3.7792642e-01   6.2852830e-02
   3.8127090e-01   6.2918057e-02
   3.8461538e-01   6.2978277e-02
   3.8795987e-01   6.3033517e-02
   3.9130435e-01   6.3083802e-02
   3.9464883e-01   6.3129160e-02
   3.9799331e-01   6.3169615e-02
   4.0133779e-01   6.3205195e-02
   4.0468227e-01   6.3235923e-02
   4.0802676e-01   6.3261826e-02
   4.1137124e-01   6.3282927e-02
   4.1471572e-01   6.3299253e-02
   4.1806020e-01   6.3310827e-02
   4.2140468e-01   6.3317673e-02
   4.2474916e-01   6.3319815e-02
   4.2809365e-01   6.3317276e-02
   4.3143813e-01   6.3310081e-02
   4.3478261e-01   6.3298253e-02
   4.3812709e-01   6.3281813e-02
   4.4147157e-01   6.3260784e-02
   4.4481605e-01   6.3235190e-02
   4.4816054e-01   6.3205052e-02
   4.5150502e-01   6.3170391e-02
   4.5484950e-01   6.3131229e-02
   4.5819398e-01   6.3087587e-02
   4.6153846e-01   6.3039487e-02
   4.6488294e-01   6.2986948e-02
   4.6822742e-01   6.2929992e-02
   4.7157191e-01   6.2868637e-02
   4.7491639e-01   6.2802904e-02
   4.7826087e-01   6.2732812e-02
   4.8160535e-01   6.2658380e-02
   4.8494983e-01   6.2579627e-02
   4.8829431e-01   6.2496572e-02
   4.9163880e-01   6.2409232e-02
   4.9498328e-01   6.2317626e-02
   4.9832776e-01   6.2221770e-02
   5.0167224e-01   6.2121683e-02
   5.0501672e-01   6.2017381e-02
   5.0836120e-01   6.1908880e-02
   5.1170569e-01   6.1796197e-02
   5.1505017e-01   6.1679347e-02
   5.1839465e-01   6.1558346e-02
   5.2173913e-01   6.1433209e-02
   5.2508361e-01   6.1303951e-02
   5.2842809e-01   6.1170587e-02
   5.3177258e-01   6.1033129e-02
   5.3511706e-01   6.0891593e-02
   5.3846154e-01   6.0745991e-02
   5.4180602e-01   6.0596336e-02
   5.4515050e-01   6.0442641e-02
   5.4849498e-01   6.0284919e-02
   5.5183946e-01   6.0123179e-02
   5.5518395e-01   5.9957435e-02
   5.5852843e-01   5.9787698e-02
   5.6187291e-01   5.9613977e-02
   5.6521739e-01   5.9436283e-02
   5.6856187e-01   5.9254625e-02
   5.7190635e-01   5.9069014e-02
   5.7525084e-01   5.8879459e-02
   5.7859532e-01   5.8685967e-02
   5.8193980e-01   5.8488546e-02
   5.8528428e-01   5.8287206e-02
   5.8862876e-01   5.8081952e-02
   5.9197324e-01   5.7872792e-02
   5.9531773e-01   5.7659731e-02
   5.9866221e-01   5.7442777e-02
   6.0200669e-01   5.7221935e-02
   6.0535117e-01   5.6997209e-02
   6.0869565e-01   5.6768604e-02
   6.1204013e-01   5.6536125e-02
   6.1538462e-01   5.6299774e-02
   6.1872910e-01   5.6059556e-02
   6.2207358e-01   5.5815473e-02
   6.2541806e-01   5.5567527e-02
   6.2876254e-01   5.5315720e-02
   6.3210702e-01   5.5060053e-02
   6.3545151e-01   5.4800527e-02
   6.3879599e-01   5.4537143e-02
   6.4214047e-01   5.4269901e-02
   6.4548495e-01   5.3998798e-02
   6.4882943e-01   5.3723836e-02
   6.5217391e-01   5.3445011e-02
   6.5551839e-01   5.3162322e-02
   6.5886288e-01   5.2875765e-02
   6.6220736e-01   5.2585339e-02
   6.6555184e-01   5.2291038e-02
   6.6889632e-01   5.1992859e-02
   6.7224080e-01   5.1690797e-02
   6.7558528e-01   5.1384846e-02
   6.7892977e-01   5.1075001e-02
   6.8227425e-01   5.0761255e-02
   6.8561873e-01   5.0443602e-02
   6.8896321e-01   5.0122033e-02
   6.9230769e-01   4.9796541e-02
   6.9565217e-01   4.9467117e-02
   6.9899666e-01   4.9133752e-02
   7.0234114e-01   4.8796436e-02
   7.0568562e-01   4.8455159e-02
   7.0903010e-01   4.8109910e-02
   7.1237458e-01   4.7760677e-02
   7.1571906e-01   4.7407449e-02
   7.1906355e-01   4.7050212e-02
   7.2240803e-01   4.6688954e-02
   7.2575251e-01   4.6323661e-02
   7.2909699e-01   4.5954318e-02
   7.3244147e-01   4.5580911e-02
   7.3578595e-01   4.5203424e-02
   7.3913043e-01   4.4821840e-02
   7.4247492e-01   4.4436142e-02
   7.4581940e-01   4.4046314e-02
   7.4916388e-01   4.3652338e-02
   7.5250836e-01   4.3254194e-02
   7.5585284e-01   4.2851863e-02
   7.5919732e-01   4.2445325e-02
   7.6254181e-01   4.2034561e-02
   7.6588629e-01   4.1619548e-02
   7.6923077e-01   4.1200264e-02
   7.7257525e-01   4.0776689e-02
   7.7591973e-01   4.0348797e-02
   7.7926421e-01   3.9916566e-02
   7.8260870e-01   3.9479970e-02
   7.8595318e-01   3.9038986e-02
   7.8929766e-01   3.8593587e-02
   7.9264214e-01   3.8143746e-02
   7.9598662e-01   3.7689438e-02
   7.9933110e-01   3.7230633e-02
   8.0267559e-01   3.6767304e-02
   8.0602007e-01   3.6299422e-02
   8.0936455e-01   3.5826956e-02
   8.1270903e-01   3.5349876e-02
   8.1605351e-01   3.4868151e-02
   8.1939799e-01   3.4381750e-02
   8.2274247e-01   3.3890640e-02
   8.2608696e-01   3.3394787e-02
   8.2943144e-01   3.2894157e-02
   8.3277592e-01   3.2388717e-02
   8.3612040e-01   3.1878430e-02
   8.3946488e-01   3.1363260e-02
   8.4280936e-01   3.0843171e-02
   8.4615385e-01   3.0318126e-02
   8.4949833e-01   2.9788085e-02
   8.5284281e-01   2.9253011e-02
   8.5618729e-01   2.8712863e-02
   8.5953177e-01   2.8167601e-02
   8.6287625e-01   2.7617184e-02
   8.6622074e-01   2.7061570e-02
   8.6956522e-01   2.6500716e-02
   8.7290970e-01   2.5934580e-02
   8.7625418e-01   2.5363116e-02
   8.7959866e-01   2.4786280e-02
   8.8294314e-01   2.4204027e-02
   8.8628763e-01   2.3616309e-02
   8.8963211e-01   2.3023081e-02
   8.9297659e-01   2.2424293e-02
   8.9632107e-01   2.1819898e-02
   8.9966555e-01   2.1209846e-02
   9.0301003e-01   2.0594086e-02
   9.0635452e-01   1.9972568e-02
   9.0969900e-01   1.9345240e-02
   9.1304348e-01   1.8712049e-02
   9.1638796e-01   1.8072942e-02
   9.1973244e-01   1.7427865e-02
   9.2307692e-01   1.6776763e-02
   9.2642140e-01   1.6119580e-02
   9.2976589e-01   1.5456259e-02
   9.3311037e-01   1.4786744e-02
   9.3645485e-01   1.4110976e-02
   9.3979933e-01   1.3428896e-02
   9.4314381e-01   1.2740444e-02
   9.4648829e-01   1.2045560e-02
   9.4983278e-01   1.1344183e-02
   9.5317726e-01   1.0636250e-02
   9.5652174e-01   9.9216978e-03
   9.5986622e-01   9.2004631e-03
   9.6321070e-01   8.4724809e-03
   9.6655518e-01   7.7376857e-03
   9.6989967e-01   6.9960112e-03
   9.7324415e-01   6.2473902e-03
   9.7658863e-01   5.4917545e-03
   9.7993311e-01   4.7290353e-03
   9.8327759e-01   3.9591628e-03
   9.8662207e-01   3.1820664e-03
   9.8996656e-01   2.3976747e-03
   9.9331104e-01   1.6059153e-03
   9.9665552e-01   8.0671512e-04
   1.0000000e+00   0.0000000e+00
   1.0000000e+00  -0.0000000e+00
   9.9665552e-01  -4.0580844e-04
   9.9331104e-01  -8.0743060e-04
   9.8996656e-01  -1.2049333e-03
   9.8662207e-01  -1.5983824e-03
   9.8327759e-01  -1.9878430e-03
   9.7993311e-01  -2.3733793e-03
   9.7658863e-01  -2.7550546e-03
   9.7324415e-01  -3.1329314e-03
   9.6989967e-01  -3.5070712e-03
   9.6655518e-01  -3.8775348e-03
   9.6321070e-01  -4.2443822e-03
   9.5986622e-01  -4.6076724e-03
   9.5652174e-01  -4.9674635e-03
   9.5317726e-01  -5.3238131e-03
   9.4983278e-01  -5.6767775e-03
   9.4648829e-01  -6.0264125e-03
   9.4314381e-01  -6.3727730e-03
   9.3979933e-01  -6.7159130e-03
   9.3645485e-01  -7.0558857e-03
   9.3311037e-01  -7.3927435e-03
   9.2976589e-01  -7.7265379e-03
   9.2642140e-01  -8.0573198e-03
   9.2307692e-01  -8.3851390e-03
   9.1973244e-01  -8.7100447e-03
   9.1638796e-01  -9.0320852e-03
   9.1304348e-01  -9.3513080e-03
   9.0969900e-01  -9.6677598e-03
   9.0635452e-01  -9.9814865e-03
   9.0301003e-01  -1.0292533e-02
   8.9966555e-01  -1.0600944e-02
   8.9632107e-01  -1.0906763e-02
   8.9297659e-01  -1.1210033e-02
   8.8963211e-01  -1.1510796e-02
   8.8628763e-01  -1.1809092e-02
   8.8294314e-01  -1.2104962e-02
   8.7959866e-01  -1.2398447e-02
   8.7625418e-01  -1.2689584e-02
   8.7290970e-01  -1.2978412e-02
   8.6956522e-01  -1.3264968e-02
   8.6622074e-01  -1.3549289e-02
   8.6287625e-01  -1.3831410e-02
   8.5953177e-01  -1.4111368e-02
   8.5618729e-01  -1.4389195e-02
   8.5284281e-01  -1.4664926e-02
   8.4949833e-01  -1.4938593e-02
   8.4615385e-01  -1.5210229e-02
   8.4280936e-01  -1.5479865e-02
   8.3946488e-01  -1.5747531e-02
   8.3612040e-01  -1.6013258e-02
   8.3277592e-01  -1.6277074e-02
   8.2943144e-01  -1.6539009e-02
   8.2608696e-01  -1.6799089e-02
   8.2274247e-01  -1.7057341e-02
   8.1939799e-01  -1.7313793e-02
   8.1605351e-01  -1.7568469e-02
   8.1270903e-01  -1.7821395e-02
   8.0936455e-01  -1.8072595e-02
   8.0602007e-01  -1.8322092e-02
   8.0267559e-01  -1.8569908e-02
   7.9933110e-01  -1.8816067e-02
   7.9598662e-01  -1.9060589e-02
   7.9264214e-01  -1.9303495e-02
   7.8929766e-01  -1.9544805e-02
   7.8595318e-01  -1.9784539e-02
   7.8260870e-01  -2.0022715e-02
   7.7926421e-01  -2.0259351e-02
   7.7591973e-01  -2.0494465e-02
   7.7257525e-01  -2.0728073e-02
   7.6923077e-01  -2.0960191e-02
   7.6588629e-01  -2.1190834e-02
   7.6254181e-01  -2.1420018e-02
   7.5919732e-01  -2.1647756e-02
   7.5585284e-01  -2.1874062e-02
   7.5250836e-01  -2.2098948e-02
   7.4916388e-01  -2.2322426e-02
   7.4581940e-01  -2.2544509e-02
   7.4247492e-01  -2.2765207e-02
   7.3913043e-01  -2.2984529e-02
   7.3578595e-01  -2.3202486e-02
   7.3244147e-01  -2.3419087e-02
   7.2909699e-01  -2.3634340e-02
   7.2575251e-01  -2.3848253e-02
   7.2240803e-01  -2.4060832e-02
   7.1906355e-01  -2.4272085e-02
   7.1571906e-01  -2.4482018e-02
   7.1237458e-01  -2.4690634e-02
   7.0903010e-01  -2.4897941e-02
   7.0568562e-01  -2.5103940e-02
   7.0234114e-01  -2.5308637e-02
   6.9899666e-01  -2.5512034e-02
   6.9565217e-01  -2.5714133e-02
   6.9230769e-01  -2.5914937e-02
   6.8896321e-01  -2.6114445e-02
   6.8561873e-01  -2.6312660e-02
   6.8227425e-01  -2.6509581e-02
   6.7892977e-01  -2.6705208e-02
   6.7558528e-01  -2.6899540e-02
   6.7224080e-01  -2.7092575e-02
   6.6889632e-01  -2.7284310e-02
   6.6555184e-01  -2.7474744e-02
   6.6220736e-01  -2.7663874e-02
   6.5886288e-01  -2.7851694e-02
   6.5551839e-01  -2.8038202e-02
   6.5217391e-01  -2.8223392e-02
   6.4882943e-01  -2.8407259e-02
   6.4548495e-01  -2.8589797e-02
   6.4214047e-01  -2.8771000e-02
   6.3879599e-01  -2.8950861e-02
   6.3545151e-01  -2.9129372e-02
   6.3210702e-01  -2.9306526e-02
   6.2876254e-01  -2.9482314e-02
   6.2541806e-01  -2.9656727e-02
   6.2207358e-01  -2.9829756e-02
   6.1872910e-01  -3.0001391e-02
   6.1538462e-01  -3.0171622e-02
   6.1204013e-01  -3.0340437e-02
   6.0869565e-01  -3.0507826e-02
   6.0535117e-01  -3.0673777e-02
   6.0200669e-01  -3.0838277e-02
   5.9866221e-01  -3.1001313e-02
   5.9531773e-01  -3.1162873e-02
   5.9197324e-01  -3.1322943e-02
   5.8862876e-01  -3.1481508e-02
   5.8528428e-01  -3.1638555e-02
   5.8193980e-01  -3.1794068e-02
   5.7859532e-01  -3.1948031e-02
   5.7525084e-01  -3.2100429e-02
   5.7190635e-01  -3.2251246e-02
   5.6856187e-01  -3.2400465e-02
   5.6521739e-01  -3.2548068e-02
   5.6187291e-01  -3.2694038e-02
   5.5852843e-01  -3.2838358e-02
   5.5518395e-01  -3.2981008e-02
   5.5183946e-01  -3.3121970e-02
   5.4849498e-01  -3.3261225e-02
   5.4515050e-01  -3.3398752e-02
   5.4180602e-01  -3.3534534e-02
   5.3846154e-01  -3.3668547e-02
   5.3511706e-01  -3.3800773e-02
   5.3177258e-01  -3.3931190e-02
   5.2842809e-01  -3.4059776e-02
   5.2508361e-01  -3.4186509e-02
   5.2173913e-01  -3.4311368e-02
   5.1839465e-01  -3.4434329e-02
   5.1505017e-01  -3.4555370e-02
   5.1170569e-01  -3.4674467e-02
   5.0836120e-01  -3.4791597e-02
   5.0501672e-01  -3.4906735e-02
   5.0167224e-01  -3.5019858e-02
   4.9832776e-01  -3.5130940e-02
   4.9498328e-01  -3.5239956e-02
   4.9163880e-01  -3.5346882e-02
   4.8829431e-01  -3.5451691e-02
   4.8494983e-01  -3.5554357e-02
   4.8160535e-01  -3.5654854e-02
   4.7826087e-01  -3.5753156e-02
   4.7491639e-01  -3.5849236e-02
   4.7157191e-01  -3.5943065e-02
   4.6822742e-01  -3.6034618e-02
   4.6488294e-01  -3.6123865e-02
   4.6153846e-01  -3.6210779e-02
   4.5819398e-01  -3.6295332e-02
   4.5484950e-01  -3.6377494e-02
   4.5150502e-01  -3.6457236e-02
   4.4816054e-01  -3.6534531e-02
   4.4481605e-01  -3.6609347e-02
   4.4147157e-01  -3.6681655e-02
   4.3812709e-01  -3.6751425e-02
   4.3478261e-01  -3.6818627e-02
   4.3143813e-01  -3.6883231e-02
   4.2809365e-01  -3.6945204e-02
   4.2474916e-01  -3.7004518e-02
   4.2140468e-01  -3.7061139e-02
   4.1806020e-01  -3.7115036e-02
   4.1471572e-01  -3.7166179e-02
   4.1137124e-01  -3.7214534e-02
   4.0802676e-01  -3.7260070e-02
   4.0468227e-01  -3.7302753e-02
   4.0133779e-01  -3.7342553e-02
   3.9799331e-01  -3.7379434e-02
   3.9464883e-01  -3.7413365e-02
   3.9130435e-01  -3.7444312e-02
   3.8795987e-01  -3.7472241e-02
   3.8461538e-01  -3.7497119e-02
   3.8127090e-01  -3.7518912e-02
   3.7792642e-01  -3.7537586e-02
   3.7458194e-01  -3.7553105e-02
   3.7123746e-01  -3.7565436e-02
   3.6789298e-01  -3.7574545e-02
   3.6454849e-01  -3.7580395e-02
   3.6120401e-01  -3.7582952e-02
   3.5785953e-01  -3.7582180e-02
   3.5451505e-01  -3.7578045e-02
   3.5117057e-01  -3.7570509e-02
   3.4782609e-01  -3.7559538e-02
   3.4448161e-01  -3.7545095e-02
   3.4113712e-01  -3.7527144e-02
   3.3779264e-01  -3.7505648e-02
   3.3444816e-01  -3.7480572e-02
   3.3110368e-01  -3.7451877e-02
   3.2775920e-01  -3.7419527e-02
   3.2441472e-01  -3.7383484e-02
   3.2107023e-01  -3.7343712e-02
   3.1772575e-01  -3.7300172e-02
   3.1438127e-01  -3.7252827e-02
   3.1103679e-01  -3.7201639e-02
   3.0769231e-01  -3.7146569e-02
   3.0434783e-01  -3.7087579e-02
   3.0100334e-01  -3.7024630e-02
   2.9765886e-01  -3.6957684e-02
   2.9431438e-01  -3.6886700e-02
   2.9096990e-01  -3.6811641e-02
   2.8762542e-01  -3.6732465e-02
   2.8428094e-01  -3.6649134e-02
   2.8093645e-01  -3.6561607e-02
   2.7759197e-01  -3.6469843e-02
   2.7424749e-01  -3.6373802e-02
   2.7090301e-01  -3.6273443e-02
   2.6755853e-01  -3.6168725e-02
   2.6421405e-01  -3.6059605e-02
   2.6086957e-01  -3.5946042e-02
   2.5752508e-01  -3.5827993e-02
   2.5418060e-01  -3.5705416e-02
   2.5083612e-01  -3.5578267e-02
   2.4749164e-01  -3.5446502e-02
   2.4414716e-01  -3.5310077e-02
   2.4080268e-01  -3.5168948e-02
   2.3745819e-01  -3.5023069e-02
   2.3411371e-01  -3.4872395e-02
   2.3076923e-01  -3.4716878e-02
   2.2742475e-01  -3.4556473e-02
   2.2408027e-01  -3.4391131e-02
   2.2073579e-01  -3.4220804e-02
   2.1739130e-01  -3.4045442e-02
   2.1404682e-01  -3.3864995e-02
   2.1070234e-01  -3.3679413e-02
   2.0735786e-01  -3.3488642e-02
   2.0401338e-01  -3.3292630e-02
   2.0066890e-01  -3.3091323e-02
   1.9732441e-01  -3.2884664e-02
   1.9397993e-01  -3.2672598e-02
   1.9063545e-01  -3.2455065e-02
   1.8729097e-01  -3.2232005e-02
   1.8394649e-01  -3.2003357e-02
   1.8060201e-01  -3.1769058e-02
   1.7725753e-01  -3.1529041e-02
   1.7391304e-01  -3.1283240e-02
   1.7056856e-01  -3.1031584e-02
   1.6722408e-01  -3.0774000e-02
   1.6387960e-01  -3.0510414e-02
   1.6053512e-01  -3.0240747e-02
   1.5719064e-01  -2.9964918e-02
   1.5384615e-01  -2.9682840e-02
   1.5050167e-01  -2.9394426e-02
   1.4715719e-01  -2.9099581e-02
   1.4381271e-01  -2.8798207e-02
   1.4046823e-01  -2.8490201e-02
   1.3712375e-01  -2.8175455e-02
   1.3377926e-01  -2.7853852e-02
   1.3043478e-01  -2.7525271e-02
   1.2709030e-01  -2.7189581e-02
   1.2374582e-01  -2.6846646e-02
   1.2040134e-01  -2.6496317e-02
   1.1705686e-01  -2.6138436e-02
   1.1371237e-01  -2.5772834e-02
   1.1036789e-01  -2.5399329e-02
   1.0702341e-01  -2.5017725e-02
   1.0367893e-01  -2.4627808e-02
   1.0033445e-01  -2.4229348e-02
   9.6989967e-02  -2.3822093e-02
   9.3645485e-02  -2.3405768e-02
   9.0301003e-02  -2.2980074e-02
   8.6956522e-02  -2.2544678e-02
   8.3612040e-02  -2.2099215e-02
   8.0267559e-02  -2.1643280e-02
   7.6923077e-02  -2.1176423e-02
   7.3578595e-02  -2.0698138e-02
   7.0234114e-02  -2.0207860e-02
   6.6889632e-02  -1.9704947e-02
   6.3545151e-02  -1.9188675e-02
   6.0200669e-02  -1.8658211e-02
   5.6856187e-02  -1.8112600e-02
   5.3511706e-02  -1.7550734e-02
   5.0167224e-02  -1.6971318e-02
   4.6822742e-02  -1.6372826e-02
   4.3478261e-02  -1.5753435e-02
   4.0133779e-02  -1.5110948e-02
   3.6789298e-02  -1.4442679e-02
   3.3444816e-02  -1.3745285e-02
   3.0100334e-02  -1.3014533e-02
   2.6755853e-02  -1.2244929e-02
   2.3411371e-02  -1.1429146e-02
   2.0066890e-02  -1.0557049e-02
   1.6722408e-02  -9.6139494e-03
   1.3377926e-02  -8.5771608e-03
   1.0033445e-02  -7.4082692e-03
   6.6889632e-03  -6.0319614e-03
   3.3444816e-03  -4.2527985e-03
   0.0000000e+00   0.0000000e+00
