   0.0000000e+00   0.0000000e+00
   3.3444816e-03   7.2320705e-03
   6.6889632e-03   1.0233442e-02
   1.0033445e-02   1.2539775e-02
   1.3377926e-02   1.4486381e-02
   1.6722408e-02   1.6202957e-02
   2.0066890e-02   1.7755911e-02
   2.3411371e-02   1.9184623e-02
   2.6755853e-02   2.0514697e-02
   3.0100334e-02   2.1763880e-02
   3.3444816e-02   2.2945063e-02
   3.6789298e-02   2.4067952e-02
   4.0133779e-02   2.5140066e-02
   4.3478261e-02   2.6167368e-02
   4.6822742e-02   2.7154677e-02
   5.0167224e-02   2.8105954e-02
   5.3511706e-02   2.9024495e-02
   5.6856187e-02   2.9913080e-02
   6.0200669e-02   3.0774077e-02
   6.3545151e-02   3.1609520e-02
   6.6889632e-02   3.2421173e-02
   7.0234114e-02   3.3210575e-02
   7.3578595e-02   3.3979079e-02
   7.6923077e-02   3.4727881e-02
   8.0267559e-02   3.5458042e-02
   8.3612040e-02   3.6170511e-02
   8.6956522e-02   3.6866138e-02
   9.0301003e-02   3.7545690e-02
   9.3645485e-02   3.8209860e-02
   9.6989967e-02   3.8859275e-02
   1.0033445e-01   3.9494509e-02
   1.0367893e-01   4.0116082e-02
   1.0702341e-01   4.0724475e-02
   1.1036789e-01   4.1320125e-02
   1.1371237e-01   4.1903438e-02
   1.1705686e-01   4.2474786e-02
   1.2040134e-01   4.3034513e-02
   1.2374582e-01   4.3582941e-02
   1.2709030e-01   4.4120364e-02
   1.3043478e-01   4.4647061e-02
   1.3377926e-01   4.5163287e-02
   1.3712375e-01   4.5669284e-02
   1.4046823e-01   4.6165276e-02
   1.4381271e-01   4.6651474e-02
   1.4715719e-01   4.7128075e-02
   1.5050167e-01   4.7595266e-02
   1.5384615e-01   4.8053220e-02
   1.5719064e-01   4.8502103e-02
   1.6053512e-01   4.8942070e-02
   1.6387960e-01   4.9373268e-02
   1.6722408e-01   4.9795835e-02
   1.7056856e-01   5.0209904e-02
   1.7391304e-01   5.0615598e-02
   1.7725753e-01   5.1013038e-02
   1.8060201e-01   5.1402334e-02
   1.8394649e-01   5.1783595e-02
   1.8729097e-01   5.2156922e-02
   1.9063545e-01   5.2522413e-02
   1.9397993e-01   5.2880161e-02
   1.9732441e-01   5.3230255e-02
   2.0066890e-01   5.3572779e-02
   2.0401338e-01   5.3907816e-02
   2.0735786e-01   5.4235443e-02
   2.1070234e-01   5.4555734e-02
   2.1404682e-01   5.4868763e-02
   2.1739130e-01   5.5174598e-02
   2.2073579e-01   5.5473305e-02
   2.2408027e-01   5.5764950e-02
   2.2742475e-01   5.6049593e-02
   2.3076923e-01   5.6327294e-02
   2.3411371e-01   5.6598111e-02
   2.3745819e-01   5.6862099e-02
   2.4080268e-01   5.7119313e-02
   2.4414716e-01   5.7369804e-02
   2.4749164e-01   5.7613623e-02
   2.5083612e-01   5.7850819e-02
   2.5418060e-01   5.8081440e-02
   2.5752508e-01   5.8305532e-02
   2.6086957e-01   5.8523140e-02
   2.6421405e-01   5.8734308e-02
   2.6755853e-01   5.8939077e-02
   2.7090301e-01   5.9137491e-02
   2.7424749e-01   5.9329590e-02
   2.7759197e-01   5.9515412e-02
   2.8093645e-01   5.9694997e-02
   2.8428094e-01   5.9868383e-02
   2.8762542e-01   6.0035606e-02
   2.9096990e-01   6.0196703e-02
   2.9431438e-01   6.0351710e-02
   2.9765886e-01   6.0500661e-02
   3.0100334e-01   6.0643590e-02
   3.0434783e-01   6.0780532e-02
   3.0769231e-01   6.0911518e-02
   3.1103679e-01   6.1036582e-02
   3.1438127e-01   6.1155755e-02
   3.1772575e-01   6.1269068e-02
   3.2107023e-01   6.1376554e-02
   3.2441472e-01   6.1478242e-02
   3.2775920e-01   6.1574162e-02
   3.3110368e-01   6.1664345e-02
   3.3444816e-01   6.1748819e-02
   3.3779264e-01   6.1827613e-02
   3.4113712e-01   6.1900756e-02
   3.4448161e-01   6.1968277e-02
   3.4782609e-01   6.2030204e-02
   3.5117057e-01   6.2086564e-02
   3.5451505e-01   6.2137385e-02
   3.5785953e-01   6.2182693e-02
   3.6120401e-01   6.2222518e-02
   3.6454849e-01   6.2256884e-02
   3.6789298e-01   6.2285819e-02
   3.7123746e-01   6.2309348e-02
   3.7458194e-01   6.2327500e-02
   3.7792642e-01   6.2340299e-02
   3.8127090e-01   6.2347771e-02
   3.8461538e-01   6.2349942e-02
   3.8795987e-01   6.2346839e-02
   3.9130435e-01   6.2338486e-02
   3.9464883e-01   6.2324908e-02
   3.9799331e-01   6.2306132e-02
   4.0133779e-01   6.2282182e-02
   4.0468227e-01   6.2253084e-02
   4.0802676e-01   6.2218862e-02
   4.1137124e-01   6.2179542e-02
   4.1471572e-01   6.2135148e-02
   4.1806020e-01   6.2085705e-02
   4.2140468e-01   6.2031239e-02
   4.2474916e-01   6.1971773e-02
   4.2809365e-01   6.1907332e-02
   4.3143813e-01   6.1837942e-02
   4.3478261e-01   6.1763626e-02
   4.3812709e-01   6.1684409e-02
   4.4147157e-01   6.1600316e-02
   4.4481605e-01   6.1511372e-02
   4.4816054e-01   6.1417600e-02
   4.5150502e-01   6.1319026e-02
   4.5484950e-01   6.1215673e-02
   4.5819398e-01   6.1107567e-02
   4.6153846e-01   6.0994732e-02
   4.6488294e-01   6.0877192e-02
   4.6822742e-01   6.0754972e-02
   4.7157191e-01   6.0628096e-02
   4.7491639e-01   6.0496589e-02
   4.7826087e-01   6.0360476e-02
   4.8160535e-01   6.0219781e-02
   4.8494983e-01   6.0074529e-02
   4.8829431e-01   5.9924744e-02
   4.9163880e-01   5.9770451e-02
   4.9498328e-01   5.9611674e-02
   4.9832776e-01   5.9448439e-02
   5.0167224e-01   5.9280771e-02
   5.0501672e-01   5.9108693e-02
   5.0836120e-01   5.8932231e-02
   5.1170569e-01   5.8751410e-02
   5.1505017e-01   5.8566254e-02
   5.1839465e-01   5.8376789e-02
   5.2173913e-01   5.8183039e-02
   5.2508361e-01   5.7985030e-02
   5.2842809e-01   5.7782787e-02
   5.3177258e-01   5.7576335e-02
   5.3511706e-01   5.7365699e-02
   5.3846154e-01   5.7150904e-02
   5.4180602e-01   5.6931976e-02
   5.4515050e-01   5.6708941e-02
   5.4849498e-01   5.6481822e-02
   5.5183946e-01   5.6250647e-02
   5.5518395e-01   5.6015441e-02
   5.5852843e-01   5.5776228e-02
   5.6187291e-01   5.5533036e-02
   5.6521739e-01   5.5285889e-02
   5.6856187e-01   5.5034814e-02
   5.7190635e-01   5.4779836e-02
   5.7525084e-01   5.4520981e-02
   5.7859532e-01   5.4258275e-02
   5.8193980e-01   5.3991745e-02
   5.8528428e-01   5.3721417e-02
   5.8862876e-01   5.3447315e-02
   5.9197324e-01   5.3169468e-02
   5.9531773e-01   5.2887902e-02
   5.9866221e-01   5.2602641e-02
   6.0200669e-01   5.2313714e-02
   6.0535117e-01   5.2021147e-02
   6.0869565e-01   5.1724966e-02
   6.1204013e-01   5.1425198e-02
   6.1538462e-01   5.1121870e-02
   6.1872910e-01   5.0815008e-02
   6.2207358e-01   5.0504640e-02
   6.2541806e-01   5.0190792e-02
   6.2876254e-01   4.9873491e-02
   6.3210702e-01   4.9552766e-02
   6.3545151e-01   4.9228642e-02
   6.3879599e-01   4.8901147e-02
   6.4214047e-01   4.8570308e-02
   6.4548495e-01   4.8236154e-02
   6.4882943e-01   4.7898710e-02
   6.5217391e-01   4.7558006e-02
   6.5551839e-01   4.7214068e-02
   6.5886288e-01   4.6866924e-02
   6.6220736e-01   4.6516602e-02
   6.6555184e-01   4.6163129e-02
   6.6889632e-01   4.5806535e-02
   6.7224080e-01   4.5446846e-02
   6.7558528e-01   4.5084091e-02
   6.7892977e-01   4.4718297e-02
   6.8227425e-01   4.4349494e-02
   6.8561873e-01   4.3977710e-02
   6.8896321e-01   4.3602972e-02
   6.9230769e-01   4.3225309e-02
   6.9565217e-01   4.2844750e-02
   6.9899666e-01   4.2461323e-02
   7.0234114e-01   4.2075057e-02
   7.0568562e-01   4.1685981e-02
   7.0903010e-01   4.1294123e-02
   7.1237458e-01   4.0899512e-02
   7.1571906e-01   4.0502178e-02
   7.1906355e-01   4.0102149e-02
   7.2240803e-01   3.9699454e-02
   7.2575251e-01   3.9294123e-02
   7.2909699e-01   3.8886185e-02
   7.3244147e-01   3.8475669e-02
   7.3578595e-01   3.8062604e-02
   7.3913043e-01   3.7647020e-02
   7.4247492e-01   3.7228946e-02
   7.4581940e-01   3.6808412e-02
   7.4916388e-01   3.6385448e-02
   7.5250836e-01   3.5960084e-02
   7.5585284e-01   3.5532348e-02
   7.5919732e-01   3.5102271e-02
   7.6254181e-01   3.4669884e-02
   7.6588629e-01   3.4235215e-02
   7.6923077e-01   3.3798296e-02
   7.7257525e-01   3.3359155e-02
   7.7591973e-01   3.2917824e-02
   7.7926421e-01   3.2474333e-02
   7.8260870e-01   3.2028711e-02
   7.8595318e-01   3.1580990e-02
   7.8929766e-01   3.1131200e-02
   7.9264214e-01   3.0679371e-02
   7.9598662e-01   3.0225535e-02
   7.9933110e-01   2.9769721e-02
   8.0267559e-01   2.9311961e-02
   8.0602007e-01   2.8852284e-02
   8.0936455e-01   2.8390724e-02
   8.1270903e-01   2.7927309e-02
   8.1605351e-01   2.7462071e-02
   8.1939799e-01   2.6995042e-02
   8.2274247e-01   2.6526252e-02
   8.2608696e-01   2.6055732e-02
   8.2943144e-01   2.5583515e-02
   8.3277592e-01   2.5109630e-02
   8.3612040e-01   2.4634110e-02
   8.3946488e-01   2.4156986e-02
   8.4280936e-01   2.3678290e-02
   8.4615385e-01   2.3198052e-02
   8.4949833e-01   2.2716306e-02
   8.5284281e-01   2.2233081e-02
   8.5618729e-01   2.1748411e-02
   8.5953177e-01   2.1262327e-02
   8.6287625e-01   2.0774861e-02
   8.6622074e-01   2.0286045e-02
   8.6956522e-01   1.9795911e-02
   8.7290970e-01   1.9304490e-02
   8.7625418e-01   1.8811816e-02
   8.7959866e-01   1.8317920e-02
   8.8294314e-01   1.7822834e-02
   8.8628763e-01   1.7326591e-02
   8.8963211e-01   1.6829223e-02
   8.9297659e-01   1.6330763e-02
   8.9632107e-01   1.5831242e-02
   8.9966555e-01   1.5330694e-02
   9.0301003e-01   1.4829151e-02
   9.0635452e-01   1.4326646e-02
   9.0969900e-01   1.3823212e-02
   9.1304348e-01   1.3318880e-02
   9.1638796e-01   1.2813685e-02
   9.1973244e-01   1.2307658e-02
   9.2307692e-01   1.1800833e-02
   9.2642140e-01   1.1293243e-02
   9.2976589e-01   1.0784920e-02
   9.3311037e-01   1.0275898e-02
   9.3645485e-01   9.7662103e-03
   9.3979933e-01   9.2558894e-03
   9.4314381e-01   8.7449688e-03
   9.4648829e-01   8.2334817e-03
   9.4983278e-01   7.7214616e-03
   9.5317726e-01   7.2089417e-03
   9.5652174e-01   6.6959555e-03
   9.5986622e-01   6.1825365e-03
   9.6321070e-01   5.6687182e-03
   9.6655518e-01   5.1545341e-03
   9.6989967e-01   4.6400180e-03
   9.7324415e-01   4.1252034e-03
   9.7658863e-01   3.6101242e-03
   9.7993311e-01   3.0948140e-03
   9.8327759e-01   2.5793066e-03
   9.8662207e-01   2.0636360e-03
   9.8996656e-01   1.5478361e-03
   9.9331104e-01   1.0319408e-03
   9.9665552e-01   5.1598406e-04
   1.0000000e+00   0.0000000e+00
   1.0000000e+00  -0.0000000e+00
   9.9665552e-01  -7.1484697e-05
   9.9331104e-01  -1.4828079e-04
   9.8996656e-01  -2.3030383e-04
   9.8662207e-01  -3.1746987e-04
   9.8327759e-01  -4.0969545e-04
   9.7993311e-01  -5.0689758e-04
   9.7658863e-01  -6.0899379e-04
   9.7324415e-01  -7.1590209e-04
   9.6989967e-01  -8.2754096e-04
   9.6655518e-01  -9.4382938e-04
   9.6321070e-01  -1.0646868e-03
   9.5986622e-01  -1.1900332e-03
   9.5652174e-01  -1.3197890e-03
   9.5317726e-01  -1.4538751e-03
   9.4983278e-01  -1.5922129e-03
   9.4648829e-01  -1.7347242e-03
   9.4314381e-01  -1.8813314e-03
   9.3979933e-01  -2.0319574e-03
   9.3645485e-01  -2.1865254e-03
   9.3311037e-01  -2.3449593e-03
   9.2976589e-01  -2.5071831e-03
   9.2642140e-01  -2.6731218e-03
   9.2307692e-01  -2.8427004e-03
   9.1973244e-01  -3.0158447e-03
   9.1638796e-01  -3.1924807e-03
   9.1304348e-01  -3.3725351e-03
   9.0969900e-01  -3.5559349e-03
   9.0635452e-01  -3.7426077e-03
   9.0301003e-01  -3.9324815e-03
   8.9966555e-01  -4.1254847e-03
   8.9632107e-01  -4.3215463e-03
   8.9297659e-01  -4.5205955e-03
   8.8963211e-01  -4.7225624e-03
   8.8628763e-01  -4.9273771e-03
   8.8294314e-01  -5.1349705e-03
   8.7959866e-01  -5.3452737e-03
   8.7625418e-01  -5.5582184e-03
   8.7290970e-01  -5.7737368e-03
   8.6956522e-01  -5.9917613e-03
   8.6622074e-01  -6.2122252e-03
   8.6287625e-01  -6.4350617e-03
   8.5953177e-01  -6.6602049e-03
   8.5618729e-01  -6.8875891e-03
   8.5284281e-01  -7.1171492e-03
   8.4949833e-01  -7.3488203e-03
   8.4615385e-01  -7.5825382e-03
   8.4280936e-01  -7.8182391e-03
   8.3946488e-01  -8.0558596e-03
   8.3612040e-01  -8.2953366e-03
   8.3277592e-01  -8.5366077e-03
   8.2943144e-01  -8.7796107e-03
   8.2608696e-01  -9.0242840e-03
   8.2274247e-01  -9.2705664e-03
   8.1939799e-01  -9.5183971e-03
   8.1605351e-01  -9.7677157e-03
   8.1270903e-01  -1.0018462e-02
   8.0936455e-01  -1.0270577e-02
   8.0602007e-01  -1.0524002e-02
   8.0267559e-01  -1.0778677e-02
   7.9933110e-01  -1.1034545e-02
   7.9598662e-01  -1.1291547e-02
   7.9264214e-01  -1.1549627e-02
   7.8929766e-01  -1.1808728e-02
   7.8595318e-01  -1.2068792e-02
   7.8260870e-01  -1.2329764e-02
   7.7926421e-01  -1.2591588e-02
   7.7591973e-01  -1.2854209e-02
   7.7257525e-01  -1.3117572e-02
   7.6923077e-01  -1.3381622e-02
   7.6588629e-01  -1.3646305e-02
   7.6254181e-01  -1.3911569e-02
   7.5919732e-01  -1.4177359e-02
   7.5585284e-01  -1.4443622e-02
   7.5250836e-01  -1.4710307e-02
   7.4916388e-01  -1.4977361e-02
   7.4581940e-01  -1.5244733e-02
   7.4247492e-01  -1.5512371e-02
   7.3913043e-01  -1.5780225e-02
   7.3578595e-01  -1.6048244e-02
   7.3244147e-01  -1.6316378e-02
   7.2909699e-01  -1.6584578e-02
   7.2575251e-01  -1.6852794e-02
   7.2240803e-01  -1.7120977e-02
   7.1906355e-01  -1.7389079e-02
   7.1571906e-01  -1.7657052e-02
   7.1237458e-01  -1.7924848e-02
   7.0903010e-01  -1.8192421e-02
   7.0568562e-01  -1.8459722e-02
   7.0234114e-01  -1.8726705e-02
   6.9899666e-01  -1.8993325e-02
   6.9565217e-01  -1.9259535e-02
   6.9230769e-01  -1.9525290e-02
   6.8896321e-01  -1.9790545e-02
   6.8561873e-01  -2.0055255e-02
   6.8227425e-01  -2.0319377e-02
   6.7892977e-01  -2.0582865e-02
   6.7558528e-01  -2.0845677e-02
   6.7224080e-01  -2.1107769e-02
   6.6889632e-01  -2.1369098e-02
   6.6555184e-01  -2.1629623e-02
   6.6220736e-01  -2.1889300e-02
   6.5886288e-01  -2.2148088e-02
   6.5551839e-01  -2.2405946e-02
   6.5217391e-01  -2.2662832e-02
   6.4882943e-01  -2.2918706e-02
   6.4548495e-01  -2.3173528e-02
   6.4214047e-01  -2.3427257e-02
   6.3879599e-01  -2.3679853e-02
   6.3545151e-01  -2.3931278e-02
   6.3210702e-01  -2.4181493e-02
   6.2876254e-01  -2.4430458e-02
   6.2541806e-01  -2.4678135e-02
   6.2207358e-01  -2.4924487e-02
   6.1872910e-01  -2.5169475e-02
   6.1538462e-01  -2.5413063e-02
   6.1204013e-01  -2.5655213e-02
   6.0869565e-01  -2.5895889e-02
   6.0535117e-01  -2.6135054e-02
   6.0200669e-01  -2.6372673e-02
   5.9866221e-01  -2.6608708e-02
   5.9531773e-01  -2.6843126e-02
   5.9197324e-01  -2.7075891e-02
   5.8862876e-01  -2.7306968e-02
   5.8528428e-01  -2.7536322e-02
   5.8193980e-01  -2.7763920e-02
   5.7859532e-01  -2.7989727e-02
   5.7525084e-01  -2.8213710e-02
   5.7190635e-01  -2.8435836e-02
   5.6856187e-01  -2.8656072e-02
   5.6521739e-01  -2.8874384e-02
   5.6187291e-01  -2.9090740e-02
   5.5852843e-01  -2.9305109e-02
   5.5518395e-01  -2.9517458e-02
   5.5183946e-01  -2.9727756e-02
   5.4849498e-01  -2.9935971e-02
   5.4515050e-01  -3.0142073e-02
   5.4180602e-01  -3.0346030e-02
   5.3846154e-01  -3.0547812e-02
   5.3511706e-01  -3.0747389e-02
   5.3177258e-01  -3.0944731e-02
   5.2842809e-01  -3.1139807e-02
   5.2508361e-01  -3.1332589e-02
   5.2173913e-01  -3.1523047e-02
   5.1839465e-01  -3.1711152e-02
   5.1505017e-01  -3.1896876e-02
   5.1170569e-01  -3.2080189e-02
   5.0836120e-01  -3.2261064e-02
   5.0501672e-01  -3.2439472e-02
   5.0167224e-01  -3.2615385e-02
   4.9832776e-01  -3.2788777e-02
   4.9498328e-01  -3.2959618e-02
   4.9163880e-01  -3.3127883e-02
   4.8829431e-01  -3.3293544e-02
   4.8494983e-01  -3.3456574e-02
   4.8160535e-01  -3.3616947e-02
   4.7826087e-01  -3.3774636e-02
   4.7491639e-01  -3.3929615e-02
   4.7157191e-01  -3.4081858e-02
   4.6822742e-01  -3.4231338e-02
   4.6488294e-01  -3.4378031e-02
   4.6153846e-01  -3.4521911e-02
   4.5819398e-01  -3.4662951e-02
   4.5484950e-01  -3.4801128e-02
   4.5150502e-01  -3.4936416e-02
   4.4816054e-01  -3.5068789e-02
   4.4481605e-01  -3.5198223e-02
   4.4147157e-01  -3.5324694e-02
   4.3812709e-01  -3.5448176e-02
   4.3478261e-01  -3.5568646e-02
   4.3143813e-01  -3.5686079e-02
   4.2809365e-01  -3.5800450e-02
   4.2474916e-01  -3.5911736e-02
   4.2140468e-01  -3.6019912e-02
   4.1806020e-01  -3.6124954e-02
   4.1471572e-01  -3.6226839e-02
   4.1137124e-01  -3.6325543e-02
   4.0802676e-01  -3.6421041e-02
   4.0468227e-01  -3.6513311e-02
   4.0133779e-01  -3.6602327e-02
   3.9799331e-01  -3.6688068e-02
   3.9464883e-01  -3.6770508e-02
   3.9130435e-01  -3.6849624e-02
   3.8795987e-01  -3.6925393e-02
   3.8461538e-01  -3.6997791e-02
   3.8127090e-01  -3.7066794e-02
   3.7792642e-01  -3.7132378e-02
   3.7458194e-01  -3.7194520e-02
   3.7123746e-01  -3.7253196e-02
   3.6789298e-01  -3.7308381e-02
   3.6454849e-01  -3.7360053e-02
   3.6120401e-01  -3.7408185e-02
   3.5785953e-01  -3.7452756e-02
   3.5451505e-01  -3.7493739e-02
   3.5117057e-01  -3.7531111e-02
   3.4782609e-01  -3.7564847e-02
   3.4448161e-01  -3.7594922e-02
   3.4113712e-01  -3.7621311e-02
   3.3779264e-01  -3.7643989e-02
   3.3444816e-01  -3.7662930e-02
   3.3110368e-01  -3.7678109e-02
   3.2775920e-01  -3.7689500e-02
   3.2441472e-01  -3.7697076e-02
   3.2107023e-01  -3.7700811e-02
   3.1772575e-01  -3.7700679e-02
   3.1438127e-01  -3.7696651e-02
   3.1103679e-01  -3.7688700e-02
   3.0769231e-01  -3.7676799e-02
   3.0434783e-01  -3.7660918e-02
   3.0100334e-01  -3.7641029e-02
   2.9765886e-01  -3.7617102e-02
   2.9431438e-01  -3.7589108e-02
   2.9096990e-01  -3.7557016e-02
   2.8762542e-01  -3.7520794e-02
   2.8428094e-01  -3.7480412e-02
   2.8093645e-01  -3.7435837e-02
   2.7759197e-01  -3.7387036e-02
   2.7424749e-01  -3.7333975e-02
   2.7090301e-01  -3.7276619e-02
   2.6755853e-01  -3.7214934e-02
   2.6421405e-01  -3.7148882e-02
   2.6086957e-01  -3.7078427e-02
   2.5752508e-01  -3.7003530e-02
   2.5418060e-01  -3.6924153e-02
   2.5083612e-01  -3.6840255e-02
   2.4749164e-01  -3.6751794e-02
   2.4414716e-01  -3.6658728e-02
   2.4080268e-01  -3.6561013e-02
   2.3745819e-01  -3.6458603e-02
   2.3411371e-01  -3.6351452e-02
   2.3076923e-01  -3.6239511e-02
   2.2742475e-01  -3.6122730e-02
   2.2408027e-01  -3.6001057e-02
   2.2073579e-01  -3.5874439e-02
   2.1739130e-01  -3.5742821e-02
   2.1404682e-01  -3.5606144e-02
   2.1070234e-01  -3.5464349e-02
   2.0735786e-01  -3.5317374e-02
   2.0401338e-01  -3.5165154e-02
   2.0066890e-01  -3.5007623e-02
   1.9732441e-01  -3.4844709e-02
   1.9397993e-01  -3.4676341e-02
   1.9063545e-01  -3.4502441e-02
   1.8729097e-01  -3.4322932e-02
   1.8394649e-01  -3.4137729e-02
   1.8060201e-01  -3.3946746e-02
   1.7725753e-01  -3.3749892e-02
   1.7391304e-01  -3.3547071e-02
   1.7056856e-01  -3.3338184e-02
   1.6722408e-01  -3.3123126e-02
   1.6387960e-01  -3.2901786e-02
   1.6053512e-01  -3.2674048e-02
   1.5719064e-01  -3.2439790e-02
   1.5384615e-01  -3.2198882e-02
   1.5050167e-01  -3.1951189e-02
   1.4715719e-01  -3.1696566e-02
   1.4381271e-01  -3.1434861e-02
   1.4046823e-01  -3.1165913e-02
   1.3712375e-01  -3.0889550e-02
   1.3377926e-01  -3.0605589e-02
   1.3043478e-01  -3.0313838e-02
   1.2709030e-01  -3.0014088e-02
   1.2374582e-01  -2.9706121e-02
   1.2040134e-01  -2.9389699e-02
   1.1705686e-01  -2.9064570e-02
   1.1371237e-01  -2.8730464e-02
   1.1036789e-01  -2.8387088e-02
   1.0702341e-01  -2.8034128e-02
   1.0367893e-01  -2.7671245e-02
   1.0033445e-01  -2.7298073e-02
   9.6989967e-02  -2.6914212e-02
   9.3645485e-02  -2.6519229e-02
   9.0301003e-02  -2.6112653e-02
   8.6956522e-02  -2.5693964e-02
   8.3612040e-02  -2.5262596e-02
   8.0267559e-02  -2.4817924e-02
   7.6923077e-02  -2.4359254e-02
   7.3578595e-02  -2.3885820e-02
   7.0234114e-02  -2.3396765e-02
   6.6889632e-02  -2.2891129e-02
   6.3545151e-02  -2.2367830e-02
   6.0200669e-02  -2.1825642e-02
   5.6856187e-02  -2.1263167e-02
   5.3511706e-02  -2.0678797e-02
   5.0167224e-02  -2.0070671e-02
   4.6822742e-02  -1.9436610e-02
   4.3478261e-02  -1.8774042e-02
   4.0133779e-02  -1.8079891e-02
   3.6789298e-02  -1.7350426e-02
   3.3444816e-02  -1.6581052e-02
   3.0100334e-02  -1.5765994e-02
   2.6755853e-02  -1.4897827e-02
   2.3411371e-02  -1.3966730e-02
   2.0066890e-02  -1.2959228e-02
   1.6722408e-02  -1.1855952e-02
   1.3377926e-02  -1.0627217e-02
   1.0033445e-02  -9.2231358e-03
   6.6889632e-03  -7.5466079e-03
   3.3444816e-03  -5.3474420e-03
   0.0000000e+00   0.0000000e+00
