   0.0000000e+00   0.0000000e+00
   3.3444816e-03   7.7577136e-03
   6.6889632e-03   1.0972406e-02
   1.0033445e-02   1.3439109e-02
   1.3377926e-02   1.5517903e-02
   1.6722408e-02   1.7348091e-02
   2.0066890e-02   1.9001012e-02
   2.3411371e-02   2.0518971e-02
   2.6755853e-02   2.1929478e-02
   3.0100334e-02   2.3251601e-02
   3.3444816e-02   2.4499191e-02
   3.6789298e-02   2.5682677e-02
   4.0133779e-02   2.6810140e-02
   4.3478261e-02   2.7887990e-02
   4.6822742e-02   2.8921406e-02
   5.0167224e-02   2.9914646e-02
   5.3511706e-02   3.0871257e-02
   5.6856187e-02   3.1794230e-02
   6.0200669e-02   3.2686113e-02
   6.3545151e-02   3.3549099e-02
   6.6889632e-02   3.4385089e-02
   7.0234114e-02   3.5195743e-02
   7.3578595e-02   3.5982523e-02
   7.6923077e-02   3.6746722e-02
   8.0267559e-02   3.7489489e-02
   8.3612040e-02   3.8211852e-02
   8.6956522e-02   3.8914738e-02
   9.0301003e-02   3.9598978e-02
   9.3645485e-02   4.0265329e-02
   9.6989967e-02   4.0914479e-02
   1.0033445e-01   4.1547054e-02
   1.0367893e-01   4.2163629e-02
   1.0702341e-01   4.2764730e-02
   1.1036789e-01   4.3350846e-02
   1.1371237e-01   4.3922423e-02
   1.1705686e-01   4.4479878e-02
   1.2040134e-01   4.5023597e-02
   1.2374582e-01   4.5553940e-02
   1.2709030e-01   4.6071243e-02
   1.3043478e-01   4.6575817e-02
   1.3377926e-01   4.7067959e-02
   1.3712375e-01   4.7547943e-02
   1.4046823e-01   4.8016030e-02
   1.4381271e-01   4.8472464e-02
   1.4715719e-01   4.8917477e-02
   1.5050167e-01   4.9351287e-02
   1.5384615e-01   4.9774102e-02
   1.5719064e-01   5.0186118e-02
   1.6053512e-01   5.0587523e-02
   1.6387960e-01   5.0978496e-02
   1.6722408e-01   5.1359205e-02
   1.7056856e-01   5.1729815e-02
   1.7391304e-01   5.2090481e-02
   1.7725753e-01   5.2441350e-02
   1.8060201e-01   5.2782568e-02
   1.8394649e-01   5.3114270e-02
   1.8729097e-01   5.3436590e-02
   1.9063545e-01   5.3749655e-02
   1.9397993e-01   5.4053587e-02
   1.9732441e-01   5.4348505e-02
   2.0066890e-01   5.4634524e-02
   2.0401338e-01   5.4911755e-02
   2.0735786e-01   5.5180305e-02
   2.1070234e-01   5.5440280e-02
   2.1404682e-01   5.5691780e-02
   2.1739130e-01   5.5934903e-02
   2.2073579e-01   5.6169747e-02
   2.2408027e-01   5.6396404e-02
   2.2742475e-01   5.6614966e-02
   2.3076923e-01   5.6825520e-02
   2.3411371e-01   5.7028156e-02
   2.3745819e-01   5.7222956e-02
   2.4080268e-01   5.7410004e-02
   2.4414716e-01   5.7589382e-02
   2.4749164e-01   5.7761169e-02
   2.5083612e-01   5.7925444e-02
   2.5418060e-01   5.8082283e-02
   2.5752508e-01   5.8231762e-02
   2.6086957e-01   5.8373954e-02
   2.6421405e-01   5.8508932e-02
   2.6755853e-01   5.8636768e-02
   2.7090301e-01   5.8757534e-02
   2.7424749e-01   5.8871297e-02
   2.7759197e-01   5.8978126e-02
   2.8093645e-01   5.9078090e-02
   2.8428094e-01   5.9171255e-02
   2.8762542e-01   5.9257686e-02
   2.9096990e-01   5.9337449e-02
   2.9431438e-01   5.9410608e-02
   2.9765886e-01   5.9477226e-02
   3.0100334e-01   5.9537366e-02
   3.0434783e-01   5.9591090e-02
   3.0769231e-01   5.9638460e-02
   3.1103679e-01   5.9679536e-02
   3.1438127e-01   5.9714379e-02
   3.1772575e-01   5.9743049e-02
   3.2107023e-01   5.9765604e-02
   3.2441472e-01   5.9782104e-02
   3.2775920e-01   5.9792606e-02
   3.3110368e-01   5.9797168e-02
   3.3444816e-01   5.9795848e-02
   3.3779264e-01   5.9788702e-02
   3.4113712e-01   5.9775786e-02
   3.4448161e-01   5.9757157e-02
   3.4782609e-01   5.9732870e-02
   3.5117057e-01   5.9702981e-02
   3.5451505e-01   5.9667543e-02
   3.5785953e-01   5.9626612e-02
   3.6120401e-01   5.9580242e-02
   3.6454849e-01   5.9528487e-02
   3.6789298e-01   5.9471399e-02
   3.7123746e-01   5.9409033e-02
   3.7458194e-01   5.9341441e-02
   3.7792642e-01   5.9268675e-02
   3.8127090e-01   5.9190788e-02
   3.8461538e-01   5.9107832e-02
   3.8795987e-01   5.9019859e-02
   3.9130435e-01   5.8926920e-02
   3.9464883e-01   5.8829066e-02
   3.9799331e-01   5.8726348e-02
   4.0133779e-01   5.8618817e-02
   4.0468227e-01   5.8506523e-02
   4.0802676e-01   5.8389516e-02
   4.1137124e-01   5.8267847e-02
   4.1471572e-01   5.8141565e-02
   4.1806020e-01   5.8010719e-02
   4.2140468e-01   5.7875358e-02
   4.2474916e-01   5.7735533e-02
   4.2809365e-01   5.7591291e-02
   4.3143813e-01   5.7442680e-02
   4.3478261e-01   5.7289750e-02
   4.3812709e-01   5.7132549e-02
   4.4147157e-01   5.6971123e-02
   4.4481605e-01   5.6805522e-02
   4.4816054e-01   5.6635791e-02
   4.5150502e-01   5.6461980e-02
   4.5484950e-01   5.6284133e-02
   4.5819398e-01   5.6102299e-02
   4.6153846e-01   5.5916524e-02
   4.6488294e-01   5.5726854e-02
   4.6822742e-01   5.5533336e-02
   4.7157191e-01   5.5336015e-02
   4.7491639e-01   5.5134937e-02
   4.7826087e-01   5.4930147e-02
   4.8160535e-01   5.4721691e-02
   4.8494983e-01   5.4509615e-02
   4.8829431e-01   5.4293961e-02
   4.9163880e-01   5.4074777e-02
   4.9498328e-01   5.3852105e-02
   4.9832776e-01   5.3625990e-02
   5.0167224e-01   5.3396476e-02
   5.0501672e-01   5.3163607e-02
   5.0836120e-01   5.2927426e-02
   5.1170569e-01   5.2687976e-02
   5.1505017e-01   5.2445301e-02
   5.1839465e-01   5.2199444e-02
   5.2173913e-01   5.1950447e-02
   5.2508361e-01   5.1698353e-02
   5.2842809e-01   5.1443204e-02
   5.3177258e-01   5.1185041e-02
   5.3511706e-01   5.0923906e-02
   5.3846154e-01   5.0659842e-02
   5.4180602e-01   5.0392889e-02
   5.4515050e-01   5.0123088e-02
   5.4849498e-01   4.9850480e-02
   5.5183946e-01   4.9575106e-02
   5.5518395e-01   4.9297005e-02
   5.5852843e-01   4.9016219e-02
   5.6187291e-01   4.8732786e-02
   5.6521739e-01   4.8446746e-02
   5.6856187e-01   4.8158139e-02
   5.7190635e-01   4.7867003e-02
   5.7525084e-01   4.7573378e-02
   5.7859532e-01   4.7277302e-02
   5.8193980e-01   4.6978812e-02
   5.8528428e-01   4.6677948e-02
   5.8862876e-01   4.6374747e-02
   5.9197324e-01   4.6069246e-02
   5.9531773e-01   4.5761483e-02
   5.9866221e-01   4.5451495e-02
   6.0200669e-01   4.5139318e-02
   6.0535117e-01   4.4824988e-02
   6.0869565e-01   4.4508542e-02
   6.1204013e-01   4.4190016e-02
   6.1538462e-01   4.3869445e-02
   6.1872910e-01   4.3546864e-02
   6.2207358e-01   4.3222309e-02
   6.2541806e-01   4.2895814e-02
   6.2876254e-01   4.2567413e-02
   6.3210702e-01   4.2237141e-02
   6.3545151e-01   4.1905032e-02
   6.3879599e-01   4.1571118e-02
   6.4214047e-01   4.1235434e-02
   6.4548495e-01   4.0898012e-02
   6.4882943e-01   4.0558884e-02
   6.5217391e-01   4.0218083e-02
   6.5551839e-01   3.9875642e-02
   6.5886288e-01   3.9531591e-02
   6.6220736e-01   3.9185962e-02
   6.6555184e-01   3.8838786e-02
   6.6889632e-01   3.8490094e-02
   6.7224080e-01   3.8139916e-02
   6.7558528e-01   3.7788283e-02
   6.7892977e-01   3.7435223e-02
   6.8227425e-01   3.7080767e-02
   6.8561873e-01   3.6724943e-02
   6.8896321e-01   3.6367781e-02
   6.9230769e-01   3.6009308e-02
   6.9565217e-01   3.5649553e-02
   6.9899666e-01   3.5288543e-02
   7.0234114e-01   3.4926306e-02
   7.0568562e-01   3.4562868e-02
   7.0903010e-01   3.4198257e-02
   7.1237458e-01   3.3832499e-02
   7.1571906e-01   3.3465620e-02
   7.1906355e-01   3.3097645e-02
   7.2240803e-01   3.2728600e-02
   7.2575251e-01   3.2358509e-02
   7.2909699e-01   3.1987397e-02
   7.3244147e-01   3.1615288e-02
   7.3578595e-01   3.1242206e-02
   7.3913043e-01   3.0868174e-02
   7.4247492e-01   3.0493216e-02
   7.4581940e-01   3.0117354e-02
   7.4916388e-01   2.9740609e-02
   7.5250836e-01   2.9363005e-02
   7.5585284e-01   2.8984563e-02
   7.5919732e-01   2.8605303e-02
   7.6254181e-01   2.8225246e-02
   7.6588629e-01   2.7844414e-02
   7.6923077e-01   2.7462824e-02
   7.7257525e-01   2.7080498e-02
   7.7591973e-01   2.6697454e-02
   7.7926421e-01   2.6313712e-02
   7.8260870e-01   2.5929288e-02
   7.8595318e-01   2.5544202e-02
   7.8929766e-01   2.5158470e-02
   7.9264214e-01   2.4772110e-02
   7.9598662e-01   2.4385139e-02
   7.9933110e-01   2.3997572e-02
   8.0267559e-01   2.3609425e-02
   8.0602007e-01   2.3220714e-02
   8.0936455e-01   2.2831455e-02
   8.1270903e-01   2.2441660e-02
   8.1605351e-01   2.2051345e-02
   8.1939799e-01   2.1660523e-02
   8.2274247e-01   2.1269208e-02
   8.2608696e-01   2.0877411e-02
   8.2943144e-01   2.0485146e-02
   8.3277592e-01   2.0092425e-02
   8.3612040e-01   1.9699258e-02
   8.3946488e-01   1.9305657e-02
   8.4280936e-01   1.8911633e-02
   8.4615385e-01   1.8517195e-02
   8.4949833e-01   1.8122354e-02
   8.5284281e-01   1.7727118e-02
   8.5618729e-01   1.7331496e-02
   8.5953177e-01   1.6935497e-02
   8.6287625e-01   1.6539128e-02
   8.6622074e-01   1.6142396e-02
   8.6956522e-01   1.5745309e-02
   8.7290970e-01   1.5347873e-02
   8.7625418e-01   1.4950094e-02
   8.7959866e-01   1.4551977e-02
   8.8294314e-01   1.4153527e-02
   8.8628763e-01   1.3754749e-02
   8.8963211e-01   1.3355647e-02
   8.9297659e-01   1.2956224e-02
   8.9632107e-01   1.2556483e-02
   8.9966555e-01   1.2156427e-02
   9.0301003e-01   1.1756058e-02
   9.0635452e-01   1.1355377e-02
   9.0969900e-01   1.0954386e-02
   9.1304348e-01   1.0553084e-02
   9.1638796e-01   1.0151473e-02
   9.1973244e-01   9.7495510e-03
   9.2307692e-01   9.3473177e-03
   9.2642140e-01   8.9447716e-03
   9.2976589e-01   8.5419107e-03
   9.3311037e-01   8.1387323e-03
   9.3645485e-01   7.7352335e-03
   9.3979933e-01   7.3314108e-03
   9.4314381e-01   6.9272600e-03
   9.4648829e-01   6.5227767e-03
   9.4983278e-01   6.1179556e-03
   9.5317726e-01   5.7127912e-03
   9.5652174e-01   5.3072772e-03
   9.5986622e-01   4.9014070e-03
   9.6321070e-01   4.4951733e-03
   9.6655518e-01   4.0885684e-03
   9.6989967e-01   3.6815838e-03
   9.7324415e-01   3.2742109e-03
   9.7658863e-01   2.8664401e-03
   9.7993311e-01   2.4582615e-03
   9.8327759e-01   2.0496647e-03
   9.8662207e-01   1.6406385e-03
   9.8996656e-01   1.2311714e-03
   9.9331104e-01   8.2125114e-04
   9.9665552e-01   4.1086511e-04
   1.0000000e+00   0.0000000e+00
   1.0000000e+00  -0.0000000e+00
   9.9665552e-01  -3.1301755e-04
   9.9331104e-01  -6.2413855e-04
   9.8996656e-01  -9.3333208e-04
   9.8662207e-01  -1.2405680e-03
   9.8327759e-01  -1.5458168e-03
   9.7993311e-01  -1.8490500e-03
   9.7658863e-01  -2.1502396e-03
   9.7324415e-01  -2.4493584e-03
   9.6989967e-01  -2.7463799e-03
   9.6655518e-01  -3.0412786e-03
   9.6321070e-01  -3.3340293e-03
   9.5986622e-01  -3.6246080e-03
   9.5652174e-01  -3.9129910e-03
   9.5317726e-01  -4.1991555e-03
   9.4983278e-01  -4.4830796e-03
   9.4648829e-01  -4.7647417e-03
   9.4314381e-01  -5.0441212e-03
   9.3979933e-01  -5.3211982e-03
   9.3645485e-01  -5.5959534e-03
   9.3311037e-01  -5.8683682e-03
   9.2976589e-01  -6.1384248e-03
   9.2642140e-01  -6.4061059e-03
   9.2307692e-01  -6.6713950e-03
   9.1973244e-01  -6.9342763e-03
   9.1638796e-01  -7.1947347e-03
   9.1304348e-01  -7.4527557e-03
   9.0969900e-01  -7.7083255e-03
   9.0635452e-01  -7.9614308e-03
   9.0301003e-01  -8.2120592e-03
   8.9966555e-01  -8.4601990e-03
   8.9632107e-01  -8.7058387e-03
   8.9297659e-01  -8.9489681e-03
   8.8963211e-01  -9.1895770e-03
   8.8628763e-01  -9.4276564e-03
   8.8294314e-01  -9.6631974e-03
   8.7959866e-01  -9.8961923e-03
   8.7625418e-01  -1.0126633e-02
   8.7290970e-01  -1.0354514e-02
   8.6956522e-01  -1.0579828e-02
   8.6622074e-01  -1.0802571e-02
   8.6287625e-01  -1.1022736e-02
   8.5953177e-01  -1.1240320e-02
   8.5618729e-01  -1.1455319e-02
   8.5284281e-01  -1.1667730e-02
   8.4949833e-01  -1.1877550e-02
   8.4615385e-01  -1.2084777e-02
   8.4280936e-01  -1.2289411e-02
   8.3946488e-01  -1.2491450e-02
   8.3612040e-01  -1.2690894e-02
   8.3277592e-01  -1.2887743e-02
   8.2943144e-01  -1.3081998e-02
   8.2608696e-01  -1.3273662e-02
   8.2274247e-01  -1.3462735e-02
   8.1939799e-01  -1.3649220e-02
   8.1605351e-01  -1.3833121e-02
   8.1270903e-01  -1.4014441e-02
   8.0936455e-01  -1.4193184e-02
   8.0602007e-01  -1.4369356e-02
   8.0267559e-01  -1.4542960e-02
   7.9933110e-01  -1.4714004e-02
   7.9598662e-01  -1.4882493e-02
   7.9264214e-01  -1.5048434e-02
   7.8929766e-01  -1.5211835e-02
   7.8595318e-01  -1.5372702e-02
   7.8260870e-01  -1.5531045e-02
   7.7926421e-01  -1.5686873e-02
   7.7591973e-01  -1.5840194e-02
   7.7257525e-01  -1.5991018e-02
   7.6923077e-01  -1.6139355e-02
   7.6588629e-01  -1.6285217e-02
   7.6254181e-01  -1.6428614e-02
   7.5919732e-01  -1.6569558e-02
   7.5585284e-01  -1.6708061e-02
   7.5250836e-01  -1.6844135e-02
   7.4916388e-01  -1.6977794e-02
   7.4581940e-01  -1.7109051e-02
   7.4247492e-01  -1.7237919e-02
   7.3913043e-01  -1.7364413e-02
   7.3578595e-01  -1.7488548e-02
   7.3244147e-01  -1.7610339e-02
   7.2909699e-01  -1.7729800e-02
   7.2575251e-01  -1.7846949e-02
   7.2240803e-01  -1.7961801e-02
   7.1906355e-01  -1.8074373e-02
   7.1571906e-01  -1.8184682e-02
   7.1237458e-01  -1.8292746e-02
   7.0903010e-01  -1.8398582e-02
   7.0568562e-01  -1.8502208e-02
   7.0234114e-01  -1.8603644e-02
   6.9899666e-01  -1.8702908e-02
   6.9565217e-01  -1.8800019e-02
   6.9230769e-01  -1.8894998e-02
   6.8896321e-01  -1.8987863e-02
   6.8561873e-01  -1.9078635e-02
   6.8227425e-01  -1.9167336e-02
   6.7892977e-01  -1.9253985e-02
   6.7558528e-01  -1.9338604e-02
   6.7224080e-01  -1.9421215e-02
   6.6889632e-01  -1.9501839e-02
   6.6555184e-01  -1.9580499e-02
   6.6220736e-01  -1.9657217e-02
   6.5886288e-01  -1.9732016e-02
   6.5551839e-01  -1.9804918e-02
   6.5217391e-01  -1.9875948e-02
   6.4882943e-01  -1.9945128e-02
   6.4548495e-01  -2.0012483e-02
   6.4214047e-01  -2.0078036e-02
   6.3879599e-01  -2.0141812e-02
   6.3545151e-01  -2.0203835e-02
   6.3210702e-01  -2.0264130e-02
   6.2876254e-01  -2.0322721e-02
   6.2541806e-01  -2.0379635e-02
   6.2207358e-01  -2.0434897e-02
   6.1872910e-01  -2.0488531e-02
   6.1538462e-01  -2.0540564e-02
   6.1204013e-01  -2.0591021e-02
   6.0869565e-01  -2.0639929e-02
   6.0535117e-01  -2.0687315e-02
   6.0200669e-01  -2.0733204e-02
   5.9866221e-01  -2.0777622e-02
   5.9531773e-01  -2.0820598e-02
   5.9197324e-01  -2.0862157e-02
   5.8862876e-01  -2.0902327e-02
   5.8528428e-01  -2.0941135e-02
   5.8193980e-01  -2.0978607e-02
   5.7859532e-01  -2.1014772e-02
   5.7525084e-01  -2.1049656e-02
   5.7190635e-01  -2.1083288e-02
   5.6856187e-01  -2.1115694e-02
   5.6521739e-01  -2.1146902e-02
   5.6187291e-01  -2.1176941e-02
   5.5852843e-01  -2.1205837e-02
   5.5518395e-01  -2.1233618e-02
   5.5183946e-01  -2.1260313e-02
   5.4849498e-01  -2.1285949e-02
   5.4515050e-01  -2.1310554e-02
   5.4180602e-01  -2.1334156e-02
   5.3846154e-01  -2.1356782e-02
   5.3511706e-01  -2.1378461e-02
   5.3177258e-01  -2.1399220e-02
   5.2842809e-01  -2.1419086e-02
   5.2508361e-01  -2.1438088e-02
   5.2173913e-01  -2.1456254e-02
   5.1839465e-01  -2.1473610e-02
   5.1505017e-01  -2.1490184e-02
   5.1170569e-01  -2.1506004e-02
   5.0836120e-01  -2.1521096e-02
   5.0501672e-01  -2.1535489e-02
   5.0167224e-01  -2.1549208e-02
   4.9832776e-01  -2.1562281e-02
   4.9498328e-01  -2.1574735e-02
   4.9163880e-01  -2.1586596e-02
   4.8829431e-01  -2.1597890e-02
   4.8494983e-01  -2.1608644e-02
   4.8160535e-01  -2.1618884e-02
   4.7826087e-01  -2.1628635e-02
   4.7491639e-01  -2.1637923e-02
   4.7157191e-01  -2.1646773e-02
   4.6822742e-01  -2.1655211e-02
   4.6488294e-01  -2.1663261e-02
   4.6153846e-01  -2.1670947e-02
   4.5819398e-01  -2.1678295e-02
   4.5484950e-01  -2.1685327e-02
   4.5150502e-01  -2.1692067e-02
   4.4816054e-01  -2.1698539e-02
   4.4481605e-01  -2.1704765e-02
   4.4147157e-01  -2.1710768e-02
   4.3812709e-01  -2.1716570e-02
   4.3478261e-01  -2.1722192e-02
   4.3143813e-01  -2.1727657e-02
   4.2809365e-01  -2.1732984e-02
   4.2474916e-01  -2.1738194e-02
   4.2140468e-01  -2.1743307e-02
   4.1806020e-01  -2.1748343e-02
   4.1471572e-01  -2.1753319e-02
   4.1137124e-01  -2.1758256e-02
   4.0802676e-01  -2.1763169e-02
   4.0468227e-01  -2.1768077e-02
   4.0133779e-01  -2.1772997e-02
   3.9799331e-01  -2.1777943e-02
   3.9464883e-01  -2.1782932e-02
   3.9130435e-01  -2.1787979e-02
   3.8795987e-01  -2.1793097e-02
   3.8461538e-01  -2.1798299e-02
   3.8127090e-01  -2.1803599e-02
   3.7792642e-01  -2.1809008e-02
   3.7458194e-01  -2.1814537e-02
   3.7123746e-01  -2.1820196e-02
   3.6789298e-01  -2.1825995e-02
   3.6454849e-01  -2.1831943e-02
   3.6120401e-01  -2.1838047e-02
   3.5785953e-01  -2.1844314e-02
   3.5451505e-01  -2.1850749e-02
   3.5117057e-01  -2.1857359e-02
   3.4782609e-01  -2.1864146e-02
   3.4448161e-01  -2.1871113e-02
   3.4113712e-01  -2.1878262e-02
   3.3779264e-01  -2.1885594e-02
   3.3444816e-01  -2.1893108e-02
   3.3110368e-01  -2.1900803e-02
   3.2775920e-01  -2.1908675e-02
   3.2441472e-01  -2.1916721e-02
   3.2107023e-01  -2.1924936e-02
   3.1772575e-01  -2.1933311e-02
   3.1438127e-01  -2.1941839e-02
   3.1103679e-01  -2.1950512e-02
   3.0769231e-01  -2.1959316e-02
   3.0434783e-01  -2.1968241e-02
   3.0100334e-01  -2.1977272e-02
   2.9765886e-01  -2.1986392e-02
   2.9431438e-01  -2.1995585e-02
   2.9096990e-01  -2.2004832e-02
   2.8762542e-01  -2.2014111e-02
   2.8428094e-01  -2.2023400e-02
   2.8093645e-01  -2.2032674e-02
   2.7759197e-01  -2.2041906e-02
   2.7424749e-01  -2.2051068e-02
   2.7090301e-01  -2.2060128e-02
   2.6755853e-01  -2.2069054e-02
   2.6421405e-01  -2.2077810e-02
   2.6086957e-01  -2.2086359e-02
   2.5752508e-01  -2.2094660e-02
   2.5418060e-01  -2.2102671e-02
   2.5083612e-01  -2.2110347e-02
   2.4749164e-01  -2.2117639e-02
   2.4414716e-01  -2.2124497e-02
   2.4080268e-01  -2.2130867e-02
   2.3745819e-01  -2.2136692e-02
   2.3411371e-01  -2.2141913e-02
   2.3076923e-01  -2.2146465e-02
   2.2742475e-01  -2.2150283e-02
   2.2408027e-01  -2.2153295e-02
   2.2073579e-01  -2.2155429e-02
   2.1739130e-01  -2.2156606e-02
   2.1404682e-01  -2.2156744e-02
   2.1070234e-01  -2.2155757e-02
   2.0735786e-01  -2.2153555e-02
   2.0401338e-01  -2.2150042e-02
   2.0066890e-01  -2.2145119e-02
   1.9732441e-01  -2.2138681e-02
   1.9397993e-01  -2.2130616e-02
   1.9063545e-01  -2.2120810e-02
   1.8729097e-01  -2.2109140e-02
   1.8394649e-01  -2.2095479e-02
   1.8060201e-01  -2.2079693e-02
   1.7725753e-01  -2.2061640e-02
   1.7391304e-01  -2.2041172e-02
   1.7056856e-01  -2.2018133e-02
   1.6722408e-01  -2.1992360e-02
   1.6387960e-01  -2.1963681e-02
   1.6053512e-01  -2.1931913e-02
   1.5719064e-01  -2.1896867e-02
   1.5384615e-01  -2.1858342e-02
   1.5050167e-01  -2.1816126e-02
   1.4715719e-01  -2.1769997e-02
   1.4381271e-01  -2.1719719e-02
   1.4046823e-01  -2.1665043e-02
   1.3712375e-01  -2.1605709e-02
   1.3377926e-01  -2.1541437e-02
   1.3043478e-01  -2.1471936e-02
   1.2709030e-01  -2.1396894e-02
   1.2374582e-01  -2.1315982e-02
   1.2040134e-01  -2.1228850e-02
   1.1705686e-01  -2.1135124e-02
   1.1371237e-01  -2.1034410e-02
   1.1036789e-01  -2.0926285e-02
   1.0702341e-01  -2.0810297e-02
   1.0367893e-01  -2.0685964e-02
   1.0033445e-01  -2.0552769e-02
   9.6989967e-02  -2.0410154e-02
   9.3645485e-02  -2.0257521e-02
   9.0301003e-02  -2.0094225e-02
   8.6956522e-02  -1.9919565e-02
   8.3612040e-02  -1.9732782e-02
   8.0267559e-02  -1.9533050e-02
   7.6923077e-02  -1.9319465e-02
   7.3578595e-02  -1.9091035e-02
   7.0234114e-02  -1.8846669e-02
   6.6889632e-02  -1.8585157e-02
   6.3545151e-02  -1.8305156e-02
   6.0200669e-02  -1.8005161e-02
   5.6856187e-02  -1.7683477e-02
   5.3511706e-02  -1.7338184e-02
   5.0167224e-02  -1.6967086e-02
   4.6822742e-02  -1.6567647e-02
   4.3478261e-02  -1.6136915e-02
   4.0133779e-02  -1.5671404e-02
   3.6789298e-02  -1.5166945e-02
   3.3444816e-02  -1.4618471e-02
   3.0100334e-02  -1.4019698e-02
   2.6755853e-02  -1.3362656e-02
   2.3411371e-02  -1.2636935e-02
   2.0066890e-02  -1.1828439e-02
   1.6722408e-02  -1.0917160e-02
   1.3377926e-02  -9.8728144e-03
   1.0033445e-02  -8.6451183e-03
   6.6889632e-03  -7.1373555e-03
   3.3444816e-03  -5.1032478e-03
   0.0000000e+00   0.0000000e+00
