   0.0000000e+00   0.0000000e+00
   3.3444816e-03   4.8611601e-03
   6.6889632e-03   6.8463519e-03
   1.0033445e-02   8.3503132e-03
   1.3377926e-02   9.6020431e-03
   1.6722408e-02   1.0690642e-02
   2.0066890e-02   1.1662001e-02
   2.3411371e-02   1.2543501e-02
   2.6755853e-02   1.3353052e-02
   3.0100334e-02   1.4103152e-02
   3.3444816e-02   1.4802935e-02
   3.6789298e-02   1.5459328e-02
   4.0133779e-02   1.6077734e-02
   4.3478261e-02   1.6662468e-02
   4.6822742e-02   1.7217044e-02
   5.0167224e-02   1.7744370e-02
   5.3511706e-02   1.8246887e-02
   5.6856187e-02   1.8726669e-02
   6.0200669e-02   1.9185496e-02
   6.3545151e-02   1.9624911e-02
   6.6889632e-02   2.0046261e-02
   7.0234114e-02   2.0450735e-02
   7.3578595e-02   2.0839383e-02
   7.6923077e-02   2.1213143e-02
   8.0267559e-02   2.1572855e-02
   8.3612040e-02   2.1919277e-02
   8.6956522e-02   2.2253094e-02
   9.0301003e-02   2.2574929e-02
   9.3645485e-02   2.2885350e-02
   9.6989967e-02   2.3184878e-02
   1.0033445e-01   2.3473991e-02
   1.0367893e-01   2.3753130e-02
   1.0702341e-01   2.4022701e-02
   1.1036789e-01   2.4283084e-02
   1.1371237e-01   2.4534628e-02
   1.1705686e-01   2.4777660e-02
   1.2040134e-01   2.5012487e-02
   1.2374582e-01   2.5239393e-02
   1.2709030e-01   2.5458646e-02
   1.3043478e-01   2.5670498e-02
   1.3377926e-01   2.5875185e-02
   1.3712375e-01   2.6072931e-02
   1.4046823e-01   2.6263946e-02
   1.4381271e-01   2.6448429e-02
   1.4715719e-01   2.6626569e-02
   1.5050167e-01   2.6798546e-02
   1.5384615e-01   2.6964528e-02
   1.5719064e-01   2.7124678e-02
   1.6053512e-01   2.7279149e-02
   1.6387960e-01   2.7428089e-02
   1.6722408e-01   2.7571636e-02
   1.7056856e-01   2.7709926e-02
   1.7391304e-01   2.7843085e-02
   1.7725753e-01   2.7971236e-02
   1.8060201e-01   2.8094497e-02
   1.8394649e-01   2.8212980e-02
   1.8729097e-01   2.8326793e-02
   1.9063545e-01   2.8436039e-02
   1.9397993e-01   2.8540820e-02
   1.9732441e-01   2.8641229e-02
   2.0066890e-01   2.8737361e-02
   2.0401338e-01   2.8829304e-02
   2.0735786e-01   2.8917145e-02
   2.1070234e-01   2.9000965e-02
   2.1404682e-01   2.9080846e-02
   2.1739130e-01   2.9156865e-02
   2.2073579e-01   2.9229096e-02
   2.2408027e-01   2.9297612e-02
   2.2742475e-01   2.9362484e-02
   2.3076923e-01   2.9423779e-02
   2.3411371e-01   2.9481563e-02
   2.3745819e-01   2.9535900e-02
   2.4080268e-01   2.9586851e-02
   2.4414716e-01   2.9634478e-02
   2.4749164e-01   2.9678838e-02
   2.5083612e-01   2.9719989e-02
   2.5418060e-01   2.9757985e-02
   2.5752508e-01   2.9792880e-02
   2.6086957e-01   2.9824726e-02
   2.6421405e-01   2.9853574e-02
   2.6755853e-01   2.9879474e-02
   2.7090301e-01   2.9902473e-02
   2.7424749e-01   2.9922619e-02
   2.7759197e-01   2.9939957e-02
   2.8093645e-01   2.9954531e-02
   2.8428094e-01   2.9966387e-02
   2.8762542e-01   2.9975564e-02
   2.9096990e-01   2.9982106e-02
   2.9431438e-01   2.9986053e-02
   2.9765886e-01   2.9987444e-02
   3.0100334e-01   2.9986317e-02
   3.0434783e-01   2.9982711e-02
   3.0769231e-01   2.9976661e-02
   3.1103679e-01   2.9968205e-02
   3.1438127e-01   2.9957377e-02
   3.1772575e-01   2.9944211e-02
   3.2107023e-01   2.9928742e-02
   3.2441472e-01   2.9911003e-02
   3.2775920e-01   2.9891024e-02
   3.3110368e-01   2.9868839e-02
   3.3444816e-01   2.9844478e-02
   3.3779264e-01   2.9817971e-02
   3.4113712e-01   2.9789348e-02
   3.4448161e-01   2.9758637e-02
   3.4782609e-01   2.9725868e-02
   3.5117057e-01   2.9691068e-02
   3.5451505e-01   2.9654264e-02
   3.5785953e-01   2.9615484e-02
   3.6120401e-01   2.9574753e-02
   3.6454849e-01   2.9532097e-02
   3.6789298e-01   2.9487541e-02
   3.7123746e-01   2.9441110e-02
   3.7458194e-01   2.9392829e-02
   3.7792642e-01   2.9342721e-02
   3.8127090e-01   2.9290809e-02
   3.8461538e-01   2.9237116e-02
   3.8795987e-01   2.9181665e-02
   3.9130435e-01   2.9124477e-02
   3.9464883e-01   2.9065575e-02
   3.9799331e-01   2.9004980e-02
   4.0133779e-01   2.8942712e-02
   4.0468227e-01   2.8878792e-02
   4.0802676e-01   2.8813240e-02
   4.1137124e-01   2.8746075e-02
   4.1471572e-01   2.8677317e-02
   4.1806020e-01   2.8606985e-02
   4.2140468e-01   2.8535098e-02
   4.2474916e-01   2.8461673e-02
   4.2809365e-01   2.8386729e-02
   4.3143813e-01   2.8310283e-02
   4.3478261e-01   2.8232352e-02
   4.3812709e-01   2.8152954e-02
   4.4147157e-01   2.8072106e-02
   4.4481605e-01   2.7989823e-02
   4.4816054e-01   2.7906121e-02
   4.5150502e-01   2.7821017e-02
   4.5484950e-01   2.7734525e-02
   4.5819398e-01   2.7646661e-02
   4.6153846e-01   2.7557440e-02
   4.6488294e-01   2.7466877e-02
   4.6822742e-01   2.7374985e-02
   4.7157191e-01   2.7281779e-02
   4.7491639e-01   2.7187273e-02
   4.7826087e-01   2.7091480e-02
   4.8160535e-01   2.6994414e-02
   4.8494983e-01   2.6896086e-02
   4.8829431e-01   2.6796511e-02
   4.9163880e-01   2.6695701e-02
   4.9498328e-01   2.6593668e-02
   4.9832776e-01   2.6490424e-02
   5.0167224e-01   2.6385981e-02
   5.0501672e-01   2.6280351e-02
   5.0836120e-01   2.6173544e-02
   5.1170569e-01   2.6065572e-02
   5.1505017e-01   2.5956446e-02
   5.1839465e-01   2.5846176e-02
   5.2173913e-01   2.5734773e-02
   5.2508361e-01   2.5622248e-02
   5.2842809e-01   2.5508609e-02
   5.3177258e-01   2.5393867e-02
   5.3511706e-01   2.5278032e-02
   5.3846154e-01   2.5161113e-02
   5.4180602e-01   2.5043118e-02
   5.4515050e-01   2.4924057e-02
   5.4849498e-01   2.4803939e-02
   5.5183946e-01   2.4682772e-02
   5.5518395e-01   2.4560565e-02
   5.5852843e-01   2.4437325e-02
   5.6187291e-01   2.4313060e-02
   5.6521739e-01   2.4187779e-02
   5.6856187e-01   2.4061489e-02
   5.7190635e-01   2.3934196e-02
   5.7525084e-01   2.3805910e-02
   5.7859532e-01   2.3676635e-02
   5.8193980e-01   2.3546379e-02
   5.8528428e-01   2.3415149e-02
   5.8862876e-01   2.3282951e-02
   5.9197324e-01   2.3149792e-02
   5.9531773e-01   2.3015676e-02
   5.9866221e-01   2.2880611e-02
   6.0200669e-01   2.2744601e-02
   6.0535117e-01   2.2607653e-02
   6.0869565e-01   2.2469772e-02
   6.1204013e-01   2.2330962e-02
   6.1538462e-01   2.2191229e-02
   6.1872910e-01   2.2050577e-02
   6.2207358e-01   2.1909012e-02
   6.2541806e-01   2.1766537e-02
   6.2876254e-01   2.1623156e-02
   6.3210702e-01   2.1478875e-02
   6.3545151e-01   2.1333696e-02
   6.3879599e-01   2.1187624e-02
   6.4214047e-01   2.1040662e-02
   6.4548495e-01   2.0892814e-02
   6.4882943e-01   2.0744082e-02
   6.5217391e-01   2.0594470e-02
   6.5551839e-01   2.0443980e-02
   6.5886288e-01   2.0292616e-02
   6.6220736e-01   2.0140380e-02
   6.6555184e-01   1.9987275e-02
   6.6889632e-01   1.9833302e-02
   6.7224080e-01   1.9678463e-02
   6.7558528e-01   1.9522762e-02
   6.7892977e-01   1.9366198e-02
   6.8227425e-01   1.9208775e-02
   6.8561873e-01   1.9050493e-02
   6.8896321e-01   1.8891353e-02
   6.9230769e-01   1.8731357e-02
   6.9565217e-01   1.8570506e-02
   6.9899666e-01   1.8408801e-02
   7.0234114e-01   1.8246241e-02
   7.0568562e-01   1.8082828e-02
   7.0903010e-01   1.7918561e-02
   7.1237458e-01   1.7753442e-02
   7.1571906e-01   1.7587470e-02
   7.1906355e-01   1.7420644e-02
   7.2240803e-01   1.7252965e-02
   7.2575251e-01   1.7084431e-02
   7.2909699e-01   1.6915043e-02
   7.3244147e-01   1.6744800e-02
   7.3578595e-01   1.6573699e-02
   7.3913043e-01   1.6401742e-02
   7.4247492e-01   1.6228925e-02
   7.4581940e-01   1.6055249e-02
   7.4916388e-01   1.5880710e-02
   7.5250836e-01   1.5705308e-02
   7.5585284e-01   1.5529040e-02
   7.5919732e-01   1.5351905e-02
   7.6254181e-01   1.5173900e-02
   7.6588629e-01   1.4995023e-02
   7.6923077e-01   1.4815271e-02
   7.7257525e-01   1.4634642e-02
   7.7591973e-01   1.4453133e-02
   7.7926421e-01   1.4270741e-02
   7.8260870e-01   1.4087463e-02
   7.8595318e-01   1.3903296e-02
   7.8929766e-01   1.3718236e-02
   7.9264214e-01   1.3532279e-02
   7.9598662e-01   1.3345422e-02
   7.9933110e-01   1.3157661e-02
   8.0267559e-01   1.2968992e-02
   8.0602007e-01   1.2779410e-02
   8.0936455e-01   1.2588912e-02
   8.1270903e-01   1.2397493e-02
   8.1605351e-01   1.2205148e-02
   8.1939799e-01   1.2011873e-02
   8.2274247e-01   1.1817662e-02
   8.2608696e-01   1.1622510e-02
   8.2943144e-01   1.1426413e-02
   8.3277592e-01   1.1229364e-02
   8.3612040e-01   1.1031359e-02
   8.3946488e-01   1.0832391e-02
   8.4280936e-01   1.0632454e-02
   8.4615385e-01   1.0431543e-02
   8.4949833e-01   1.0229652e-02
   8.5284281e-01   1.0026773e-02
   8.5618729e-01   9.8229013e-03
   8.5953177e-01   9.6180295e-03
   8.6287625e-01   9.4121508e-03
   8.6622074e-01   9.2052584e-03
   8.6956522e-01   8.9973452e-03
   8.7290970e-01   8.7884040e-03
   8.7625418e-01   8.5784274e-03
   8.7959866e-01   8.3674078e-03
   8.8294314e-01   8.1553376e-03
   8.8628763e-01   7.9422089e-03
   8.8963211e-01   7.7280138e-03
   8.9297659e-01   7.5127440e-03
   8.9632107e-01   7.2963914e-03
   8.9966555e-01   7.0789474e-03
   9.0301003e-01   6.8604034e-03
   9.0635452e-01   6.6407508e-03
   9.0969900e-01   6.4199805e-03
   9.1304348e-01   6.1980836e-03
   9.1638796e-01   5.9750508e-03
   9.1973244e-01   5.7508728e-03
   9.2307692e-01   5.5255400e-03
   9.2642140e-01   5.2990428e-03
   9.2976589e-01   5.0713714e-03
   9.3311037e-01   4.8425157e-03
   9.3645485e-01   4.6124657e-03
   9.3979933e-01   4.3812111e-03
   9.4314381e-01   4.1487415e-03
   9.4648829e-01   3.9150462e-03
   9.4983278e-01   3.6801145e-03
   9.5317726e-01   3.4439356e-03
   9.5652174e-01   3.2064983e-03
   9.5986622e-01   2.9677915e-03
   9.6321070e-01   2.7278038e-03
   9.6655518e-01   2.4865238e-03
   9.6989967e-01   2.2439397e-03
   9.7324415e-01   2.0000397e-03
   9.7658863e-01   1.7548119e-03
   9.7993311e-01   1.5082442e-03
   9.8327759e-01   1.2603242e-03
   9.8662207e-01   1.0110395e-03
   9.8996656e-01   7.6037761e-04
   9.9331104e-01   5.0832567e-04
   9.9665552e-01   2.5487082e-04
   1.0000000e+00   0.0000000e+00
   1.0000000e+00  -0.0000000e+00
   9.9665552e-01  -2.5483241e-04
   9.9331104e-01  -5.0825089e-04
   9.8996656e-01  -7.6026846e-04
   9.8662207e-01  -1.0108980e-03
   9.8327759e-01  -1.2601522e-03
   9.7993311e-01  -1.5080435e-03
   9.7658863e-01  -1.7545845e-03
   9.7324415e-01  -1.9997872e-03
   9.6989967e-01  -2.2436639e-03
   9.6655518e-01  -2.4862264e-03
   9.6321070e-01  -2.7274865e-03
   9.5986622e-01  -2.9674559e-03
   9.5652174e-01  -3.2061460e-03
   9.5317726e-01  -3.4435680e-03
   9.4983278e-01  -3.6797333e-03
   9.4648829e-01  -3.9146528e-03
   9.4314381e-01  -4.1483373e-03
   9.3979933e-01  -4.3807975e-03
   9.3645485e-01  -4.6120440e-03
   9.3311037e-01  -4.8420873e-03
   9.2976589e-01  -5.0709374e-03
   9.2642140e-01  -5.2986046e-03
   9.2307692e-01  -5.5250988e-03
   9.1973244e-01  -5.7504297e-03
   9.1638796e-01  -5.9746070e-03
   9.1304348e-01  -6.1976401e-03
   9.0969900e-01  -6.4195385e-03
   9.0635452e-01  -6.6403112e-03
   9.0301003e-01  -6.8599673e-03
   8.9966555e-01  -7.0785156e-03
   8.9632107e-01  -7.2959650e-03
   8.9297659e-01  -7.5123239e-03
   8.8963211e-01  -7.7276007e-03
   8.8628763e-01  -7.9418039e-03
   8.8294314e-01  -8.1549413e-03
   8.7959866e-01  -8.3670211e-03
   8.7625418e-01  -8.5780509e-03
   8.7290970e-01  -8.7880386e-03
   8.6956522e-01  -8.9969915e-03
   8.6622074e-01  -9.2049170e-03
   8.6287625e-01  -9.4118224e-03
   8.5953177e-01  -9.6177147e-03
   8.5618729e-01  -9.8226008e-03
   8.5284281e-01  -1.0026487e-02
   8.4949833e-01  -1.0229381e-02
   8.4615385e-01  -1.0431288e-02
   8.4280936e-01  -1.0632216e-02
   8.3946488e-01  -1.0832169e-02
   8.3612040e-01  -1.1031154e-02
   8.3277592e-01  -1.1229177e-02
   8.2943144e-01  -1.1426244e-02
   8.2608696e-01  -1.1622359e-02
   8.2274247e-01  -1.1817530e-02
   8.1939799e-01  -1.2011759e-02
   8.1605351e-01  -1.2205054e-02
   8.1270903e-01  -1.2397418e-02
   8.0936455e-01  -1.2588857e-02
   8.0602007e-01  -1.2779375e-02
   8.0267559e-01  -1.2968976e-02
   7.9933110e-01  -1.3157666e-02
   7.9598662e-01  -1.3345447e-02
   7.9264214e-01  -1.3532324e-02
   7.8929766e-01  -1.3718302e-02
   7.8595318e-01  -1.3903383e-02
   7.8260870e-01  -1.4087571e-02
   7.7926421e-01  -1.4270870e-02
   7.7591973e-01  -1.4453283e-02
   7.7257525e-01  -1.4634813e-02
   7.6923077e-01  -1.4815463e-02
   7.6588629e-01  -1.4995235e-02
   7.6254181e-01  -1.5174133e-02
   7.5919732e-01  -1.5352159e-02
   7.5585284e-01  -1.5529315e-02
   7.5250836e-01  -1.5705604e-02
   7.4916388e-01  -1.5881027e-02
   7.4581940e-01  -1.6055586e-02
   7.4247492e-01  -1.6229283e-02
   7.3913043e-01  -1.6402120e-02
   7.3578595e-01  -1.6574098e-02
   7.3244147e-01  -1.6745218e-02
   7.2909699e-01  -1.6915481e-02
   7.2575251e-01  -1.7084889e-02
   7.2240803e-01  -1.7253442e-02
   7.1906355e-01  -1.7421140e-02
   7.1571906e-01  -1.7587985e-02
   7.1237458e-01  -1.7753976e-02
   7.0903010e-01  -1.7919114e-02
   7.0568562e-01  -1.8083399e-02
   7.0234114e-01  -1.8246830e-02
   6.9899666e-01  -1.8409407e-02
   6.9565217e-01  -1.8571130e-02
   6.9230769e-01  -1.8731999e-02
   6.8896321e-01  -1.8892011e-02
   6.8561873e-01  -1.9051167e-02
   6.8227425e-01  -1.9209465e-02
   6.7892977e-01  -1.9366905e-02
   6.7558528e-01  -1.9523484e-02
   6.7224080e-01  -1.9679201e-02
   6.6889632e-01  -1.9834054e-02
   6.6555184e-01  -1.9988041e-02
   6.6220736e-01  -2.0141161e-02
   6.5886288e-01  -2.0293411e-02
   6.5551839e-01  -2.0444788e-02
   6.5217391e-01  -2.0595290e-02
   6.4882943e-01  -2.0744915e-02
   6.4548495e-01  -2.0893659e-02
   6.4214047e-01  -2.1041519e-02
   6.3879599e-01  -2.1188493e-02
   6.3545151e-01  -2.1334576e-02
   6.3210702e-01  -2.1479765e-02
   6.2876254e-01  -2.1624056e-02
   6.2541806e-01  -2.1767446e-02
   6.2207358e-01  -2.1909931e-02
   6.1872910e-01  -2.2051505e-02
   6.1538462e-01  -2.2192165e-02
   6.1204013e-01  -2.2331906e-02
   6.0869565e-01  -2.2470723e-02
   6.0535117e-01  -2.2608612e-02
   6.0200669e-01  -2.2745567e-02
   5.9866221e-01  -2.2881583e-02
   5.9531773e-01  -2.3016654e-02
   5.9197324e-01  -2.3150774e-02
   5.8862876e-01  -2.3283939e-02
   5.8528428e-01  -2.3416141e-02
   5.8193980e-01  -2.3547375e-02
   5.7859532e-01  -2.3677635e-02
   5.7525084e-01  -2.3806912e-02
   5.7190635e-01  -2.3935202e-02
   5.6856187e-01  -2.4062496e-02
   5.6521739e-01  -2.4188789e-02
   5.6187291e-01  -2.4314071e-02
   5.5852843e-01  -2.4438336e-02
   5.5518395e-01  -2.4561577e-02
   5.5183946e-01  -2.4683784e-02
   5.4849498e-01  -2.4804951e-02
   5.4515050e-01  -2.4925068e-02
   5.4180602e-01  -2.5044128e-02
   5.3846154e-01  -2.5162121e-02
   5.3511706e-01  -2.5279038e-02
   5.3177258e-01  -2.5394871e-02
   5.2842809e-01  -2.5509610e-02
   5.2508361e-01  -2.5623245e-02
   5.2173913e-01  -2.5735767e-02
   5.1839465e-01  -2.5847165e-02
   5.1505017e-01  -2.5957431e-02
   5.1170569e-01  -2.6066552e-02
   5.0836120e-01  -2.6174518e-02
   5.0501672e-01  -2.6281319e-02
   5.0167224e-01  -2.6386944e-02
   4.9832776e-01  -2.6491380e-02
   4.9498328e-01  -2.6594618e-02
   4.9163880e-01  -2.6696643e-02
   4.8829431e-01  -2.6797446e-02
   4.8494983e-01  -2.6897013e-02
   4.8160535e-01  -2.6995332e-02
   4.7826087e-01  -2.7092390e-02
   4.7491639e-01  -2.7188174e-02
   4.7157191e-01  -2.7282671e-02
   4.6822742e-01  -2.7375867e-02
   4.6488294e-01  -2.7467749e-02
   4.6153846e-01  -2.7558302e-02
   4.5819398e-01  -2.7647513e-02
   4.5484950e-01  -2.7735366e-02
   4.5150502e-01  -2.7821846e-02
   4.4816054e-01  -2.7906939e-02
   4.4481605e-01  -2.7990629e-02
   4.4147157e-01  -2.8072901e-02
   4.3812709e-01  -2.8153737e-02
   4.3478261e-01  -2.8233123e-02
   4.3143813e-01  -2.8311041e-02
   4.2809365e-01  -2.8387474e-02
   4.2474916e-01  -2.8462405e-02
   4.2140468e-01  -2.8535817e-02
   4.1806020e-01  -2.8607691e-02
   4.1471572e-01  -2.8678009e-02
   4.1137124e-01  -2.8746753e-02
   4.0802676e-01  -2.8813904e-02
   4.0468227e-01  -2.8879442e-02
   4.0133779e-01  -2.8943348e-02
   3.9799331e-01  -2.9005602e-02
   3.9464883e-01  -2.9066183e-02
   3.9130435e-01  -2.9125070e-02
   3.8795987e-01  -2.9182242e-02
   3.8461538e-01  -2.9237679e-02
   3.8127090e-01  -2.9291356e-02
   3.7792642e-01  -2.9343253e-02
   3.7458194e-01  -2.9393347e-02
   3.7123746e-01  -2.9441613e-02
   3.6789298e-01  -2.9488028e-02
   3.6454849e-01  -2.9532569e-02
   3.6120401e-01  -2.9575210e-02
   3.5785953e-01  -2.9615926e-02
   3.5451505e-01  -2.9654691e-02
   3.5117057e-01  -2.9691479e-02
   3.4782609e-01  -2.9726264e-02
   3.4448161e-01  -2.9759018e-02
   3.4113712e-01  -2.9789713e-02
   3.3779264e-01  -2.9818321e-02
   3.3444816e-01  -2.9844813e-02
   3.3110368e-01  -2.9869159e-02
   3.2775920e-01  -2.9891329e-02
   3.2441472e-01  -2.9911292e-02
   3.2107023e-01  -2.9929017e-02
   3.1772575e-01  -2.9944472e-02
   3.1438127e-01  -2.9957622e-02
   3.1103679e-01  -2.9968436e-02
   3.0769231e-01  -2.9976878e-02
   3.0434783e-01  -2.9982913e-02
   3.0100334e-01  -2.9986505e-02
   2.9765886e-01  -2.9987618e-02
   2.9431438e-01  -2.9986214e-02
   2.9096990e-01  -2.9982254e-02
   2.8762542e-01  -2.9975698e-02
   2.8428094e-01  -2.9966507e-02
   2.8093645e-01  -2.9954639e-02
   2.7759197e-01  -2.9940052e-02
   2.7424749e-01  -2.9922702e-02
   2.7090301e-01  -2.9902544e-02
   2.6755853e-01  -2.9879533e-02
   2.6421405e-01  -2.9853621e-02
   2.6086957e-01  -2.9824762e-02
   2.5752508e-01  -2.9792905e-02
   2.5418060e-01  -2.9757999e-02
   2.5083612e-01  -2.9719992e-02
   2.4749164e-01  -2.9678832e-02
   2.4414716e-01  -2.9634461e-02
   2.4080268e-01  -2.9586825e-02
   2.3745819e-01  -2.9535864e-02
   2.3411371e-01  -2.9481518e-02
   2.3076923e-01  -2.9423726e-02
   2.2742475e-01  -2.9362423e-02
   2.2408027e-01  -2.9297543e-02
   2.2073579e-01  -2.9229020e-02
   2.1739130e-01  -2.9156781e-02
   2.1404682e-01  -2.9080756e-02
   2.1070234e-01  -2.9000869e-02
   2.0735786e-01  -2.8917043e-02
   2.0401338e-01  -2.8829197e-02
   2.0066890e-01  -2.8737249e-02
   1.9732441e-01  -2.8641112e-02
   1.9397993e-01  -2.8540698e-02
   1.9063545e-01  -2.8435914e-02
   1.8729097e-01  -2.8326664e-02
   1.8394649e-01  -2.8212849e-02
   1.8060201e-01  -2.8094363e-02
   1.7725753e-01  -2.7971101e-02
   1.7391304e-01  -2.7842948e-02
   1.7056856e-01  -2.7709787e-02
   1.6722408e-01  -2.7571497e-02
   1.6387960e-01  -2.7427949e-02
   1.6053512e-01  -2.7279010e-02
   1.5719064e-01  -2.7124539e-02
   1.5384615e-01  -2.6964390e-02
   1.5050167e-01  -2.6798409e-02
   1.4715719e-01  -2.6626435e-02
   1.4381271e-01  -2.6448297e-02
   1.4046823e-01  -2.6263817e-02
   1.3712375e-01  -2.6072805e-02
   1.3377926e-01  -2.5875063e-02
   1.3043478e-01  -2.5670380e-02
   1.2709030e-01  -2.5458532e-02
   1.2374582e-01  -2.5239284e-02
   1.2040134e-01  -2.5012384e-02
   1.1705686e-01  -2.4777563e-02
   1.1371237e-01  -2.4534536e-02
   1.1036789e-01  -2.4282999e-02
   1.0702341e-01  -2.4022623e-02
   1.0367893e-01  -2.3753058e-02
   1.0033445e-01  -2.3473927e-02
   9.6989967e-02  -2.3184822e-02
   9.3645485e-02  -2.2885302e-02
   9.0301003e-02  -2.2574889e-02
   8.6956522e-02  -2.2253063e-02
   8.3612040e-02  -2.1919254e-02
   8.0267559e-02  -2.1572841e-02
   7.6923077e-02  -2.1213138e-02
   7.3578595e-02  -2.0839387e-02
   7.0234114e-02  -2.0450748e-02
   6.6889632e-02  -2.0046284e-02
   6.3545151e-02  -1.9624943e-02
   6.0200669e-02  -1.9185537e-02
   5.6856187e-02  -1.8726719e-02
   5.3511706e-02  -1.8246946e-02
   5.0167224e-02  -1.7744438e-02
   4.6822742e-02  -1.7217120e-02
   4.3478261e-02  -1.6662552e-02
   4.0133779e-02  -1.6077825e-02
   3.6789298e-02  -1.5459426e-02
   3.3444816e-02  -1.4803039e-02
   3.0100334e-02  -1.4103261e-02
   2.6755853e-02  -1.3353165e-02
   2.3411371e-02  -1.2543616e-02
   2.0066890e-02  -1.1662118e-02
   1.6722408e-02  -1.0690757e-02
   1.3377926e-02  -9.6021546e-03
   1.0033445e-02  -8.3504172e-03
   6.6889632e-03  -6.8464432e-03
   3.3444816e-03  -4.8612292e-03
   0.0000000e+00   0.0000000e+00
