   0.0000000e+00   0.0000000e+00
   3.3444816e-03   1.1455323e-02
   6.6889632e-03   1.6107638e-02
   1.0033445e-02   1.9617091e-02
   1.3377926e-02   2.2527266e-02
   1.6722408e-02   2.5050428e-02
   2.0066890e-02   2.7296336e-02
   2.3411371e-02   2.9330736e-02
   2.6755853e-02   3.1196832e-02
   3.0100334e-02   3.2924891e-02
   3.3444816e-02   3.4537140e-02
   3.6789298e-02   3.6050503e-02
   4.0133779e-02   3.7478240e-02
   4.3478261e-02   3.8830981e-02
   4.6822742e-02   4.0117418e-02
   5.0167224e-02   4.1344768e-02
   5.3511706e-02   4.2519108e-02
   5.6856187e-02   4.3645614e-02
   6.0200669e-02   4.4728741e-02
   6.3545151e-02   4.5772357e-02
   6.6889632e-02   4.6779844e-02
   7.0234114e-02   4.7754183e-02
   7.3578595e-02   4.8698016e-02
   7.6923077e-02   4.9613695e-02
   8.0267559e-02   5.0503328e-02
   8.3612040e-02   5.1368807e-02
   8.6956522e-02   5.2211843e-02
   9.0301003e-02   5.3033983e-02
   9.3645485e-02   5.3836634e-02
   9.6989967e-02   5.4621076e-02
   1.0033445e-01   5.5388479e-02
   1.0367893e-01   5.6139912e-02
   1.0702341e-01   5.6876356e-02
   1.1036789e-01   5.7598712e-02
   1.1371237e-01   5.8307810e-02
   1.1705686e-01   5.9004411e-02
   1.2040134e-01   5.9689218e-02
   1.2374582e-01   6.0362882e-02
   1.2709030e-01   6.1026001e-02
   1.3043478e-01   6.1679129e-02
   1.3377926e-01   6.2322778e-02
   1.3712375e-01   6.2957420e-02
   1.4046823e-01   6.3583494e-02
   1.4381271e-01   6.4201404e-02
   1.4715719e-01   6.4811523e-02
   1.5050167e-01   6.5414198e-02
   1.5384615e-01   6.6009746e-02
   1.5719064e-01   6.6598461e-02
   1.6053512e-01   6.7180616e-02
   1.6387960e-01   6.7756459e-02
   1.6722408e-01   6.8326220e-02
   1.7056856e-01   6.8890109e-02
   1.7391304e-01   6.9448318e-02
   1.7725753e-01   7.0001022e-02
   1.8060201e-01   7.0548383e-02
   1.8394649e-01   7.1090545e-02
   1.8729097e-01   7.1627639e-02
   1.9063545e-01   7.2159783e-02
   1.9397993e-01   7.2687082e-02
   1.9732441e-01   7.3209630e-02
   2.0066890e-01   7.3727509e-02
   2.0401338e-01   7.4240792e-02
   2.0735786e-01   7.4749539e-02
   2.1070234e-01   7.5253804e-02
   2.1404682e-01   7.5753629e-02
   2.1739130e-01   7.6249050e-02
   2.2073579e-01   7.6740092e-02
   2.2408027e-01   7.7226776e-02
   2.2742475e-01   7.7709113e-02
   2.3076923e-01   7.8187107e-02
   2.3411371e-01   7.8660757e-02
   2.3745819e-01   7.9130054e-02
   2.4080268e-01   7.9594985e-02
   2.4414716e-01   8.0055530e-02
   2.4749164e-01   8.0511664e-02
   2.5083612e-01   8.0963356e-02
   2.5418060e-01   8.1410573e-02
   2.5752508e-01   8.1853273e-02
   2.6086957e-01   8.2291414e-02
   2.6421405e-01   8.2724947e-02
   2.6755853e-01   8.3153821e-02
   2.7090301e-01   8.3577979e-02
   2.7424749e-01   8.3997362e-02
   2.7759197e-01   8.4411909e-02
   2.8093645e-01   8.4821552e-02
   2.8428094e-01   8.5226224e-02
   2.8762542e-01   8.5625853e-02
   2.9096990e-01   8.6020365e-02
   2.9431438e-01   8.6409684e-02
   2.9765886e-01   8.6793729e-02
   3.0100334e-01   8.7172421e-02
   3.0434783e-01   8.7545677e-02
   3.0769231e-01   8.7913410e-02
   3.1103679e-01   8.8275534e-02
   3.1438127e-01   8.8631960e-02
   3.1772575e-01   8.8982599e-02
   3.2107023e-01   8.9327359e-02
   3.2441472e-01   8.9666147e-02
   3.2775920e-01   8.9998869e-02
   3.3110368e-01   9.0325429e-02
   3.3444816e-01   9.0645733e-02
   3.3779264e-01   9.0959682e-02
   3.4113712e-01   9.1267179e-02
   3.4448161e-01   9.1568126e-02
   3.4782609e-01   9.1862423e-02
   3.5117057e-01   9.2149971e-02
   3.5451505e-01   9.2430670e-02
   3.5785953e-01   9.2704419e-02
   3.6120401e-01   9.2971119e-02
   3.6454849e-01   9.3230668e-02
   3.6789298e-01   9.3482966e-02
   3.7123746e-01   9.3727912e-02
   3.7458194e-01   9.3965406e-02
   3.7792642e-01   9.4195346e-02
   3.8127090e-01   9.4417633e-02
   3.8461538e-01   9.4632166e-02
   3.8795987e-01   9.4838847e-02
   3.9130435e-01   9.5037575e-02
   3.9464883e-01   9.5228253e-02
   3.9799331e-01   9.5410782e-02
   4.0133779e-01   9.5585065e-02
   4.0468227e-01   9.5751005e-02
   4.0802676e-01   9.5908506e-02
   4.1137124e-01   9.6057473e-02
   4.1471572e-01   9.6197813e-02
   4.1806020e-01   9.6329431e-02
   4.2140468e-01   9.6452235e-02
   4.2474916e-01   9.6566135e-02
   4.2809365e-01   9.6671040e-02
   4.3143813e-01   9.6766862e-02
   4.3478261e-01   9.6853512e-02
   4.3812709e-01   9.6930905e-02
   4.4147157e-01   9.6998955e-02
   4.4481605e-01   9.7057580e-02
   4.4816054e-01   9.7106696e-02
   4.5150502e-01   9.7146223e-02
   4.5484950e-01   9.7176082e-02
   4.5819398e-01   9.7196196e-02
   4.6153846e-01   9.7206488e-02
   4.6488294e-01   9.7206885e-02
   4.6822742e-01   9.7197314e-02
   4.7157191e-01   9.7177705e-02
   4.7491639e-01   9.7147988e-02
   4.7826087e-01   9.7108097e-02
   4.8160535e-01   9.7057966e-02
   4.8494983e-01   9.6997533e-02
   4.8829431e-01   9.6926736e-02
   4.9163880e-01   9.6845517e-02
   4.9498328e-01   9.6753818e-02
   4.9832776e-01   9.6651586e-02
   5.0167224e-01   9.6538766e-02
   5.0501672e-01   9.6415309e-02
   5.0836120e-01   9.6281167e-02
   5.1170569e-01   9.6136294e-02
   5.1505017e-01   9.5980646e-02
   5.1839465e-01   9.5814182e-02
   5.2173913e-01   9.5636864e-02
   5.2508361e-01   9.5448655e-02
   5.2842809e-01   9.5249521e-02
   5.3177258e-01   9.5039432e-02
   5.3511706e-01   9.4818358e-02
   5.3846154e-01   9.4586273e-02
   5.4180602e-01   9.4343155e-02
   5.4515050e-01   9.4088982e-02
   5.4849498e-01   9.3823736e-02
   5.5183946e-01   9.3547401e-02
   5.5518395e-01   9.3259966e-02
   5.5852843e-01   9.2961421e-02
   5.6187291e-01   9.2651758e-02
   5.6521739e-01   9.2330974e-02
   5.6856187e-01   9.1999067e-02
   5.7190635e-01   9.1656040e-02
   5.7525084e-01   9.1301897e-02
   5.7859532e-01   9.0936646e-02
   5.8193980e-01   9.0560298e-02
   5.8528428e-01   9.0172867e-02
   5.8862876e-01   8.9774370e-02
   5.9197324e-01   8.9364828e-02
   5.9531773e-01   8.8944263e-02
   5.9866221e-01   8.8512702e-02
   6.0200669e-01   8.8070176e-02
   6.0535117e-01   8.7616717e-02
   6.0869565e-01   8.7152361e-02
   6.1204013e-01   8.6677149e-02
   6.1538462e-01   8.6191124e-02
   6.1872910e-01   8.5694331e-02
   6.2207358e-01   8.5186821e-02
   6.2541806e-01   8.4668648e-02
   6.2876254e-01   8.4139867e-02
   6.3210702e-01   8.3600540e-02
   6.3545151e-01   8.3050730e-02
   6.3879599e-01   8.2490505e-02
   6.4214047e-01   8.1919935e-02
   6.4548495e-01   8.1339096e-02
   6.4882943e-01   8.0748065e-02
   6.5217391e-01   8.0146925e-02
   6.5551839e-01   7.9535760e-02
   6.5886288e-01   7.8914662e-02
   6.6220736e-01   7.8283721e-02
   6.6555184e-01   7.7643037e-02
   6.6889632e-01   7.6992708e-02
   6.7224080e-01   7.6332841e-02
   6.7558528e-01   7.5663542e-02
   6.7892977e-01   7.4984925e-02
   6.8227425e-01   7.4297106e-02
   6.8561873e-01   7.3600205e-02
   6.8896321e-01   7.2894346e-02
   6.9230769e-01   7.2179657e-02
   6.9565217e-01   7.1456271e-02
   6.9899666e-01   7.0724323e-02
   7.0234114e-01   6.9983954e-02
   7.0568562e-01   6.9235308e-02
   7.0903010e-01   6.8478534e-02
   7.1237458e-01   6.7713784e-02
   7.1571906e-01   6.6941216e-02
   7.1906355e-01   6.6160989e-02
   7.2240803e-01   6.5373270e-02
   7.2575251e-01   6.4578228e-02
   7.2909699e-01   6.3776036e-02
   7.3244147e-01   6.2966873e-02
   7.3578595e-01   6.2150920e-02
   7.3913043e-01   6.1328366e-02
   7.4247492e-01   6.0499400e-02
   7.4581940e-01   5.9664218e-02
   7.4916388e-01   5.8823020e-02
   7.5250836e-01   5.7976010e-02
   7.5585284e-01   5.7123397e-02
   7.5919732e-01   5.6265394e-02
   7.6254181e-01   5.5402219e-02
   7.6588629e-01   5.4534095e-02
   7.6923077e-01   5.3661247e-02
   7.7257525e-01   5.2783907e-02
   7.7591973e-01   5.1902312e-02
   7.7926421e-01   5.1016702e-02
   7.8260870e-01   5.0127322e-02
   7.8595318e-01   4.9234422e-02
   7.8929766e-01   4.8338257e-02
   7.9264214e-01   4.7439086e-02
   7.9598662e-01   4.6537172e-02
   7.9933110e-01   4.5632786e-02
   8.0267559e-01   4.4726199e-02
   8.0602007e-01   4.3817692e-02
   8.0936455e-01   4.2907546e-02
   8.1270903e-01   4.1996050e-02
   8.1605351e-01   4.1083496e-02
   8.1939799e-01   4.0170183e-02
   8.2274247e-01   3.9256414e-02
   8.2608696e-01   3.8342494e-02
   8.2943144e-01   3.7428738e-02
   8.3277592e-01   3.6515463e-02
   8.3612040e-01   3.5602991e-02
   8.3946488e-01   3.4691649e-02
   8.4280936e-01   3.3781771e-02
   8.4615385e-01   3.2873693e-02
   8.4949833e-01   3.1967759e-02
   8.5284281e-01   3.1064316e-02
   8.5618729e-01   3.0163716e-02
   8.5953177e-01   2.9266319e-02
   8.6287625e-01   2.8372487e-02
   8.6622074e-01   2.7482588e-02
   8.6956522e-01   2.6596995e-02
   8.7290970e-01   2.5716089e-02
   8.7625418e-01   2.4840252e-02
   8.7959866e-01   2.3969873e-02
   8.8294314e-01   2.3105348e-02
   8.8628763e-01   2.2247076e-02
   8.8963211e-01   2.1395462e-02
   8.9297659e-01   2.0550916e-02
   8.9632107e-01   1.9713854e-02
   8.9966555e-01   1.8884698e-02
   9.0301003e-01   1.8063873e-02
   9.0635452e-01   1.7251813e-02
   9.0969900e-01   1.6448953e-02
   9.1304348e-01   1.5655738e-02
   9.1638796e-01   1.4872614e-02
   9.1973244e-01   1.4100037e-02
   9.2307692e-01   1.3338466e-02
   9.2642140e-01   1.2588364e-02
   9.2976589e-01   1.1850203e-02
   9.3311037e-01   1.1124458e-02
   9.3645485e-01   1.0411611e-02
   9.3979933e-01   9.7121496e-03
   9.4314381e-01   9.0265657e-03
   9.4648829e-01   8.3553579e-03
   9.4983278e-01   7.6990303e-03
   9.5317726e-01   7.0580925e-03
   9.5652174e-01   6.4330600e-03
   9.5986622e-01   5.8244539e-03
   9.6321070e-01   5.2328010e-03
   9.6655518e-01   4.6586339e-03
   9.6989967e-01   4.1024910e-03
   9.7324415e-01   3.5649164e-03
   9.7658863e-01   3.0464600e-03
   9.7993311e-01   2.5476777e-03
   9.8327759e-01   2.0691310e-03
   9.8662207e-01   1.6113874e-03
   9.8996656e-01   1.1750204e-03
   9.9331104e-01   7.6060900e-04
   9.9665552e-01   3.6873852e-04
   1.0000000e+00   0.0000000e+00
   1.0000000e+00   0.0000000e+00
   9.9665552e-01   2.0743165e-04
   9.9331104e-01   3.9216590e-04
   9.8996656e-01   5.5466869e-04
   9.8662207e-01   6.9540154e-04
   9.8327759e-01   8.1482161e-04
   9.7993311e-01   9.1338163e-04
   9.7658863e-01   9.9153003e-04
   9.7324415e-01   1.0497108e-03
   9.6989967e-01   1.0883638e-03
   9.6655518e-01   1.1079242e-03
   9.6321070e-01   1.1088232e-03
   9.5986622e-01   1.0914875e-03
   9.5652174e-01   1.0563396e-03
   9.5317726e-01   1.0037978e-03
   9.4983278e-01   9.3427596e-04
   9.4648829e-01   8.4818380e-04
   9.4314381e-01   7.4592680e-04
   9.3979933e-01   6.2790619e-04
   9.3645485e-01   4.9451904e-04
   9.3311037e-01   3.4615818e-04
   9.2976589e-01   1.8321229e-04
   9.2642140e-01   6.0658678e-06
   9.2307692e-01  -1.8490073e-04
   9.1973244e-01  -3.8931130e-04
   9.1638796e-01  -6.0679374e-04
   9.1304348e-01  -8.3698009e-04
   9.0969900e-01  -1.0795065e-03
   9.0635452e-01  -1.3340131e-03
   9.0301003e-01  -1.6001442e-03
   8.9966555e-01  -1.8775482e-03
   8.9632107e-01  -2.1658774e-03
   8.9297659e-01  -2.4647883e-03
   8.8963211e-01  -2.7739412e-03
   8.8628763e-01  -3.0930007e-03
   8.8294314e-01  -3.4216350e-03
   8.7959866e-01  -3.7595166e-03
   8.7625418e-01  -4.1063218e-03
   8.7290970e-01  -4.4617309e-03
   8.6956522e-01  -4.8254282e-03
   8.6622074e-01  -5.1971017e-03
   8.6287625e-01  -5.5764435e-03
   8.5953177e-01  -5.9631496e-03
   8.5618729e-01  -6.3569196e-03
   8.5284281e-01  -6.7574573e-03
   8.4949833e-01  -7.1644702e-03
   8.4615385e-01  -7.5776695e-03
   8.4280936e-01  -7.9967705e-03
   8.3946488e-01  -8.4214920e-03
   8.3612040e-01  -8.8515568e-03
   8.3277592e-01  -9.2866914e-03
   8.2943144e-01  -9.7266260e-03
   8.2608696e-01  -1.0171095e-02
   8.2274247e-01  -1.0619835e-02
   8.1939799e-01  -1.1072588e-02
   8.1605351e-01  -1.1529100e-02
   8.1270903e-01  -1.1989119e-02
   8.0936455e-01  -1.2452397e-02
   8.0602007e-01  -1.2918691e-02
   8.0267559e-01  -1.3387760e-02
   7.9933110e-01  -1.3859368e-02
   7.9598662e-01  -1.4333281e-02
   7.9264214e-01  -1.4809271e-02
   7.8929766e-01  -1.5287111e-02
   7.8595318e-01  -1.5766579e-02
   7.8260870e-01  -1.6247457e-02
   7.7926421e-01  -1.6729528e-02
   7.7591973e-01  -1.7212582e-02
   7.7257525e-01  -1.7696409e-02
   7.6923077e-01  -1.8180806e-02
   7.6588629e-01  -1.8665570e-02
   7.6254181e-01  -1.9150505e-02
   7.5919732e-01  -1.9635415e-02
   7.5585284e-01  -2.0120109e-02
   7.5250836e-01  -2.0604401e-02
   7.4916388e-01  -2.1088104e-02
   7.4581940e-01  -2.1571040e-02
   7.4247492e-01  -2.2053029e-02
   7.3913043e-01  -2.2533899e-02
   7.3578595e-01  -2.3013477e-02
   7.3244147e-01  -2.3491596e-02
   7.2909699e-01  -2.3968093e-02
   7.2575251e-01  -2.4442805e-02
   7.2240803e-01  -2.4915576e-02
   7.1906355e-01  -2.5386249e-02
   7.1571906e-01  -2.5854675e-02
   7.1237458e-01  -2.6320705e-02
   7.0903010e-01  -2.6784193e-02
   7.0568562e-01  -2.7244998e-02
   7.0234114e-01  -2.7702981e-02
   6.9899666e-01  -2.8158006e-02
   6.9565217e-01  -2.8609942e-02
   6.9230769e-01  -2.9058658e-02
   6.8896321e-01  -2.9504028e-02
   6.8561873e-01  -2.9945929e-02
   6.8227425e-01  -3.0384240e-02
   6.7892977e-01  -3.0818845e-02
   6.7558528e-01  -3.1249629e-02
   6.7224080e-01  -3.1676480e-02
   6.6889632e-01  -3.2099290e-02
   6.6555184e-01  -3.2517955e-02
   6.6220736e-01  -3.2932371e-02
   6.5886288e-01  -3.3342439e-02
   6.5551839e-01  -3.3748061e-02
   6.5217391e-01  -3.4149146e-02
   6.4882943e-01  -3.4545600e-02
   6.4548495e-01  -3.4937337e-02
   6.4214047e-01  -3.5324270e-02
   6.3879599e-01  -3.5706317e-02
   6.3545151e-01  -3.6083399e-02
   6.3210702e-01  -3.6455438e-02
   6.2876254e-01  -3.6822360e-02
   6.2541806e-01  -3.7184093e-02
   6.2207358e-01  -3.7540569e-02
   6.1872910e-01  -3.7891721e-02
   6.1538462e-01  -3.8237485e-02
   6.1204013e-01  -3.8577800e-02
   6.0869565e-01  -3.8912608e-02
   6.0535117e-01  -3.9241854e-02
   6.0200669e-01  -3.9565483e-02
   5.9866221e-01  -3.9883445e-02
   5.9531773e-01  -4.0195692e-02
   5.9197324e-01  -4.0502179e-02
   5.8862876e-01  -4.0802861e-02
   5.8528428e-01  -4.1097698e-02
   5.8193980e-01  -4.1386652e-02
   5.7859532e-01  -4.1669686e-02
   5.7525084e-01  -4.1946768e-02
   5.7190635e-01  -4.2217866e-02
   5.6856187e-01  -4.2482950e-02
   5.6521739e-01  -4.2741996e-02
   5.6187291e-01  -4.2994977e-02
   5.5852843e-01  -4.3241873e-02
   5.5518395e-01  -4.3482663e-02
   5.5183946e-01  -4.3717330e-02
   5.4849498e-01  -4.3945859e-02
   5.4515050e-01  -4.4168236e-02
   5.4180602e-01  -4.4384451e-02
   5.3846154e-01  -4.4594495e-02
   5.3511706e-01  -4.4798360e-02
   5.3177258e-01  -4.4996043e-02
   5.2842809e-01  -4.5187540e-02
   5.2508361e-01  -4.5372851e-02
   5.2173913e-01  -4.5551978e-02
   5.1839465e-01  -4.5724923e-02
   5.1505017e-01  -4.5891692e-02
   5.1170569e-01  -4.6052293e-02
   5.0836120e-01  -4.6206734e-02
   5.0501672e-01  -4.6355026e-02
   5.0167224e-01  -4.6497183e-02
   4.9832776e-01  -4.6633218e-02
   4.9498328e-01  -4.6763149e-02
   4.9163880e-01  -4.6886994e-02
   4.8829431e-01  -4.7004771e-02
   4.8494983e-01  -4.7116504e-02
   4.8160535e-01  -4.7222215e-02
   4.7826087e-01  -4.7321930e-02
   4.7491639e-01  -4.7415674e-02
   4.7157191e-01  -4.7503477e-02
   4.6822742e-01  -4.7585367e-02
   4.6488294e-01  -4.7661376e-02
   4.6153846e-01  -4.7731536e-02
   4.5819398e-01  -4.7795882e-02
   4.5484950e-01  -4.7854449e-02
   4.5150502e-01  -4.7907275e-02
   4.4816054e-01  -4.7954397e-02
   4.4481605e-01  -4.7995855e-02
   4.4147157e-01  -4.8031691e-02
   4.3812709e-01  -4.8061946e-02
   4.3478261e-01  -4.8086663e-02
   4.3143813e-01  -4.8105888e-02
   4.2809365e-01  -4.8119666e-02
   4.2474916e-01  -4.8128044e-02
   4.2140468e-01  -4.8131070e-02
   4.1806020e-01  -4.8128792e-02
   4.1471572e-01  -4.8121262e-02
   4.1137124e-01  -4.8108529e-02
   4.0802676e-01  -4.8090647e-02
   4.0468227e-01  -4.8067667e-02
   4.0133779e-01  -4.8039643e-02
   3.9799331e-01  -4.8006629e-02
   3.9464883e-01  -4.7968681e-02
   3.9130435e-01  -4.7925855e-02
   3.8795987e-01  -4.7878207e-02
   3.8461538e-01  -4.7825795e-02
   3.8127090e-01  -4.7768675e-02
   3.7792642e-01  -4.7706908e-02
   3.7458194e-01  -4.7640550e-02
   3.7123746e-01  -4.7569662e-02
   3.6789298e-01  -4.7494303e-02
   3.6454849e-01  -4.7414534e-02
   3.6120401e-01  -4.7330414e-02
   3.5785953e-01  -4.7242004e-02
   3.5451505e-01  -4.7149365e-02
   3.5117057e-01  -4.7052557e-02
   3.4782609e-01  -4.6951642e-02
   3.4448161e-01  -4.6846680e-02
   3.4113712e-01  -4.6737733e-02
   3.3779264e-01  -4.6624861e-02
   3.3444816e-01  -4.6508126e-02
   3.3110368e-01  -4.6387586e-02
   3.2775920e-01  -4.6263303e-02
   3.2441472e-01  -4.6135336e-02
   3.2107023e-01  -4.6003745e-02
   3.1772575e-01  -4.5868588e-02
   3.1438127e-01  -4.5729925e-02
   3.1103679e-01  -4.5587812e-02
   3.0769231e-01  -4.5442306e-02
   3.0434783e-01  -4.5293465e-02
   3.0100334e-01  -4.5141342e-02
   2.9765886e-01  -4.4985993e-02
   2.9431438e-01  -4.4827471e-02
   2.9096990e-01  -4.4665828e-02
   2.8762542e-01  -4.4501116e-02
   2.8428094e-01  -4.4333383e-02
   2.8093645e-01  -4.4162678e-02
   2.7759197e-01  -4.3989048e-02
   2.7424749e-01  -4.3812538e-02
   2.7090301e-01  -4.3633191e-02
   2.6755853e-01  -4.3451049e-02
   2.6421405e-01  -4.3266152e-02
   2.6086957e-01  -4.3078538e-02
   2.5752508e-01  -4.2888241e-02
   2.5418060e-01  -4.2695294e-02
   2.5083612e-01  -4.2499729e-02
   2.4749164e-01  -4.2301573e-02
   2.4414716e-01  -4.2100851e-02
   2.4080268e-01  -4.1897586e-02
   2.3745819e-01  -4.1691797e-02
   2.3411371e-01  -4.1483499e-02
   2.3076923e-01  -4.1272705e-02
   2.2742475e-01  -4.1059425e-02
   2.2408027e-01  -4.0843662e-02
   2.2073579e-01  -4.0625419e-02
   2.1739130e-01  -4.0404691e-02
   2.1404682e-01  -4.0181471e-02
   2.1070234e-01  -3.9955747e-02
   2.0735786e-01  -3.9727501e-02
   2.0401338e-01  -3.9496711e-02
   2.0066890e-01  -3.9263348e-02
   1.9732441e-01  -3.9027378e-02
   1.9397993e-01  -3.8788760e-02
   1.9063545e-01  -3.8547449e-02
   1.8729097e-01  -3.8303391e-02
   1.8394649e-01  -3.8056523e-02
   1.8060201e-01  -3.7806778e-02
   1.7725753e-01  -3.7554079e-02
   1.7391304e-01  -3.7298341e-02
   1.7056856e-01  -3.7039467e-02
   1.6722408e-01  -3.6777355e-02
   1.6387960e-01  -3.6511890e-02
   1.6053512e-01  -3.6242945e-02
   1.5719064e-01  -3.5970383e-02
   1.5384615e-01  -3.5694054e-02
   1.5050167e-01  -3.5413796e-02
   1.4715719e-01  -3.5129430e-02
   1.4381271e-01  -3.4840764e-02
   1.4046823e-01  -3.4547589e-02
   1.3712375e-01  -3.4249679e-02
   1.3377926e-01  -3.3946788e-02
   1.3043478e-01  -3.3638651e-02
   1.2709030e-01  -3.3324982e-02
   1.2374582e-01  -3.3005468e-02
   1.2040134e-01  -3.2679773e-02
   1.1705686e-01  -3.2347534e-02
   1.1371237e-01  -3.2008355e-02
   1.1036789e-01  -3.1661809e-02
   1.0702341e-01  -3.1307433e-02
   1.0367893e-01  -3.0944722e-02
   1.0033445e-01  -3.0573128e-02
   9.6989967e-02  -3.0192058e-02
   9.3645485e-02  -2.9800859e-02
   9.0301003e-02  -2.9398824e-02
   8.6956522e-02  -2.8985174e-02
   8.3612040e-02  -2.8559059e-02
   8.0267559e-02  -2.8119541e-02
   7.6923077e-02  -2.7665585e-02
   7.3578595e-02  -2.7196048e-02
   7.0234114e-02  -2.6709657e-02
   6.6889632e-02  -2.6204995e-02
   6.3545151e-02  -2.5680470e-02
   6.0200669e-02  -2.5134290e-02
   5.6856187e-02  -2.4564425e-02
   5.3511706e-02  -2.3968557e-02
   5.0167224e-02  -2.3344018e-02
   4.6822742e-02  -2.2687717e-02
   4.3478261e-02  -2.1996029e-02
   4.0133779e-02  -2.1264659e-02
   3.6789298e-02  -2.0488442e-02
   3.3444816e-02  -1.9661075e-02
   3.0100334e-02  -1.8774712e-02
   2.6755853e-02  -1.7819360e-02
   2.3411371e-02  -1.6781921e-02
   2.0066890e-02  -1.5644599e-02
   1.6722408e-02  -1.4382048e-02
   1.3377926e-02  -1.2955777e-02
   1.0033445e-02  -1.1301672e-02
   6.6889632e-03  -9.2960113e-03
   3.3444816e-03  -6.6226553e-03
   0.0000000e+00   0.0000000e+00
