   0.0000000e+00   0.0000000e+00
   3.3444816e-03   2.2401642e-03
   6.6889632e-03   3.1555491e-03
   1.0033445e-02   3.8494424e-03
   1.3377926e-02   4.4273275e-03
   1.6722408e-02   4.9302435e-03
   2.0066890e-02   5.3793277e-03
   2.3411371e-02   5.7871901e-03
   2.6755853e-02   6.1620818e-03
   3.0100334e-02   6.5097588e-03
   3.3444816e-02   6.8344299e-03
   3.6789298e-02   7.1392866e-03
   4.0133779e-02   7.4268190e-03
   4.3478261e-02   7.6990165e-03
   4.6822742e-02   7.9574992e-03
   5.0167224e-02   8.2036085e-03
   5.3511706e-02   8.4384706e-03
   5.6856187e-02   8.6630426e-03
   6.0200669e-02   8.8781466e-03
   6.3545151e-02   9.0844951e-03
   6.6889632e-02   9.2827113e-03
   7.0234114e-02   9.4733437e-03
   7.3578595e-02   9.6568789e-03
   7.6923077e-02   9.8337507e-03
   8.0267559e-02   1.0004348e-02
   8.3612040e-02   1.0169023e-02
   8.6956522e-02   1.0328091e-02
   9.0301003e-02   1.0481843e-02
   9.3645485e-02   1.0630542e-02
   9.6989967e-02   1.0774429e-02
   1.0033445e-01   1.0913727e-02
   1.0367893e-01   1.1048641e-02
   1.0702341e-01   1.1179359e-02
   1.1036789e-01   1.1306059e-02
   1.1371237e-01   1.1428903e-02
   1.1705686e-01   1.1548043e-02
   1.2040134e-01   1.1663622e-02
   1.2374582e-01   1.1775773e-02
   1.2709030e-01   1.1884621e-02
   1.3043478e-01   1.1990283e-02
   1.3377926e-01   1.2092870e-02
   1.3712375e-01   1.2192486e-02
   1.4046823e-01   1.2289230e-02
   1.4381271e-01   1.2383194e-02
   1.4715719e-01   1.2474467e-02
   1.5050167e-01   1.2563132e-02
   1.5384615e-01   1.2649269e-02
   1.5719064e-01   1.2732954e-02
   1.6053512e-01   1.2814258e-02
   1.6387960e-01   1.2893250e-02
   1.6722408e-01   1.2969996e-02
   1.7056856e-01   1.3044557e-02
   1.7391304e-01   1.3116995e-02
   1.7725753e-01   1.3187365e-02
   1.8060201e-01   1.3255724e-02
   1.8394649e-01   1.3322123e-02
   1.8729097e-01   1.3386612e-02
   1.9063545e-01   1.3449241e-02
   1.9397993e-01   1.3510055e-02
   1.9732441e-01   1.3569100e-02
   2.0066890e-01   1.3626418e-02
   2.0401338e-01   1.3682051e-02
   2.0735786e-01   1.3736038e-02
   2.1070234e-01   1.3788419e-02
   2.1404682e-01   1.3839229e-02
   2.1739130e-01   1.3888506e-02
   2.2073579e-01   1.3936283e-02
   2.2408027e-01   1.3982593e-02
   2.2742475e-01   1.4027470e-02
   2.3076923e-01   1.4070944e-02
   2.3411371e-01   1.4113045e-02
   2.3745819e-01   1.4153802e-02
   2.4080268e-01   1.4193244e-02
   2.4414716e-01   1.4231398e-02
   2.4749164e-01   1.4268290e-02
   2.5083612e-01   1.4303945e-02
   2.5418060e-01   1.4338390e-02
   2.5752508e-01   1.4371646e-02
   2.6086957e-01   1.4403739e-02
   2.6421405e-01   1.4434690e-02
   2.6755853e-01   1.4464521e-02
   2.7090301e-01   1.4493253e-02
   2.7424749e-01   1.4520907e-02
   2.7759197e-01   1.4547503e-02
   2.8093645e-01   1.4573061e-02
   2.8428094e-01   1.4597598e-02
   2.8762542e-01   1.4621134e-02
   2.9096990e-01   1.4643685e-02
   2.9431438e-01   1.4665269e-02
   2.9765886e-01   1.4685902e-02
   3.0100334e-01   1.4705602e-02
   3.0434783e-01   1.4724382e-02
   3.0769231e-01   1.4742259e-02
   3.1103679e-01   1.4759247e-02
   3.1438127e-01   1.4775360e-02
   3.1772575e-01   1.4790612e-02
   3.2107023e-01   1.4805017e-02
   3.2441472e-01   1.4818587e-02
   3.2775920e-01   1.4831336e-02
   3.3110368e-01   1.4843274e-02
   3.3444816e-01   1.4854415e-02
   3.3779264e-01   1.4864769e-02
   3.4113712e-01   1.4874348e-02
   3.4448161e-01   1.4883161e-02
   3.4782609e-01   1.4891221e-02
   3.5117057e-01   1.4898536e-02
   3.5451505e-01   1.4905116e-02
   3.5785953e-01   1.4910970e-02
   3.6120401e-01   1.4916109e-02
   3.6454849e-01   1.4920539e-02
   3.6789298e-01   1.4924270e-02
   3.7123746e-01   1.4927309e-02
   3.7458194e-01   1.4929665e-02
   3.7792642e-01   1.4931345e-02
   3.8127090e-01   1.4932356e-02
   3.8461538e-01   1.4932704e-02
   3.8795987e-01   1.4932397e-02
   3.9130435e-01   1.4931440e-02
   3.9464883e-01   1.4929841e-02
   3.9799331e-01   1.4927603e-02
   4.0133779e-01   1.4924734e-02
   4.0468227e-01   1.4921238e-02
   4.0802676e-01   1.4917120e-02
   4.1137124e-01   1.4912384e-02
   4.1471572e-01   1.4907036e-02
   4.1806020e-01   1.4901080e-02
   4.2140468e-01   1.4894518e-02
   4.2474916e-01   1.4887356e-02
   4.2809365e-01   1.4879596e-02
   4.3143813e-01   1.4871242e-02
   4.3478261e-01   1.4862296e-02
   4.3812709e-01   1.4852762e-02
   4.4147157e-01   1.4842641e-02
   4.4481605e-01   1.4831937e-02
   4.4816054e-01   1.4820650e-02
   4.5150502e-01   1.4808783e-02
   4.5484950e-01   1.4796338e-02
   4.5819398e-01   1.4783315e-02
   4.6153846e-01   1.4769717e-02
   4.6488294e-01   1.4755542e-02
   4.6822742e-01   1.4740794e-02
   4.7157191e-01   1.4725471e-02
   4.7491639e-01   1.4709574e-02
   4.7826087e-01   1.4693103e-02
   4.8160535e-01   1.4676057e-02
   4.8494983e-01   1.4658437e-02
   4.8829431e-01   1.4640242e-02
   4.9163880e-01   1.4621471e-02
   4.9498328e-01   1.4602122e-02
   4.9832776e-01   1.4582195e-02
   5.0167224e-01   1.4561689e-02
   5.0501672e-01   1.4540600e-02
   5.0836120e-01   1.4518928e-02
   5.1170569e-01   1.4496670e-02
   5.1505017e-01   1.4473825e-02
   5.1839465e-01   1.4450389e-02
   5.2173913e-01   1.4426360e-02
   5.2508361e-01   1.4401735e-02
   5.2842809e-01   1.4376510e-02
   5.3177258e-01   1.4350684e-02
   5.3511706e-01   1.4324251e-02
   5.3846154e-01   1.4297208e-02
   5.4180602e-01   1.4269552e-02
   5.4515050e-01   1.4241278e-02
   5.4849498e-01   1.4212383e-02
   5.5183946e-01   1.4182860e-02
   5.5518395e-01   1.4152706e-02
   5.5852843e-01   1.4121917e-02
   5.6187291e-01   1.4090486e-02
   5.6521739e-01   1.4058408e-02
   5.6856187e-01   1.4025678e-02
   5.7190635e-01   1.3992291e-02
   5.7525084e-01   1.3958240e-02
   5.7859532e-01   1.3923519e-02
   5.8193980e-01   1.3888123e-02
   5.8528428e-01   1.3852044e-02
   5.8862876e-01   1.3815276e-02
   5.9197324e-01   1.3777812e-02
   5.9531773e-01   1.3739645e-02
   5.9866221e-01   1.3700768e-02
   6.0200669e-01   1.3661173e-02
   6.0535117e-01   1.3620854e-02
   6.0869565e-01   1.3579801e-02
   6.1204013e-01   1.3538007e-02
   6.1538462e-01   1.3495464e-02
   6.1872910e-01   1.3452164e-02
   6.2207358e-01   1.3408097e-02
   6.2541806e-01   1.3363256e-02
   6.2876254e-01   1.3317630e-02
   6.3210702e-01   1.3271212e-02
   6.3545151e-01   1.3223991e-02
   6.3879599e-01   1.3175959e-02
   6.4214047e-01   1.3127105e-02
   6.4548495e-01   1.3077419e-02
   6.4882943e-01   1.3026892e-02
   6.5217391e-01   1.2975513e-02
   6.5551839e-01   1.2923272e-02
   6.5886288e-01   1.2870157e-02
   6.6220736e-01   1.2816159e-02
   6.6555184e-01   1.2761266e-02
   6.6889632e-01   1.2705466e-02
   6.7224080e-01   1.2648750e-02
   6.7558528e-01   1.2591103e-02
   6.7892977e-01   1.2532516e-02
   6.8227425e-01   1.2472976e-02
   6.8561873e-01   1.2412470e-02
   6.8896321e-01   1.2350987e-02
   6.9230769e-01   1.2288514e-02
   6.9565217e-01   1.2225037e-02
   6.9899666e-01   1.2160545e-02
   7.0234114e-01   1.2095023e-02
   7.0568562e-01   1.2028459e-02
   7.0903010e-01   1.1960839e-02
   7.1237458e-01   1.1892150e-02
   7.1571906e-01   1.1822377e-02
   7.1906355e-01   1.1751506e-02
   7.2240803e-01   1.1679522e-02
   7.2575251e-01   1.1606413e-02
   7.2909699e-01   1.1532162e-02
   7.3244147e-01   1.1456755e-02
   7.3578595e-01   1.1380177e-02
   7.3913043e-01   1.1302412e-02
   7.4247492e-01   1.1223445e-02
   7.4581940e-01   1.1143261e-02
   7.4916388e-01   1.1061843e-02
   7.5250836e-01   1.0979176e-02
   7.5585284e-01   1.0895243e-02
   7.5919732e-01   1.0810028e-02
   7.6254181e-01   1.0723515e-02
   7.6588629e-01   1.0635685e-02
   7.6923077e-01   1.0546523e-02
   7.7257525e-01   1.0456012e-02
   7.7591973e-01   1.0364133e-02
   7.7926421e-01   1.0270869e-02
   7.8260870e-01   1.0176203e-02
   7.8595318e-01   1.0080116e-02
   7.8929766e-01   9.9825900e-03
   7.9264214e-01   9.8836071e-03
   7.9598662e-01   9.7831485e-03
   7.9933110e-01   9.6811954e-03
   8.0267559e-01   9.5777289e-03
   8.0602007e-01   9.4727296e-03
   8.0936455e-01   9.3661784e-03
   8.1270903e-01   9.2580556e-03
   8.1605351e-01   9.1483415e-03
   8.1939799e-01   9.0370160e-03
   8.2274247e-01   8.9240591e-03
   8.2608696e-01   8.8094505e-03
   8.2943144e-01   8.6931694e-03
   8.3277592e-01   8.5751953e-03
   8.3612040e-01   8.4555071e-03
   8.3946488e-01   8.3340836e-03
   8.4280936e-01   8.2109036e-03
   8.4615385e-01   8.0859455e-03
   8.4949833e-01   7.9591875e-03
   8.5284281e-01   7.8306077e-03
   8.5618729e-01   7.7001840e-03
   8.5953177e-01   7.5678939e-03
   8.6287625e-01   7.4337149e-03
   8.6622074e-01   7.2976242e-03
   8.6956522e-01   7.1595990e-03
   8.7290970e-01   7.0196160e-03
   8.7625418e-01   6.8776519e-03
   8.7959866e-01   6.7336830e-03
   8.8294314e-01   6.5876858e-03
   8.8628763e-01   6.4396360e-03
   8.8963211e-01   6.2895097e-03
   8.9297659e-01   6.1372823e-03
   8.9632107e-01   5.9829294e-03
   8.9966555e-01   5.8264261e-03
   9.0301003e-01   5.6677475e-03
   9.0635452e-01   5.5068682e-03
   9.0969900e-01   5.3437631e-03
   9.1304348e-01   5.1784063e-03
   9.1638796e-01   5.0107721e-03
   9.1973244e-01   4.8408345e-03
   9.2307692e-01   4.6685673e-03
   9.2642140e-01   4.4939440e-03
   9.2976589e-01   4.3169379e-03
   9.3311037e-01   4.1375223e-03
   9.3645485e-01   3.9556701e-03
   9.3979933e-01   3.7713539e-03
   9.4314381e-01   3.5845464e-03
   9.4648829e-01   3.3952198e-03
   9.4983278e-01   3.2033463e-03
   9.5317726e-01   3.0088977e-03
   9.5652174e-01   2.8118457e-03
   9.5986622e-01   2.6121619e-03
   9.6321070e-01   2.4098175e-03
   9.6655518e-01   2.2047835e-03
   9.6989967e-01   1.9970308e-03
   9.7324415e-01   1.7865300e-03
   9.7658863e-01   1.5732516e-03
   9.7993311e-01   1.3571658e-03
   9.8327759e-01   1.1382425e-03
   9.8662207e-01   9.1645159e-04
   9.8996656e-01   6.9176264e-04
   9.9331104e-01   4.6414499e-04
   9.9665552e-01   2.3356780e-04
   1.0000000e+00   0.0000000e+00
   1.0000000e+00   0.0000000e+00
   9.9665552e-01   1.0105889e-04
   9.9331104e-01   1.9539657e-04
   9.8996656e-01   2.8313140e-04
   9.8662207e-01   3.6438070e-04
   9.8327759e-01   4.3926082e-04
   9.7993311e-01   5.0788710e-04
   9.7658863e-01   5.7037389e-04
   9.7324415e-01   6.2683454e-04
   9.6989967e-01   6.7738142e-04
   9.6655518e-01   7.2212591e-04
   9.6321070e-01   7.6117842e-04
   9.5986622e-01   7.9464834e-04
   9.5652174e-01   8.2264413e-04
   9.5317726e-01   8.4527325e-04
   9.4983278e-01   8.6264219e-04
   9.4648829e-01   8.7485648e-04
   9.4314381e-01   8.8202067e-04
   9.3979933e-01   8.8423835e-04
   9.3645485e-01   8.8161216e-04
   9.3311037e-01   8.7424378e-04
   9.2976589e-01   8.6223392e-04
   9.2642140e-01   8.4568236e-04
   9.2307692e-01   8.2468792e-04
   9.1973244e-01   7.9934846e-04
   9.1638796e-01   7.6976093e-04
   9.1304348e-01   7.3602131e-04
   9.0969900e-01   6.9822465e-04
   9.0635452e-01   6.5646508e-04
   9.0301003e-01   6.1083579e-04
   8.9966555e-01   5.6142903e-04
   8.9632107e-01   5.0833615e-04
   8.9297659e-01   4.5164755e-04
   8.8963211e-01   3.9145273e-04
   8.8628763e-01   3.2784026e-04
   8.8294314e-01   2.6089782e-04
   8.7959866e-01   1.9071216e-04
   8.7625418e-01   1.1736913e-04
   8.7290970e-01   4.0953661e-05
   8.6956522e-01  -3.8450191e-05
   8.6622074e-01  -1.2075929e-04
   8.6287625e-01  -2.0589137e-04
   8.5953177e-01  -2.9376509e-04
   8.5618729e-01  -3.8429996e-04
   8.5284281e-01  -4.7741641e-04
   8.4949833e-01  -5.7303573e-04
   8.4615385e-01  -6.7108010e-04
   8.4280936e-01  -7.7147256e-04
   8.3946488e-01  -8.7413704e-04
   8.3612040e-01  -9.7899834e-04
   8.3277592e-01  -1.0859821e-03
   8.2943144e-01  -1.1950149e-03
   8.2608696e-01  -1.3060240e-03
   8.2274247e-01  -1.4189378e-03
   8.1939799e-01  -1.5336853e-03
   8.1605351e-01  -1.6501964e-03
   8.1270903e-01  -1.7684019e-03
   8.0936455e-01  -1.8882335e-03
   8.0602007e-01  -2.0096237e-03
   8.0267559e-01  -2.1325057e-03
   7.9933110e-01  -2.2568137e-03
   7.9598662e-01  -2.3824827e-03
   7.9264214e-01  -2.5094484e-03
   7.8929766e-01  -2.6376476e-03
   7.8595318e-01  -2.7670175e-03
   7.8260870e-01  -2.8974965e-03
   7.7926421e-01  -3.0290237e-03
   7.7591973e-01  -3.1615389e-03
   7.7257525e-01  -3.2949829e-03
   7.6923077e-01  -3.4292971e-03
   7.6588629e-01  -3.5644237e-03
   7.6254181e-01  -3.7003060e-03
   7.5919732e-01  -3.8368877e-03
   7.5585284e-01  -3.9741135e-03
   7.5250836e-01  -4.1119290e-03
   7.4916388e-01  -4.2502802e-03
   7.4581940e-01  -4.3891143e-03
   7.4247492e-01  -4.5283789e-03
   7.3913043e-01  -4.6680228e-03
   7.3578595e-01  -4.8079951e-03
   7.3244147e-01  -4.9482460e-03
   7.2909699e-01  -5.0887263e-03
   7.2575251e-01  -5.2293876e-03
   7.2240803e-01  -5.3701823e-03
   7.1906355e-01  -5.5110635e-03
   7.1571906e-01  -5.6519850e-03
   7.1237458e-01  -5.7929014e-03
   7.0903010e-01  -5.9337680e-03
   7.0568562e-01  -6.0745410e-03
   7.0234114e-01  -6.2151770e-03
   6.9899666e-01  -6.3556336e-03
   6.9565217e-01  -6.4958690e-03
   6.9230769e-01  -6.6358422e-03
   6.8896321e-01  -6.7755129e-03
   6.8561873e-01  -6.9148414e-03
   6.8227425e-01  -7.0537888e-03
   6.7892977e-01  -7.1923169e-03
   6.7558528e-01  -7.3303882e-03
   6.7224080e-01  -7.4679659e-03
   6.6889632e-01  -7.6050138e-03
   6.6555184e-01  -7.7414965e-03
   6.6220736e-01  -7.8773792e-03
   6.5886288e-01  -8.0126279e-03
   6.5551839e-01  -8.1472091e-03
   6.5217391e-01  -8.2810901e-03
   6.4882943e-01  -8.4142387e-03
   6.4548495e-01  -8.5466237e-03
   6.4214047e-01  -8.6782142e-03
   6.3879599e-01  -8.8089802e-03
   6.3545151e-01  -8.9388921e-03
   6.3210702e-01  -9.0679211e-03
   6.2876254e-01  -9.1960391e-03
   6.2541806e-01  -9.3232186e-03
   6.2207358e-01  -9.4494325e-03
   6.1872910e-01  -9.5746547e-03
   6.1538462e-01  -9.6988595e-03
   6.1204013e-01  -9.8220218e-03
   6.0869565e-01  -9.9441171e-03
   6.0535117e-01  -1.0065122e-02
   6.0200669e-01  -1.0185012e-02
   5.9866221e-01  -1.0303767e-02
   5.9531773e-01  -1.0421362e-02
   5.9197324e-01  -1.0537777e-02
   5.8862876e-01  -1.0652992e-02
   5.8528428e-01  -1.0766985e-02
   5.8193980e-01  -1.0879737e-02
   5.7859532e-01  -1.0991230e-02
   5.7525084e-01  -1.1101443e-02
   5.7190635e-01  -1.1210360e-02
   5.6856187e-01  -1.1317963e-02
   5.6521739e-01  -1.1424235e-02
   5.6187291e-01  -1.1529160e-02
   5.5852843e-01  -1.1632721e-02
   5.5518395e-01  -1.1734904e-02
   5.5183946e-01  -1.1835694e-02
   5.4849498e-01  -1.1935076e-02
   5.4515050e-01  -1.2033037e-02
   5.4180602e-01  -1.2129563e-02
   5.3846154e-01  -1.2224642e-02
   5.3511706e-01  -1.2318262e-02
   5.3177258e-01  -1.2410411e-02
   5.2842809e-01  -1.2501078e-02
   5.2508361e-01  -1.2590252e-02
   5.2173913e-01  -1.2677922e-02
   5.1839465e-01  -1.2764080e-02
   5.1505017e-01  -1.2848715e-02
   5.1170569e-01  -1.2931819e-02
   5.0836120e-01  -1.3013383e-02
   5.0501672e-01  -1.3093400e-02
   5.0167224e-01  -1.3171861e-02
   4.9832776e-01  -1.3248761e-02
   4.9498328e-01  -1.3324092e-02
   4.9163880e-01  -1.3397848e-02
   4.8829431e-01  -1.3470023e-02
   4.8494983e-01  -1.3540612e-02
   4.8160535e-01  -1.3609609e-02
   4.7826087e-01  -1.3677011e-02
   4.7491639e-01  -1.3742813e-02
   4.7157191e-01  -1.3807011e-02
   4.6822742e-01  -1.3869602e-02
   4.6488294e-01  -1.3930583e-02
   4.6153846e-01  -1.3989951e-02
   4.5819398e-01  -1.4047703e-02
   4.5484950e-01  -1.4103838e-02
   4.5150502e-01  -1.4158354e-02
   4.4816054e-01  -1.4211250e-02
   4.4481605e-01  -1.4262524e-02
   4.4147157e-01  -1.4312177e-02
   4.3812709e-01  -1.4360206e-02
   4.3478261e-01  -1.4406614e-02
   4.3143813e-01  -1.4451399e-02
   4.2809365e-01  -1.4494562e-02
   4.2474916e-01  -1.4536104e-02
   4.2140468e-01  -1.4576026e-02
   4.1806020e-01  -1.4614330e-02
   4.1471572e-01  -1.4651016e-02
   4.1137124e-01  -1.4686087e-02
   4.0802676e-01  -1.4719544e-02
   4.0468227e-01  -1.4751391e-02
   4.0133779e-01  -1.4781628e-02
   3.9799331e-01  -1.4810260e-02
   3.9464883e-01  -1.4837288e-02
   3.9130435e-01  -1.4862716e-02
   3.8795987e-01  -1.4886547e-02
   3.8461538e-01  -1.4908784e-02
   3.8127090e-01  -1.4929431e-02
   3.7792642e-01  -1.4948492e-02
   3.7458194e-01  -1.4965970e-02
   3.7123746e-01  -1.4981868e-02
   3.6789298e-01  -1.4996192e-02
   3.6454849e-01  -1.5008945e-02
   3.6120401e-01  -1.5020131e-02
   3.5785953e-01  -1.5029755e-02
   3.5451505e-01  -1.5037820e-02
   3.5117057e-01  -1.5044332e-02
   3.4782609e-01  -1.5049294e-02
   3.4448161e-01  -1.5052710e-02
   3.4113712e-01  -1.5054585e-02
   3.3779264e-01  -1.5054924e-02
   3.3444816e-01  -1.5053730e-02
   3.3110368e-01  -1.5051008e-02
   3.2775920e-01  -1.5046762e-02
   3.2441472e-01  -1.5040995e-02
   3.2107023e-01  -1.5033713e-02
   3.1772575e-01  -1.5024919e-02
   3.1438127e-01  -1.5014616e-02
   3.1103679e-01  -1.5002808e-02
   3.0769231e-01  -1.4989498e-02
   3.0434783e-01  -1.4974690e-02
   3.0100334e-01  -1.4958387e-02
   2.9765886e-01  -1.4940591e-02
   2.9431438e-01  -1.4921305e-02
   2.9096990e-01  -1.4900530e-02
   2.8762542e-01  -1.4878269e-02
   2.8428094e-01  -1.4854524e-02
   2.8093645e-01  -1.4829295e-02
   2.7759197e-01  -1.4802583e-02
   2.7424749e-01  -1.4774388e-02
   2.7090301e-01  -1.4744711e-02
   2.6755853e-01  -1.4713551e-02
   2.6421405e-01  -1.4680907e-02
   2.6086957e-01  -1.4646776e-02
   2.5752508e-01  -1.4611158e-02
   2.5418060e-01  -1.4574049e-02
   2.5083612e-01  -1.4535445e-02
   2.4749164e-01  -1.4495343e-02
   2.4414716e-01  -1.4453738e-02
   2.4080268e-01  -1.4410623e-02
   2.3745819e-01  -1.4365993e-02
   2.3411371e-01  -1.4319840e-02
   2.3076923e-01  -1.4272156e-02
   2.2742475e-01  -1.4222930e-02
   2.2408027e-01  -1.4172155e-02
   2.2073579e-01  -1.4119816e-02
   2.1739130e-01  -1.4065903e-02
   2.1404682e-01  -1.4010401e-02
   2.1070234e-01  -1.3953296e-02
   2.0735786e-01  -1.3894570e-02
   2.0401338e-01  -1.3834206e-02
   2.0066890e-01  -1.3772184e-02
   1.9732441e-01  -1.3708483e-02
   1.9397993e-01  -1.3643081e-02
   1.9063545e-01  -1.3575953e-02
   1.8729097e-01  -1.3507072e-02
   1.8394649e-01  -1.3436409e-02
   1.8060201e-01  -1.3363934e-02
   1.7725753e-01  -1.3289613e-02
   1.7391304e-01  -1.3213411e-02
   1.7056856e-01  -1.3135289e-02
   1.6722408e-01  -1.3055207e-02
   1.6387960e-01  -1.2973120e-02
   1.6053512e-01  -1.2888981e-02
   1.5719064e-01  -1.2802739e-02
   1.5384615e-01  -1.2714339e-02
   1.5050167e-01  -1.2623725e-02
   1.4715719e-01  -1.2530832e-02
   1.4381271e-01  -1.2435594e-02
   1.4046823e-01  -1.2337939e-02
   1.3712375e-01  -1.2237790e-02
   1.3377926e-01  -1.2135065e-02
   1.3043478e-01  -1.2029673e-02
   1.2709030e-01  -1.1921520e-02
   1.2374582e-01  -1.1810503e-02
   1.2040134e-01  -1.1696512e-02
   1.1705686e-01  -1.1579426e-02
   1.1371237e-01  -1.1459118e-02
   1.1036789e-01  -1.1335450e-02
   1.0702341e-01  -1.1208270e-02
   1.0367893e-01  -1.1077416e-02
   1.0033445e-01  -1.0942713e-02
   9.6989967e-02  -1.0803967e-02
   9.3645485e-02  -1.0660972e-02
   9.0301003e-02  -1.0513499e-02
   8.6956522e-02  -1.0361299e-02
   8.3612040e-02  -1.0204098e-02
   8.0267559e-02  -1.0041596e-02
   7.6923077e-02  -9.8734602e-03
   7.3578595e-02  -9.6993230e-03
   7.0234114e-02  -9.5187747e-03
   6.6889632e-02  -9.3313578e-03
   6.3545151e-02  -9.1365581e-03
   6.0200669e-02  -8.9337952e-03
   5.6856187e-02  -8.7224095e-03
   5.3511706e-02  -8.5016460e-03
   5.0167224e-02  -8.2706341e-03
   4.6822742e-02  -8.0283606e-03
   4.3478261e-02  -7.7736342e-03
   4.0133779e-02  -7.5050379e-03
   3.6789298e-02  -7.2208627e-03
   3.3444816e-02  -6.9190141e-03
   3.0100334e-02  -6.5968755e-03
   2.6755853e-02  -6.2511011e-03
   2.3411371e-02  -5.8772893e-03
   2.0066890e-02  -5.4694359e-03
   1.6722408e-02  -5.0189566e-03
   1.3377926e-02  -4.5127673e-03
   1.0033445e-02  -3.9289939e-03
   6.6889632e-03  -3.2252775e-03
   3.3444816e-03  -2.2930171e-03
   0.0000000e+00   0.0000000e+00
