   0.0000000e+00  -5.4200000e-04
   3.3444816e-03   1.0930493e-02
   6.6889632e-03   1.5437468e-02
   1.0033445e-02   1.8882060e-02
   1.3377926e-02   2.1774716e-02
   1.6722408e-02   2.4313478e-02
   2.0066890e-02   2.6600072e-02
   2.3411371e-02   2.8695022e-02
   2.6755853e-02   3.0637822e-02
   3.0100334e-02   3.2455943e-02
   3.3444816e-02   3.4169411e-02
   3.6789298e-02   3.5793365e-02
   4.0133779e-02   3.7339578e-02
   4.3478261e-02   3.8817422e-02
   4.6822742e-02   4.0234502e-02
   5.0167224e-02   4.1597090e-02
   5.3511706e-02   4.2910428e-02
   5.6856187e-02   4.4178954e-02
   6.0200669e-02   4.5406459e-02
   6.3545151e-02   4.6596214e-02
   6.6889632e-02   4.7751066e-02
   7.0234114e-02   4.8873504e-02
   7.3578595e-02   4.9965723e-02
   7.6923077e-02   5.1029671e-02
   8.0267559e-02   5.2067081e-02
   8.3612040e-02   5.3079504e-02
   8.6956522e-02   5.4068335e-02
   9.0301003e-02   5.5034833e-02
   9.3645485e-02   5.5980137e-02
   9.6989967e-02   5.6905283e-02
   1.0033445e-01   5.7811212e-02
   1.0367893e-01   5.8698787e-02
   1.0702341e-01   5.9568797e-02
   1.1036789e-01   6.0421964e-02
   1.1371237e-01   6.1258956e-02
   1.1705686e-01   6.2080385e-02
   1.2040134e-01   6.2886817e-02
   1.2374582e-01   6.3678777e-02
   1.2709030e-01   6.4456749e-02
   1.3043478e-01   6.5221182e-02
   1.3377926e-01   6.5972494e-02
   1.3712375e-01   6.6711073e-02
   1.4046823e-01   6.7437278e-02
   1.4381271e-01   6.8151447e-02
   1.4715719e-01   6.8853892e-02
   1.5050167e-01   6.9544905e-02
   1.5384615e-01   7.0224759e-02
   1.5719064e-01   7.0893708e-02
   1.6053512e-01   7.1551990e-02
   1.6387960e-01   7.2199828e-02
   1.6722408e-01   7.2837428e-02
   1.7056856e-01   7.3464986e-02
   1.7391304e-01   7.4082684e-02
   1.7725753e-01   7.4690690e-02
   1.8060201e-01   7.5289165e-02
   1.8394649e-01   7.5878258e-02
   1.8729097e-01   7.6458107e-02
   1.9063545e-01   7.7028843e-02
   1.9397993e-01   7.7590588e-02
   1.9732441e-01   7.8143455e-02
   2.0066890e-01   7.8687552e-02
   2.0401338e-01   7.9222977e-02
   2.0735786e-01   7.9749823e-02
   2.1070234e-01   8.0268177e-02
   2.1404682e-01   8.0778119e-02
   2.1739130e-01   8.1279724e-02
   2.2073579e-01   8.1773063e-02
   2.2408027e-01   8.2258199e-02
   2.2742475e-01   8.2735194e-02
   2.3076923e-01   8.3204102e-02
   2.3411371e-01   8.3664976e-02
   2.3745819e-01   8.4117863e-02
   2.4080268e-01   8.4562806e-02
   2.4414716e-01   8.4999846e-02
   2.4749164e-01   8.5429020e-02
   2.5083612e-01   8.5850361e-02
   2.5418060e-01   8.6263900e-02
   2.5752508e-01   8.6669665e-02
   2.6086957e-01   8.7067680e-02
   2.6421405e-01   8.7457969e-02
   2.6755853e-01   8.7840551e-02
   2.7090301e-01   8.8215443e-02
   2.7424749e-01   8.8582662e-02
   2.7759197e-01   8.8942220e-02
   2.8093645e-01   8.9294130e-02
   2.8428094e-01   8.9638400e-02
   2.8762542e-01   8.9975038e-02
   2.9096990e-01   9.0304052e-02
   2.9431438e-01   9.0625445e-02
   2.9765886e-01   9.0939220e-02
   3.0100334e-01   9.1245379e-02
   3.0434783e-01   9.1543922e-02
   3.0769231e-01   9.1834849e-02
   3.1103679e-01   9.2118158e-02
   3.1438127e-01   9.2393845e-02
   3.1772575e-01   9.2661905e-02
   3.2107023e-01   9.2922335e-02
   3.2441472e-01   9.3175128e-02
   3.2775920e-01   9.3420276e-02
   3.3110368e-01   9.3657773e-02
   3.3444816e-01   9.3887610e-02
   3.3779264e-01   9.4109777e-02
   3.4113712e-01   9.4324265e-02
   3.4448161e-01   9.4531063e-02
   3.4782609e-01   9.4730161e-02
   3.5117057e-01   9.4921548e-02
   3.5451505e-01   9.5105210e-02
   3.5785953e-01   9.5281137e-02
   3.6120401e-01   9.5449316e-02
   3.6454849e-01   9.5609733e-02
   3.6789298e-01   9.5762376e-02
   3.7123746e-01   9.5907231e-02
   3.7458194e-01   9.6044285e-02
   3.7792642e-01   9.6173524e-02
   3.8127090e-01   9.6294933e-02
   3.8461538e-01   9.6408500e-02
   3.8795987e-01   9.6514209e-02
   3.9130435e-01   9.6612047e-02
   3.9464883e-01   9.6702000e-02
   3.9799331e-01   9.6784054e-02
   4.0133779e-01   9.6858194e-02
   4.0468227e-01   9.6924406e-02
   4.0802676e-01   9.6982678e-02
   4.1137124e-01   9.7032995e-02
   4.1471572e-01   9.7075343e-02
   4.1806020e-01   9.7109710e-02
   4.2140468e-01   9.7136083e-02
   4.2474916e-01   9.7154447e-02
   4.2809365e-01   9.7164792e-02
   4.3143813e-01   9.7167104e-02
   4.3478261e-01   9.7161372e-02
   4.3812709e-01   9.7147584e-02
   4.4147157e-01   9.7125729e-02
   4.4481605e-01   9.7095795e-02
   4.4816054e-01   9.7057773e-02
   4.5150502e-01   9.7011651e-02
   4.5484950e-01   9.6957422e-02
   4.5819398e-01   9.6895075e-02
   4.6153846e-01   9.6824601e-02
   4.6488294e-01   9.6745993e-02
   4.6822742e-01   9.6659242e-02
   4.7157191e-01   9.6564342e-02
   4.7491639e-01   9.6461286e-02
   4.7826087e-01   9.6350068e-02
   4.8160535e-01   9.6230683e-02
   4.8494983e-01   9.6103125e-02
   4.8829431e-01   9.5967390e-02
   4.9163880e-01   9.5823476e-02
   4.9498328e-01   9.5671378e-02
   4.9832776e-01   9.5511095e-02
   5.0167224e-01   9.5342625e-02
   5.0501672e-01   9.5165966e-02
   5.0836120e-01   9.4981120e-02
   5.1170569e-01   9.4788087e-02
   5.1505017e-01   9.4586867e-02
   5.1839465e-01   9.4377463e-02
   5.2173913e-01   9.4159877e-02
   5.2508361e-01   9.3934114e-02
   5.2842809e-01   9.3700178e-02
   5.3177258e-01   9.3458074e-02
   5.3511706e-01   9.3207807e-02
   5.3846154e-01   9.2949385e-02
   5.4180602e-01   9.2682816e-02
   5.4515050e-01   9.2408109e-02
   5.4849498e-01   9.2125271e-02
   5.5183946e-01   9.1834315e-02
   5.5518395e-01   9.1535251e-02
   5.5852843e-01   9.1228092e-02
   5.6187291e-01   9.0912850e-02
   5.6521739e-01   9.0589540e-02
   5.6856187e-01   9.0258177e-02
   5.7190635e-01   8.9918776e-02
   5.7525084e-01   8.9571355e-02
   5.7859532e-01   8.9215931e-02
   5.8193980e-01   8.8852523e-02
   5.8528428e-01   8.8481152e-02
   5.8862876e-01   8.8101838e-02
   5.9197324e-01   8.7714603e-02
   5.9531773e-01   8.7319471e-02
   5.9866221e-01   8.6916464e-02
   6.0200669e-01   8.6505609e-02
   6.0535117e-01   8.6086931e-02
   6.0869565e-01   8.5660458e-02
   6.1204013e-01   8.5226218e-02
   6.1538462e-01   8.4784240e-02
   6.1872910e-01   8.4334556e-02
   6.2207358e-01   8.3877196e-02
   6.2541806e-01   8.3412193e-02
   6.2876254e-01   8.2939582e-02
   6.3210702e-01   8.2459397e-02
   6.3545151e-01   8.1971676e-02
   6.3879599e-01   8.1476454e-02
   6.4214047e-01   8.0973771e-02
   6.4548495e-01   8.0463666e-02
   6.4882943e-01   7.9946181e-02
   6.5217391e-01   7.9421357e-02
   6.5551839e-01   7.8889238e-02
   6.5886288e-01   7.8349869e-02
   6.6220736e-01   7.7803295e-02
   6.6555184e-01   7.7249563e-02
   6.6889632e-01   7.6688723e-02
   6.7224080e-01   7.6120822e-02
   6.7558528e-01   7.5545912e-02
   6.7892977e-01   7.4964046e-02
   6.8227425e-01   7.4375276e-02
   6.8561873e-01   7.3779657e-02
   6.8896321e-01   7.3177246e-02
   6.9230769e-01   7.2568099e-02
   6.9565217e-01   7.1952275e-02
   6.9899666e-01   7.1329834e-02
   7.0234114e-01   7.0700837e-02
   7.0568562e-01   7.0065347e-02
   7.0903010e-01   6.9423427e-02
   7.1237458e-01   6.8775144e-02
   7.1571906e-01   6.8120563e-02
   7.1906355e-01   6.7459752e-02
   7.2240803e-01   6.6792782e-02
   7.2575251e-01   6.6119722e-02
   7.2909699e-01   6.5440645e-02
   7.3244147e-01   6.4755624e-02
   7.3578595e-01   6.4064735e-02
   7.3913043e-01   6.3368054e-02
   7.4247492e-01   6.2665658e-02
   7.4581940e-01   6.1957628e-02
   7.4916388e-01   6.1244042e-02
   7.5250836e-01   6.0524984e-02
   7.5585284e-01   5.9800538e-02
   7.5919732e-01   5.9070787e-02
   7.6254181e-01   5.8335820e-02
   7.6588629e-01   5.7595722e-02
   7.6923077e-01   5.6850585e-02
   7.7257525e-01   5.6100499e-02
   7.7591973e-01   5.5345557e-02
   7.7926421e-01   5.4585852e-02
   7.8260870e-01   5.3821479e-02
   7.8595318e-01   5.3052537e-02
   7.8929766e-01   5.2279123e-02
   7.9264214e-01   5.1501336e-02
   7.9598662e-01   5.0719280e-02
   7.9933110e-01   4.9933057e-02
   8.0267559e-01   4.9142771e-02
   8.0602007e-01   4.8348528e-02
   8.0936455e-01   4.7550437e-02
   8.1270903e-01   4.6748607e-02
   8.1605351e-01   4.5943149e-02
   8.1939799e-01   4.5134174e-02
   8.2274247e-01   4.4321798e-02
   8.2608696e-01   4.3506136e-02
   8.2943144e-01   4.2687304e-02
   8.3277592e-01   4.1865423e-02
   8.3612040e-01   4.1040612e-02
   8.3946488e-01   4.0212993e-02
   8.4280936e-01   3.9382691e-02
   8.4615385e-01   3.8549831e-02
   8.4949833e-01   3.7714539e-02
   8.5284281e-01   3.6876944e-02
   8.5618729e-01   3.6037177e-02
   8.5953177e-01   3.5195369e-02
   8.6287625e-01   3.4351655e-02
   8.6622074e-01   3.3506169e-02
   8.6956522e-01   3.2659049e-02
   8.7290970e-01   3.1810432e-02
   8.7625418e-01   3.0960460e-02
   8.7959866e-01   3.0109275e-02
   8.8294314e-01   2.9257020e-02
   8.8628763e-01   2.8403840e-02
   8.8963211e-01   2.7549884e-02
   8.9297659e-01   2.6695299e-02
   8.9632107e-01   2.5840236e-02
   8.9966555e-01   2.4984849e-02
   9.0301003e-01   2.4129289e-02
   9.0635452e-01   2.3273715e-02
   9.0969900e-01   2.2418283e-02
   9.1304348e-01   2.1563152e-02
   9.1638796e-01   2.0708483e-02
   9.1973244e-01   1.9854440e-02
   9.2307692e-01   1.9001188e-02
   9.2642140e-01   1.8148891e-02
   9.2976589e-01   1.7297719e-02
   9.3311037e-01   1.6447842e-02
   9.3645485e-01   1.5599431e-02
   9.3979933e-01   1.4752660e-02
   9.4314381e-01   1.3907704e-02
   9.4648829e-01   1.3064741e-02
   9.4983278e-01   1.2223950e-02
   9.5317726e-01   1.1385510e-02
   9.5652174e-01   1.0549606e-02
   9.5986622e-01   9.7164208e-03
   9.6321070e-01   8.8861416e-03
   9.6655518e-01   8.0589564e-03
   9.6989967e-01   7.2350552e-03
   9.7324415e-01   6.4146298e-03
   9.7658863e-01   5.5978740e-03
   9.7993311e-01   4.7849834e-03
   9.8327759e-01   3.9761555e-03
   9.8662207e-01   3.1715897e-03
   9.8996656e-01   2.3714871e-03
   9.9331104e-01   1.5760510e-03
   9.9665552e-01   7.8548633e-04
   1.0000000e+00   0.0000000e+00
   1.0000000e+00  -0.0000000e+00
   9.9665552e-01  -1.0250928e-04
   9.9331104e-01  -2.1709612e-04
   9.8996656e-01  -3.4353450e-04
   9.8662207e-01  -4.8160019e-04
   9.8327759e-01  -6.3107079e-04
   9.7993311e-01  -7.9172566e-04
   9.7658863e-01  -9.6334598e-04
   9.7324415e-01  -1.1457147e-03
   9.6989967e-01  -1.3386166e-03
   9.6655518e-01  -1.5418381e-03
   9.6321070e-01  -1.7551676e-03
   9.5986622e-01  -1.9783950e-03
   9.5652174e-01  -2.2113123e-03
   9.5317726e-01  -2.4537129e-03
   9.4983278e-01  -2.7053923e-03
   9.4648829e-01  -2.9661474e-03
   9.4314381e-01  -3.2357770e-03
   9.3979933e-01  -3.5140818e-03
   9.3645485e-01  -3.8008639e-03
   9.3311037e-01  -4.0959273e-03
   9.2976589e-01  -4.3990778e-03
   9.2642140e-01  -4.7101228e-03
   9.2307692e-01  -5.0288715e-03
   9.1973244e-01  -5.3551345e-03
   9.1638796e-01  -5.6887245e-03
   9.1304348e-01  -6.0294557e-03
   9.0969900e-01  -6.3771440e-03
   9.0635452e-01  -6.7316070e-03
   9.0301003e-01  -7.0926639e-03
   8.9966555e-01  -7.4601357e-03
   8.9632107e-01  -7.8338449e-03
   8.9297659e-01  -8.2136159e-03
   8.8963211e-01  -8.5992744e-03
   8.8628763e-01  -8.9906482e-03
   8.8294314e-01  -9.3875663e-03
   8.7959866e-01  -9.7898595e-03
   8.7625418e-01  -1.0197360e-02
   8.7290970e-01  -1.0609903e-02
   8.6956522e-01  -1.1027323e-02
   8.6622074e-01  -1.1449458e-02
   8.6287625e-01  -1.1876146e-02
   8.5953177e-01  -1.2307229e-02
   8.5618729e-01  -1.2742548e-02
   8.5284281e-01  -1.3181947e-02
   8.4949833e-01  -1.3625271e-02
   8.4615385e-01  -1.4072367e-02
   8.4280936e-01  -1.4523084e-02
   8.3946488e-01  -1.4977272e-02
   8.3612040e-01  -1.5434781e-02
   8.3277592e-01  -1.5895466e-02
   8.2943144e-01  -1.6359181e-02
   8.2608696e-01  -1.6825782e-02
   8.2274247e-01  -1.7295127e-02
   8.1939799e-01  -1.7767075e-02
   8.1605351e-01  -1.8241487e-02
   8.1270903e-01  -1.8718225e-02
   8.0936455e-01  -1.9197153e-02
   8.0602007e-01  -1.9678136e-02
   8.0267559e-01  -2.0161042e-02
   7.9933110e-01  -2.0645738e-02
   7.9598662e-01  -2.1132095e-02
   7.9264214e-01  -2.1619983e-02
   7.8929766e-01  -2.2109275e-02
   7.8595318e-01  -2.2599846e-02
   7.8260870e-01  -2.3091572e-02
   7.7926421e-01  -2.3584328e-02
   7.7591973e-01  -2.4077995e-02
   7.7257525e-01  -2.4572451e-02
   7.6923077e-01  -2.5067579e-02
   7.6588629e-01  -2.5563261e-02
   7.6254181e-01  -2.6059382e-02
   7.5919732e-01  -2.6555827e-02
   7.5585284e-01  -2.7052483e-02
   7.5250836e-01  -2.7549239e-02
   7.4916388e-01  -2.8045985e-02
   7.4581940e-01  -2.8542612e-02
   7.4247492e-01  -2.9039012e-02
   7.3913043e-01  -2.9535080e-02
   7.3578595e-01  -3.0030712e-02
   7.3244147e-01  -3.0525803e-02
   7.2909699e-01  -3.1020253e-02
   7.2575251e-01  -3.1513960e-02
   7.2240803e-01  -3.2006825e-02
   7.1906355e-01  -3.2498751e-02
   7.1571906e-01  -3.2989640e-02
   7.1237458e-01  -3.3479398e-02
   7.0903010e-01  -3.3967931e-02
   7.0568562e-01  -3.4455145e-02
   7.0234114e-01  -3.4940951e-02
   6.9899666e-01  -3.5425256e-02
   6.9565217e-01  -3.5907974e-02
   6.9230769e-01  -3.6389016e-02
   6.8896321e-01  -3.6868296e-02
   6.8561873e-01  -3.7345729e-02
   6.8227425e-01  -3.7821231e-02
   6.7892977e-01  -3.8294720e-02
   6.7558528e-01  -3.8766114e-02
   6.7224080e-01  -3.9235333e-02
   6.6889632e-01  -3.9702299e-02
   6.6555184e-01  -4.0166934e-02
   6.6220736e-01  -4.0629161e-02
   6.5886288e-01  -4.1088905e-02
   6.5551839e-01  -4.1546092e-02
   6.5217391e-01  -4.2000649e-02
   6.4882943e-01  -4.2452505e-02
   6.4548495e-01  -4.2901588e-02
   6.4214047e-01  -4.3347829e-02
   6.3879599e-01  -4.3791161e-02
   6.3545151e-01  -4.4231515e-02
   6.3210702e-01  -4.4668825e-02
   6.2876254e-01  -4.5103027e-02
   6.2541806e-01  -4.5534058e-02
   6.2207358e-01  -4.5961853e-02
   6.1872910e-01  -4.6386351e-02
   6.1538462e-01  -4.6807492e-02
   6.1204013e-01  -4.7225217e-02
   6.0869565e-01  -4.7639466e-02
   6.0535117e-01  -4.8050182e-02
   6.0200669e-01  -4.8457310e-02
   5.9866221e-01  -4.8860792e-02
   5.9531773e-01  -4.9260576e-02
   5.9197324e-01  -4.9656608e-02
   5.8862876e-01  -5.0048834e-02
   5.8528428e-01  -5.0437205e-02
   5.8193980e-01  -5.0821670e-02
   5.7859532e-01  -5.1202178e-02
   5.7525084e-01  -5.1578682e-02
   5.7190635e-01  -5.1951134e-02
   5.6856187e-01  -5.2319488e-02
   5.6521739e-01  -5.2683698e-02
   5.6187291e-01  -5.3043718e-02
   5.5852843e-01  -5.3399506e-02
   5.5518395e-01  -5.3751017e-02
   5.5183946e-01  -5.4098211e-02
   5.4849498e-01  -5.4441045e-02
   5.4515050e-01  -5.4779480e-02
   5.4180602e-01  -5.5113476e-02
   5.3846154e-01  -5.5442994e-02
   5.3511706e-01  -5.5767996e-02
   5.3177258e-01  -5.6088445e-02
   5.2842809e-01  -5.6404305e-02
   5.2508361e-01  -5.6715540e-02
   5.2173913e-01  -5.7022116e-02
   5.1839465e-01  -5.7323998e-02
   5.1505017e-01  -5.7621153e-02
   5.1170569e-01  -5.7913549e-02
   5.0836120e-01  -5.8201154e-02
   5.0501672e-01  -5.8483937e-02
   5.0167224e-01  -5.8761866e-02
   4.9832776e-01  -5.9034914e-02
   4.9498328e-01  -5.9303050e-02
   4.9163880e-01  -5.9566245e-02
   4.8829431e-01  -5.9824473e-02
   4.8494983e-01  -6.0077706e-02
   4.8160535e-01  -6.0325916e-02
   4.7826087e-01  -6.0569079e-02
   4.7491639e-01  -6.0807169e-02
   4.7157191e-01  -6.1040160e-02
   4.6822742e-01  -6.1268028e-02
   4.6488294e-01  -6.1490750e-02
   4.6153846e-01  -6.1708302e-02
   4.5819398e-01  -6.1920661e-02
   4.5484950e-01  -6.2127804e-02
   4.5150502e-01  -6.2329710e-02
   4.4816054e-01  -6.2526356e-02
   4.4481605e-01  -6.2717723e-02
   4.4147157e-01  -6.2903788e-02
   4.3812709e-01  -6.3084531e-02
   4.3478261e-01  -6.3259933e-02
   4.3143813e-01  -6.3429973e-02
   4.2809365e-01  -6.3594633e-02
   4.2474916e-01  -6.3753892e-02
   4.2140468e-01  -6.3907731e-02
   4.1806020e-01  -6.4056133e-02
   4.1471572e-01  -6.4199079e-02
   4.1137124e-01  -6.4336550e-02
   4.0802676e-01  -6.4468528e-02
   4.0468227e-01  -6.4594995e-02
   4.0133779e-01  -6.4715934e-02
   3.9799331e-01  -6.4831325e-02
   3.9464883e-01  -6.4941153e-02
   3.9130435e-01  -6.5045398e-02
   3.8795987e-01  -6.5144044e-02
   3.8461538e-01  -6.5237072e-02
   3.8127090e-01  -6.5324465e-02
   3.7792642e-01  -6.5406205e-02
   3.7458194e-01  -6.5482273e-02
   3.7123746e-01  -6.5552652e-02
   3.6789298e-01  -6.5617324e-02
   3.6454849e-01  -6.5676269e-02
   3.6120401e-01  -6.5729469e-02
   3.5785953e-01  -6.5776905e-02
   3.5451505e-01  -6.5818557e-02
   3.5117057e-01  -6.5854406e-02
   3.4782609e-01  -6.5884431e-02
   3.4448161e-01  -6.5908612e-02
   3.4113712e-01  -6.5926928e-02
   3.3779264e-01  -6.5939357e-02
   3.3444816e-01  -6.5945876e-02
   3.3110368e-01  -6.5946463e-02
   3.2775920e-01  -6.5941094e-02
   3.2441472e-01  -6.5929745e-02
   3.2107023e-01  -6.5912390e-02
   3.1772575e-01  -6.5889005e-02
   3.1438127e-01  -6.5859561e-02
   3.1103679e-01  -6.5824031e-02
   3.0769231e-01  -6.5782387e-02
   3.0434783e-01  -6.5734598e-02
   3.0100334e-01  -6.5680634e-02
   2.9765886e-01  -6.5620462e-02
   2.9431438e-01  -6.5554048e-02
   2.9096990e-01  -6.5481358e-02
   2.8762542e-01  -6.5402355e-02
   2.8428094e-01  -6.5317002e-02
   2.8093645e-01  -6.5225258e-02
   2.7759197e-01  -6.5127084e-02
   2.7424749e-01  -6.5022435e-02
   2.7090301e-01  -6.4911266e-02
   2.6755853e-01  -6.4793532e-02
   2.6421405e-01  -6.4669182e-02
   2.6086957e-01  -6.4538166e-02
   2.5752508e-01  -6.4400430e-02
   2.5418060e-01  -6.4255917e-02
   2.5083612e-01  -6.4104571e-02
   2.4749164e-01  -6.3946328e-02
   2.4414716e-01  -6.3781124e-02
   2.4080268e-01  -6.3608893e-02
   2.3745819e-01  -6.3429564e-02
   2.3411371e-01  -6.3243062e-02
   2.3076923e-01  -6.3049311e-02
   2.2742475e-01  -6.2848230e-02
   2.2408027e-01  -6.2639732e-02
   2.2073579e-01  -6.2423729e-02
   2.1739130e-01  -6.2200126e-02
   2.1404682e-01  -6.1968827e-02
   2.1070234e-01  -6.1729726e-02
   2.0735786e-01  -6.1482716e-02
   2.0401338e-01  -6.1227682e-02
   2.0066890e-01  -6.0964504e-02
   1.9732441e-01  -6.0693058e-02
   1.9397993e-01  -6.0413209e-02
   1.9063545e-01  -6.0124818e-02
   1.8729097e-01  -5.9827740e-02
   1.8394649e-01  -5.9521818e-02
   1.8060201e-01  -5.9206890e-02
   1.7725753e-01  -5.8882784e-02
   1.7391304e-01  -5.8549319e-02
   1.7056856e-01  -5.8206304e-02
   1.6722408e-01  -5.7853536e-02
   1.6387960e-01  -5.7490804e-02
   1.6053512e-01  -5.7117880e-02
   1.5719064e-01  -5.6734527e-02
   1.5384615e-01  -5.6340492e-02
   1.5050167e-01  -5.5935507e-02
   1.4715719e-01  -5.5519288e-02
   1.4381271e-01  -5.5091535e-02
   1.4046823e-01  -5.4651927e-02
   1.3712375e-01  -5.4200123e-02
   1.3377926e-01  -5.3735761e-02
   1.3043478e-01  -5.3258456e-02
   1.2709030e-01  -5.2767793e-02
   1.2374582e-01  -5.2263334e-02
   1.2040134e-01  -5.1744607e-02
   1.1705686e-01  -5.1211107e-02
   1.1371237e-01  -5.0662291e-02
   1.1036789e-01  -5.0097576e-02
   1.0702341e-01  -4.9516335e-02
   1.0367893e-01  -4.8917891e-02
   1.0033445e-01  -4.8301510e-02
   9.6989967e-02  -4.7666399e-02
   9.3645485e-02  -4.7011693e-02
   9.0301003e-02  -4.6336455e-02
   8.6956522e-02  -4.5639656e-02
   8.3612040e-02  -4.4920170e-02
   8.0267559e-02  -4.4176762e-02
   7.6923077e-02  -4.3408066e-02
   7.3578595e-02  -4.2612568e-02
   7.0234114e-02  -4.1788587e-02
   6.6889632e-02  -4.0934242e-02
   6.3545151e-02  -4.0047417e-02
   6.0200669e-02  -3.9125724e-02
   5.6856187e-02  -3.8166443e-02
   5.3511706e-02  -3.7166461e-02
   5.0167224e-02  -3.6122179e-02
   4.6822742e-02  -3.5029403e-02
   4.3478261e-02  -3.3883192e-02
   4.0133779e-02  -3.2677657e-02
   3.6789298e-02  -3.1405682e-02
   3.3444816e-02  -3.0058521e-02
   3.0100334e-02  -2.8625228e-02
   2.6755853e-02  -2.7091766e-02
   2.3411371e-02  -2.5439626e-02
   2.0066890e-02  -2.3643494e-02
   1.6722408e-02  -2.1667087e-02
   1.3377926e-02  -1.9454961e-02
   1.0033445e-02  -1.6914196e-02
   6.6889632e-03  -1.3864425e-02
   3.3444816e-03  -9.8421261e-03
   0.0000000e+00  -5.4200000e-04
