   0.0000000e+00  -2.0000000e-05
   3.3444816e-03   9.7856118e-03
   6.6889632e-03   1.3921517e-02
   1.0033445e-02   1.7148836e-02
   1.3377926e-02   1.9912562e-02
   1.6722408e-02   2.2383485e-02
   2.0066890e-02   2.4648359e-02
   2.3411371e-02   2.6758196e-02
   2.6755853e-02   2.8745877e-02
   3.0100334e-02   3.0633977e-02
   3.3444816e-02   3.2438739e-02
   3.6789298e-02   3.4172268e-02
   4.0133779e-02   3.5843845e-02
   4.3478261e-02   3.7460750e-02
   4.6822742e-02   3.9028799e-02
   5.0167224e-02   4.0552715e-02
   5.3511706e-02   4.2036387e-02
   5.6856187e-02   4.3483049e-02
   6.0200669e-02   4.4895423e-02
   6.3545151e-02   4.6275817e-02
   6.6889632e-02   4.7626206e-02
   7.0234114e-02   4.8948290e-02
   7.3578595e-02   5.0243542e-02
   7.6923077e-02   5.1513246e-02
   8.0267559e-02   5.2758526e-02
   8.3612040e-02   5.3980372e-02
   8.6956522e-02   5.5179659e-02
   9.0301003e-02   5.6357164e-02
   9.3645485e-02   5.7513579e-02
   9.6989967e-02   5.8649523e-02
   1.0033445e-01   5.9765549e-02
   1.0367893e-01   6.0862158e-02
   1.0702341e-01   6.1939799e-02
   1.1036789e-01   6.2998881e-02
   1.1371237e-01   6.4039774e-02
   1.1705686e-01   6.5062815e-02
   1.2040134e-01   6.6068310e-02
   1.2374582e-01   6.7056541e-02
   1.2709030e-01   6.8027766e-02
   1.3043478e-01   6.8982221e-02
   1.3377926e-01   6.9920125e-02
   1.3712375e-01   7.0841679e-02
   1.4046823e-01   7.1747071e-02
   1.4381271e-01   7.2636474e-02
   1.4715719e-01   7.3510050e-02
   1.5050167e-01   7.4367948e-02
   1.5384615e-01   7.5210310e-02
   1.5719064e-01   7.6037269e-02
   1.6053512e-01   7.6848948e-02
   1.6387960e-01   7.7645464e-02
   1.6722408e-01   7.8426930e-02
   1.7056856e-01   7.9193448e-02
   1.7391304e-01   7.9945121e-02
   1.7725753e-01   8.0682042e-02
   1.8060201e-01   8.1404302e-02
   1.8394649e-01   8.2111989e-02
   1.8729097e-01   8.2805187e-02
   1.9063545e-01   8.3483976e-02
   1.9397993e-01   8.4148434e-02
   1.9732441e-01   8.4798636e-02
   2.0066890e-01   8.5434656e-02
   2.0401338e-01   8.6056565e-02
   2.0735786e-01   8.6664433e-02
   2.1070234e-01   8.7258327e-02
   2.1404682e-01   8.7838315e-02
   2.1739130e-01   8.8404461e-02
   2.2073579e-01   8.8956830e-02
   2.2408027e-01   8.9495485e-02
   2.2742475e-01   9.0020490e-02
   2.3076923e-01   9.0531906e-02
   2.3411371e-01   9.1029795e-02
   2.3745819e-01   9.1514217e-02
   2.4080268e-01   9.1985233e-02
   2.4414716e-01   9.2442905e-02
   2.4749164e-01   9.2887291e-02
   2.5083612e-01   9.3318452e-02
   2.5418060e-01   9.3736448e-02
   2.5752508e-01   9.4141339e-02
   2.6086957e-01   9.4533185e-02
   2.6421405e-01   9.4912046e-02
   2.6755853e-01   9.5277982e-02
   2.7090301e-01   9.5631053e-02
   2.7424749e-01   9.5971320e-02
   2.7759197e-01   9.6298844e-02
   2.8093645e-01   9.6613686e-02
   2.8428094e-01   9.6915907e-02
   2.8762542e-01   9.7205569e-02
   2.9096990e-01   9.7482734e-02
   2.9431438e-01   9.7747465e-02
   2.9765886e-01   9.7999824e-02
   3.0100334e-01   9.8239874e-02
   3.0434783e-01   9.8467679e-02
   3.0769231e-01   9.8683303e-02
   3.1103679e-01   9.8886811e-02
   3.1438127e-01   9.9078267e-02
   3.1772575e-01   9.9257737e-02
   3.2107023e-01   9.9425287e-02
   3.2441472e-01   9.9580982e-02
   3.2775920e-01   9.9724891e-02
   3.3110368e-01   9.9857080e-02
   3.3444816e-01   9.9977617e-02
   3.3779264e-01   1.0008657e-01
   3.4113712e-01   1.0018401e-01
   3.4448161e-01   1.0027000e-01
   3.4782609e-01   1.0034462e-01
   3.5117057e-01   1.0040793e-01
   3.5451505e-01   1.0046000e-01
   3.5785953e-01   1.0050091e-01
   3.6120401e-01   1.0053073e-01
   3.6454849e-01   1.0054953e-01
   3.6789298e-01   1.0055738e-01
   3.7123746e-01   1.0055436e-01
   3.7458194e-01   1.0054054e-01
   3.7792642e-01   1.0051599e-01
   3.8127090e-01   1.0048079e-01
   3.8461538e-01   1.0043501e-01
   3.8795987e-01   1.0037873e-01
   3.9130435e-01   1.0031202e-01
   3.9464883e-01   1.0023497e-01
   3.9799331e-01   1.0014764e-01
   4.0133779e-01   1.0005012e-01
   4.0468227e-01   9.9942481e-02
   4.0802676e-01   9.9824802e-02
   4.1137124e-01   9.9697161e-02
   4.1471572e-01   9.9559639e-02
   4.1806020e-01   9.9412314e-02
   4.2140468e-01   9.9255265e-02
   4.2474916e-01   9.9088574e-02
   4.2809365e-01   9.8912319e-02
   4.3143813e-01   9.8726583e-02
   4.3478261e-01   9.8531446e-02
   4.3812709e-01   9.8326990e-02
   4.4147157e-01   9.8113296e-02
   4.4481605e-01   9.7890447e-02
   4.4816054e-01   9.7658526e-02
   4.5150502e-01   9.7417614e-02
   4.5484950e-01   9.7167796e-02
   4.5819398e-01   9.6909155e-02
   4.6153846e-01   9.6641774e-02
   4.6488294e-01   9.6365737e-02
   4.6822742e-01   9.6081130e-02
   4.7157191e-01   9.5788036e-02
   4.7491639e-01   9.5486540e-02
   4.7826087e-01   9.5176727e-02
   4.8160535e-01   9.4858684e-02
   4.8494983e-01   9.4532495e-02
   4.8829431e-01   9.4198246e-02
   4.9163880e-01   9.3856023e-02
   4.9498328e-01   9.3505913e-02
   4.9832776e-01   9.3148003e-02
   5.0167224e-01   9.2782377e-02
   5.0501672e-01   9.2409125e-02
   5.0836120e-01   9.2028332e-02
   5.1170569e-01   9.1640086e-02
   5.1505017e-01   9.1244474e-02
   5.1839465e-01   9.0841584e-02
   5.2173913e-01   9.0431503e-02
   5.2508361e-01   9.0014320e-02
   5.2842809e-01   8.9590122e-02
   5.3177258e-01   8.9158997e-02
   5.3511706e-01   8.8721034e-02
   5.3846154e-01   8.8276320e-02
   5.4180602e-01   8.7824945e-02
   5.4515050e-01   8.7366997e-02
   5.4849498e-01   8.6902563e-02
   5.5183946e-01   8.6431734e-02
   5.5518395e-01   8.5954598e-02
   5.5852843e-01   8.5471242e-02
   5.6187291e-01   8.4981757e-02
   5.6521739e-01   8.4486232e-02
   5.6856187e-01   8.3984754e-02
   5.7190635e-01   8.3477413e-02
   5.7525084e-01   8.2964298e-02
   5.7859532e-01   8.2445497e-02
   5.8193980e-01   8.1921101e-02
   5.8528428e-01   8.1391197e-02
   5.8862876e-01   8.0855875e-02
   5.9197324e-01   8.0315223e-02
   5.9531773e-01   7.9769331e-02
   5.9866221e-01   7.9218287e-02
   6.0200669e-01   7.8662181e-02
   6.0535117e-01   7.8101100e-02
   6.0869565e-01   7.7535133e-02
   6.1204013e-01   7.6964370e-02
   6.1538462e-01   7.6388899e-02
   6.1872910e-01   7.5808807e-02
   6.2207358e-01   7.5224185e-02
   6.2541806e-01   7.4635119e-02
   6.2876254e-01   7.4041698e-02
   6.3210702e-01   7.3444010e-02
   6.3545151e-01   7.2842143e-02
   6.3879599e-01   7.2236185e-02
   6.4214047e-01   7.1626224e-02
   6.4548495e-01   7.1012347e-02
   6.4882943e-01   7.0394641e-02
   6.5217391e-01   6.9773194e-02
   6.5551839e-01   6.9148093e-02
   6.5886288e-01   6.8519424e-02
   6.6220736e-01   6.7887275e-02
   6.6555184e-01   6.7251732e-02
   6.6889632e-01   6.6612881e-02
   6.7224080e-01   6.5970809e-02
   6.7558528e-01   6.5325601e-02
   6.7892977e-01   6.4677343e-02
   6.8227425e-01   6.4026121e-02
   6.8561873e-01   6.3372020e-02
   6.8896321e-01   6.2715125e-02
   6.9230769e-01   6.2055521e-02
   6.9565217e-01   6.1393293e-02
   6.9899666e-01   6.0728524e-02
   7.0234114e-01   6.0061299e-02
   7.0568562e-01   5.9391702e-02
   7.0903010e-01   5.8719816e-02
   7.1237458e-01   5.8045725e-02
   7.1571906e-01   5.7369510e-02
   7.1906355e-01   5.6691256e-02
   7.2240803e-01   5.6011045e-02
   7.2575251e-01   5.5328957e-02
   7.2909699e-01   5.4645076e-02
   7.3244147e-01   5.3959483e-02
   7.3578595e-01   5.3272258e-02
   7.3913043e-01   5.2583483e-02
   7.4247492e-01   5.1893237e-02
   7.4581940e-01   5.1201602e-02
   7.4916388e-01   5.0508657e-02
   7.5250836e-01   4.9814480e-02
   7.5585284e-01   4.9119152e-02
   7.5919732e-01   4.8422751e-02
   7.6254181e-01   4.7725354e-02
   7.6588629e-01   4.7027041e-02
   7.6923077e-01   4.6327888e-02
   7.7257525e-01   4.5627972e-02
   7.7591973e-01   4.4927371e-02
   7.7926421e-01   4.4226160e-02
   7.8260870e-01   4.3524416e-02
   7.8595318e-01   4.2822213e-02
   7.8929766e-01   4.2119628e-02
   7.9264214e-01   4.1416733e-02
   7.9598662e-01   4.0713605e-02
   7.9933110e-01   4.0010316e-02
   8.0267559e-01   3.9306939e-02
   8.0602007e-01   3.8603548e-02
   8.0936455e-01   3.7900215e-02
   8.1270903e-01   3.7197012e-02
   8.1605351e-01   3.6494010e-02
   8.1939799e-01   3.5791280e-02
   8.2274247e-01   3.5088892e-02
   8.2608696e-01   3.4386917e-02
   8.2943144e-01   3.3685424e-02
   8.3277592e-01   3.2984482e-02
   8.3612040e-01   3.2284159e-02
   8.3946488e-01   3.1584524e-02
   8.4280936e-01   3.0885644e-02
   8.4615385e-01   3.0187585e-02
   8.4949833e-01   2.9490414e-02
   8.5284281e-01   2.8794198e-02
   8.5618729e-01   2.8099000e-02
   8.5953177e-01   2.7404887e-02
   8.6287625e-01   2.6711922e-02
   8.6622074e-01   2.6020169e-02
   8.6956522e-01   2.5329690e-02
   8.7290970e-01   2.4640549e-02
   8.7625418e-01   2.3952808e-02
   8.7959866e-01   2.3266528e-02
   8.8294314e-01   2.2581769e-02
   8.8628763e-01   2.1898592e-02
   8.8963211e-01   2.1217056e-02
   8.9297659e-01   2.0537221e-02
   8.9632107e-01   1.9859144e-02
   8.9966555e-01   1.9182884e-02
   9.0301003e-01   1.8508498e-02
   9.0635452e-01   1.7836043e-02
   9.0969900e-01   1.7165573e-02
   9.1304348e-01   1.6497145e-02
   9.1638796e-01   1.5830813e-02
   9.1973244e-01   1.5166631e-02
   9.2307692e-01   1.4504653e-02
   9.2642140e-01   1.3844931e-02
   9.2976589e-01   1.3187518e-02
   9.3311037e-01   1.2532464e-02
   9.3645485e-01   1.1879821e-02
   9.3979933e-01   1.1229638e-02
   9.4314381e-01   1.0581965e-02
   9.4648829e-01   9.9368504e-03
   9.4983278e-01   9.2943426e-03
   9.5317726e-01   8.6544887e-03
   9.5652174e-01   8.0173353e-03
   9.5986622e-01   7.3829283e-03
   9.6321070e-01   6.7513130e-03
   9.6655518e-01   6.1225339e-03
   9.6989967e-01   5.4966346e-03
   9.7324415e-01   4.8736583e-03
   9.7658863e-01   4.2536473e-03
   9.7993311e-01   3.6366433e-03
   9.8327759e-01   3.0226870e-03
   9.8662207e-01   2.4118186e-03
   9.8996656e-01   1.8040774e-03
   9.9331104e-01   1.1995021e-03
   9.9665552e-01   5.9813064e-04
   1.0000000e+00   0.0000000e+00
   1.0000000e+00   0.0000000e+00
   9.9665552e-01   1.6528830e-04
   9.9331104e-01   3.1012798e-04
   9.8996656e-01   4.3469765e-04
   9.8662207e-01   5.3917688e-04
   9.8327759e-01   6.2374617e-04
   9.7993311e-01   6.8858692e-04
   9.7658863e-01   7.3388147e-04
   9.7324415e-01   7.5981303e-04
   9.6989967e-01   7.6656572e-04
   9.6655518e-01   7.5432454e-04
   9.6321070e-01   7.2327536e-04
   9.5986622e-01   6.7360491e-04
   9.5652174e-01   6.0550079e-04
   9.5317726e-01   5.1915143e-04
   9.4983278e-01   4.1474609e-04
   9.4648829e-01   2.9247488e-04
   9.4314381e-01   1.5252869e-04
   9.3979933e-01  -4.9007551e-06
   9.3645485e-01  -1.7962094e-04
   9.3311037e-01  -3.7143858e-04
   9.2976589e-01  -5.8015960e-04
   9.2642140e-01  -8.0558915e-04
   9.2307692e-01  -1.0475316e-03
   9.1973244e-01  -1.3057907e-03
   9.1638796e-01  -1.5801693e-03
   9.1304348e-01  -1.8704696e-03
   9.0969900e-01  -2.1764932e-03
   9.0635452e-01  -2.4980406e-03
   9.0301003e-01  -2.8349121e-03
   8.9966555e-01  -3.1869071e-03
   8.9632107e-01  -3.5538242e-03
   8.9297659e-01  -3.9354614e-03
   8.8963211e-01  -4.3316163e-03
   8.8628763e-01  -4.7420855e-03
   8.8294314e-01  -5.1666652e-03
   8.7959866e-01  -5.6051508e-03
   8.7625418e-01  -6.0573372e-03
   8.7290970e-01  -6.5230188e-03
   8.6956522e-01  -7.0019892e-03
   8.6622074e-01  -7.4940415e-03
   8.6287625e-01  -7.9989682e-03
   8.5953177e-01  -8.5165614e-03
   8.5618729e-01  -9.0466125e-03
   8.5284281e-01  -9.5889123e-03
   8.4949833e-01  -1.0143251e-02
   8.4615385e-01  -1.0709419e-02
   8.4280936e-01  -1.1287206e-02
   8.3946488e-01  -1.1876399e-02
   8.3612040e-01  -1.2476788e-02
   8.3277592e-01  -1.3088161e-02
   8.2943144e-01  -1.3710304e-02
   8.2608696e-01  -1.4343006e-02
   8.2274247e-01  -1.4986052e-02
   8.1939799e-01  -1.5639229e-02
   8.1605351e-01  -1.6302322e-02
   8.1270903e-01  -1.6975117e-02
   8.0936455e-01  -1.7657398e-02
   8.0602007e-01  -1.8348951e-02
   8.0267559e-01  -1.9049559e-02
   7.9933110e-01  -1.9759007e-02
   7.9598662e-01  -2.0477077e-02
   7.9264214e-01  -2.1203554e-02
   7.8929766e-01  -2.1938219e-02
   7.8595318e-01  -2.2680856e-02
   7.8260870e-01  -2.3431246e-02
   7.7926421e-01  -2.4189172e-02
   7.7591973e-01  -2.4954416e-02
   7.7257525e-01  -2.5726758e-02
   7.6923077e-01  -2.6505980e-02
   7.6588629e-01  -2.7291864e-02
   7.6254181e-01  -2.8084189e-02
   7.5919732e-01  -2.8882737e-02
   7.5585284e-01  -2.9687288e-02
   7.5250836e-01  -3.0497621e-02
   7.4916388e-01  -3.1313518e-02
   7.4581940e-01  -3.2134757e-02
   7.4247492e-01  -3.2961120e-02
   7.3913043e-01  -3.3792384e-02
   7.3578595e-01  -3.4628331e-02
   7.3244147e-01  -3.5468738e-02
   7.2909699e-01  -3.6313386e-02
   7.2575251e-01  -3.7162054e-02
   7.2240803e-01  -3.8014521e-02
   7.1906355e-01  -3.8870566e-02
   7.1571906e-01  -3.9729969e-02
   7.1237458e-01  -4.0592507e-02
   7.0903010e-01  -4.1457962e-02
   7.0568562e-01  -4.2326110e-02
   7.0234114e-01  -4.3196733e-02
   6.9899666e-01  -4.4069608e-02
   6.9565217e-01  -4.4944516e-02
   6.9230769e-01  -4.5821235e-02
   6.8896321e-01  -4.6699544e-02
   6.8561873e-01  -4.7579224e-02
   6.8227425e-01  -4.8460054e-02
   6.7892977e-01  -4.9341814e-02
   6.7558528e-01  -5.0224283e-02
   6.7224080e-01  -5.1107242e-02
   6.6889632e-01  -5.1990470e-02
   6.6555184e-01  -5.2873749e-02
   6.6220736e-01  -5.3756858e-02
   6.5886288e-01  -5.4639579e-02
   6.5551839e-01  -5.5521693e-02
   6.5217391e-01  -5.6402980e-02
   6.4882943e-01  -5.7283223e-02
   6.4548495e-01  -5.8162204e-02
   6.4214047e-01  -5.9039704e-02
   6.3879599e-01  -5.9915506e-02
   6.3545151e-01  -6.0789393e-02
   6.3210702e-01  -6.1661148e-02
   6.2876254e-01  -6.2530554e-02
   6.2541806e-01  -6.3397396e-02
   6.2207358e-01  -6.4261458e-02
   6.1872910e-01  -6.5122524e-02
   6.1538462e-01  -6.5980380e-02
   6.1204013e-01  -6.6834812e-02
   6.0869565e-01  -6.7685604e-02
   6.0535117e-01  -6.8532545e-02
   6.0200669e-01  -6.9375421e-02
   5.9866221e-01  -7.0214019e-02
   5.9531773e-01  -7.1048129e-02
   5.9197324e-01  -7.1877538e-02
   5.8862876e-01  -7.2702035e-02
   5.8528428e-01  -7.3521412e-02
   5.8193980e-01  -7.4335457e-02
   5.7859532e-01  -7.5143963e-02
   5.7525084e-01  -7.5946722e-02
   5.7190635e-01  -7.6743524e-02
   5.6856187e-01  -7.7534165e-02
   5.6521739e-01  -7.8318437e-02
   5.6187291e-01  -7.9096136e-02
   5.5852843e-01  -7.9867056e-02
   5.5518395e-01  -8.0630993e-02
   5.5183946e-01  -8.1387746e-02
   5.4849498e-01  -8.2137110e-02
   5.4515050e-01  -8.2878886e-02
   5.4180602e-01  -8.3612872e-02
   5.3846154e-01  -8.4338868e-02
   5.3511706e-01  -8.5056677e-02
   5.3177258e-01  -8.5766099e-02
   5.2842809e-01  -8.6466938e-02
   5.2508361e-01  -8.7158998e-02
   5.2173913e-01  -8.7842084e-02
   5.1839465e-01  -8.8516003e-02
   5.1505017e-01  -8.9180560e-02
   5.1170569e-01  -8.9835564e-02
   5.0836120e-01  -9.0480824e-02
   5.0501672e-01  -9.1116151e-02
   5.0167224e-01  -9.1741356e-02
   4.9832776e-01  -9.2356251e-02
   4.9498328e-01  -9.2960650e-02
   4.9163880e-01  -9.3554369e-02
   4.8829431e-01  -9.4137222e-02
   4.8494983e-01  -9.4709028e-02
   4.8160535e-01  -9.5269605e-02
   4.7826087e-01  -9.5818772e-02
   4.7491639e-01  -9.6356352e-02
   4.7157191e-01  -9.6882167e-02
   4.6822742e-01  -9.7396041e-02
   4.6488294e-01  -9.7897798e-02
   4.6153846e-01  -9.8387267e-02
   4.5819398e-01  -9.8864274e-02
   4.5484950e-01  -9.9328651e-02
   4.5150502e-01  -9.9780227e-02
   4.4816054e-01  -1.0021884e-01
   4.4481605e-01  -1.0064431e-01
   4.4147157e-01  -1.0105649e-01
   4.3812709e-01  -1.0145521e-01
   4.3478261e-01  -1.0184031e-01
   4.3143813e-01  -1.0221163e-01
   4.2809365e-01  -1.0256902e-01
   4.2474916e-01  -1.0291231e-01
   4.2140468e-01  -1.0324135e-01
   4.1806020e-01  -1.0355600e-01
   4.1471572e-01  -1.0385610e-01
   4.1137124e-01  -1.0414150e-01
   4.0802676e-01  -1.0441206e-01
   4.0468227e-01  -1.0466762e-01
   4.0133779e-01  -1.0490806e-01
   3.9799331e-01  -1.0513323e-01
   3.9464883e-01  -1.0534299e-01
   3.9130435e-01  -1.0553720e-01
   3.8795987e-01  -1.0571573e-01
   3.8461538e-01  -1.0587845e-01
   3.8127090e-01  -1.0602522e-01
   3.7792642e-01  -1.0615593e-01
   3.7458194e-01  -1.0627044e-01
   3.7123746e-01  -1.0636863e-01
   3.6789298e-01  -1.0645038e-01
   3.6454849e-01  -1.0651557e-01
   3.6120401e-01  -1.0656408e-01
   3.5785953e-01  -1.0659581e-01
   3.5451505e-01  -1.0661063e-01
   3.5117057e-01  -1.0660845e-01
   3.4782609e-01  -1.0658915e-01
   3.4448161e-01  -1.0655264e-01
   3.4113712e-01  -1.0649880e-01
   3.3779264e-01  -1.0642755e-01
   3.3444816e-01  -1.0633878e-01
   3.3110368e-01  -1.0623241e-01
   3.2775920e-01  -1.0610835e-01
   3.2441472e-01  -1.0596650e-01
   3.2107023e-01  -1.0580678e-01
   3.1772575e-01  -1.0562912e-01
   3.1438127e-01  -1.0543343e-01
   3.1103679e-01  -1.0521965e-01
   3.0769231e-01  -1.0498769e-01
   3.0434783e-01  -1.0473749e-01
   3.0100334e-01  -1.0446898e-01
   2.9765886e-01  -1.0418211e-01
   2.9431438e-01  -1.0387681e-01
   2.9096990e-01  -1.0355303e-01
   2.8762542e-01  -1.0321071e-01
   2.8428094e-01  -1.0284981e-01
   2.8093645e-01  -1.0247028e-01
   2.7759197e-01  -1.0207209e-01
   2.7424749e-01  -1.0165518e-01
   2.7090301e-01  -1.0121954e-01
   2.6755853e-01  -1.0076512e-01
   2.6421405e-01  -1.0029191e-01
   2.6086957e-01  -9.9799875e-02
   2.5752508e-01  -9.9289002e-02
   2.5418060e-01  -9.8759276e-02
   2.5083612e-01  -9.8210685e-02
   2.4749164e-01  -9.7643225e-02
   2.4414716e-01  -9.7056891e-02
   2.4080268e-01  -9.6451687e-02
   2.3745819e-01  -9.5827619e-02
   2.3411371e-01  -9.5184697e-02
   2.3076923e-01  -9.4522936e-02
   2.2742475e-01  -9.3842357e-02
   2.2408027e-01  -9.3142982e-02
   2.2073579e-01  -9.2424842e-02
   2.1739130e-01  -9.1687970e-02
   2.1404682e-01  -9.0932403e-02
   2.1070234e-01  -9.0158185e-02
   2.0735786e-01  -8.9365363e-02
   2.0401338e-01  -8.8553992e-02
   2.0066890e-01  -8.7724127e-02
   1.9732441e-01  -8.6875832e-02
   1.9397993e-01  -8.6009175e-02
   1.9063545e-01  -8.5124228e-02
   1.8729097e-01  -8.4221070e-02
   1.8394649e-01  -8.3299784e-02
   1.8060201e-01  -8.2360458e-02
   1.7725753e-01  -8.1403186e-02
   1.7391304e-01  -8.0428068e-02
   1.7056856e-01  -7.9435206e-02
   1.6722408e-01  -7.8424710e-02
   1.6387960e-01  -7.7396696e-02
   1.6053512e-01  -7.6351283e-02
   1.5719064e-01  -7.5288595e-02
   1.5384615e-01  -7.4208763e-02
   1.5050167e-01  -7.3111922e-02
   1.4715719e-01  -7.1998211e-02
   1.4381271e-01  -7.0867776e-02
   1.4046823e-01  -6.9720764e-02
   1.3712375e-01  -6.8557329e-02
   1.3377926e-01  -6.7377628e-02
   1.3043478e-01  -6.6181823e-02
   1.2709030e-01  -6.4970076e-02
   1.2374582e-01  -6.3742556e-02
   1.2040134e-01  -6.2499430e-02
   1.1705686e-01  -6.1240868e-02
   1.1371237e-01  -5.9967043e-02
   1.1036789e-01  -5.8678123e-02
   1.0702341e-01  -5.7374278e-02
   1.0367893e-01  -5.6055674e-02
   1.0033445e-01  -5.4722470e-02
   9.6989967e-02  -5.3374823e-02
   9.3645485e-02  -5.2012875e-02
   9.0301003e-02  -5.0636761e-02
   8.6956522e-02  -4.9246596e-02
   8.3612040e-02  -4.7842479e-02
   8.0267559e-02  -4.6424479e-02
   7.6923077e-02  -4.4992639e-02
   7.3578595e-02  -4.3546957e-02
   7.0234114e-02  -4.2087384e-02
   6.6889632e-02  -4.0613811e-02
   6.3545151e-02  -3.9126049e-02
   6.0200669e-02  -3.7623816e-02
   5.6856187e-02  -3.6106704e-02
   5.3511706e-02  -3.4574157e-02
   5.0167224e-02  -3.3025419e-02
   4.6822742e-02  -3.1459483e-02
   4.3478261e-02  -2.9875012e-02
   4.0133779e-02  -2.8270236e-02
   3.6789298e-02  -2.6642802e-02
   3.3444816e-02  -2.4989558e-02
   3.0100334e-02  -2.3306237e-02
   2.6755853e-02  -2.1586962e-02
   2.3411371e-02  -1.9823458e-02
   2.0066890e-02  -1.8003698e-02
   1.6722408e-02  -1.6109456e-02
   1.3377926e-02  -1.4111411e-02
   1.0033445e-02  -1.1958023e-02
   6.6889632e-03  -9.5447115e-03
   3.3444816e-03  -6.5911690e-03
   0.0000000e+00  -2.0000000e-05
