   0.0000000e+00   0.0000000e+00
   3.3444816e-03   1.0996181e-02
   6.6889632e-03   1.5437066e-02
   1.0033445e-02   1.8768415e-02
   1.3377926e-02   2.1514118e-02
   1.6722408e-02   2.3878912e-02
   2.0066890e-02   2.5968720e-02
   2.3411371e-02   2.7847021e-02
   2.6755853e-02   2.9555544e-02
   3.0100334e-02   3.1123536e-02
   3.3444816e-02   3.2572481e-02
   3.6789298e-02   3.3918748e-02
   4.0133779e-02   3.5175170e-02
   4.3478261e-02   3.6352044e-02
   4.6822742e-02   3.7457798e-02
   5.0167224e-02   3.8499437e-02
   5.3511706e-02   3.9482872e-02
   5.6856187e-02   4.0413146e-02
   6.0200669e-02   4.1294608e-02
   6.3545151e-02   4.2131045e-02
   6.6889632e-02   4.2925778e-02
   7.0234114e-02   4.3681743e-02
   7.3578595e-02   4.4401554e-02
   7.6923077e-02   4.5087547e-02
   8.0267559e-02   4.5741825e-02
   8.3612040e-02   4.6366290e-02
   8.6956522e-02   4.6962666e-02
   9.0301003e-02   4.7532526e-02
   9.3645485e-02   4.8077309e-02
   9.6989967e-02   4.8598336e-02
   1.0033445e-01   4.9096821e-02
   1.0367893e-01   4.9573889e-02
   1.0702341e-01   5.0030578e-02
   1.1036789e-01   5.0467852e-02
   1.1371237e-01   5.0886609e-02
   1.1705686e-01   5.1287685e-02
   1.2040134e-01   5.1671861e-02
   1.2374582e-01   5.2039868e-02
   1.2709030e-01   5.2392390e-02
   1.3043478e-01   5.2730070e-02
   1.3377926e-01   5.3053513e-02
   1.3712375e-01   5.3363288e-02
   1.4046823e-01   5.3659930e-02
   1.4381271e-01   5.3943947e-02
   1.4715719e-01   5.4215817e-02
   1.5050167e-01   5.4475992e-02
   1.5384615e-01   5.4724900e-02
   1.5719064e-01   5.4962948e-02
   1.6053512e-01   5.5190520e-02
   1.6387960e-01   5.5407983e-02
   1.6722408e-01   5.5615684e-02
   1.7056856e-01   5.5813952e-02
   1.7391304e-01   5.6003103e-02
   1.7725753e-01   5.6183436e-02
   1.8060201e-01   5.6355235e-02
   1.8394649e-01   5.6518771e-02
   1.8729097e-01   5.6674306e-02
   1.9063545e-01   5.6822084e-02
   1.9397993e-01   5.6962342e-02
   1.9732441e-01   5.7095306e-02
   2.0066890e-01   5.7221190e-02
   2.0401338e-01   5.7340200e-02
   2.0735786e-01   5.7452532e-02
   2.1070234e-01   5.7558375e-02
   2.1404682e-01   5.7657908e-02
   2.1739130e-01   5.7751303e-02
   2.2073579e-01   5.7838724e-02
   2.2408027e-01   5.7920328e-02
   2.2742475e-01   5.7996267e-02
   2.3076923e-01   5.8066685e-02
   2.3411371e-01   5.8131719e-02
   2.3745819e-01   5.8191501e-02
   2.4080268e-01   5.8246159e-02
   2.4414716e-01   5.8295813e-02
   2.4749164e-01   5.8340580e-02
   2.5083612e-01   5.8380570e-02
   2.5418060e-01   5.8415890e-02
   2.5752508e-01   5.8446642e-02
   2.6086957e-01   5.8472923e-02
   2.6421405e-01   5.8494826e-02
   2.6755853e-01   5.8512442e-02
   2.7090301e-01   5.8525855e-02
   2.7424749e-01   5.8535147e-02
   2.7759197e-01   5.8540397e-02
   2.8093645e-01   5.8541679e-02
   2.8428094e-01   5.8539066e-02
   2.8762542e-01   5.8532626e-02
   2.9096990e-01   5.8522424e-02
   2.9431438e-01   5.8508522e-02
   2.9765886e-01   5.8490981e-02
   3.0100334e-01   5.8469858e-02
   3.0434783e-01   5.8445207e-02
   3.0769231e-01   5.8417080e-02
   3.1103679e-01   5.8385527e-02
   3.1438127e-01   5.8350595e-02
   3.1772575e-01   5.8312329e-02
   3.2107023e-01   5.8270771e-02
   3.2441472e-01   5.8225964e-02
   3.2775920e-01   5.8177946e-02
   3.3110368e-01   5.8126753e-02
   3.3444816e-01   5.8072420e-02
   3.3779264e-01   5.8014982e-02
   3.4113712e-01   5.7954469e-02
   3.4448161e-01   5.7890912e-02
   3.4782609e-01   5.7824338e-02
   3.5117057e-01   5.7754776e-02
   3.5451505e-01   5.7682249e-02
   3.5785953e-01   5.7606783e-02
   3.6120401e-01   5.7528398e-02
   3.6454849e-01   5.7447118e-02
   3.6789298e-01   5.7362962e-02
   3.7123746e-01   5.7275948e-02
   3.7458194e-01   5.7186094e-02
   3.7792642e-01   5.7093417e-02
   3.8127090e-01   5.6997932e-02
   3.8461538e-01   5.6899654e-02
   3.8795987e-01   5.6798595e-02
   3.9130435e-01   5.6694769e-02
   3.9464883e-01   5.6588187e-02
   3.9799331e-01   5.6478859e-02
   4.0133779e-01   5.6366795e-02
   4.0468227e-01   5.6252005e-02
   4.0802676e-01   5.6134496e-02
   4.1137124e-01   5.6014277e-02
   4.1471572e-01   5.5891353e-02
   4.1806020e-01   5.5765732e-02
   4.2140468e-01   5.5637418e-02
   4.2474916e-01   5.5506417e-02
   4.2809365e-01   5.5372732e-02
   4.3143813e-01   5.5236369e-02
   4.3478261e-01   5.5097329e-02
   4.3812709e-01   5.4955616e-02
   4.4147157e-01   5.4811233e-02
   4.4481605e-01   5.4664180e-02
   4.4816054e-01   5.4514460e-02
   4.5150502e-01   5.4362074e-02
   4.5484950e-01   5.4207023e-02
   4.5819398e-01   5.4049307e-02
   4.6153846e-01   5.3888926e-02
   4.6488294e-01   5.3725880e-02
   4.6822742e-01   5.3560169e-02
   4.7157191e-01   5.3391792e-02
   4.7491639e-01   5.3220748e-02
   4.7826087e-01   5.3047037e-02
   4.8160535e-01   5.2870657e-02
   4.8494983e-01   5.2691606e-02
   4.8829431e-01   5.2509884e-02
   4.9163880e-01   5.2325489e-02
   4.9498328e-01   5.2138419e-02
   4.9832776e-01   5.1948672e-02
   5.0167224e-01   5.1756247e-02
   5.0501672e-01   5.1561141e-02
   5.0836120e-01   5.1363354e-02
   5.1170569e-01   5.1162883e-02
   5.1505017e-01   5.0959726e-02
   5.1839465e-01   5.0753882e-02
   5.2173913e-01   5.0545348e-02
   5.2508361e-01   5.0334124e-02
   5.2842809e-01   5.0120208e-02
   5.3177258e-01   4.9903598e-02
   5.3511706e-01   4.9684294e-02
   5.3846154e-01   4.9462293e-02
   5.4180602e-01   4.9237595e-02
   5.4515050e-01   4.9010199e-02
   5.4849498e-01   4.8780104e-02
   5.5183946e-01   4.8547311e-02
   5.5518395e-01   4.8311818e-02
   5.5852843e-01   4.8073626e-02
   5.6187291e-01   4.7832734e-02
   5.6521739e-01   4.7589145e-02
   5.6856187e-01   4.7342857e-02
   5.7190635e-01   4.7093872e-02
   5.7525084e-01   4.6842192e-02
   5.7859532e-01   4.6587819e-02
   5.8193980e-01   4.6330753e-02
   5.8528428e-01   4.6070998e-02
   5.8862876e-01   4.5808556e-02
   5.9197324e-01   4.5543431e-02
   5.9531773e-01   4.5275625e-02
   5.9866221e-01   4.5005142e-02
   6.0200669e-01   4.4731987e-02
   6.0535117e-01   4.4456164e-02
   6.0869565e-01   4.4177678e-02
   6.1204013e-01   4.3896535e-02
   6.1538462e-01   4.3612741e-02
   6.1872910e-01   4.3326301e-02
   6.2207358e-01   4.3037223e-02
   6.2541806e-01   4.2745514e-02
   6.2876254e-01   4.2451182e-02
   6.3210702e-01   4.2154235e-02
   6.3545151e-01   4.1854683e-02
   6.3879599e-01   4.1552533e-02
   6.4214047e-01   4.1247797e-02
   6.4548495e-01   4.0940484e-02
   6.4882943e-01   4.0630605e-02
   6.5217391e-01   4.0318173e-02
   6.5551839e-01   4.0003199e-02
   6.5886288e-01   3.9685696e-02
   6.6220736e-01   3.9365677e-02
   6.6555184e-01   3.9043156e-02
   6.6889632e-01   3.8718148e-02
   6.7224080e-01   3.8390668e-02
   6.7558528e-01   3.8060731e-02
   6.7892977e-01   3.7728354e-02
   6.8227425e-01   3.7393554e-02
   6.8561873e-01   3.7056349e-02
   6.8896321e-01   3.6716756e-02
   6.9230769e-01   3.6374796e-02
   6.9565217e-01   3.6030488e-02
   6.9899666e-01   3.5683853e-02
   7.0234114e-01   3.5334911e-02
   7.0568562e-01   3.4983684e-02
   7.0903010e-01   3.4630196e-02
   7.1237458e-01   3.4274469e-02
   7.1571906e-01   3.3916528e-02
   7.1906355e-01   3.3556397e-02
   7.2240803e-01   3.3194102e-02
   7.2575251e-01   3.2829669e-02
   7.2909699e-01   3.2463126e-02
   7.3244147e-01   3.2094500e-02
   7.3578595e-01   3.1723821e-02
   7.3913043e-01   3.1351117e-02
   7.4247492e-01   3.0976419e-02
   7.4581940e-01   3.0599758e-02
   7.4916388e-01   3.0221166e-02
   7.5250836e-01   2.9840676e-02
   7.5585284e-01   2.9458321e-02
   7.5919732e-01   2.9074137e-02
   7.6254181e-01   2.8688158e-02
   7.6588629e-01   2.8300420e-02
   7.6923077e-01   2.7910961e-02
   7.7257525e-01   2.7519818e-02
   7.7591973e-01   2.7127031e-02
   7.7926421e-01   2.6732639e-02
   7.8260870e-01   2.6336683e-02
   7.8595318e-01   2.5939203e-02
   7.8929766e-01   2.5540244e-02
   7.9264214e-01   2.5139848e-02
   7.9598662e-01   2.4738059e-02
   7.9933110e-01   2.4334922e-02
   8.0267559e-01   2.3930484e-02
   8.0602007e-01   2.3524792e-02
   8.0936455e-01   2.3117895e-02
   8.1270903e-01   2.2709840e-02
   8.1605351e-01   2.2300678e-02
   8.1939799e-01   2.1890460e-02
   8.2274247e-01   2.1479238e-02
   8.2608696e-01   2.1067065e-02
   8.2943144e-01   2.0653995e-02
   8.3277592e-01   2.0240083e-02
   8.3612040e-01   1.9825385e-02
   8.3946488e-01   1.9409957e-02
   8.4280936e-01   1.8993859e-02
   8.4615385e-01   1.8577149e-02
   8.4949833e-01   1.8159886e-02
   8.5284281e-01   1.7742133e-02
   8.5618729e-01   1.7323951e-02
   8.5953177e-01   1.6905404e-02
   8.6287625e-01   1.6486556e-02
   8.6622074e-01   1.6067472e-02
   8.6956522e-01   1.5648219e-02
   8.7290970e-01   1.5228864e-02
   8.7625418e-01   1.4809476e-02
   8.7959866e-01   1.4390125e-02
   8.8294314e-01   1.3970881e-02
   8.8628763e-01   1.3551817e-02
   8.8963211e-01   1.3133005e-02
   8.9297659e-01   1.2714520e-02
   8.9632107e-01   1.2296436e-02
   8.9966555e-01   1.1878831e-02
   9.0301003e-01   1.1461782e-02
   9.0635452e-01   1.1045367e-02
   9.0969900e-01   1.0629667e-02
   9.1304348e-01   1.0214762e-02
   9.1638796e-01   9.8007348e-03
   9.1973244e-01   9.3876682e-03
   9.2307692e-01   8.9756471e-03
   9.2642140e-01   8.5647569e-03
   9.2976589e-01   8.1550847e-03
   9.3311037e-01   7.7467184e-03
   9.3645485e-01   7.3397473e-03
   9.3979933e-01   6.9342618e-03
   9.4314381e-01   6.5303535e-03
   9.4648829e-01   6.1281154e-03
   9.4983278e-01   5.7276415e-03
   9.5317726e-01   5.3290271e-03
   9.5652174e-01   4.9323687e-03
   9.5986622e-01   4.5377642e-03
   9.6321070e-01   4.1453124e-03
   9.6655518e-01   3.7551137e-03
   9.6989967e-01   3.3672695e-03
   9.7324415e-01   2.9818827e-03
   9.7658863e-01   2.5990571e-03
   9.7993311e-01   2.2188982e-03
   9.8327759e-01   1.8415124e-03
   9.8662207e-01   1.4670076e-03
   9.8996656e-01   1.0954929e-03
   9.9331104e-01   7.2707876e-04
   9.9665552e-01   3.6187678e-04
   1.0000000e+00   0.0000000e+00
   1.0000000e+00  -0.0000000e+00
   9.9665552e-01  -2.2245854e-04
   9.9331104e-01  -4.4959609e-04
   9.8996656e-01  -6.8126275e-04
   9.8662207e-01  -9.1731026e-04
   9.8327759e-01  -1.1575920e-03
   9.7993311e-01  -1.4019632e-03
   9.7658863e-01  -1.6502803e-03
   9.7324415e-01  -1.9024019e-03
   9.6989967e-01  -2.1581878e-03
   9.6655518e-01  -2.4174998e-03
   9.6321070e-01  -2.6802010e-03
   9.5986622e-01  -2.9461564e-03
   9.5652174e-01  -3.2152323e-03
   9.5317726e-01  -3.4872970e-03
   9.4983278e-01  -3.7622200e-03
   9.4648829e-01  -4.0398727e-03
   9.4314381e-01  -4.3201279e-03
   9.3979933e-01  -4.6028601e-03
   9.3645485e-01  -4.8879453e-03
   9.3311037e-01  -5.1752612e-03
   9.2976589e-01  -5.4646870e-03
   9.2642140e-01  -5.7561032e-03
   9.2307692e-01  -6.0493924e-03
   9.1973244e-01  -6.3444383e-03
   9.1638796e-01  -6.6411262e-03
   9.1304348e-01  -6.9393432e-03
   9.0969900e-01  -7.2389776e-03
   9.0635452e-01  -7.5399196e-03
   9.0301003e-01  -7.8420605e-03
   8.9966555e-01  -8.1452933e-03
   8.9632107e-01  -8.4495127e-03
   8.9297659e-01  -8.7546146e-03
   8.8963211e-01  -9.0604966e-03
   8.8628763e-01  -9.3670576e-03
   8.8294314e-01  -9.6741981e-03
   8.7959866e-01  -9.9818202e-03
   8.7625418e-01  -1.0289827e-02
   8.7290970e-01  -1.0598124e-02
   8.6956522e-01  -1.0906617e-02
   8.6622074e-01  -1.1215214e-02
   8.6287625e-01  -1.1523825e-02
   8.5953177e-01  -1.1832359e-02
   8.5618729e-01  -1.2140730e-02
   8.5284281e-01  -1.2448850e-02
   8.4949833e-01  -1.2756635e-02
   8.4615385e-01  -1.3064000e-02
   8.4280936e-01  -1.3370865e-02
   8.3946488e-01  -1.3677148e-02
   8.3612040e-01  -1.3982769e-02
   8.3277592e-01  -1.4287651e-02
   8.2943144e-01  -1.4591716e-02
   8.2608696e-01  -1.4894891e-02
   8.2274247e-01  -1.5197100e-02
   8.1939799e-01  -1.5498271e-02
   8.1605351e-01  -1.5798333e-02
   8.1270903e-01  -1.6097217e-02
   8.0936455e-01  -1.6394853e-02
   8.0602007e-01  -1.6691174e-02
   8.0267559e-01  -1.6986116e-02
   7.9933110e-01  -1.7279612e-02
   7.9598662e-01  -1.7571600e-02
   7.9264214e-01  -1.7862018e-02
   7.8929766e-01  -1.8150806e-02
   7.8595318e-01  -1.8437903e-02
   7.8260870e-01  -1.8723253e-02
   7.7926421e-01  -1.9006798e-02
   7.7591973e-01  -1.9288483e-02
   7.7257525e-01  -1.9568253e-02
   7.6923077e-01  -1.9846056e-02
   7.6588629e-01  -2.0121839e-02
   7.6254181e-01  -2.0395553e-02
   7.5919732e-01  -2.0667149e-02
   7.5585284e-01  -2.0936577e-02
   7.5250836e-01  -2.1203792e-02
   7.4916388e-01  -2.1468747e-02
   7.4581940e-01  -2.1731399e-02
   7.4247492e-01  -2.1991704e-02
   7.3913043e-01  -2.2249620e-02
   7.3578595e-01  -2.2505107e-02
   7.3244147e-01  -2.2758124e-02
   7.2909699e-01  -2.3008634e-02
   7.2575251e-01  -2.3256598e-02
   7.2240803e-01  -2.3501982e-02
   7.1906355e-01  -2.3744749e-02
   7.1571906e-01  -2.3984866e-02
   7.1237458e-01  -2.4222300e-02
   7.0903010e-01  -2.4457020e-02
   7.0568562e-01  -2.4688995e-02
   7.0234114e-01  -2.4918195e-02
   6.9899666e-01  -2.5144593e-02
   6.9565217e-01  -2.5368161e-02
   6.9230769e-01  -2.5588872e-02
   6.8896321e-01  -2.5806702e-02
   6.8561873e-01  -2.6021627e-02
   6.8227425e-01  -2.6233624e-02
   6.7892977e-01  -2.6442670e-02
   6.7558528e-01  -2.6648746e-02
   6.7224080e-01  -2.6851830e-02
   6.6889632e-01  -2.7051905e-02
   6.6555184e-01  -2.7248952e-02
   6.6220736e-01  -2.7442955e-02
   6.5886288e-01  -2.7633897e-02
   6.5551839e-01  -2.7821764e-02
   6.5217391e-01  -2.8006543e-02
   6.4882943e-01  -2.8188219e-02
   6.4548495e-01  -2.8366781e-02
   6.4214047e-01  -2.8542219e-02
   6.3879599e-01  -2.8714522e-02
   6.3545151e-01  -2.8883681e-02
   6.3210702e-01  -2.9049687e-02
   6.2876254e-01  -2.9212534e-02
   6.2541806e-01  -2.9372215e-02
   6.2207358e-01  -2.9528724e-02
   6.1872910e-01  -2.9682058e-02
   6.1538462e-01  -2.9832211e-02
   6.1204013e-01  -2.9979182e-02
   6.0869565e-01  -3.0122968e-02
   6.0535117e-01  -3.0263568e-02
   6.0200669e-01  -3.0400982e-02
   5.9866221e-01  -3.0535210e-02
   5.9531773e-01  -3.0666254e-02
   5.9197324e-01  -3.0794115e-02
   5.8862876e-01  -3.0918797e-02
   5.8528428e-01  -3.1040302e-02
   5.8193980e-01  -3.1158637e-02
   5.7859532e-01  -3.1273804e-02
   5.7525084e-01  -3.1385812e-02
   5.7190635e-01  -3.1494666e-02
   5.6856187e-01  -3.1600374e-02
   5.6521739e-01  -3.1702943e-02
   5.6187291e-01  -3.1802384e-02
   5.5852843e-01  -3.1898704e-02
   5.5518395e-01  -3.1991915e-02
   5.5183946e-01  -3.2082028e-02
   5.4849498e-01  -3.2169053e-02
   5.4515050e-01  -3.2253003e-02
   5.4180602e-01  -3.2333892e-02
   5.3846154e-01  -3.2411731e-02
   5.3511706e-01  -3.2486536e-02
   5.3177258e-01  -3.2558321e-02
   5.2842809e-01  -3.2627102e-02
   5.2508361e-01  -3.2692894e-02
   5.2173913e-01  -3.2755713e-02
   5.1839465e-01  -3.2815576e-02
   5.1505017e-01  -3.2872502e-02
   5.1170569e-01  -3.2926508e-02
   5.0836120e-01  -3.2977612e-02
   5.0501672e-01  -3.3025833e-02
   5.0167224e-01  -3.3071192e-02
   4.9832776e-01  -3.3113707e-02
   4.9498328e-01  -3.3153400e-02
   4.9163880e-01  -3.3190290e-02
   4.8829431e-01  -3.3224400e-02
   4.8494983e-01  -3.3255751e-02
   4.8160535e-01  -3.3284366e-02
   4.7826087e-01  -3.3310266e-02
   4.7491639e-01  -3.3333474e-02
   4.7157191e-01  -3.3354014e-02
   4.6822742e-01  -3.3371908e-02
   4.6488294e-01  -3.3387182e-02
   4.6153846e-01  -3.3399859e-02
   4.5819398e-01  -3.3409963e-02
   4.5484950e-01  -3.3417519e-02
   4.5150502e-01  -3.3422552e-02
   4.4816054e-01  -3.3425087e-02
   4.4481605e-01  -3.3425150e-02
   4.4147157e-01  -3.3422765e-02
   4.3812709e-01  -3.3417960e-02
   4.3478261e-01  -3.3410759e-02
   4.3143813e-01  -3.3401189e-02
   4.2809365e-01  -3.3389276e-02
   4.2474916e-01  -3.3375047e-02
   4.2140468e-01  -3.3358526e-02
   4.1806020e-01  -3.3339742e-02
   4.1471572e-01  -3.3318721e-02
   4.1137124e-01  -3.3295488e-02
   4.0802676e-01  -3.3270071e-02
   4.0468227e-01  -3.3242495e-02
   4.0133779e-01  -3.3212788e-02
   3.9799331e-01  -3.3180976e-02
   3.9464883e-01  -3.3147085e-02
   3.9130435e-01  -3.3111141e-02
   3.8795987e-01  -3.3073170e-02
   3.8461538e-01  -3.3033198e-02
   3.8127090e-01  -3.2991251e-02
   3.7792642e-01  -3.2947354e-02
   3.7458194e-01  -3.2901533e-02
   3.7123746e-01  -3.2853811e-02
   3.6789298e-01  -3.2804215e-02
   3.6454849e-01  -3.2752768e-02
   3.6120401e-01  -3.2699494e-02
   3.5785953e-01  -3.2644417e-02
   3.5451505e-01  -3.2587560e-02
   3.5117057e-01  -3.2528946e-02
   3.4782609e-01  -3.2468596e-02
   3.4448161e-01  -3.2406534e-02
   3.4113712e-01  -3.2342779e-02
   3.3779264e-01  -3.2277353e-02
   3.3444816e-01  -3.2210275e-02
   3.3110368e-01  -3.2141565e-02
   3.2775920e-01  -3.2071242e-02
   3.2441472e-01  -3.1999322e-02
   3.2107023e-01  -3.1925825e-02
   3.1772575e-01  -3.1850765e-02
   3.1438127e-01  -3.1774158e-02
   3.1103679e-01  -3.1696019e-02
   3.0769231e-01  -3.1616361e-02
   3.0434783e-01  -3.1535198e-02
   3.0100334e-01  -3.1452539e-02
   2.9765886e-01  -3.1368397e-02
   2.9431438e-01  -3.1282780e-02
   2.9096990e-01  -3.1195696e-02
   2.8762542e-01  -3.1107152e-02
   2.8428094e-01  -3.1017153e-02
   2.8093645e-01  -3.0925704e-02
   2.7759197e-01  -3.0832808e-02
   2.7424749e-01  -3.0738464e-02
   2.7090301e-01  -3.0642673e-02
   2.6755853e-01  -3.0545433e-02
   2.6421405e-01  -3.0446740e-02
   2.6086957e-01  -3.0346588e-02
   2.5752508e-01  -3.0244969e-02
   2.5418060e-01  -3.0141873e-02
   2.5083612e-01  -3.0037290e-02
   2.4749164e-01  -2.9931205e-02
   2.4414716e-01  -2.9823602e-02
   2.4080268e-01  -2.9714463e-02
   2.3745819e-01  -2.9603766e-02
   2.3411371e-01  -2.9491488e-02
   2.3076923e-01  -2.9377602e-02
   2.2742475e-01  -2.9262079e-02
   2.2408027e-01  -2.9144888e-02
   2.2073579e-01  -2.9025992e-02
   2.1739130e-01  -2.8905354e-02
   2.1404682e-01  -2.8782930e-02
   2.1070234e-01  -2.8658676e-02
   2.0735786e-01  -2.8532542e-02
   2.0401338e-01  -2.8404474e-02
   2.0066890e-01  -2.8274415e-02
   1.9732441e-01  -2.8142303e-02
   1.9397993e-01  -2.8008071e-02
   1.9063545e-01  -2.7871648e-02
   1.8729097e-01  -2.7732956e-02
   1.8394649e-01  -2.7591915e-02
   1.8060201e-01  -2.7448435e-02
   1.7725753e-01  -2.7302423e-02
   1.7391304e-01  -2.7153780e-02
   1.7056856e-01  -2.7002397e-02
   1.6722408e-01  -2.6848161e-02
   1.6387960e-01  -2.6690950e-02
   1.6053512e-01  -2.6530634e-02
   1.5719064e-01  -2.6367075e-02
   1.5384615e-01  -2.6200125e-02
   1.5050167e-01  -2.6029626e-02
   1.4715719e-01  -2.5855412e-02
   1.4381271e-01  -2.5677302e-02
   1.4046823e-01  -2.5495106e-02
   1.3712375e-01  -2.5308620e-02
   1.3377926e-01  -2.5117627e-02
   1.3043478e-01  -2.4921895e-02
   1.2709030e-01  -2.4721173e-02
   1.2374582e-01  -2.4515198e-02
   1.2040134e-01  -2.4303684e-02
   1.1705686e-01  -2.4086325e-02
   1.1371237e-01  -2.3862794e-02
   1.1036789e-01  -2.3632740e-02
   1.0702341e-01  -2.3395782e-02
   1.0367893e-01  -2.3151513e-02
   1.0033445e-01  -2.2899492e-02
   9.6989967e-02  -2.2639242e-02
   9.3645485e-02  -2.2370246e-02
   9.0301003e-02  -2.2091943e-02
   8.6956522e-02  -2.1803720e-02
   8.3612040e-02  -2.1504911e-02
   8.0267559e-02  -2.1194782e-02
   7.6923077e-02  -2.0872531e-02
   7.3578595e-02  -2.0537270e-02
   7.0234114e-02  -2.0188016e-02
   6.6889632e-02  -1.9823676e-02
   6.3545151e-02  -1.9443027e-02
   6.0200669e-02  -1.9044696e-02
   5.6856187e-02  -1.8627125e-02
   5.3511706e-02  -1.8188543e-02
   5.0167224e-02  -1.7726913e-02
   4.6822742e-02  -1.7239877e-02
   4.3478261e-02  -1.6724672e-02
   4.0133779e-02  -1.6178023e-02
   3.6789298e-02  -1.5596001e-02
   3.3444816e-02  -1.4973803e-02
   3.0100334e-02  -1.4305457e-02
   2.6755853e-02  -1.3583352e-02
   2.3411371e-02  -1.2797512e-02
   2.0066890e-02  -1.1934376e-02
   1.6722408e-02  -1.0974623e-02
   1.3377926e-02  -9.8889010e-03
   1.0033445e-02  -8.6282928e-03
   6.6889632e-03  -7.0983622e-03
   3.3444816e-03  -5.0577185e-03
   0.0000000e+00   0.0000000e+00
