   0.0000000e+00   0.0000000e+00
   3.3444816e-03   1.4842697e-02
   6.6889632e-03   2.0904621e-02
   1.0033445e-02   2.5497675e-02
   1.3377926e-02   2.9321134e-02
   1.6722408e-02   3.2647112e-02
   2.0066890e-02   3.5615789e-02
   2.3411371e-02   3.8310809e-02
   2.6755853e-02   4.0786912e-02
   3.0100334e-02   4.3082292e-02
   3.3444816e-02   4.5224881e-02
   3.6789298e-02   4.7235861e-02
   4.0133779e-02   4.9131764e-02
   4.3478261e-02   5.0925796e-02
   4.6822742e-02   5.2628714e-02
   5.0167224e-02   5.4249423e-02
   5.3511706e-02   5.5795402e-02
   5.6856187e-02   5.7273004e-02
   6.0200669e-02   5.8687688e-02
   6.3545151e-02   6.0044185e-02
   6.6889632e-02   6.1346629e-02
   7.0234114e-02   6.2598663e-02
   7.3578595e-02   6.3803513e-02
   7.6923077e-02   6.4964058e-02
   8.0267559e-02   6.6082879e-02
   8.3612040e-02   6.7162302e-02
   8.6956522e-02   6.8204431e-02
   9.0301003e-02   6.9211180e-02
   9.3645485e-02   7.0184295e-02
   9.6989967e-02   7.1125375e-02
   1.0033445e-01   7.2035890e-02
   1.0367893e-01   7.2917193e-02
   1.0702341e-01   7.3770537e-02
   1.1036789e-01   7.4597082e-02
   1.1371237e-01   7.5397905e-02
   1.1705686e-01   7.6174010e-02
   1.2040134e-01   7.6926335e-02
   1.2374582e-01   7.7655755e-02
   1.2709030e-01   7.8363092e-02
   1.3043478e-01   7.9049117e-02
   1.3377926e-01   7.9714556e-02
   1.3712375e-01   8.0360091e-02
   1.4046823e-01   8.0986367e-02
   1.4381271e-01   8.1593993e-02
   1.4715719e-01   8.2183546e-02
   1.5050167e-01   8.2755573e-02
   1.5384615e-01   8.3310591e-02
   1.5719064e-01   8.3849092e-02
   1.6053512e-01   8.4371546e-02
   1.6387960e-01   8.4878397e-02
   1.6722408e-01   8.5370071e-02
   1.7056856e-01   8.5846973e-02
   1.7391304e-01   8.6309490e-02
   1.7725753e-01   8.6757992e-02
   1.8060201e-01   8.7192833e-02
   1.8394649e-01   8.7614351e-02
   1.8729097e-01   8.8022872e-02
   1.9063545e-01   8.8418706e-02
   1.9397993e-01   8.8802152e-02
   1.9732441e-01   8.9173497e-02
   2.0066890e-01   8.9533018e-02
   2.0401338e-01   8.9880977e-02
   2.0735786e-01   9.0217632e-02
   2.1070234e-01   9.0543227e-02
   2.1404682e-01   9.0857998e-02
   2.1739130e-01   9.1162174e-02
   2.2073579e-01   9.1455974e-02
   2.2408027e-01   9.1739609e-02
   2.2742475e-01   9.2013285e-02
   2.3076923e-01   9.2277199e-02
   2.3411371e-01   9.2531542e-02
   2.3745819e-01   9.2776497e-02
   2.4080268e-01   9.3012243e-02
   2.4414716e-01   9.3238952e-02
   2.4749164e-01   9.3456790e-02
   2.5083612e-01   9.3665920e-02
   2.5418060e-01   9.3866497e-02
   2.5752508e-01   9.4058671e-02
   2.6086957e-01   9.4242590e-02
   2.6421405e-01   9.4418395e-02
   2.6755853e-01   9.4586223e-02
   2.7090301e-01   9.4746208e-02
   2.7424749e-01   9.4898479e-02
   2.7759197e-01   9.5043159e-02
   2.8093645e-01   9.5180372e-02
   2.8428094e-01   9.5310234e-02
   2.8762542e-01   9.5432860e-02
   2.9096990e-01   9.5548361e-02
   2.9431438e-01   9.5656843e-02
   2.9765886e-01   9.5758410e-02
   3.0100334e-01   9.5853166e-02
   3.0434783e-01   9.5941206e-02
   3.0769231e-01   9.6022627e-02
   3.1103679e-01   9.6097521e-02
   3.1438127e-01   9.6165977e-02
   3.1772575e-01   9.6228084e-02
   3.2107023e-01   9.6283925e-02
   3.2441472e-01   9.6333583e-02
   3.2775920e-01   9.6377136e-02
   3.3110368e-01   9.6414664e-02
   3.3444816e-01   9.6446240e-02
   3.3779264e-01   9.6471937e-02
   3.4113712e-01   9.6491827e-02
   3.4448161e-01   9.6505977e-02
   3.4782609e-01   9.6514454e-02
   3.5117057e-01   9.6517323e-02
   3.5451505e-01   9.6514645e-02
   3.5785953e-01   9.6506483e-02
   3.6120401e-01   9.6492894e-02
   3.6454849e-01   9.6473936e-02
   3.6789298e-01   9.6449664e-02
   3.7123746e-01   9.6420130e-02
   3.7458194e-01   9.6385388e-02
   3.7792642e-01   9.6345487e-02
   3.8127090e-01   9.6300475e-02
   3.8461538e-01   9.6250400e-02
   3.8795987e-01   9.6195306e-02
   3.9130435e-01   9.6135238e-02
   3.9464883e-01   9.6070238e-02
   3.9799331e-01   9.6000346e-02
   4.0133779e-01   9.5925603e-02
   4.0468227e-01   9.5846046e-02
   4.0802676e-01   9.5761712e-02
   4.1137124e-01   9.5672635e-02
   4.1471572e-01   9.5578851e-02
   4.1806020e-01   9.5480391e-02
   4.2140468e-01   9.5377287e-02
   4.2474916e-01   9.5269569e-02
   4.2809365e-01   9.5157266e-02
   4.3143813e-01   9.5040406e-02
   4.3478261e-01   9.4919014e-02
   4.3812709e-01   9.4793116e-02
   4.4147157e-01   9.4662735e-02
   4.4481605e-01   9.4527896e-02
   4.4816054e-01   9.4388620e-02
   4.5150502e-01   9.4244926e-02
   4.5484950e-01   9.4096835e-02
   4.5819398e-01   9.3944366e-02
   4.6153846e-01   9.3787534e-02
   4.6488294e-01   9.3626358e-02
   4.6822742e-01   9.3460852e-02
   4.7157191e-01   9.3291029e-02
   4.7491639e-01   9.3116905e-02
   4.7826087e-01   9.2938490e-02
   4.8160535e-01   9.2755795e-02
   4.8494983e-01   9.2568832e-02
   4.8829431e-01   9.2377609e-02
   4.9163880e-01   9.2182135e-02
   4.9498328e-01   9.1982417e-02
   4.9832776e-01   9.1778461e-02
   5.0167224e-01   9.1570272e-02
   5.0501672e-01   9.1357856e-02
   5.0836120e-01   9.1141216e-02
   5.1170569e-01   9.0920355e-02
   5.1505017e-01   9.0695274e-02
   5.1839465e-01   9.0465975e-02
   5.2173913e-01   9.0232458e-02
   5.2508361e-01   8.9994721e-02
   5.2842809e-01   8.9752763e-02
   5.3177258e-01   8.9506583e-02
   5.3511706e-01   8.9256175e-02
   5.3846154e-01   8.9001537e-02
   5.4180602e-01   8.8742663e-02
   5.4515050e-01   8.8479547e-02
   5.4849498e-01   8.8212183e-02
   5.5183946e-01   8.7940564e-02
   5.5518395e-01   8.7664680e-02
   5.5852843e-01   8.7384523e-02
   5.6187291e-01   8.7100084e-02
   5.6521739e-01   8.6811351e-02
   5.6856187e-01   8.6518312e-02
   5.7190635e-01   8.6220957e-02
   5.7525084e-01   8.5919272e-02
   5.7859532e-01   8.5613243e-02
   5.8193980e-01   8.5302855e-02
   5.8528428e-01   8.4988094e-02
   5.8862876e-01   8.4668943e-02
   5.9197324e-01   8.4345386e-02
   5.9531773e-01   8.4017405e-02
   5.9866221e-01   8.3684982e-02
   6.0200669e-01   8.3348097e-02
   6.0535117e-01   8.3006732e-02
   6.0869565e-01   8.2660866e-02
   6.1204013e-01   8.2310477e-02
   6.1538462e-01   8.1955543e-02
   6.1872910e-01   8.1596043e-02
   6.2207358e-01   8.1231953e-02
   6.2541806e-01   8.0863248e-02
   6.2876254e-01   8.0489905e-02
   6.3210702e-01   8.0111896e-02
   6.3545151e-01   7.9729198e-02
   6.3879599e-01   7.9341782e-02
   6.4214047e-01   7.8949621e-02
   6.4548495e-01   7.8552686e-02
   6.4882943e-01   7.8150950e-02
   6.5217391e-01   7.7744382e-02
   6.5551839e-01   7.7332952e-02
   6.5886288e-01   7.6916628e-02
   6.6220736e-01   7.6495381e-02
   6.6555184e-01   7.6069176e-02
   6.6889632e-01   7.5637981e-02
   6.7224080e-01   7.5201763e-02
   6.7558528e-01   7.4760486e-02
   6.7892977e-01   7.4314117e-02
   6.8227425e-01   7.3862618e-02
   6.8561873e-01   7.3405955e-02
   6.8896321e-01   7.2944089e-02
   6.9230769e-01   7.2476984e-02
   6.9565217e-01   7.2004600e-02
   6.9899666e-01   7.1526900e-02
   7.0234114e-01   7.1043842e-02
   7.0568562e-01   7.0555388e-02
   7.0903010e-01   7.0061495e-02
   7.1237458e-01   6.9562123e-02
   7.1571906e-01   6.9057228e-02
   7.1906355e-01   6.8546769e-02
   7.2240803e-01   6.8030701e-02
   7.2575251e-01   6.7508981e-02
   7.2909699e-01   6.6981563e-02
   7.3244147e-01   6.6448402e-02
   7.3578595e-01   6.5909451e-02
   7.3913043e-01   6.5364665e-02
   7.4247492e-01   6.4813996e-02
   7.4581940e-01   6.4257394e-02
   7.4916388e-01   6.3694813e-02
   7.5250836e-01   6.3126202e-02
   7.5585284e-01   6.2551512e-02
   7.5919732e-01   6.1970692e-02
   7.6254181e-01   6.1383690e-02
   7.6588629e-01   6.0790455e-02
   7.6923077e-01   6.0190935e-02
   7.7257525e-01   5.9585075e-02
   7.7591973e-01   5.8972823e-02
   7.7926421e-01   5.8354124e-02
   7.8260870e-01   5.7728922e-02
   7.8595318e-01   5.7097163e-02
   7.8929766e-01   5.6458790e-02
   7.9264214e-01   5.5813746e-02
   7.9598662e-01   5.5161973e-02
   7.9933110e-01   5.4503413e-02
   8.0267559e-01   5.3838009e-02
   8.0602007e-01   5.3165699e-02
   8.0936455e-01   5.2486424e-02
   8.1270903e-01   5.1800123e-02
   8.1605351e-01   5.1106736e-02
   8.1939799e-01   5.0406200e-02
   8.2274247e-01   4.9698452e-02
   8.2608696e-01   4.8983430e-02
   8.2943144e-01   4.8261070e-02
   8.3277592e-01   4.7531306e-02
   8.3612040e-01   4.6794075e-02
   8.3946488e-01   4.6049311e-02
   8.4280936e-01   4.5296947e-02
   8.4615385e-01   4.4536916e-02
   8.4949833e-01   4.3769151e-02
   8.5284281e-01   4.2993584e-02
   8.5618729e-01   4.2210146e-02
   8.5953177e-01   4.1418768e-02
   8.6287625e-01   4.0619380e-02
   8.6622074e-01   3.9811910e-02
   8.6956522e-01   3.8996288e-02
   8.7290970e-01   3.8172443e-02
   8.7625418e-01   3.7340301e-02
   8.7959866e-01   3.6499789e-02
   8.8294314e-01   3.5650834e-02
   8.8628763e-01   3.4793362e-02
   8.8963211e-01   3.3927297e-02
   8.9297659e-01   3.3052565e-02
   8.9632107e-01   3.2169088e-02
   8.9966555e-01   3.1276790e-02
   9.0301003e-01   3.0375594e-02
   9.0635452e-01   2.9465421e-02
   9.0969900e-01   2.8546194e-02
   9.1304348e-01   2.7617832e-02
   9.1638796e-01   2.6680256e-02
   9.1973244e-01   2.5733386e-02
   9.2307692e-01   2.4777139e-02
   9.2642140e-01   2.3811436e-02
   9.2976589e-01   2.2836192e-02
   9.3311037e-01   2.1851326e-02
   9.3645485e-01   2.0856754e-02
   9.3979933e-01   1.9852391e-02
   9.4314381e-01   1.8838152e-02
   9.4648829e-01   1.7813953e-02
   9.4983278e-01   1.6779707e-02
   9.5317726e-01   1.5735328e-02
   9.5652174e-01   1.4680728e-02
   9.5986622e-01   1.3615820e-02
   9.6321070e-01   1.2540514e-02
   9.6655518e-01   1.1454722e-02
   9.6989967e-01   1.0358353e-02
   9.7324415e-01   9.2513188e-03
   9.7658863e-01   8.1335267e-03
   9.7993311e-01   7.0048856e-03
   9.8327759e-01   5.8653032e-03
   9.8662207e-01   4.7146866e-03
   9.8996656e-01   3.5529424e-03
   9.9331104e-01   2.3799765e-03
   9.9665552e-01   1.1956942e-03
   1.0000000e+00   0.0000000e+00
   1.0000000e+00  -0.0000000e+00
   9.9665552e-01  -4.8204305e-05
   9.9331104e-01  -9.6177290e-05
   9.8996656e-01  -1.4390774e-04
   9.8662207e-01  -1.9138473e-04
   9.8327759e-01  -2.3859758e-04
   9.7993311e-01  -2.8553590e-04
   9.7658863e-01  -3.3218957e-04
   9.7324415e-01  -3.7854873e-04
   9.6989967e-01  -4.2460379e-04
   9.6655518e-01  -4.7034543e-04
   9.6321070e-01  -5.1576459e-04
   9.5986622e-01  -5.6085246e-04
   9.5652174e-01  -6.0560052e-04
   9.5317726e-01  -6.5000048e-04
   9.4983278e-01  -6.9404432e-04
   9.4648829e-01  -7.3772429e-04
   9.4314381e-01  -7.8103287e-04
   9.3979933e-01  -8.2396281e-04
   9.3645485e-01  -8.6650712e-04
   9.3311037e-01  -9.0865902e-04
   9.2976589e-01  -9.5041204e-04
   9.2642140e-01  -9.9175991e-04
   9.2307692e-01  -1.0326966e-03
   9.1973244e-01  -1.0732164e-03
   9.1638796e-01  -1.1133138e-03
   9.1304348e-01  -1.1529834e-03
   9.0969900e-01  -1.1922203e-03
   9.0635452e-01  -1.2310196e-03
   9.0301003e-01  -1.2693768e-03
   8.9966555e-01  -1.3072876e-03
   8.9632107e-01  -1.3447479e-03
   8.9297659e-01  -1.3817537e-03
   8.8963211e-01  -1.4183015e-03
   8.8628763e-01  -1.4543879e-03
   8.8294314e-01  -1.4900097e-03
   8.7959866e-01  -1.5251639e-03
   8.7625418e-01  -1.5598479e-03
   8.7290970e-01  -1.5940591e-03
   8.6956522e-01  -1.6277952e-03
   8.6622074e-01  -1.6610542e-03
   8.6287625e-01  -1.6938343e-03
   8.5953177e-01  -1.7261338e-03
   8.5618729e-01  -1.7579513e-03
   8.5284281e-01  -1.7892857e-03
   8.4949833e-01  -1.8201358e-03
   8.4615385e-01  -1.8505010e-03
   8.4280936e-01  -1.8803807e-03
   8.3946488e-01  -1.9097745e-03
   8.3612040e-01  -1.9386823e-03
   8.3277592e-01  -1.9671040e-03
   8.2943144e-01  -1.9950400e-03
   8.2608696e-01  -2.0224907e-03
   8.2274247e-01  -2.0494567e-03
   8.1939799e-01  -2.0759388e-03
   8.1605351e-01  -2.1019382e-03
   8.1270903e-01  -2.1274560e-03
   8.0936455e-01  -2.1524935e-03
   8.0602007e-01  -2.1770526e-03
   8.0267559e-01  -2.2011348e-03
   7.9933110e-01  -2.2247422e-03
   7.9598662e-01  -2.2478770e-03
   7.9264214e-01  -2.2705414e-03
   7.8929766e-01  -2.2927380e-03
   7.8595318e-01  -2.3144695e-03
   7.8260870e-01  -2.3357388e-03
   7.7926421e-01  -2.3565489e-03
   7.7591973e-01  -2.3769029e-03
   7.7257525e-01  -2.3968044e-03
   7.6923077e-01  -2.4162568e-03
   7.6588629e-01  -2.4352638e-03
   7.6254181e-01  -2.4538294e-03
   7.5919732e-01  -2.4719576e-03
   7.5585284e-01  -2.4896525e-03
   7.5250836e-01  -2.5069186e-03
   7.4916388e-01  -2.5237603e-03
   7.4581940e-01  -2.5401824e-03
   7.4247492e-01  -2.5561896e-03
   7.3913043e-01  -2.5717869e-03
   7.3578595e-01  -2.5869795e-03
   7.3244147e-01  -2.6017726e-03
   7.2909699e-01  -2.6161716e-03
   7.2575251e-01  -2.6301820e-03
   7.2240803e-01  -2.6438096e-03
   7.1906355e-01  -2.6570601e-03
   7.1571906e-01  -2.6699396e-03
   7.1237458e-01  -2.6824542e-03
   7.0903010e-01  -2.6946099e-03
   7.0568562e-01  -2.7064133e-03
   7.0234114e-01  -2.7178708e-03
   6.9899666e-01  -2.7289889e-03
   6.9565217e-01  -2.7397745e-03
   6.9230769e-01  -2.7502343e-03
   6.8896321e-01  -2.7603753e-03
   6.8561873e-01  -2.7702046e-03
   6.8227425e-01  -2.7797293e-03
   6.7892977e-01  -2.7889568e-03
   6.7558528e-01  -2.7978945e-03
   6.7224080e-01  -2.8065499e-03
   6.6889632e-01  -2.8149306e-03
   6.6555184e-01  -2.8230442e-03
   6.6220736e-01  -2.8308987e-03
   6.5886288e-01  -2.8385019e-03
   6.5551839e-01  -2.8458618e-03
   6.5217391e-01  -2.8529865e-03
   6.4882943e-01  -2.8598841e-03
   6.4548495e-01  -2.8665630e-03
   6.4214047e-01  -2.8730315e-03
   6.3879599e-01  -2.8792980e-03
   6.3545151e-01  -2.8853710e-03
   6.3210702e-01  -2.8912591e-03
   6.2876254e-01  -2.8969709e-03
   6.2541806e-01  -2.9025151e-03
   6.2207358e-01  -2.9079006e-03
   6.1872910e-01  -2.9131361e-03
   6.1538462e-01  -2.9182306e-03
   6.1204013e-01  -2.9231931e-03
   6.0869565e-01  -2.9280325e-03
   6.0535117e-01  -2.9327579e-03
   6.0200669e-01  -2.9373784e-03
   5.9866221e-01  -2.9419033e-03
   5.9531773e-01  -2.9463417e-03
   5.9197324e-01  -2.9507028e-03
   5.8862876e-01  -2.9549960e-03
   5.8528428e-01  -2.9592306e-03
   5.8193980e-01  -2.9634159e-03
   5.7859532e-01  -2.9675614e-03
   5.7525084e-01  -2.9716763e-03
   5.7190635e-01  -2.9757701e-03
   5.6856187e-01  -2.9798523e-03
   5.6521739e-01  -2.9839324e-03
   5.6187291e-01  -2.9880197e-03
   5.5852843e-01  -2.9921239e-03
   5.5518395e-01  -2.9962542e-03
   5.5183946e-01  -3.0004203e-03
   5.4849498e-01  -3.0046316e-03
   5.4515050e-01  -3.0088976e-03
   5.4180602e-01  -3.0132277e-03
   5.3846154e-01  -3.0176314e-03
   5.3511706e-01  -3.0221181e-03
   5.3177258e-01  -3.0266973e-03
   5.2842809e-01  -3.0313782e-03
   5.2508361e-01  -3.0361704e-03
   5.2173913e-01  -3.0410830e-03
   5.1839465e-01  -3.0461253e-03
   5.1505017e-01  -3.0513067e-03
   5.1170569e-01  -3.0566363e-03
   5.0836120e-01  -3.0621233e-03
   5.0501672e-01  -3.0677767e-03
   5.0167224e-01  -3.0736056e-03
   4.9832776e-01  -3.0796190e-03
   4.9498328e-01  -3.0858257e-03
   4.9163880e-01  -3.0922347e-03
   4.8829431e-01  -3.0988547e-03
   4.8494983e-01  -3.1056943e-03
   4.8160535e-01  -3.1127622e-03
   4.7826087e-01  -3.1200669e-03
   4.7491639e-01  -3.1276168e-03
   4.7157191e-01  -3.1354201e-03
   4.6822742e-01  -3.1434852e-03
   4.6488294e-01  -3.1518200e-03
   4.6153846e-01  -3.1604327e-03
   4.5819398e-01  -3.1693310e-03
   4.5484950e-01  -3.1785226e-03
   4.5150502e-01  -3.1880153e-03
   4.4816054e-01  -3.1978164e-03
   4.4481605e-01  -3.2079333e-03
   4.4147157e-01  -3.2183732e-03
   4.3812709e-01  -3.2291430e-03
   4.3478261e-01  -3.2402497e-03
   4.3143813e-01  -3.2516999e-03
   4.2809365e-01  -3.2635002e-03
   4.2474916e-01  -3.2756568e-03
   4.2140468e-01  -3.2881761e-03
   4.1806020e-01  -3.3010638e-03
   4.1471572e-01  -3.3143257e-03
   4.1137124e-01  -3.3279675e-03
   4.0802676e-01  -3.3419945e-03
   4.0468227e-01  -3.3564117e-03
   4.0133779e-01  -3.3712241e-03
   3.9799331e-01  -3.3864363e-03
   3.9464883e-01  -3.4020527e-03
   3.9130435e-01  -3.4180775e-03
   3.8795987e-01  -3.4345146e-03
   3.8461538e-01  -3.4513676e-03
   3.8127090e-01  -3.4686397e-03
   3.7792642e-01  -3.4863342e-03
   3.7458194e-01  -3.5044537e-03
   3.7123746e-01  -3.5230007e-03
   3.6789298e-01  -3.5419774e-03
   3.6454849e-01  -3.5613855e-03
   3.6120401e-01  -3.5812266e-03
   3.5785953e-01  -3.6015017e-03
   3.5451505e-01  -3.6222117e-03
   3.5117057e-01  -3.6433569e-03
   3.4782609e-01  -3.6649374e-03
   3.4448161e-01  -3.6869529e-03
   3.4113712e-01  -3.7094025e-03
   3.3779264e-01  -3.7322850e-03
   3.3444816e-01  -3.7555990e-03
   3.3110368e-01  -3.7793423e-03
   3.2775920e-01  -3.8035125e-03
   3.2441472e-01  -3.8281065e-03
   3.2107023e-01  -3.8531209e-03
   3.1772575e-01  -3.8785517e-03
   3.1438127e-01  -3.9043946e-03
   3.1103679e-01  -3.9306445e-03
   3.0769231e-01  -3.9572959e-03
   3.0434783e-01  -3.9843426e-03
   3.0100334e-01  -4.0117780e-03
   2.9765886e-01  -4.0395948e-03
   2.9431438e-01  -4.0677851e-03
   2.9096990e-01  -4.0963404e-03
   2.8762542e-01  -4.1252515e-03
   2.8428094e-01  -4.1545084e-03
   2.8093645e-01  -4.1841007e-03
   2.7759197e-01  -4.2140169e-03
   2.7424749e-01  -4.2442451e-03
   2.7090301e-01  -4.2747724e-03
   2.6755853e-01  -4.3055851e-03
   2.6421405e-01  -4.3366689e-03
   2.6086957e-01  -4.3680084e-03
   2.5752508e-01  -4.3995873e-03
   2.5418060e-01  -4.4313886e-03
   2.5083612e-01  -4.4633942e-03
   2.4749164e-01  -4.4955850e-03
   2.4414716e-01  -4.5279409e-03
   2.4080268e-01  -4.5604408e-03
   2.3745819e-01  -4.5930623e-03
   2.3411371e-01  -4.6257822e-03
   2.3076923e-01  -4.6585759e-03
   2.2742475e-01  -4.6914175e-03
   2.2408027e-01  -4.7242800e-03
   2.2073579e-01  -4.7571349e-03
   2.1739130e-01  -4.7899524e-03
   2.1404682e-01  -4.8227013e-03
   2.1070234e-01  -4.8553488e-03
   2.0735786e-01  -4.8878605e-03
   2.0401338e-01  -4.9202006e-03
   2.0066890e-01  -4.9523313e-03
   1.9732441e-01  -4.9842132e-03
   1.9397993e-01  -5.0158049e-03
   1.9063545e-01  -5.0470630e-03
   1.8729097e-01  -5.0779424e-03
   1.8394649e-01  -5.1083953e-03
   1.8060201e-01  -5.1383721e-03
   1.7725753e-01  -5.1678205e-03
   1.7391304e-01  -5.1966860e-03
   1.7056856e-01  -5.2249111e-03
   1.6722408e-01  -5.2524359e-03
   1.6387960e-01  -5.2791973e-03
   1.6053512e-01  -5.3051290e-03
   1.5719064e-01  -5.3301618e-03
   1.5384615e-01  -5.3542227e-03
   1.5050167e-01  -5.3772350e-03
   1.4715719e-01  -5.3991181e-03
   1.4381271e-01  -5.4197874e-03
   1.4046823e-01  -5.4391535e-03
   1.3712375e-01  -5.4571224e-03
   1.3377926e-01  -5.4735950e-03
   1.3043478e-01  -5.4884664e-03
   1.2709030e-01  -5.5016261e-03
   1.2374582e-01  -5.5129572e-03
   1.2040134e-01  -5.5223356e-03
   1.1705686e-01  -5.5296301e-03
   1.1371237e-01  -5.5347011e-03
   1.1036789e-01  -5.5374003e-03
   1.0702341e-01  -5.5375697e-03
   1.0367893e-01  -5.5350408e-03
   1.0033445e-01  -5.5296334e-03
   9.6989967e-02  -5.5211546e-03
   9.3645485e-02  -5.5093970e-03
   9.0301003e-02  -5.4941379e-03
   8.6956522e-02  -5.4751367e-03
   8.3612040e-02  -5.4521331e-03
   8.0267559e-02  -5.4248445e-03
   7.6923077e-02  -5.3929633e-03
   7.3578595e-02  -5.3561531e-03
   7.0234114e-02  -5.3140444e-03
   6.6889632e-02  -5.2662298e-03
   6.3545151e-02  -5.2122578e-03
   6.0200669e-02  -5.1516250e-03
   5.6856187e-02  -5.0837664e-03
   5.3511706e-02  -5.0080441e-03
   5.0167224e-02  -4.9237312e-03
   4.6822742e-02  -4.8299926e-03
   4.3478261e-02  -4.7258586e-03
   4.0133779e-02  -4.6101899e-03
   3.6789298e-02  -4.4816290e-03
   3.3444816e-02  -4.3385324e-03
   3.0100334e-02  -4.1788716e-03
   2.6755853e-02  -4.0000833e-03
   2.3411371e-02  -3.7988347e-03
   2.0066890e-02  -3.5706325e-03
   1.6722408e-02  -3.3091255e-03
   1.3377926e-02  -3.0047423e-03
   1.0033445e-02  -2.6416600e-03
   6.6889632e-03  -2.1895768e-03
   3.3444816e-03  -1.5716784e-03
   0.0000000e+00   0.0000000e+00
