   0.0000000e+00   0.0000000e+00
   3.3444816e-03   1.0372172e-02
   6.6889632e-03   1.4707178e-02
   1.0033445e-02   1.8058159e-02
   1.3377926e-02   2.0902391e-02
   1.6722408e-02   2.3423917e-02
   2.0066890e-02   2.5716675e-02
   2.3411371e-02   2.7836188e-02
   2.6755853e-02   2.9818435e-02
   3.0100334e-02   3.1688264e-02
   3.3444816e-02   3.3463659e-02
   3.6789298e-02   3.5158113e-02
   4.0133779e-02   3.6782038e-02
   4.3478261e-02   3.8343660e-02
   4.6822742e-02   3.9849603e-02
   5.0167224e-02   4.1305287e-02
   5.3511706e-02   4.2715209e-02
   5.6856187e-02   4.4083146e-02
   6.0200669e-02   4.5412303e-02
   6.3545151e-02   4.6705425e-02
   6.6889632e-02   4.7964882e-02
   7.0234114e-02   4.9192735e-02
   7.3578595e-02   5.0390792e-02
   7.6923077e-02   5.1560642e-02
   8.0267559e-02   5.2703695e-02
   8.3612040e-02   5.3821207e-02
   8.6956522e-02   5.4914300e-02
   9.0301003e-02   5.5983985e-02
   9.3645485e-02   5.7031173e-02
   9.6989967e-02   5.8056687e-02
   1.0033445e-01   5.9061277e-02
   1.0367893e-01   6.0045629e-02
   1.0702341e-01   6.1010368e-02
   1.1036789e-01   6.1956069e-02
   1.1371237e-01   6.2883260e-02
   1.1705686e-01   6.3792429e-02
   1.2040134e-01   6.4684030e-02
   1.2374582e-01   6.5558480e-02
   1.2709030e-01   6.6416171e-02
   1.3043478e-01   6.7257466e-02
   1.3377926e-01   6.8082706e-02
   1.3712375e-01   6.8892208e-02
   1.4046823e-01   6.9686272e-02
   1.4381271e-01   7.0465180e-02
   1.4715719e-01   7.1229197e-02
   1.5050167e-01   7.1978573e-02
   1.5384615e-01   7.2713546e-02
   1.5719064e-01   7.3434340e-02
   1.6053512e-01   7.4141170e-02
   1.6387960e-01   7.4834239e-02
   1.6722408e-01   7.5513740e-02
   1.7056856e-01   7.6179859e-02
   1.7391304e-01   7.6832773e-02
   1.7725753e-01   7.7472652e-02
   1.8060201e-01   7.8099658e-02
   1.8394649e-01   7.8713949e-02
   1.8729097e-01   7.9315676e-02
   1.9063545e-01   7.9904982e-02
   1.9397993e-01   8.0482010e-02
   1.9732441e-01   8.1046894e-02
   2.0066890e-01   8.1599767e-02
   2.0401338e-01   8.2140754e-02
   2.0735786e-01   8.2669980e-02
   2.1070234e-01   8.3187565e-02
   2.1404682e-01   8.3693625e-02
   2.1739130e-01   8.4188275e-02
   2.2073579e-01   8.4671624e-02
   2.2408027e-01   8.5143781e-02
   2.2742475e-01   8.5604853e-02
   2.3076923e-01   8.6054941e-02
   2.3411371e-01   8.6494147e-02
   2.3745819e-01   8.6922571e-02
   2.4080268e-01   8.7340308e-02
   2.4414716e-01   8.7747455e-02
   2.4749164e-01   8.8144105e-02
   2.5083612e-01   8.8530349e-02
   2.5418060e-01   8.8906278e-02
   2.5752508e-01   8.9271981e-02
   2.6086957e-01   8.9627546e-02
   2.6421405e-01   8.9973057e-02
   2.6755853e-01   9.0308601e-02
   2.7090301e-01   9.0634260e-02
   2.7424749e-01   9.0950118e-02
   2.7759197e-01   9.1256256e-02
   2.8093645e-01   9.1552753e-02
   2.8428094e-01   9.1839691e-02
   2.8762542e-01   9.2117146e-02
   2.9096990e-01   9.2385198e-02
   2.9431438e-01   9.2643921e-02
   2.9765886e-01   9.2893393e-02
   3.0100334e-01   9.3133688e-02
   3.0434783e-01   9.3364881e-02
   3.0769231e-01   9.3587045e-02
   3.1103679e-01   9.3800253e-02
   3.1438127e-01   9.4004577e-02
   3.1772575e-01   9.4200088e-02
   3.2107023e-01   9.4386857e-02
   3.2441472e-01   9.4564954e-02
   3.2775920e-01   9.4734448e-02
   3.3110368e-01   9.4895409e-02
   3.3444816e-01   9.5047904e-02
   3.3779264e-01   9.5192000e-02
   3.4113712e-01   9.5327766e-02
   3.4448161e-01   9.5455266e-02
   3.4782609e-01   9.5574568e-02
   3.5117057e-01   9.5685735e-02
   3.5451505e-01   9.5788833e-02
   3.5785953e-01   9.5883926e-02
   3.6120401e-01   9.5971077e-02
   3.6454849e-01   9.6050349e-02
   3.6789298e-01   9.6121804e-02
   3.7123746e-01   9.6185505e-02
   3.7458194e-01   9.6241513e-02
   3.7792642e-01   9.6289887e-02
   3.8127090e-01   9.6330690e-02
   3.8461538e-01   9.6363979e-02
   3.8795987e-01   9.6389814e-02
   3.9130435e-01   9.6408255e-02
   3.9464883e-01   9.6419357e-02
   3.9799331e-01   9.6423180e-02
   4.0133779e-01   9.6419780e-02
   4.0468227e-01   9.6409214e-02
   4.0802676e-01   9.6391536e-02
   4.1137124e-01   9.6366802e-02
   4.1471572e-01   9.6335067e-02
   4.1806020e-01   9.6296385e-02
   4.2140468e-01   9.6250810e-02
   4.2474916e-01   9.6198393e-02
   4.2809365e-01   9.6139188e-02
   4.3143813e-01   9.6073246e-02
   4.3478261e-01   9.6000618e-02
   4.3812709e-01   9.5921355e-02
   4.4147157e-01   9.5835506e-02
   4.4481605e-01   9.5743122e-02
   4.4816054e-01   9.5644250e-02
   4.5150502e-01   9.5538938e-02
   4.5484950e-01   9.5427235e-02
   4.5819398e-01   9.5309186e-02
   4.6153846e-01   9.5184838e-02
   4.6488294e-01   9.5054237e-02
   4.6822742e-01   9.4917427e-02
   4.7157191e-01   9.4774453e-02
   4.7491639e-01   9.4625357e-02
   4.7826087e-01   9.4470183e-02
   4.8160535e-01   9.4308973e-02
   4.8494983e-01   9.4141768e-02
   4.8829431e-01   9.3968610e-02
   4.9163880e-01   9.3789537e-02
   4.9498328e-01   9.3604590e-02
   4.9832776e-01   9.3413808e-02
   5.0167224e-01   9.3217227e-02
   5.0501672e-01   9.3014885e-02
   5.0836120e-01   9.2806819e-02
   5.1170569e-01   9.2593065e-02
   5.1505017e-01   9.2373657e-02
   5.1839465e-01   9.2148629e-02
   5.2173913e-01   9.1918015e-02
   5.2508361e-01   9.1681847e-02
   5.2842809e-01   9.1440158e-02
   5.3177258e-01   9.1192977e-02
   5.3511706e-01   9.0940337e-02
   5.3846154e-01   9.0682266e-02
   5.4180602e-01   9.0418792e-02
   5.4515050e-01   9.0149943e-02
   5.4849498e-01   8.9875747e-02
   5.5183946e-01   8.9596230e-02
   5.5518395e-01   8.9311416e-02
   5.5852843e-01   8.9021331e-02
   5.6187291e-01   8.8725997e-02
   5.6521739e-01   8.8425438e-02
   5.6856187e-01   8.8119675e-02
   5.7190635e-01   8.7808729e-02
   5.7525084e-01   8.7492621e-02
   5.7859532e-01   8.7171369e-02
   5.8193980e-01   8.6844992e-02
   5.8528428e-01   8.6513507e-02
   5.8862876e-01   8.6176930e-02
   5.9197324e-01   8.5835277e-02
   5.9531773e-01   8.5488563e-02
   5.9866221e-01   8.5136800e-02
   6.0200669e-01   8.4780002e-02
   6.0535117e-01   8.4418180e-02
   6.0869565e-01   8.4051345e-02
   6.1204013e-01   8.3679506e-02
   6.1538462e-01   8.3302673e-02
   6.1872910e-01   8.2920853e-02
   6.2207358e-01   8.2534053e-02
   6.2541806e-01   8.2142278e-02
   6.2876254e-01   8.1745533e-02
   6.3210702e-01   8.1343822e-02
   6.3545151e-01   8.0937148e-02
   6.3879599e-01   8.0525512e-02
   6.4214047e-01   8.0108914e-02
   6.4548495e-01   7.9687355e-02
   6.4882943e-01   7.9260832e-02
   6.5217391e-01   7.8829343e-02
   6.5551839e-01   7.8392884e-02
   6.5886288e-01   7.7951451e-02
   6.6220736e-01   7.7505037e-02
   6.6555184e-01   7.7053636e-02
   6.6889632e-01   7.6597239e-02
   6.7224080e-01   7.6135838e-02
   6.7558528e-01   7.5669421e-02
   6.7892977e-01   7.5197978e-02
   6.8227425e-01   7.4721496e-02
   6.8561873e-01   7.4239960e-02
   6.8896321e-01   7.3753357e-02
   6.9230769e-01   7.3261670e-02
   6.9565217e-01   7.2764882e-02
   6.9899666e-01   7.2262975e-02
   7.0234114e-01   7.1755928e-02
   7.0568562e-01   7.1243721e-02
   7.0903010e-01   7.0726333e-02
   7.1237458e-01   7.0203739e-02
   7.1571906e-01   6.9675916e-02
   7.1906355e-01   6.9142839e-02
   7.2240803e-01   6.8604479e-02
   7.2575251e-01   6.8060809e-02
   7.2909699e-01   6.7511800e-02
   7.3244147e-01   6.6957421e-02
   7.3578595e-01   6.6397641e-02
   7.3913043e-01   6.5832426e-02
   7.4247492e-01   6.5261742e-02
   7.4581940e-01   6.4685554e-02
   7.4916388e-01   6.4103824e-02
   7.5250836e-01   6.3516514e-02
   7.5585284e-01   6.2923585e-02
   7.5919732e-01   6.2324996e-02
   7.6254181e-01   6.1720706e-02
   7.6588629e-01   6.1110669e-02
   7.6923077e-01   6.0494843e-02
   7.7257525e-01   5.9873181e-02
   7.7591973e-01   5.9245634e-02
   7.7926421e-01   5.8612156e-02
   7.8260870e-01   5.7972695e-02
   7.8595318e-01   5.7327200e-02
   7.8929766e-01   5.6675618e-02
   7.9264214e-01   5.6017896e-02
   7.9598662e-01   5.5353977e-02
   7.9933110e-01   5.4683804e-02
   8.0267559e-01   5.4007320e-02
   8.0602007e-01   5.3324464e-02
   8.0936455e-01   5.2635175e-02
   8.1270903e-01   5.1939391e-02
   8.1605351e-01   5.1237048e-02
   8.1939799e-01   5.0528080e-02
   8.2274247e-01   4.9812421e-02
   8.2608696e-01   4.9090001e-02
   8.2943144e-01   4.8360752e-02
   8.3277592e-01   4.7624603e-02
   8.3612040e-01   4.6881480e-02
   8.3946488e-01   4.6131309e-02
   8.4280936e-01   4.5374016e-02
   8.4615385e-01   4.4609522e-02
   8.4949833e-01   4.3837750e-02
   8.5284281e-01   4.3058619e-02
   8.5618729e-01   4.2272047e-02
   8.5953177e-01   4.1477953e-02
   8.6287625e-01   4.0676250e-02
   8.6622074e-01   3.9866854e-02
   8.6956522e-01   3.9049676e-02
   8.7290970e-01   3.8224628e-02
   8.7625418e-01   3.7391618e-02
   8.7959866e-01   3.6550555e-02
   8.8294314e-01   3.5701345e-02
   8.8628763e-01   3.4843892e-02
   8.8963211e-01   3.3978100e-02
   8.9297659e-01   3.3103870e-02
   8.9632107e-01   3.2221103e-02
   8.9966555e-01   3.1329696e-02
   9.0301003e-01   3.0429546e-02
   9.0635452e-01   2.9520549e-02
   9.0969900e-01   2.8602599e-02
   9.1304348e-01   2.7675587e-02
   9.1638796e-01   2.6739404e-02
   9.1973244e-01   2.5793938e-02
   9.2307692e-01   2.4839078e-02
   9.2642140e-01   2.3874708e-02
   9.2976589e-01   2.2900712e-02
   9.3311037e-01   2.1916972e-02
   9.3645485e-01   2.0923370e-02
   9.3979933e-01   1.9919784e-02
   9.4314381e-01   1.8906092e-02
   9.4648829e-01   1.7882169e-02
   9.4983278e-01   1.6847889e-02
   9.5317726e-01   1.5803124e-02
   9.5652174e-01   1.4747746e-02
   9.5986622e-01   1.3681623e-02
   9.6321070e-01   1.2604622e-02
   9.6655518e-01   1.1516609e-02
   9.6989967e-01   1.0417447e-02
   9.7324415e-01   9.3069994e-03
   9.7658863e-01   8.1851259e-03
   9.7993311e-01   7.0516854e-03
   9.8327759e-01   5.9065346e-03
   9.8662207e-01   4.7495289e-03
   9.8996656e-01   3.5805218e-03
   9.9331104e-01   2.3993649e-03
   9.9665552e-01   1.2059082e-03
   1.0000000e+00   0.0000000e+00
   1.0000000e+00   0.0000000e+00
   9.9665552e-01   7.0069231e-04
   9.9331104e-01   1.3804661e-03
   9.8996656e-01   2.0396201e-03
   9.8662207e-01   2.6784509e-03
   9.8327759e-01   3.2972525e-03
   9.7993311e-01   3.8963166e-03
   9.7658863e-01   4.4759326e-03
   9.7324415e-01   5.0363876e-03
   9.6989967e-01   5.5779662e-03
   9.6655518e-01   6.1009510e-03
   9.6321070e-01   6.6056218e-03
   9.5986622e-01   7.0922566e-03
   9.5652174e-01   7.5611307e-03
   9.5317726e-01   8.0125174e-03
   9.4983278e-01   8.4466874e-03
   9.4648829e-01   8.8639093e-03
   9.4314381e-01   9.2644495e-03
   9.3979933e-01   9.6485720e-03
   9.3645485e-01   1.0016539e-02
   9.3311037e-01   1.0368609e-02
   9.2976589e-01   1.0705039e-02
   9.2642140e-01   1.1026086e-02
   9.2307692e-01   1.1332001e-02
   9.1973244e-01   1.1623036e-02
   9.1638796e-01   1.1899438e-02
   9.1304348e-01   1.2161453e-02
   9.0969900e-01   1.2409326e-02
   9.0635452e-01   1.2643298e-02
   9.0301003e-01   1.2863608e-02
   8.9966555e-01   1.3070494e-02
   8.9632107e-01   1.3264192e-02
   8.9297659e-01   1.3444933e-02
   8.8963211e-01   1.3612950e-02
   8.8628763e-01   1.3768469e-02
   8.8294314e-01   1.3911719e-02
   8.7959866e-01   1.4042922e-02
   8.7625418e-01   1.4162303e-02
   8.7290970e-01   1.4270079e-02
   8.6956522e-01   1.4366470e-02
   8.6622074e-01   1.4451691e-02
   8.6287625e-01   1.4525956e-02
   8.5953177e-01   1.4589476e-02
   8.5618729e-01   1.4642462e-02
   8.5284281e-01   1.4685120e-02
   8.4949833e-01   1.4717655e-02
   8.4615385e-01   1.4740272e-02
   8.4280936e-01   1.4753171e-02
   8.3946488e-01   1.4756551e-02
   8.3612040e-01   1.4750610e-02
   8.3277592e-01   1.4735542e-02
   8.2943144e-01   1.4711541e-02
   8.2608696e-01   1.4678798e-02
   8.2274247e-01   1.4637501e-02
   8.1939799e-01   1.4587837e-02
   8.1605351e-01   1.4529992e-02
   8.1270903e-01   1.4464149e-02
   8.0936455e-01   1.4390488e-02
   8.0602007e-01   1.4309188e-02
   8.0267559e-01   1.4220427e-02
   7.9933110e-01   1.4124379e-02
   7.9598662e-01   1.4021218e-02
   7.9264214e-01   1.3911115e-02
   7.8929766e-01   1.3794239e-02
   7.8595318e-01   1.3670758e-02
   7.8260870e-01   1.3540836e-02
   7.7926421e-01   1.3404637e-02
   7.7591973e-01   1.3262323e-02
   7.7257525e-01   1.3114053e-02
   7.6923077e-01   1.2959985e-02
   7.6588629e-01   1.2800275e-02
   7.6254181e-01   1.2635078e-02
   7.5919732e-01   1.2464544e-02
   7.5585284e-01   1.2288825e-02
   7.5250836e-01   1.2108068e-02
   7.4916388e-01   1.1922421e-02
   7.4581940e-01   1.1732028e-02
   7.4247492e-01   1.1537032e-02
   7.3913043e-01   1.1337574e-02
   7.3578595e-01   1.1133794e-02
   7.3244147e-01   1.0925829e-02
   7.2909699e-01   1.0713814e-02
   7.2575251e-01   1.0497884e-02
   7.2240803e-01   1.0278171e-02
   7.1906355e-01   1.0054805e-02
   7.1571906e-01   9.8279153e-03
   7.1237458e-01   9.5976281e-03
   7.0903010e-01   9.3640689e-03
   7.0568562e-01   9.1273611e-03
   7.0234114e-01   8.8876264e-03
   6.9899666e-01   8.6449849e-03
   6.9565217e-01   8.3995549e-03
   6.9230769e-01   8.1514530e-03
   6.8896321e-01   7.9007942e-03
   6.8561873e-01   7.6476917e-03
   6.8227425e-01   7.3922573e-03
   6.7892977e-01   7.1346007e-03
   6.7558528e-01   6.8748305e-03
   6.7224080e-01   6.6130533e-03
   6.6889632e-01   6.3493741e-03
   6.6555184e-01   6.0838964e-03
   6.6220736e-01   5.8167221e-03
   6.5886288e-01   5.5479515e-03
   6.5551839e-01   5.2776831e-03
   6.5217391e-01   5.0060142e-03
   6.4882943e-01   4.7330402e-03
   6.4548495e-01   4.4588553e-03
   6.4214047e-01   4.1835517e-03
   6.3879599e-01   3.9072204e-03
   6.3545151e-01   3.6299509e-03
   6.3210702e-01   3.3518310e-03
   6.2876254e-01   3.0729470e-03
   6.2541806e-01   2.7933839e-03
   6.2207358e-01   2.5132251e-03
   6.1872910e-01   2.2325525e-03
   6.1538462e-01   1.9514466e-03
   6.1204013e-01   1.6699865e-03
   6.0869565e-01   1.3882497e-03
   6.0535117e-01   1.1063123e-03
   6.0200669e-01   8.2424924e-04
   5.9866221e-01   5.4213377e-04
   5.9531773e-01   2.6003787e-04
   5.9197324e-01  -2.1967883e-05
   5.8862876e-01  -3.0381427e-04
   5.8528428e-01  -5.8543345e-04
   5.8193980e-01  -8.6675890e-04
   5.7859532e-01  -1.1477255e-03
   5.7525084e-01  -1.4282693e-03
   5.7190635e-01  -1.7083278e-03
   5.6856187e-01  -1.9878397e-03
   5.6521739e-01  -2.2667452e-03
   5.6187291e-01  -2.5449855e-03
   5.5852843e-01  -2.8225032e-03
   5.5518395e-01  -3.0992421e-03
   5.5183946e-01  -3.3751473e-03
   5.4849498e-01  -3.6501650e-03
   5.4515050e-01  -3.9242428e-03
   5.4180602e-01  -4.1973293e-03
   5.3846154e-01  -4.4693744e-03
   5.3511706e-01  -4.7403292e-03
   5.3177258e-01  -5.0101458e-03
   5.2842809e-01  -5.2787776e-03
   5.2508361e-01  -5.5461791e-03
   5.2173913e-01  -5.8123058e-03
   5.1839465e-01  -6.0771145e-03
   5.1505017e-01  -6.3405629e-03
   5.1170569e-01  -6.6026098e-03
   5.0836120e-01  -6.8632152e-03
   5.0501672e-01  -7.1223400e-03
   5.0167224e-01  -7.3799462e-03
   4.9832776e-01  -7.6359968e-03
   4.9498328e-01  -7.8904558e-03
   4.9163880e-01  -8.1432881e-03
   4.8829431e-01  -8.3944597e-03
   4.8494983e-01  -8.6439375e-03
   4.8160535e-01  -8.8916893e-03
   4.7826087e-01  -9.1376838e-03
   4.7491639e-01  -9.3818908e-03
   4.7157191e-01  -9.6242806e-03
   4.6822742e-01  -9.8648248e-03
   4.6488294e-01  -1.0103496e-02
   4.6153846e-01  -1.0340266e-02
   4.5819398e-01  -1.0575110e-02
   4.5484950e-01  -1.0808003e-02
   4.5150502e-01  -1.1038919e-02
   4.4816054e-01  -1.1267835e-02
   4.4481605e-01  -1.1494728e-02
   4.4147157e-01  -1.1719576e-02
   4.3812709e-01  -1.1942357e-02
   4.3478261e-01  -1.2163051e-02
   4.3143813e-01  -1.2381636e-02
   4.2809365e-01  -1.2598094e-02
   4.2474916e-01  -1.2812405e-02
   4.2140468e-01  -1.3024552e-02
   4.1806020e-01  -1.3234516e-02
   4.1471572e-01  -1.3442280e-02
   4.1137124e-01  -1.3647828e-02
   4.0802676e-01  -1.3851142e-02
   4.0468227e-01  -1.4052209e-02
   4.0133779e-01  -1.4251012e-02
   3.9799331e-01  -1.4447537e-02
   3.9464883e-01  -1.4641769e-02
   3.9130435e-01  -1.4833694e-02
   3.8795987e-01  -1.5023300e-02
   3.8461538e-01  -1.5210572e-02
   3.8127090e-01  -1.5395498e-02
   3.7792642e-01  -1.5578065e-02
   3.7458194e-01  -1.5758260e-02
   3.7123746e-01  -1.5936073e-02
   3.6789298e-01  -1.6111490e-02
   3.6454849e-01  -1.6284500e-02
   3.6120401e-01  -1.6455092e-02
   3.5785953e-01  -1.6623254e-02
   3.5451505e-01  -1.6788974e-02
   3.5117057e-01  -1.6952241e-02
   3.4782609e-01  -1.7113044e-02
   3.4448161e-01  -1.7271372e-02
   3.4113712e-01  -1.7427213e-02
   3.3779264e-01  -1.7580556e-02
   3.3444816e-01  -1.7731389e-02
   3.3110368e-01  -1.7879700e-02
   3.2775920e-01  -1.8025477e-02
   3.2441472e-01  -1.8168708e-02
   3.2107023e-01  -1.8309381e-02
   3.1772575e-01  -1.8447483e-02
   3.1438127e-01  -1.8582999e-02
   3.1103679e-01  -1.8715918e-02
   3.0769231e-01  -1.8846224e-02
   3.0434783e-01  -1.8973904e-02
   3.0100334e-01  -1.9098941e-02
   2.9765886e-01  -1.9221320e-02
   2.9431438e-01  -1.9341025e-02
   2.9096990e-01  -1.9458038e-02
   2.8762542e-01  -1.9572341e-02
   2.8428094e-01  -1.9683915e-02
   2.8093645e-01  -1.9792741e-02
   2.7759197e-01  -1.9898797e-02
   2.7424749e-01  -2.0002063e-02
   2.7090301e-01  -2.0102514e-02
   2.6755853e-01  -2.0200128e-02
   2.6421405e-01  -2.0294877e-02
   2.6086957e-01  -2.0386737e-02
   2.5752508e-01  -2.0475678e-02
   2.5418060e-01  -2.0561670e-02
   2.5083612e-01  -2.0644684e-02
   2.4749164e-01  -2.0724684e-02
   2.4414716e-01  -2.0801638e-02
   2.4080268e-01  -2.0875507e-02
   2.3745819e-01  -2.0946253e-02
   2.3411371e-01  -2.1013836e-02
   2.3076923e-01  -2.1078212e-02
   2.2742475e-01  -2.1139335e-02
   2.2408027e-01  -2.1197158e-02
   2.2073579e-01  -2.1251630e-02
   2.1739130e-01  -2.1302697e-02
   2.1404682e-01  -2.1350303e-02
   2.1070234e-01  -2.1394389e-02
   2.0735786e-01  -2.1434890e-02
   2.0401338e-01  -2.1471742e-02
   2.0066890e-01  -2.1504873e-02
   1.9732441e-01  -2.1534209e-02
   1.9397993e-01  -2.1559673e-02
   1.9063545e-01  -2.1581182e-02
   1.8729097e-01  -2.1598648e-02
   1.8394649e-01  -2.1611979e-02
   1.8060201e-01  -2.1621078e-02
   1.7725753e-01  -2.1625842e-02
   1.7391304e-01  -2.1626162e-02
   1.7056856e-01  -2.1621922e-02
   1.6722408e-01  -2.1613002e-02
   1.6387960e-01  -2.1599271e-02
   1.6053512e-01  -2.1580595e-02
   1.5719064e-01  -2.1556827e-02
   1.5384615e-01  -2.1527815e-02
   1.5050167e-01  -2.1493397e-02
   1.4715719e-01  -2.1453400e-02
   1.4381271e-01  -2.1407642e-02
   1.4046823e-01  -2.1355928e-02
   1.3712375e-01  -2.1298052e-02
   1.3377926e-01  -2.1233793e-02
   1.3043478e-01  -2.1162919e-02
   1.2709030e-01  -2.1085180e-02
   1.2374582e-01  -2.1000309e-02
   1.2040134e-01  -2.0908023e-02
   1.1705686e-01  -2.0808017e-02
   1.1371237e-01  -2.0699966e-02
   1.1036789e-01  -2.0583520e-02
   1.0702341e-01  -2.0458305e-02
   1.0367893e-01  -2.0323916e-02
   1.0033445e-01  -2.0179919e-02
   9.6989967e-02  -2.0025843e-02
   9.3645485e-02  -1.9861178e-02
   9.0301003e-02  -1.9685373e-02
   8.6956522e-02  -1.9497826e-02
   8.3612040e-02  -1.9297881e-02
   8.0267559e-02  -1.9084820e-02
   7.6923077e-02  -1.8857854e-02
   7.3578595e-02  -1.8616115e-02
   7.0234114e-02  -1.8358638e-02
   6.6889632e-02  -1.8084356e-02
   6.3545151e-02  -1.7792070e-02
   6.0200669e-02  -1.7480438e-02
   5.6856187e-02  -1.7147939e-02
   5.3511706e-02  -1.6792841e-02
   5.0167224e-02  -1.6413157e-02
   4.6822742e-02  -1.6006586e-02
   4.3478261e-02  -1.5570433e-02
   4.0133779e-02  -1.5101509e-02
   3.6789298e-02  -1.4595985e-02
   3.3444816e-02  -1.4049189e-02
   3.0100334e-02  -1.3455312e-02
   2.6755853e-02  -1.2806961e-02
   2.3411371e-02  -1.2094451e-02
   2.0066890e-02  -1.1304635e-02
   1.6722408e-02  -1.0418797e-02
   1.3377926e-02  -9.4085411e-03
   1.0033445e-02  -8.2266093e-03
   6.6889632e-03  -6.7819034e-03
   3.3444816e-03  -4.8419635e-03
   0.0000000e+00   0.0000000e+00
