   0.0000000e+00   1.8300000e-03
   3.3444816e-03   1.1482198e-02
   6.6889632e-03   1.6263096e-02
   1.0033445e-02   1.9947126e-02
   1.3377926e-02   2.3064804e-02
   1.6722408e-02   2.5821039e-02
   2.0066890e-02   2.8320601e-02
   2.3411371e-02   3.0625519e-02
   2.6755853e-02   3.2776063e-02
   3.0100334e-02   3.4800095e-02
   3.3444816e-02   3.6717818e-02
   3.6789298e-02   3.8544415e-02
   4.0133779e-02   4.0291626e-02
   4.3478261e-02   4.1968744e-02
   4.6822742e-02   4.3583262e-02
   5.0167224e-02   4.5141324e-02
   5.3511706e-02   4.6648037e-02
   5.6856187e-02   4.8107694e-02
   6.0200669e-02   4.9523944e-02
   6.3545151e-02   5.0899916e-02
   6.6889632e-02   5.2238317e-02
   7.0234114e-02   5.3541501e-02
   7.3578595e-02   5.4811533e-02
   7.6923077e-02   5.6050234e-02
   8.0267559e-02   5.7259218e-02
   8.3612040e-02   5.8439921e-02
   8.6956522e-02   5.9593629e-02
   9.0301003e-02   6.0721496e-02
   9.3645485e-02   6.1824566e-02
   9.6989967e-02   6.2903780e-02
   1.0033445e-01   6.3959994e-02
   1.0367893e-01   6.4993987e-02
   1.0702341e-01   6.6006473e-02
   1.1036789e-01   6.6998102e-02
   1.1371237e-01   6.7969474e-02
   1.1705686e-01   6.8921140e-02
   1.2040134e-01   6.9853608e-02
   1.2374582e-01   7.0767349e-02
   1.2709030e-01   7.1662798e-02
   1.3043478e-01   7.2540360e-02
   1.3377926e-01   7.3400412e-02
   1.3712375e-01   7.4243304e-02
   1.4046823e-01   7.5069363e-02
   1.4381271e-01   7.5878897e-02
   1.4715719e-01   7.6672191e-02
   1.5050167e-01   7.7449515e-02
   1.5384615e-01   7.8211123e-02
   1.5719064e-01   7.8957252e-02
   1.6053512e-01   7.9688127e-02
   1.6387960e-01   8.0403961e-02
   1.6722408e-01   8.1104953e-02
   1.7056856e-01   8.1791295e-02
   1.7391304e-01   8.2463165e-02
   1.7725753e-01   8.3120735e-02
   1.8060201e-01   8.3764168e-02
   1.8394649e-01   8.4393618e-02
   1.8729097e-01   8.5009233e-02
   1.9063545e-01   8.5611155e-02
   1.9397993e-01   8.6199517e-02
   1.9732441e-01   8.6774450e-02
   2.0066890e-01   8.7336076e-02
   2.0401338e-01   8.7884516e-02
   2.0735786e-01   8.8419881e-02
   2.1070234e-01   8.8942284e-02
   2.1404682e-01   8.9451828e-02
   2.1739130e-01   8.9948618e-02
   2.2073579e-01   9.0432750e-02
   2.2408027e-01   9.0904321e-02
   2.2742475e-01   9.1363422e-02
   2.3076923e-01   9.1810144e-02
   2.3411371e-01   9.2244573e-02
   2.3745819e-01   9.2666794e-02
   2.4080268e-01   9.3076888e-02
   2.4414716e-01   9.3474936e-02
   2.4749164e-01   9.3861015e-02
   2.5083612e-01   9.4235203e-02
   2.5418060e-01   9.4597573e-02
   2.5752508e-01   9.4948197e-02
   2.6086957e-01   9.5287149e-02
   2.6421405e-01   9.5614496e-02
   2.6755853e-01   9.5930308e-02
   2.7090301e-01   9.6234652e-02
   2.7424749e-01   9.6527595e-02
   2.7759197e-01   9.6809201e-02
   2.8093645e-01   9.7079535e-02
   2.8428094e-01   9.7338660e-02
   2.8762542e-01   9.7586639e-02
   2.9096990e-01   9.7823532e-02
   2.9431438e-01   9.8049402e-02
   2.9765886e-01   9.8264308e-02
   3.0100334e-01   9.8468311e-02
   3.0434783e-01   9.8661469e-02
   3.0769231e-01   9.8843840e-02
   3.1103679e-01   9.9015484e-02
   3.1438127e-01   9.9176458e-02
   3.1772575e-01   9.9326819e-02
   3.2107023e-01   9.9466624e-02
   3.2441472e-01   9.9595930e-02
   3.2775920e-01   9.9714794e-02
   3.3110368e-01   9.9823271e-02
   3.3444816e-01   9.9921418e-02
   3.3779264e-01   1.0000929e-01
   3.4113712e-01   1.0008694e-01
   3.4448161e-01   1.0015443e-01
   3.4782609e-01   1.0021181e-01
   3.5117057e-01   1.0025914e-01
   3.5451505e-01   1.0029647e-01
   3.5785953e-01   1.0032386e-01
   3.6120401e-01   1.0034136e-01
   3.6454849e-01   1.0034903e-01
   3.6789298e-01   1.0034692e-01
   3.7123746e-01   1.0033509e-01
   3.7458194e-01   1.0031359e-01
   3.7792642e-01   1.0028248e-01
   3.8127090e-01   1.0024182e-01
   3.8461538e-01   1.0019165e-01
   3.8795987e-01   1.0013204e-01
   3.9130435e-01   1.0006304e-01
   3.9464883e-01   9.9984708e-02
   3.9799331e-01   9.9897095e-02
   4.0133779e-01   9.9800261e-02
   4.0468227e-01   9.9694260e-02
   4.0802676e-01   9.9579151e-02
   4.1137124e-01   9.9454988e-02
   4.1471572e-01   9.9321829e-02
   4.1806020e-01   9.9179730e-02
   4.2140468e-01   9.9028750e-02
   4.2474916e-01   9.8868944e-02
   4.2809365e-01   9.8700370e-02
   4.3143813e-01   9.8523086e-02
   4.3478261e-01   9.8337151e-02
   4.3812709e-01   9.8142621e-02
   4.4147157e-01   9.7939556e-02
   4.4481605e-01   9.7728013e-02
   4.4816054e-01   9.7508053e-02
   4.5150502e-01   9.7279733e-02
   4.5484950e-01   9.7043114e-02
   4.5819398e-01   9.6798254e-02
   4.6153846e-01   9.6545215e-02
   4.6488294e-01   9.6284054e-02
   4.6822742e-01   9.6014834e-02
   4.7157191e-01   9.5737615e-02
   4.7491639e-01   9.5452458e-02
   4.7826087e-01   9.5159423e-02
   4.8160535e-01   9.4858573e-02
   4.8494983e-01   9.4549968e-02
   4.8829431e-01   9.4233672e-02
   4.9163880e-01   9.3909747e-02
   4.9498328e-01   9.3578254e-02
   4.9832776e-01   9.3239257e-02
   5.0167224e-01   9.2892819e-02
   5.0501672e-01   9.2539004e-02
   5.0836120e-01   9.2177876e-02
   5.1170569e-01   9.1809497e-02
   5.1505017e-01   9.1433934e-02
   5.1839465e-01   9.1051250e-02
   5.2173913e-01   9.0661510e-02
   5.2508361e-01   9.0264780e-02
   5.2842809e-01   8.9861125e-02
   5.3177258e-01   8.9450611e-02
   5.3511706e-01   8.9033305e-02
   5.3846154e-01   8.8609272e-02
   5.4180602e-01   8.8178579e-02
   5.4515050e-01   8.7741295e-02
   5.4849498e-01   8.7297485e-02
   5.5183946e-01   8.6847218e-02
   5.5518395e-01   8.6390561e-02
   5.5852843e-01   8.5927584e-02
   5.6187291e-01   8.5458354e-02
   5.6521739e-01   8.4982940e-02
   5.6856187e-01   8.4501412e-02
   5.7190635e-01   8.4013840e-02
   5.7525084e-01   8.3520292e-02
   5.7859532e-01   8.3020840e-02
   5.8193980e-01   8.2515554e-02
   5.8528428e-01   8.2004504e-02
   5.8862876e-01   8.1487761e-02
   5.9197324e-01   8.0965397e-02
   5.9531773e-01   8.0437484e-02
   5.9866221e-01   7.9904094e-02
   6.0200669e-01   7.9365298e-02
   6.0535117e-01   7.8821170e-02
   6.0869565e-01   7.8271783e-02
   6.1204013e-01   7.7717208e-02
   6.1538462e-01   7.7157521e-02
   6.1872910e-01   7.6592795e-02
   6.2207358e-01   7.6023104e-02
   6.2541806e-01   7.5448522e-02
   6.2876254e-01   7.4869125e-02
   6.3210702e-01   7.4284986e-02
   6.3545151e-01   7.3696182e-02
   6.3879599e-01   7.3102789e-02
   6.4214047e-01   7.2504881e-02
   6.4548495e-01   7.1902535e-02
   6.4882943e-01   7.1295829e-02
   6.5217391e-01   7.0684838e-02
   6.5551839e-01   7.0069640e-02
   6.5886288e-01   6.9450311e-02
   6.6220736e-01   6.8826931e-02
   6.6555184e-01   6.8199577e-02
   6.6889632e-01   6.7568326e-02
   6.7224080e-01   6.6933259e-02
   6.7558528e-01   6.6294452e-02
   6.7892977e-01   6.5651987e-02
   6.8227425e-01   6.5005942e-02
   6.8561873e-01   6.4356397e-02
   6.8896321e-01   6.3703432e-02
   6.9230769e-01   6.3047127e-02
   6.9565217e-01   6.2387563e-02
   6.9899666e-01   6.1724820e-02
   7.0234114e-01   6.1058981e-02
   7.0568562e-01   6.0390126e-02
   7.0903010e-01   5.9718337e-02
   7.1237458e-01   5.9043697e-02
   7.1571906e-01   5.8366287e-02
   7.1906355e-01   5.7686190e-02
   7.2240803e-01   5.7003489e-02
   7.2575251e-01   5.6318267e-02
   7.2909699e-01   5.5630607e-02
   7.3244147e-01   5.4940594e-02
   7.3578595e-01   5.4248310e-02
   7.3913043e-01   5.3553842e-02
   7.4247492e-01   5.2857272e-02
   7.4581940e-01   5.2158685e-02
   7.4916388e-01   5.1458168e-02
   7.5250836e-01   5.0755804e-02
   7.5585284e-01   5.0051680e-02
   7.5919732e-01   4.9345882e-02
   7.6254181e-01   4.8638495e-02
   7.6588629e-01   4.7929606e-02
   7.6923077e-01   4.7219302e-02
   7.7257525e-01   4.6507670e-02
   7.7591973e-01   4.5794796e-02
   7.7926421e-01   4.5080769e-02
   7.8260870e-01   4.4365676e-02
   7.8595318e-01   4.3649604e-02
   7.8929766e-01   4.2932643e-02
   7.9264214e-01   4.2214880e-02
   7.9598662e-01   4.1496405e-02
   7.9933110e-01   4.0777306e-02
   8.0267559e-01   4.0057672e-02
   8.0602007e-01   3.9337594e-02
   8.0936455e-01   3.8617160e-02
   8.1270903e-01   3.7896462e-02
   8.1605351e-01   3.7175588e-02
   8.1939799e-01   3.6454630e-02
   8.2274247e-01   3.5733679e-02
   8.2608696e-01   3.5012824e-02
   8.2943144e-01   3.4292159e-02
   8.3277592e-01   3.3571773e-02
   8.3612040e-01   3.2851760e-02
   8.3946488e-01   3.2132210e-02
   8.4280936e-01   3.1413216e-02
   8.4615385e-01   3.0694871e-02
   8.4949833e-01   2.9977267e-02
   8.5284281e-01   2.9260497e-02
   8.5618729e-01   2.8544654e-02
   8.5953177e-01   2.7829832e-02
   8.6287625e-01   2.7116124e-02
   8.6622074e-01   2.6403625e-02
   8.6956522e-01   2.5692428e-02
   8.7290970e-01   2.4982627e-02
   8.7625418e-01   2.4274318e-02
   8.7959866e-01   2.3567595e-02
   8.8294314e-01   2.2862553e-02
   8.8628763e-01   2.2159288e-02
   8.8963211e-01   2.1457894e-02
   8.9297659e-01   2.0758468e-02
   8.9632107e-01   2.0061106e-02
   8.9966555e-01   1.9365903e-02
   9.0301003e-01   1.8672956e-02
   9.0635452e-01   1.7982362e-02
   9.0969900e-01   1.7294218e-02
   9.1304348e-01   1.6608620e-02
   9.1638796e-01   1.5925667e-02
   9.1973244e-01   1.5245454e-02
   9.2307692e-01   1.4568081e-02
   9.2642140e-01   1.3893645e-02
   9.2976589e-01   1.3222244e-02
   9.3311037e-01   1.2553976e-02
   9.3645485e-01   1.1888941e-02
   9.3979933e-01   1.1227236e-02
   9.4314381e-01   1.0568962e-02
   9.4648829e-01   9.9142162e-03
   9.4983278e-01   9.2630992e-03
   9.5317726e-01   8.6157104e-03
   9.5652174e-01   7.9721496e-03
   9.5986622e-01   7.3325168e-03
   9.6321070e-01   6.6969123e-03
   9.6655518e-01   6.0654364e-03
   9.6989967e-01   5.4381900e-03
   9.7324415e-01   4.8152737e-03
   9.7658863e-01   4.1967887e-03
   9.7993311e-01   3.5828362e-03
   9.8327759e-01   2.9735178e-03
   9.8662207e-01   2.3689349e-03
   9.8996656e-01   1.7691896e-03
   9.9331104e-01   1.1743838e-03
   9.9665552e-01   5.8461978e-04
   1.0000000e+00   0.0000000e+00
   1.0000000e+00   0.0000000e+00
   9.9665552e-01   7.1369189e-05
   9.9331104e-01   1.3512708e-04
   9.8996656e-01   1.9137831e-04
   9.8662207e-01   2.4022686e-04
   9.8327759e-01   2.8177606e-04
   9.7993311e-01   3.1612857e-04
   9.7658863e-01   3.4338640e-04
   9.7324415e-01   3.6365090e-04
   9.6989967e-01   3.7702276e-04
   9.6655518e-01   3.8360205e-04
   9.6321070e-01   3.8348817e-04
   9.5986622e-01   3.7677986e-04
   9.5652174e-01   3.6357523e-04
   9.5317726e-01   3.4397176e-04
   9.4983278e-01   3.1806627e-04
   9.4648829e-01   2.8595494e-04
   9.4314381e-01   2.4773332e-04
   9.3979933e-01   2.0349632e-04
   9.3645485e-01   1.5333823e-04
   9.3311037e-01   9.7352684e-05
   9.2976589e-01   3.5632708e-05
   9.2642140e-01  -3.1729311e-05
   9.2307692e-01  -1.0464161e-04
   9.1973244e-01  -1.8301305e-04
   9.1638796e-01  -2.6675310e-04
   9.1304348e-01  -3.5577188e-04
   9.0969900e-01  -4.4998009e-04
   9.0635452e-01  -5.4928909e-04
   9.0301003e-01  -6.5361080e-04
   8.9966555e-01  -7.6285780e-04
   8.9632107e-01  -8.7694326e-04
   8.9297659e-01  -9.9578095e-04
   8.8963211e-01  -1.1192853e-03
   8.8628763e-01  -1.2473712e-03
   8.8294314e-01  -1.3799543e-03
   8.7959866e-01  -1.5169507e-03
   8.7625418e-01  -1.6582774e-03
   8.7290970e-01  -1.8038516e-03
   8.6956522e-01  -1.9535913e-03
   8.6622074e-01  -2.1074151e-03
   8.6287625e-01  -2.2652421e-03
   8.5953177e-01  -2.4269921e-03
   8.5618729e-01  -2.5925854e-03
   8.5284281e-01  -2.7619429e-03
   8.4949833e-01  -2.9349861e-03
   8.4615385e-01  -3.1116371e-03
   8.4280936e-01  -3.2918184e-03
   8.3946488e-01  -3.4754534e-03
   8.3612040e-01  -3.6624657e-03
   8.3277592e-01  -3.8527798e-03
   8.2943144e-01  -4.0463206e-03
   8.2608696e-01  -4.2430135e-03
   8.2274247e-01  -4.4427846e-03
   8.1939799e-01  -4.6455605e-03
   8.1605351e-01  -4.8512684e-03
   8.1270903e-01  -5.0598359e-03
   8.0936455e-01  -5.2711914e-03
   8.0602007e-01  -5.4852637e-03
   8.0267559e-01  -5.7019821e-03
   7.9933110e-01  -5.9212766e-03
   7.9598662e-01  -6.1430776e-03
   7.9264214e-01  -6.3673161e-03
   7.8929766e-01  -6.5939236e-03
   7.8595318e-01  -6.8228322e-03
   7.8260870e-01  -7.0539746e-03
   7.7926421e-01  -7.2872839e-03
   7.7591973e-01  -7.5226936e-03
   7.7257525e-01  -7.7601381e-03
   7.6923077e-01  -7.9995520e-03
   7.6588629e-01  -8.2408705e-03
   7.6254181e-01  -8.4840295e-03
   7.5919732e-01  -8.7289651e-03
   7.5585284e-01  -8.9756142e-03
   7.5250836e-01  -9.2239140e-03
   7.4916388e-01  -9.4738024e-03
   7.4581940e-01  -9.7252176e-03
   7.4247492e-01  -9.9780984e-03
   7.3913043e-01  -1.0232384e-02
   7.3578595e-01  -1.0488015e-02
   7.3244147e-01  -1.0744930e-02
   7.2909699e-01  -1.1003072e-02
   7.2575251e-01  -1.1262380e-02
   7.2240803e-01  -1.1522797e-02
   7.1906355e-01  -1.1784266e-02
   7.1571906e-01  -1.2046728e-02
   7.1237458e-01  -1.2310127e-02
   7.0903010e-01  -1.2574407e-02
   7.0568562e-01  -1.2839512e-02
   7.0234114e-01  -1.3105386e-02
   6.9899666e-01  -1.3371975e-02
   6.9565217e-01  -1.3639223e-02
   6.9230769e-01  -1.3907078e-02
   6.8896321e-01  -1.4175485e-02
   6.8561873e-01  -1.4444391e-02
   6.8227425e-01  -1.4713744e-02
   6.7892977e-01  -1.4983492e-02
   6.7558528e-01  -1.5253582e-02
   6.7224080e-01  -1.5523964e-02
   6.6889632e-01  -1.5794586e-02
   6.6555184e-01  -1.6065398e-02
   6.6220736e-01  -1.6336350e-02
   6.5886288e-01  -1.6607393e-02
   6.5551839e-01  -1.6878477e-02
   6.5217391e-01  -1.7149553e-02
   6.4882943e-01  -1.7420573e-02
   6.4548495e-01  -1.7691490e-02
   6.4214047e-01  -1.7962255e-02
   6.3879599e-01  -1.8232822e-02
   6.3545151e-01  -1.8503144e-02
   6.3210702e-01  -1.8773174e-02
   6.2876254e-01  -1.9042867e-02
   6.2541806e-01  -1.9312176e-02
   6.2207358e-01  -1.9581058e-02
   6.1872910e-01  -1.9849466e-02
   6.1538462e-01  -2.0117358e-02
   6.1204013e-01  -2.0384688e-02
   6.0869565e-01  -2.0651413e-02
   6.0535117e-01  -2.0917489e-02
   6.0200669e-01  -2.1182875e-02
   5.9866221e-01  -2.1447526e-02
   5.9531773e-01  -2.1711402e-02
   5.9197324e-01  -2.1974460e-02
   5.8862876e-01  -2.2236658e-02
   5.8528428e-01  -2.2497956e-02
   5.8193980e-01  -2.2758312e-02
   5.7859532e-01  -2.3017686e-02
   5.7525084e-01  -2.3276038e-02
   5.7190635e-01  -2.3533329e-02
   5.6856187e-01  -2.3789517e-02
   5.6521739e-01  -2.4044565e-02
   5.6187291e-01  -2.4298433e-02
   5.5852843e-01  -2.4551082e-02
   5.5518395e-01  -2.4802475e-02
   5.5183946e-01  -2.5052573e-02
   5.4849498e-01  -2.5301338e-02
   5.4515050e-01  -2.5548733e-02
   5.4180602e-01  -2.5794721e-02
   5.3846154e-01  -2.6039265e-02
   5.3511706e-01  -2.6282327e-02
   5.3177258e-01  -2.6523873e-02
   5.2842809e-01  -2.6763864e-02
   5.2508361e-01  -2.7002267e-02
   5.2173913e-01  -2.7239044e-02
   5.1839465e-01  -2.7474161e-02
   5.1505017e-01  -2.7707582e-02
   5.1170569e-01  -2.7939272e-02
   5.0836120e-01  -2.8169196e-02
   5.0501672e-01  -2.8397321e-02
   5.0167224e-01  -2.8623610e-02
   4.9832776e-01  -2.8848031e-02
   4.9498328e-01  -2.9070550e-02
   4.9163880e-01  -2.9291132e-02
   4.8829431e-01  -2.9509743e-02
   4.8494983e-01  -2.9726351e-02
   4.8160535e-01  -2.9940922e-02
   4.7826087e-01  -3.0153423e-02
   4.7491639e-01  -3.0363821e-02
   4.7157191e-01  -3.0572082e-02
   4.6822742e-01  -3.0778175e-02
   4.6488294e-01  -3.0982066e-02
   4.6153846e-01  -3.1183723e-02
   4.5819398e-01  -3.1383114e-02
   4.5484950e-01  -3.1580206e-02
   4.5150502e-01  -3.1774967e-02
   4.4816054e-01  -3.1967364e-02
   4.4481605e-01  -3.2157366e-02
   4.4147157e-01  -3.2344940e-02
   4.3812709e-01  -3.2530055e-02
   4.3478261e-01  -3.2712678e-02
   4.3143813e-01  -3.2892778e-02
   4.2809365e-01  -3.3070322e-02
   4.2474916e-01  -3.3245278e-02
   4.2140468e-01  -3.3417615e-02
   4.1806020e-01  -3.3587300e-02
   4.1471572e-01  -3.3754301e-02
   4.1137124e-01  -3.3918587e-02
   4.0802676e-01  -3.4080124e-02
   4.0468227e-01  -3.4238881e-02
   4.0133779e-01  -3.4394825e-02
   3.9799331e-01  -3.4547925e-02
   3.9464883e-01  -3.4698146e-02
   3.9130435e-01  -3.4845457e-02
   3.8795987e-01  -3.4989824e-02
   3.8461538e-01  -3.5131216e-02
   3.8127090e-01  -3.5269597e-02
   3.7792642e-01  -3.5404936e-02
   3.7458194e-01  -3.5537197e-02
   3.7123746e-01  -3.5666348e-02
   3.6789298e-01  -3.5792354e-02
   3.6454849e-01  -3.5915181e-02
   3.6120401e-01  -3.6034794e-02
   3.5785953e-01  -3.6151158e-02
   3.5451505e-01  -3.6264238e-02
   3.5117057e-01  -3.6373997e-02
   3.4782609e-01  -3.6480401e-02
   3.4448161e-01  -3.6583411e-02
   3.4113712e-01  -3.6682992e-02
   3.3779264e-01  -3.6779105e-02
   3.3444816e-01  -3.6871714e-02
   3.3110368e-01  -3.6960778e-02
   3.2775920e-01  -3.7046261e-02
   3.2441472e-01  -3.7128121e-02
   3.2107023e-01  -3.7206319e-02
   3.1772575e-01  -3.7280813e-02
   3.1438127e-01  -3.7351564e-02
   3.1103679e-01  -3.7418527e-02
   3.0769231e-01  -3.7481661e-02
   3.0434783e-01  -3.7540922e-02
   3.0100334e-01  -3.7596265e-02
   2.9765886e-01  -3.7647644e-02
   2.9431438e-01  -3.7695014e-02
   2.9096990e-01  -3.7738327e-02
   2.8762542e-01  -3.7777535e-02
   2.8428094e-01  -3.7812589e-02
   2.8093645e-01  -3.7843437e-02
   2.7759197e-01  -3.7870030e-02
   2.7424749e-01  -3.7892313e-02
   2.7090301e-01  -3.7910232e-02
   2.6755853e-01  -3.7923733e-02
   2.6421405e-01  -3.7932758e-02
   2.6086957e-01  -3.7937248e-02
   2.5752508e-01  -3.7937145e-02
   2.5418060e-01  -3.7932387e-02
   2.5083612e-01  -3.7922909e-02
   2.4749164e-01  -3.7908648e-02
   2.4414716e-01  -3.7889536e-02
   2.4080268e-01  -3.7865503e-02
   2.3745819e-01  -3.7836480e-02
   2.3411371e-01  -3.7802393e-02
   2.3076923e-01  -3.7763165e-02
   2.2742475e-01  -3.7718719e-02
   2.2408027e-01  -3.7668975e-02
   2.2073579e-01  -3.7613848e-02
   2.1739130e-01  -3.7553253e-02
   2.1404682e-01  -3.7487100e-02
   2.1070234e-01  -3.7415296e-02
   2.0735786e-01  -3.7337746e-02
   2.0401338e-01  -3.7254350e-02
   2.0066890e-01  -3.7165004e-02
   1.9732441e-01  -3.7069602e-02
   1.9397993e-01  -3.6968032e-02
   1.9063545e-01  -3.6860177e-02
   1.8729097e-01  -3.6745917e-02
   1.8394649e-01  -3.6625126e-02
   1.8060201e-01  -3.6497672e-02
   1.7725753e-01  -3.6363419e-02
   1.7391304e-01  -3.6222223e-02
   1.7056856e-01  -3.6073934e-02
   1.6722408e-01  -3.5918395e-02
   1.6387960e-01  -3.5755443e-02
   1.6053512e-01  -3.5584905e-02
   1.5719064e-01  -3.5406601e-02
   1.5384615e-01  -3.5220340e-02
   1.5050167e-01  -3.5025924e-02
   1.4715719e-01  -3.4823140e-02
   1.4381271e-01  -3.4611769e-02
   1.4046823e-01  -3.4391576e-02
   1.3712375e-01  -3.4162313e-02
   1.3377926e-01  -3.3923719e-02
   1.3043478e-01  -3.3675516e-02
   1.2709030e-01  -3.3417410e-02
   1.2374582e-01  -3.3149087e-02
   1.2040134e-01  -3.2870214e-02
   1.1705686e-01  -3.2580436e-02
   1.1371237e-01  -3.2279372e-02
   1.1036789e-01  -3.1966616e-02
   1.0702341e-01  -3.1641730e-02
   1.0367893e-01  -3.1304246e-02
   1.0033445e-01  -3.0953658e-02
   9.6989967e-02  -3.0589418e-02
   9.3645485e-02  -3.0210936e-02
   9.0301003e-02  -2.9817568e-02
   8.6956522e-02  -2.9408614e-02
   8.3612040e-02  -2.8983308e-02
   8.0267559e-02  -2.8540810e-02
   7.6923077e-02  -2.8080195e-02
   7.3578595e-02  -2.7600441e-02
   7.0234114e-02  -2.7100412e-02
   6.6889632e-02  -2.6578841e-02
   6.3545151e-02  -2.6034306e-02
   6.0200669e-02  -2.5465203e-02
   5.6856187e-02  -2.4869707e-02
   5.3511706e-02  -2.4245733e-02
   5.0167224e-02  -2.3590871e-02
   4.6822742e-02  -2.2902318e-02
   4.3478261e-02  -2.2176774e-02
   4.0133779e-02  -2.1410308e-02
   3.6789298e-02  -2.0598173e-02
   3.3444816e-02  -1.9734539e-02
   3.0100334e-02  -1.8812114e-02
   2.6755853e-02  -1.7821552e-02
   2.3411371e-02  -1.6750537e-02
   2.0066890e-02  -1.5582230e-02
   1.6722408e-02  -1.4292510e-02
   1.3377926e-02  -1.2844534e-02
   1.0033445e-02  -1.1176590e-02
   6.6889632e-03  -9.1689508e-03
   3.3444816e-03  -6.5141285e-03
   0.0000000e+00   1.8300000e-03
