   0.0000000e+00  -2.1200000e-03
   3.3444816e-03   1.5417790e-02
   6.6889632e-03   2.1747944e-02
   1.0033445e-02   2.6566805e-02
   1.3377926e-02   3.0596980e-02
   1.6722408e-02   3.4119116e-02
   2.0066890e-02   3.7277512e-02
   2.3411371e-02   4.0158098e-02
   2.6755853e-02   4.2816997e-02
   3.0100334e-02   4.5293285e-02
   3.3444816e-02   4.7615477e-02
   3.6789298e-02   4.9805150e-02
   4.0133779e-02   5.1879105e-02
   4.3478261e-02   5.3850733e-02
   4.6822742e-02   5.5730914e-02
   5.0167224e-02   5.7528637e-02
   5.3511706e-02   5.9251426e-02
   5.6856187e-02   6.0905664e-02
   6.0200669e-02   6.2496814e-02
   6.3545151e-02   6.4029604e-02
   6.6889632e-02   6.5508152e-02
   7.0234114e-02   6.6936077e-02
   7.3578595e-02   6.8316576e-02
   7.6923077e-02   6.9652494e-02
   8.0267559e-02   7.0946373e-02
   8.3612040e-02   7.2200500e-02
   8.6956522e-02   7.3416937e-02
   9.0301003e-02   7.4597553e-02
   9.3645485e-02   7.5744050e-02
   9.6989967e-02   7.6857983e-02
   1.0033445e-01   7.7940773e-02
   1.0367893e-01   7.8993730e-02
   1.0702341e-01   8.0018060e-02
   1.1036789e-01   8.1014876e-02
   1.1371237e-01   8.1985211e-02
   1.1705686e-01   8.2930023e-02
   1.2040134e-01   8.3850206e-02
   1.2374582e-01   8.4746591e-02
   1.2709030e-01   8.5619956e-02
   1.3043478e-01   8.6471028e-02
   1.3377926e-01   8.7300492e-02
   1.3712375e-01   8.8108988e-02
   1.4046823e-01   8.8897121e-02
   1.4381271e-01   8.9665458e-02
   1.4715719e-01   9.0414538e-02
   1.5050167e-01   9.1144868e-02
   1.5384615e-01   9.1856927e-02
   1.5719064e-01   9.2551171e-02
   1.6053512e-01   9.3228032e-02
   1.6387960e-01   9.3887920e-02
   1.6722408e-01   9.4531223e-02
   1.7056856e-01   9.5158314e-02
   1.7391304e-01   9.5769545e-02
   1.7725753e-01   9.6365254e-02
   1.8060201e-01   9.6945762e-02
   1.8394649e-01   9.7511376e-02
   1.8729097e-01   9.8062391e-02
   1.9063545e-01   9.8599087e-02
   1.9397993e-01   9.9121734e-02
   1.9732441e-01   9.9630589e-02
   2.0066890e-01   1.0012590e-01
   2.0401338e-01   1.0060791e-01
   2.0735786e-01   1.0107684e-01
   2.1070234e-01   1.0153291e-01
   2.1404682e-01   1.0197633e-01
   2.1739130e-01   1.0240731e-01
   2.2073579e-01   1.0282604e-01
   2.2408027e-01   1.0323272e-01
   2.2742475e-01   1.0362751e-01
   2.3076923e-01   1.0401060e-01
   2.3411371e-01   1.0438215e-01
   2.3745819e-01   1.0474234e-01
   2.4080268e-01   1.0509131e-01
   2.4414716e-01   1.0542922e-01
   2.4749164e-01   1.0575622e-01
   2.5083612e-01   1.0607245e-01
   2.5418060e-01   1.0637804e-01
   2.5752508e-01   1.0667314e-01
   2.6086957e-01   1.0695786e-01
   2.6421405e-01   1.0723234e-01
   2.6755853e-01   1.0749670e-01
   2.7090301e-01   1.0775106e-01
   2.7424749e-01   1.0799552e-01
   2.7759197e-01   1.0823021e-01
   2.8093645e-01   1.0845522e-01
   2.8428094e-01   1.0867067e-01
   2.8762542e-01   1.0887665e-01
   2.9096990e-01   1.0907326e-01
   2.9431438e-01   1.0926061e-01
   2.9765886e-01   1.0943877e-01
   3.0100334e-01   1.0960785e-01
   3.0434783e-01   1.0976794e-01
   3.0769231e-01   1.0991911e-01
   3.1103679e-01   1.1006145e-01
   3.1438127e-01   1.1019504e-01
   3.1772575e-01   1.1031997e-01
   3.2107023e-01   1.1043630e-01
   3.2441472e-01   1.1054412e-01
   3.2775920e-01   1.1064350e-01
   3.3110368e-01   1.1073451e-01
   3.3444816e-01   1.1081721e-01
   3.3779264e-01   1.1089169e-01
   3.4113712e-01   1.1095799e-01
   3.4448161e-01   1.1101620e-01
   3.4782609e-01   1.1106636e-01
   3.5117057e-01   1.1110855e-01
   3.5451505e-01   1.1114282e-01
   3.5785953e-01   1.1116923e-01
   3.6120401e-01   1.1118784e-01
   3.6454849e-01   1.1119871e-01
   3.6789298e-01   1.1120188e-01
   3.7123746e-01   1.1119741e-01
   3.7458194e-01   1.1118536e-01
   3.7792642e-01   1.1116577e-01
   3.8127090e-01   1.1113870e-01
   3.8461538e-01   1.1110419e-01
   3.8795987e-01   1.1106229e-01
   3.9130435e-01   1.1101305e-01
   3.9464883e-01   1.1095651e-01
   3.9799331e-01   1.1089272e-01
   4.0133779e-01   1.1082172e-01
   4.0468227e-01   1.1074355e-01
   4.0802676e-01   1.1065825e-01
   4.1137124e-01   1.1056587e-01
   4.1471572e-01   1.1046644e-01
   4.1806020e-01   1.1036001e-01
   4.2140468e-01   1.1024660e-01
   4.2474916e-01   1.1012627e-01
   4.2809365e-01   1.0999903e-01
   4.3143813e-01   1.0986494e-01
   4.3478261e-01   1.0972402e-01
   4.3812709e-01   1.0957631e-01
   4.4147157e-01   1.0942183e-01
   4.4481605e-01   1.0926064e-01
   4.4816054e-01   1.0909274e-01
   4.5150502e-01   1.0891819e-01
   4.5484950e-01   1.0873700e-01
   4.5819398e-01   1.0854921e-01
   4.6153846e-01   1.0835484e-01
   4.6488294e-01   1.0815393e-01
   4.6822742e-01   1.0794650e-01
   4.7157191e-01   1.0773257e-01
   4.7491639e-01   1.0751219e-01
   4.7826087e-01   1.0728536e-01
   4.8160535e-01   1.0705213e-01
   4.8494983e-01   1.0681250e-01
   4.8829431e-01   1.0656651e-01
   4.9163880e-01   1.0631419e-01
   4.9498328e-01   1.0605554e-01
   4.9832776e-01   1.0579060e-01
   5.0167224e-01   1.0551940e-01
   5.0501672e-01   1.0524194e-01
   5.0836120e-01   1.0495825e-01
   5.1170569e-01   1.0466836e-01
   5.1505017e-01   1.0437228e-01
   5.1839465e-01   1.0407003e-01
   5.2173913e-01   1.0376163e-01
   5.2508361e-01   1.0344711e-01
   5.2842809e-01   1.0312647e-01
   5.3177258e-01   1.0279974e-01
   5.3511706e-01   1.0246694e-01
   5.3846154e-01   1.0212808e-01
   5.4180602e-01   1.0178318e-01
   5.4515050e-01   1.0143225e-01
   5.4849498e-01   1.0107532e-01
   5.5183946e-01   1.0071239e-01
   5.5518395e-01   1.0034348e-01
   5.5852843e-01   9.9968615e-02
   5.6187291e-01   9.9587797e-02
   5.6521739e-01   9.9201045e-02
   5.6856187e-01   9.8808371e-02
   5.7190635e-01   9.8409790e-02
   5.7525084e-01   9.8005314e-02
   5.7859532e-01   9.7594955e-02
   5.8193980e-01   9.7178726e-02
   5.8528428e-01   9.6756638e-02
   5.8862876e-01   9.6328704e-02
   5.9197324e-01   9.5894934e-02
   5.9531773e-01   9.5455339e-02
   5.9866221e-01   9.5009930e-02
   6.0200669e-01   9.4558716e-02
   6.0535117e-01   9.4101708e-02
   6.0869565e-01   9.3638915e-02
   6.1204013e-01   9.3170346e-02
   6.1538462e-01   9.2696011e-02
   6.1872910e-01   9.2215917e-02
   6.2207358e-01   9.1730073e-02
   6.2541806e-01   9.1238488e-02
   6.2876254e-01   9.0741168e-02
   6.3210702e-01   9.0238121e-02
   6.3545151e-01   8.9729354e-02
   6.3879599e-01   8.9214874e-02
   6.4214047e-01   8.8694688e-02
   6.4548495e-01   8.8168801e-02
   6.4882943e-01   8.7637220e-02
   6.5217391e-01   8.7099950e-02
   6.5551839e-01   8.6556996e-02
   6.5886288e-01   8.6008364e-02
   6.6220736e-01   8.5454059e-02
   6.6555184e-01   8.4894085e-02
   6.6889632e-01   8.4328446e-02
   6.7224080e-01   8.3757146e-02
   6.7558528e-01   8.3180189e-02
   6.7892977e-01   8.2597579e-02
   6.8227425e-01   8.2009319e-02
   6.8561873e-01   8.1415412e-02
   6.8896321e-01   8.0815860e-02
   6.9230769e-01   8.0210667e-02
   6.9565217e-01   7.9599833e-02
   6.9899666e-01   7.8983362e-02
   7.0234114e-01   7.8361254e-02
   7.0568562e-01   7.7733512e-02
   7.0903010e-01   7.7100136e-02
   7.1237458e-01   7.6461128e-02
   7.1571906e-01   7.5816489e-02
   7.1906355e-01   7.5166218e-02
   7.2240803e-01   7.4510316e-02
   7.2575251e-01   7.3848783e-02
   7.2909699e-01   7.3181619e-02
   7.3244147e-01   7.2508824e-02
   7.3578595e-01   7.1830396e-02
   7.3913043e-01   7.1146335e-02
   7.4247492e-01   7.0456640e-02
   7.4581940e-01   6.9761309e-02
   7.4916388e-01   6.9060341e-02
   7.5250836e-01   6.8353734e-02
   7.5585284e-01   6.7641485e-02
   7.5919732e-01   6.6923594e-02
   7.6254181e-01   6.6200056e-02
   7.6588629e-01   6.5470870e-02
   7.6923077e-01   6.4736032e-02
   7.7257525e-01   6.3995539e-02
   7.7591973e-01   6.3249388e-02
   7.7926421e-01   6.2497576e-02
   7.8260870e-01   6.1740098e-02
   7.8595318e-01   6.0976950e-02
   7.8929766e-01   6.0208129e-02
   7.9264214e-01   5.9433629e-02
   7.9598662e-01   5.8653447e-02
   7.9933110e-01   5.7867576e-02
   8.0267559e-01   5.7076013e-02
   8.0602007e-01   5.6278751e-02
   8.0936455e-01   5.5475786e-02
   8.1270903e-01   5.4667111e-02
   8.1605351e-01   5.3852721e-02
   8.1939799e-01   5.3032609e-02
   8.2274247e-01   5.2206770e-02
   8.2608696e-01   5.1375195e-02
   8.2943144e-01   5.0537880e-02
   8.3277592e-01   4.9694816e-02
   8.3612040e-01   4.8845997e-02
   8.3946488e-01   4.7991416e-02
   8.4280936e-01   4.7131063e-02
   8.4615385e-01   4.6264933e-02
   8.4949833e-01   4.5393017e-02
   8.5284281e-01   4.4515306e-02
   8.5618729e-01   4.3631792e-02
   8.5953177e-01   4.2742468e-02
   8.6287625e-01   4.1847323e-02
   8.6622074e-01   4.0946349e-02
   8.6956522e-01   4.0039536e-02
   8.7290970e-01   3.9126876e-02
   8.7625418e-01   3.8208359e-02
   8.7959866e-01   3.7283975e-02
   8.8294314e-01   3.6353713e-02
   8.8628763e-01   3.5417565e-02
   8.8963211e-01   3.4475518e-02
   8.9297659e-01   3.3527564e-02
   8.9632107e-01   3.2573690e-02
   8.9966555e-01   3.1613887e-02
   9.0301003e-01   3.0648142e-02
   9.0635452e-01   2.9676445e-02
   9.0969900e-01   2.8698784e-02
   9.1304348e-01   2.7715147e-02
   9.1638796e-01   2.6725522e-02
   9.1973244e-01   2.5729898e-02
   9.2307692e-01   2.4728261e-02
   9.2642140e-01   2.3720600e-02
   9.2976589e-01   2.2706901e-02
   9.3311037e-01   2.1687151e-02
   9.3645485e-01   2.0661338e-02
   9.3979933e-01   1.9629449e-02
   9.4314381e-01   1.8591469e-02
   9.4648829e-01   1.7547385e-02
   9.4983278e-01   1.6497184e-02
   9.5317726e-01   1.5440850e-02
   9.5652174e-01   1.4378370e-02
   9.5986622e-01   1.3309730e-02
   9.6321070e-01   1.2234914e-02
   9.6655518e-01   1.1153909e-02
   9.6989967e-01   1.0066698e-02
   9.7324415e-01   8.9732671e-03
   9.7658863e-01   7.8736004e-03
   9.7993311e-01   6.7676824e-03
   9.8327759e-01   5.6554973e-03
   9.8662207e-01   4.5370292e-03
   9.8996656e-01   3.4122618e-03
   9.9331104e-01   2.2811789e-03
   9.9665552e-01   1.1437639e-03
   1.0000000e+00   0.0000000e+00
   1.0000000e+00   0.0000000e+00
   9.9665552e-01   5.1644924e-04
   9.9331104e-01   1.0064697e-03
   9.8996656e-01   1.4705036e-03
   9.8662207e-01   1.9089895e-03
   9.8327759e-01   2.3223623e-03
   9.7993311e-01   2.7110533e-03
   9.7658863e-01   3.0754902e-03
   9.7324415e-01   3.4160972e-03
   9.6989967e-01   3.7332947e-03
   9.6655518e-01   4.0274998e-03
   9.6321070e-01   4.2991259e-03
   9.5986622e-01   4.5485826e-03
   9.5652174e-01   4.7762765e-03
   9.5317726e-01   4.9826101e-03
   9.4983278e-01   5.1679827e-03
   9.4648829e-01   5.3327902e-03
   9.4314381e-01   5.4774245e-03
   9.3979933e-01   5.6022746e-03
   9.3645485e-01   5.7077255e-03
   9.3311037e-01   5.7941592e-03
   9.2976589e-01   5.8619537e-03
   9.2642140e-01   5.9114841e-03
   9.2307692e-01   5.9431216e-03
   9.1973244e-01   5.9572343e-03
   9.1638796e-01   5.9541866e-03
   9.1304348e-01   5.9343397e-03
   9.0969900e-01   5.8980514e-03
   9.0635452e-01   5.8456758e-03
   9.0301003e-01   5.7775641e-03
   8.9966555e-01   5.6940637e-03
   8.9632107e-01   5.5955189e-03
   8.9297659e-01   5.4822705e-03
   8.8963211e-01   5.3546561e-03
   8.8628763e-01   5.2130099e-03
   8.8294314e-01   5.0576626e-03
   8.7959866e-01   4.8889420e-03
   8.7625418e-01   4.7071723e-03
   8.7290970e-01   4.5126743e-03
   8.6956522e-01   4.3057660e-03
   8.6622074e-01   4.0867617e-03
   8.6287625e-01   3.8559725e-03
   8.5953177e-01   3.6137066e-03
   8.5618729e-01   3.3602685e-03
   8.5284281e-01   3.0959597e-03
   8.4949833e-01   2.8210786e-03
   8.4615385e-01   2.5359203e-03
   8.4280936e-01   2.2407766e-03
   8.3946488e-01   1.9359363e-03
   8.3612040e-01   1.6216849e-03
   8.3277592e-01   1.2983048e-03
   8.2943144e-01   9.6607539e-04
   8.2608696e-01   6.2527267e-04
   8.2274247e-01   2.7616970e-04
   8.1939799e-01  -8.0963626e-05
   8.1605351e-01  -4.4586049e-04
   8.1270903e-01  -8.1825718e-04
   8.0936455e-01  -1.1978930e-03
   8.0602007e-01  -1.5845105e-03
   8.0267559e-01  -1.9778550e-03
   7.9933110e-01  -2.3776750e-03
   7.9598662e-01  -2.7837222e-03
   7.9264214e-01  -3.1957509e-03
   7.8929766e-01  -3.6135189e-03
   7.8595318e-01  -4.0367865e-03
   7.8260870e-01  -4.4653175e-03
   7.7926421e-01  -4.8988781e-03
   7.7591973e-01  -5.3372380e-03
   7.7257525e-01  -5.7801694e-03
   7.6923077e-01  -6.2274477e-03
   7.6588629e-01  -6.6788511e-03
   7.6254181e-01  -7.1341608e-03
   7.5919732e-01  -7.5931608e-03
   7.5585284e-01  -8.0556381e-03
   7.5250836e-01  -8.5213824e-03
   7.4916388e-01  -8.9901864e-03
   7.4581940e-01  -9.4618455e-03
   7.4247492e-01  -9.9361582e-03
   7.3913043e-01  -1.0412926e-02
   7.3578595e-01  -1.0891952e-02
   7.3244147e-01  -1.1373043e-02
   7.2909699e-01  -1.1856009e-02
   7.2575251e-01  -1.2340662e-02
   7.2240803e-01  -1.2826818e-02
   7.1906355e-01  -1.3314294e-02
   7.1571906e-01  -1.3802910e-02
   7.1237458e-01  -1.4292490e-02
   7.0903010e-01  -1.4782860e-02
   7.0568562e-01  -1.5273849e-02
   7.0234114e-01  -1.5765287e-02
   6.9899666e-01  -1.6257008e-02
   6.9565217e-01  -1.6748850e-02
   6.9230769e-01  -1.7240652e-02
   6.8896321e-01  -1.7732255e-02
   6.8561873e-01  -1.8223504e-02
   6.8227425e-01  -1.8714246e-02
   6.7892977e-01  -1.9204331e-02
   6.7558528e-01  -1.9693611e-02
   6.7224080e-01  -2.0181940e-02
   6.6889632e-01  -2.0669177e-02
   6.6555184e-01  -2.1155181e-02
   6.6220736e-01  -2.1639813e-02
   6.5886288e-01  -2.2122940e-02
   6.5551839e-01  -2.2604429e-02
   6.5217391e-01  -2.3084148e-02
   6.4882943e-01  -2.3561972e-02
   6.4548495e-01  -2.4037773e-02
   6.4214047e-01  -2.4511430e-02
   6.3879599e-01  -2.4982822e-02
   6.3545151e-01  -2.5451830e-02
   6.3210702e-01  -2.5918340e-02
   6.2876254e-01  -2.6382237e-02
   6.2541806e-01  -2.6843411e-02
   6.2207358e-01  -2.7301753e-02
   6.1872910e-01  -2.7757157e-02
   6.1538462e-01  -2.8209519e-02
   6.1204013e-01  -2.8658737e-02
   6.0869565e-01  -2.9104711e-02
   6.0535117e-01  -2.9547344e-02
   6.0200669e-01  -2.9986541e-02
   5.9866221e-01  -3.0422210e-02
   5.9531773e-01  -3.0854260e-02
   5.9197324e-01  -3.1282602e-02
   5.8862876e-01  -3.1707150e-02
   5.8528428e-01  -3.2127821e-02
   5.8193980e-01  -3.2544532e-02
   5.7859532e-01  -3.2957203e-02
   5.7525084e-01  -3.3365757e-02
   5.7190635e-01  -3.3770118e-02
   5.6856187e-01  -3.4170213e-02
   5.6521739e-01  -3.4565969e-02
   5.6187291e-01  -3.4957318e-02
   5.5852843e-01  -3.5344193e-02
   5.5518395e-01  -3.5726527e-02
   5.5183946e-01  -3.6104257e-02
   5.4849498e-01  -3.6477322e-02
   5.4515050e-01  -3.6845662e-02
   5.4180602e-01  -3.7209220e-02
   5.3846154e-01  -3.7567939e-02
   5.3511706e-01  -3.7921766e-02
   5.3177258e-01  -3.8270649e-02
   5.2842809e-01  -3.8614538e-02
   5.2508361e-01  -3.8953385e-02
   5.2173913e-01  -3.9287142e-02
   5.1839465e-01  -3.9615765e-02
   5.1505017e-01  -3.9939212e-02
   5.1170569e-01  -4.0257441e-02
   5.0836120e-01  -4.0570412e-02
   5.0501672e-01  -4.0878088e-02
   5.0167224e-01  -4.1180433e-02
   4.9832776e-01  -4.1477412e-02
   4.9498328e-01  -4.1768993e-02
   4.9163880e-01  -4.2055144e-02
   4.8829431e-01  -4.2335836e-02
   4.8494983e-01  -4.2611040e-02
   4.8160535e-01  -4.2880731e-02
   4.7826087e-01  -4.3144883e-02
   4.7491639e-01  -4.3403473e-02
   4.7157191e-01  -4.3656480e-02
   4.6822742e-01  -4.3903881e-02
   4.6488294e-01  -4.4145660e-02
   4.6153846e-01  -4.4381797e-02
   4.5819398e-01  -4.4612277e-02
   4.5484950e-01  -4.4837084e-02
   4.5150502e-01  -4.5056206e-02
   4.4816054e-01  -4.5269630e-02
   4.4481605e-01  -4.5477345e-02
   4.4147157e-01  -4.5679341e-02
   4.3812709e-01  -4.5875611e-02
   4.3478261e-01  -4.6066145e-02
   4.3143813e-01  -4.6250939e-02
   4.2809365e-01  -4.6429988e-02
   4.2474916e-01  -4.6603287e-02
   4.2140468e-01  -4.6770834e-02
   4.1806020e-01  -4.6932627e-02
   4.1471572e-01  -4.7088665e-02
   4.1137124e-01  -4.7238950e-02
   4.0802676e-01  -4.7383481e-02
   4.0468227e-01  -4.7522261e-02
   4.0133779e-01  -4.7655294e-02
   3.9799331e-01  -4.7782583e-02
   3.9464883e-01  -4.7904133e-02
   3.9130435e-01  -4.8019949e-02
   3.8795987e-01  -4.8130039e-02
   3.8461538e-01  -4.8234408e-02
   3.8127090e-01  -4.8333065e-02
   3.7792642e-01  -4.8426018e-02
   3.7458194e-01  -4.8513277e-02
   3.7123746e-01  -4.8594850e-02
   3.6789298e-01  -4.8670747e-02
   3.6454849e-01  -4.8740980e-02
   3.6120401e-01  -4.8805560e-02
   3.5785953e-01  -4.8864497e-02
   3.5451505e-01  -4.8917804e-02
   3.5117057e-01  -4.8965493e-02
   3.4782609e-01  -4.9007575e-02
   3.4448161e-01  -4.9044065e-02
   3.4113712e-01  -4.9074974e-02
   3.3779264e-01  -4.9100315e-02
   3.3444816e-01  -4.9120102e-02
   3.3110368e-01  -4.9134347e-02
   3.2775920e-01  -4.9143063e-02
   3.2441472e-01  -4.9146263e-02
   3.2107023e-01  -4.9143960e-02
   3.1772575e-01  -4.9136166e-02
   3.1438127e-01  -4.9122894e-02
   3.1103679e-01  -4.9104154e-02
   3.0769231e-01  -4.9079960e-02
   3.0434783e-01  -4.9050321e-02
   3.0100334e-01  -4.9015248e-02
   2.9765886e-01  -4.8974751e-02
   2.9431438e-01  -4.8928840e-02
   2.9096990e-01  -4.8877521e-02
   2.8762542e-01  -4.8820804e-02
   2.8428094e-01  -4.8758694e-02
   2.8093645e-01  -4.8691197e-02
   2.7759197e-01  -4.8618318e-02
   2.7424749e-01  -4.8540060e-02
   2.7090301e-01  -4.8456424e-02
   2.6755853e-01  -4.8367412e-02
   2.6421405e-01  -4.8273022e-02
   2.6086957e-01  -4.8173251e-02
   2.5752508e-01  -4.8068097e-02
   2.5418060e-01  -4.7957551e-02
   2.5083612e-01  -4.7841607e-02
   2.4749164e-01  -4.7720253e-02
   2.4414716e-01  -4.7593478e-02
   2.4080268e-01  -4.7461266e-02
   2.3745819e-01  -4.7323600e-02
   2.3411371e-01  -4.7180460e-02
   2.3076923e-01  -4.7031823e-02
   2.2742475e-01  -4.6877663e-02
   2.2408027e-01  -4.6717949e-02
   2.2073579e-01  -4.6552651e-02
   2.1739130e-01  -4.6381730e-02
   2.1404682e-01  -4.6205147e-02
   2.1070234e-01  -4.6022858e-02
   2.0735786e-01  -4.5834813e-02
   2.0401338e-01  -4.5640959e-02
   2.0066890e-01  -4.5441239e-02
   1.9732441e-01  -4.5235587e-02
   1.9397993e-01  -4.5023936e-02
   1.9063545e-01  -4.4806210e-02
   1.8729097e-01  -4.4582329e-02
   1.8394649e-01  -4.4352204e-02
   1.8060201e-01  -4.4115740e-02
   1.7725753e-01  -4.3872837e-02
   1.7391304e-01  -4.3623382e-02
   1.7056856e-01  -4.3367258e-02
   1.6722408e-01  -4.3104337e-02
   1.6387960e-01  -4.2834480e-02
   1.6053512e-01  -4.2557542e-02
   1.5719064e-01  -4.2273361e-02
   1.5384615e-01  -4.1981768e-02
   1.5050167e-01  -4.1682579e-02
   1.4715719e-01  -4.1375597e-02
   1.4381271e-01  -4.1060610e-02
   1.4046823e-01  -4.0737391e-02
   1.3712375e-01  -4.0405695e-02
   1.3377926e-01  -4.0065260e-02
   1.3043478e-01  -3.9715801e-02
   1.2709030e-01  -3.9357014e-02
   1.2374582e-01  -3.8988572e-02
   1.2040134e-01  -3.8610121e-02
   1.1705686e-01  -3.8221280e-02
   1.1371237e-01  -3.7821636e-02
   1.1036789e-01  -3.7410744e-02
   1.0702341e-01  -3.6988121e-02
   1.0367893e-01  -3.6553245e-02
   1.0033445e-01  -3.6105547e-02
   9.6989967e-02  -3.5644410e-02
   9.3645485e-02  -3.5169160e-02
   9.0301003e-02  -3.4679059e-02
   8.6956522e-02  -3.4173303e-02
   8.3612040e-02  -3.3651006e-02
   8.0267559e-02  -3.3111192e-02
   7.6923077e-02  -3.2552783e-02
   7.3578595e-02  -3.1974584e-02
   7.0234114e-02  -3.1375264e-02
   6.6889632e-02  -3.0753335e-02
   6.3545151e-02  -3.0107123e-02
   6.0200669e-02  -2.9434737e-02
   5.6856187e-02  -2.8734027e-02
   5.3511706e-02  -2.8002530e-02
   5.0167224e-02  -2.7237404e-02
   4.6822742e-02  -2.6435341e-02
   4.3478261e-02  -2.5592448e-02
   4.0133779e-02  -2.4704091e-02
   3.6789298e-02  -2.3764681e-02
   3.3444816e-02  -2.2767363e-02
   3.0100334e-02  -2.1703570e-02
   2.6755853e-02  -2.0562343e-02
   2.3411371e-02  -1.9329258e-02
   2.0066890e-02  -1.7984636e-02
   1.6722408e-02  -1.6500326e-02
   1.3377926e-02  -1.4833411e-02
   1.0033445e-02  -1.2912120e-02
   6.6889632e-03  -1.0597430e-02
   3.3444816e-03  -7.5328141e-03
   0.0000000e+00  -2.1200000e-03
