   0.0000000e+00   0.0000000e+00
   3.3444816e-03   1.0122335e-02
   6.6889632e-03   1.4216429e-02
   1.0033445e-02   1.7291925e-02
   1.3377926e-02   1.9830436e-02
   1.6722408e-02   2.2020095e-02
   2.0066890e-02   2.3958195e-02
   2.3411371e-02   2.5703018e-02
   2.6755853e-02   2.7292861e-02
   3.0100334e-02   2.8754552e-02
   3.3444816e-02   3.0107794e-02
   3.6789298e-02   3.1367590e-02
   4.0133779e-02   3.2545695e-02
   4.3478261e-02   3.3651540e-02
   4.6822742e-02   3.4692836e-02
   5.0167224e-02   3.5675995e-02
   5.3511706e-02   3.6606419e-02
   5.6856187e-02   3.7488716e-02
   6.0200669e-02   3.8326859e-02
   6.3545151e-02   3.9124304e-02
   6.6889632e-02   3.9884080e-02
   7.0234114e-02   4.0608863e-02
   7.3578595e-02   4.1301034e-02
   7.6923077e-02   4.1962720e-02
   8.0267559e-02   4.2595834e-02
   8.3612040e-02   4.3202102e-02
   8.6956522e-02   4.3783092e-02
   9.0301003e-02   4.4340231e-02
   9.3645485e-02   4.4874822e-02
   9.6989967e-02   4.5388061e-02
   1.0033445e-01   4.5881048e-02
   1.0367893e-01   4.6354799e-02
   1.0702341e-01   4.6810250e-02
   1.1036789e-01   4.7248273e-02
   1.1371237e-01   4.7669674e-02
   1.1705686e-01   4.8075206e-02
   1.2040134e-01   4.8465572e-02
   1.2374582e-01   4.8841426e-02
   1.2709030e-01   4.9203383e-02
   1.3043478e-01   4.9552018e-02
   1.3377926e-01   4.9887871e-02
   1.3712375e-01   5.0211450e-02
   1.4046823e-01   5.0523233e-02
   1.4381271e-01   5.0823670e-02
   1.4715719e-01   5.1113186e-02
   1.5050167e-01   5.1392183e-02
   1.5384615e-01   5.1661038e-02
   1.5719064e-01   5.1920112e-02
   1.6053512e-01   5.2169744e-02
   1.6387960e-01   5.2410256e-02
   1.6722408e-01   5.2641953e-02
   1.7056856e-01   5.2865124e-02
   1.7391304e-01   5.3080044e-02
   1.7725753e-01   5.3286975e-02
   1.8060201e-01   5.3486165e-02
   1.8394649e-01   5.3677849e-02
   1.8729097e-01   5.3862253e-02
   1.9063545e-01   5.4039589e-02
   1.9397993e-01   5.4210062e-02
   1.9732441e-01   5.4373865e-02
   2.0066890e-01   5.4531182e-02
   2.0401338e-01   5.4682190e-02
   2.0735786e-01   5.4827055e-02
   2.1070234e-01   5.4965938e-02
   2.1404682e-01   5.5098991e-02
   2.1739130e-01   5.5226358e-02
   2.2073579e-01   5.5348180e-02
   2.2408027e-01   5.5464586e-02
   2.2742475e-01   5.5575705e-02
   2.3076923e-01   5.5681654e-02
   2.3411371e-01   5.5782550e-02
   2.3745819e-01   5.5878501e-02
   2.4080268e-01   5.5969611e-02
   2.4414716e-01   5.6055981e-02
   2.4749164e-01   5.6137703e-02
   2.5083612e-01   5.6214869e-02
   2.5418060e-01   5.6287564e-02
   2.5752508e-01   5.6355871e-02
   2.6086957e-01   5.6419867e-02
   2.6421405e-01   5.6479626e-02
   2.6755853e-01   5.6535220e-02
   2.7090301e-01   5.6586716e-02
   2.7424749e-01   5.6634178e-02
   2.7759197e-01   5.6677665e-02
   2.8093645e-01   5.6717238e-02
   2.8428094e-01   5.6752949e-02
   2.8762542e-01   5.6784852e-02
   2.9096990e-01   5.6812995e-02
   2.9431438e-01   5.6837426e-02
   2.9765886e-01   5.6858189e-02
   3.0100334e-01   5.6875326e-02
   3.0434783e-01   5.6888877e-02
   3.0769231e-01   5.6898880e-02
   3.1103679e-01   5.6905369e-02
   3.1438127e-01   5.6908379e-02
   3.1772575e-01   5.6907941e-02
   3.2107023e-01   5.6904084e-02
   3.2441472e-01   5.6896837e-02
   3.2775920e-01   5.6886225e-02
   3.3110368e-01   5.6872274e-02
   3.3444816e-01   5.6855005e-02
   3.3779264e-01   5.6834441e-02
   3.4113712e-01   5.6810602e-02
   3.4448161e-01   5.6783505e-02
   3.4782609e-01   5.6753169e-02
   3.5117057e-01   5.6719609e-02
   3.5451505e-01   5.6682840e-02
   3.5785953e-01   5.6642875e-02
   3.6120401e-01   5.6599727e-02
   3.6454849e-01   5.6553407e-02
   3.6789298e-01   5.6503926e-02
   3.7123746e-01   5.6451293e-02
   3.7458194e-01   5.6395516e-02
   3.7792642e-01   5.6336602e-02
   3.8127090e-01   5.6274559e-02
   3.8461538e-01   5.6209392e-02
   3.8795987e-01   5.6141107e-02
   3.9130435e-01   5.6069706e-02
   3.9464883e-01   5.5995195e-02
   3.9799331e-01   5.5917576e-02
   4.0133779e-01   5.5836851e-02
   4.0468227e-01   5.5753022e-02
   4.0802676e-01   5.5666090e-02
   4.1137124e-01   5.5576056e-02
   4.1471572e-01   5.5482920e-02
   4.1806020e-01   5.5386682e-02
   4.2140468e-01   5.5287340e-02
   4.2474916e-01   5.5184895e-02
   4.2809365e-01   5.5079343e-02
   4.3143813e-01   5.4970683e-02
   4.3478261e-01   5.4858914e-02
   4.3812709e-01   5.4744032e-02
   4.4147157e-01   5.4626035e-02
   4.4481605e-01   5.4504920e-02
   4.4816054e-01   5.4380684e-02
   4.5150502e-01   5.4253323e-02
   4.5484950e-01   5.4122833e-02
   4.5819398e-01   5.3989211e-02
   4.6153846e-01   5.3852454e-02
   4.6488294e-01   5.3712556e-02
   4.6822742e-01   5.3569515e-02
   4.7157191e-01   5.3423326e-02
   4.7491639e-01   5.3273986e-02
   4.7826087e-01   5.3121489e-02
   4.8160535e-01   5.2965832e-02
   4.8494983e-01   5.2807012e-02
   4.8829431e-01   5.2645023e-02
   4.9163880e-01   5.2479862e-02
   4.9498328e-01   5.2311526e-02
   4.9832776e-01   5.2140010e-02
   5.0167224e-01   5.1965311e-02
   5.0501672e-01   5.1787426e-02
   5.0836120e-01   5.1606352e-02
   5.1170569e-01   5.1422084e-02
   5.1505017e-01   5.1234621e-02
   5.1839465e-01   5.1043960e-02
   5.2173913e-01   5.0850098e-02
   5.2508361e-01   5.0653033e-02
   5.2842809e-01   5.0452764e-02
   5.3177258e-01   5.0249288e-02
   5.3511706e-01   5.0042605e-02
   5.3846154e-01   4.9832713e-02
   5.4180602e-01   4.9619612e-02
   5.4515050e-01   4.9403301e-02
   5.4849498e-01   4.9183781e-02
   5.5183946e-01   4.8961052e-02
   5.5518395e-01   4.8735114e-02
   5.5852843e-01   4.8505969e-02
   5.6187291e-01   4.8273619e-02
   5.6521739e-01   4.8038065e-02
   5.6856187e-01   4.7799311e-02
   5.7190635e-01   4.7557358e-02
   5.7525084e-01   4.7312211e-02
   5.7859532e-01   4.7063873e-02
   5.8193980e-01   4.6812349e-02
   5.8528428e-01   4.6557644e-02
   5.8862876e-01   4.6299764e-02
   5.9197324e-01   4.6038713e-02
   5.9531773e-01   4.5774500e-02
   5.9866221e-01   4.5507130e-02
   6.0200669e-01   4.5236612e-02
   6.0535117e-01   4.4962954e-02
   6.0869565e-01   4.4686164e-02
   6.1204013e-01   4.4406253e-02
   6.1538462e-01   4.4123231e-02
   6.1872910e-01   4.3837107e-02
   6.2207358e-01   4.3547894e-02
   6.2541806e-01   4.3255603e-02
   6.2876254e-01   4.2960248e-02
   6.3210702e-01   4.2661841e-02
   6.3545151e-01   4.2360397e-02
   6.3879599e-01   4.2055930e-02
   6.4214047e-01   4.1748457e-02
   6.4548495e-01   4.1437992e-02
   6.4882943e-01   4.1124554e-02
   6.5217391e-01   4.0808159e-02
   6.5551839e-01   4.0488827e-02
   6.5886288e-01   4.0166576e-02
   6.6220736e-01   3.9841426e-02
   6.6555184e-01   3.9513398e-02
   6.6889632e-01   3.9182514e-02
   6.7224080e-01   3.8848796e-02
   6.7558528e-01   3.8512267e-02
   6.7892977e-01   3.8172951e-02
   6.8227425e-01   3.7830873e-02
   6.8561873e-01   3.7486059e-02
   6.8896321e-01   3.7138535e-02
   6.9230769e-01   3.6788328e-02
   6.9565217e-01   3.6435466e-02
   6.9899666e-01   3.6079980e-02
   7.0234114e-01   3.5721898e-02
   7.0568562e-01   3.5361251e-02
   7.0903010e-01   3.4998072e-02
   7.1237458e-01   3.4632393e-02
   7.1571906e-01   3.4264247e-02
   7.1906355e-01   3.3893670e-02
   7.2240803e-01   3.3520697e-02
   7.2575251e-01   3.3145363e-02
   7.2909699e-01   3.2767707e-02
   7.3244147e-01   3.2387767e-02
   7.3578595e-01   3.2005582e-02
   7.3913043e-01   3.1621193e-02
   7.4247492e-01   3.1234640e-02
   7.4581940e-01   3.0845967e-02
   7.4916388e-01   3.0455216e-02
   7.5250836e-01   3.0062431e-02
   7.5585284e-01   2.9667659e-02
   7.5919732e-01   2.9270945e-02
   7.6254181e-01   2.8872337e-02
   7.6588629e-01   2.8471883e-02
   7.6923077e-01   2.8069633e-02
   7.7257525e-01   2.7665638e-02
   7.7591973e-01   2.7259948e-02
   7.7926421e-01   2.6852618e-02
   7.8260870e-01   2.6443699e-02
   7.8595318e-01   2.6033249e-02
   7.8929766e-01   2.5621321e-02
   7.9264214e-01   2.5207975e-02
   7.9598662e-01   2.4793267e-02
   7.9933110e-01   2.4377257e-02
   8.0267559e-01   2.3960005e-02
   8.0602007e-01   2.3541574e-02
   8.0936455e-01   2.3122026e-02
   8.1270903e-01   2.2701424e-02
   8.1605351e-01   2.2279835e-02
   8.1939799e-01   2.1857323e-02
   8.2274247e-01   2.1433957e-02
   8.2608696e-01   2.1009806e-02
   8.2943144e-01   2.0584938e-02
   8.3277592e-01   2.0159424e-02
   8.3612040e-01   1.9733338e-02
   8.3946488e-01   1.9306752e-02
   8.4280936e-01   1.8879741e-02
   8.4615385e-01   1.8452381e-02
   8.4949833e-01   1.8024749e-02
   8.5284281e-01   1.7596922e-02
   8.5618729e-01   1.7168981e-02
   8.5953177e-01   1.6741007e-02
   8.6287625e-01   1.6313080e-02
   8.6622074e-01   1.5885286e-02
   8.6956522e-01   1.5457707e-02
   8.7290970e-01   1.5030430e-02
   8.7625418e-01   1.4603543e-02
   8.7959866e-01   1.4177133e-02
   8.8294314e-01   1.3751289e-02
   8.8628763e-01   1.3326104e-02
   8.8963211e-01   1.2901670e-02
   8.9297659e-01   1.2478079e-02
   8.9632107e-01   1.2055427e-02
   8.9966555e-01   1.1633810e-02
   9.0301003e-01   1.1213326e-02
   9.0635452e-01   1.0794074e-02
   9.0969900e-01   1.0376154e-02
   9.1304348e-01   9.9596666e-03
   9.1638796e-01   9.5447161e-03
   9.1973244e-01   9.1314064e-03
   9.2307692e-01   8.7198433e-03
   9.2642140e-01   8.3101337e-03
   9.2976589e-01   7.9023862e-03
   9.3311037e-01   7.4967105e-03
   9.3645485e-01   7.0932181e-03
   9.3979933e-01   6.6920214e-03
   9.4314381e-01   6.2932345e-03
   9.4648829e-01   5.8969729e-03
   9.4983278e-01   5.5033534e-03
   9.5317726e-01   5.1124945e-03
   9.5652174e-01   4.7245157e-03
   9.5986622e-01   4.3395382e-03
   9.6321070e-01   3.9576847e-03
   9.6655518e-01   3.5790792e-03
   9.6989967e-01   3.2038472e-03
   9.7324415e-01   2.8321156e-03
   9.7658863e-01   2.4640129e-03
   9.7993311e-01   2.0996690e-03
   9.8327759e-01   1.7392152e-03
   9.8662207e-01   1.3827844e-03
   9.8996656e-01   1.0305109e-03
   9.9331104e-01   6.8253051e-04
   9.9665552e-01   3.3898061e-04
   1.0000000e+00   0.0000000e+00
   1.0000000e+00  -0.0000000e+00
   9.9665552e-01  -4.1411692e-04
   9.9331104e-01  -8.2245979e-04
   9.8996656e-01  -1.2250850e-03
   9.8662207e-01  -1.6220486e-03
   9.8327759e-01  -2.0134063e-03
   9.7993311e-01  -2.3992138e-03
   9.7658863e-01  -2.7795262e-03
   9.7324415e-01  -3.1543984e-03
   9.6989967e-01  -3.5238851e-03
   9.6655518e-01  -3.8880407e-03
   9.6321070e-01  -4.2469191e-03
   9.5986622e-01  -4.6005742e-03
   9.5652174e-01  -4.9490594e-03
   9.5317726e-01  -5.2924279e-03
   9.4983278e-01  -5.6307326e-03
   9.4648829e-01  -5.9640262e-03
   9.4314381e-01  -6.2923609e-03
   9.3979933e-01  -6.6157889e-03
   9.3645485e-01  -6.9343617e-03
   9.3311037e-01  -7.2481310e-03
   9.2976589e-01  -7.5571478e-03
   9.2642140e-01  -7.8614630e-03
   9.2307692e-01  -8.1611273e-03
   9.1973244e-01  -8.4561909e-03
   9.1638796e-01  -8.7467038e-03
   9.1304348e-01  -9.0327157e-03
   9.0969900e-01  -9.3142761e-03
   9.0635452e-01  -9.5914341e-03
   9.0301003e-01  -9.8642386e-03
   8.9966555e-01  -1.0132738e-02
   8.9632107e-01  -1.0396981e-02
   8.9297659e-01  -1.0657015e-02
   8.8963211e-01  -1.0912888e-02
   8.8628763e-01  -1.1164647e-02
   8.8294314e-01  -1.1412340e-02
   8.7959866e-01  -1.1656013e-02
   8.7625418e-01  -1.1895713e-02
   8.7290970e-01  -1.2131486e-02
   8.6956522e-01  -1.2363378e-02
   8.6622074e-01  -1.2591435e-02
   8.6287625e-01  -1.2815701e-02
   8.5953177e-01  -1.3036223e-02
   8.5618729e-01  -1.3253045e-02
   8.5284281e-01  -1.3466211e-02
   8.4949833e-01  -1.3675765e-02
   8.4615385e-01  -1.3881752e-02
   8.4280936e-01  -1.4084215e-02
   8.3946488e-01  -1.4283198e-02
   8.3612040e-01  -1.4478743e-02
   8.3277592e-01  -1.4670893e-02
   8.2943144e-01  -1.4859691e-02
   8.2608696e-01  -1.5045179e-02
   8.2274247e-01  -1.5227398e-02
   8.1939799e-01  -1.5406391e-02
   8.1605351e-01  -1.5582198e-02
   8.1270903e-01  -1.5754861e-02
   8.0936455e-01  -1.5924420e-02
   8.0602007e-01  -1.6090915e-02
   8.0267559e-01  -1.6254388e-02
   7.9933110e-01  -1.6414876e-02
   7.9598662e-01  -1.6572421e-02
   7.9264214e-01  -1.6727061e-02
   7.8929766e-01  -1.6878836e-02
   7.8595318e-01  -1.7027783e-02
   7.8260870e-01  -1.7173941e-02
   7.7926421e-01  -1.7317349e-02
   7.7591973e-01  -1.7458043e-02
   7.7257525e-01  -1.7596062e-02
   7.6923077e-01  -1.7731442e-02
   7.6588629e-01  -1.7864221e-02
   7.6254181e-01  -1.7994435e-02
   7.5919732e-01  -1.8122120e-02
   7.5585284e-01  -1.8247312e-02
   7.5250836e-01  -1.8370047e-02
   7.4916388e-01  -1.8490360e-02
   7.4581940e-01  -1.8608286e-02
   7.4247492e-01  -1.8723861e-02
   7.3913043e-01  -1.8837118e-02
   7.3578595e-01  -1.8948091e-02
   7.3244147e-01  -1.9056815e-02
   7.2909699e-01  -1.9163323e-02
   7.2575251e-01  -1.9267649e-02
   7.2240803e-01  -1.9369825e-02
   7.1906355e-01  -1.9469883e-02
   7.1571906e-01  -1.9567857e-02
   7.1237458e-01  -1.9663779e-02
   7.0903010e-01  -1.9757679e-02
   7.0568562e-01  -1.9849590e-02
   7.0234114e-01  -1.9939542e-02
   6.9899666e-01  -2.0027567e-02
   6.9565217e-01  -2.0113695e-02
   6.9230769e-01  -2.0197956e-02
   6.8896321e-01  -2.0280381e-02
   6.8561873e-01  -2.0360998e-02
   6.8227425e-01  -2.0439837e-02
   6.7892977e-01  -2.0516927e-02
   6.7558528e-01  -2.0592296e-02
   6.7224080e-01  -2.0665973e-02
   6.6889632e-01  -2.0737987e-02
   6.6555184e-01  -2.0808364e-02
   6.6220736e-01  -2.0877132e-02
   6.5886288e-01  -2.0944319e-02
   6.5551839e-01  -2.1009951e-02
   6.5217391e-01  -2.1074054e-02
   6.4882943e-01  -2.1136654e-02
   6.4548495e-01  -2.1197778e-02
   6.4214047e-01  -2.1257452e-02
   6.3879599e-01  -2.1315699e-02
   6.3545151e-01  -2.1372545e-02
   6.3210702e-01  -2.1428015e-02
   6.2876254e-01  -2.1482133e-02
   6.2541806e-01  -2.1534923e-02
   6.2207358e-01  -2.1586408e-02
   6.1872910e-01  -2.1636611e-02
   6.1538462e-01  -2.1685556e-02
   6.1204013e-01  -2.1733265e-02
   6.0869565e-01  -2.1779761e-02
   6.0535117e-01  -2.1825065e-02
   6.0200669e-01  -2.1869198e-02
   5.9866221e-01  -2.1912183e-02
   5.9531773e-01  -2.1954040e-02
   5.9197324e-01  -2.1994790e-02
   5.8862876e-01  -2.2034452e-02
   5.8528428e-01  -2.2073048e-02
   5.8193980e-01  -2.2110596e-02
   5.7859532e-01  -2.2147116e-02
   5.7525084e-01  -2.2182627e-02
   5.7190635e-01  -2.2217147e-02
   5.6856187e-01  -2.2250694e-02
   5.6521739e-01  -2.2283287e-02
   5.6187291e-01  -2.2314942e-02
   5.5852843e-01  -2.2345677e-02
   5.5518395e-01  -2.2375510e-02
   5.5183946e-01  -2.2404455e-02
   5.4849498e-01  -2.2432530e-02
   5.4515050e-01  -2.2459750e-02
   5.4180602e-01  -2.2486130e-02
   5.3846154e-01  -2.2511686e-02
   5.3511706e-01  -2.2536432e-02
   5.3177258e-01  -2.2560383e-02
   5.2842809e-01  -2.2583551e-02
   5.2508361e-01  -2.2605952e-02
   5.2173913e-01  -2.2627598e-02
   5.1839465e-01  -2.2648501e-02
   5.1505017e-01  -2.2668675e-02
   5.1170569e-01  -2.2688131e-02
   5.0836120e-01  -2.2706881e-02
   5.0501672e-01  -2.2724937e-02
   5.0167224e-01  -2.2742308e-02
   4.9832776e-01  -2.2759006e-02
   4.9498328e-01  -2.2775040e-02
   4.9163880e-01  -2.2790421e-02
   4.8829431e-01  -2.2805158e-02
   4.8494983e-01  -2.2819259e-02
   4.8160535e-01  -2.2832732e-02
   4.7826087e-01  -2.2845587e-02
   4.7491639e-01  -2.2857831e-02
   4.7157191e-01  -2.2869470e-02
   4.6822742e-01  -2.2880512e-02
   4.6488294e-01  -2.2890962e-02
   4.6153846e-01  -2.2900828e-02
   4.5819398e-01  -2.2910114e-02
   4.5484950e-01  -2.2918826e-02
   4.5150502e-01  -2.2926968e-02
   4.4816054e-01  -2.2934544e-02
   4.4481605e-01  -2.2941558e-02
   4.4147157e-01  -2.2948013e-02
   4.3812709e-01  -2.2953913e-02
   4.3478261e-01  -2.2959259e-02
   4.3143813e-01  -2.2964052e-02
   4.2809365e-01  -2.2968296e-02
   4.2474916e-01  -2.2971990e-02
   4.2140468e-01  -2.2975135e-02
   4.1806020e-01  -2.2977731e-02
   4.1471572e-01  -2.2979776e-02
   4.1137124e-01  -2.2981271e-02
   4.0802676e-01  -2.2982213e-02
   4.0468227e-01  -2.2982601e-02
   4.0133779e-01  -2.2982431e-02
   3.9799331e-01  -2.2981700e-02
   3.9464883e-01  -2.2980405e-02
   3.9130435e-01  -2.2978542e-02
   3.8795987e-01  -2.2976104e-02
   3.8461538e-01  -2.2973088e-02
   3.8127090e-01  -2.2969486e-02
   3.7792642e-01  -2.2965293e-02
   3.7458194e-01  -2.2960500e-02
   3.7123746e-01  -2.2955101e-02
   3.6789298e-01  -2.2949086e-02
   3.6454849e-01  -2.2942447e-02
   3.6120401e-01  -2.2935174e-02
   3.5785953e-01  -2.2927256e-02
   3.5451505e-01  -2.2918683e-02
   3.5117057e-01  -2.2909442e-02
   3.4782609e-01  -2.2899522e-02
   3.4448161e-01  -2.2888909e-02
   3.4113712e-01  -2.2877589e-02
   3.3779264e-01  -2.2865547e-02
   3.3444816e-01  -2.2852770e-02
   3.3110368e-01  -2.2839239e-02
   3.2775920e-01  -2.2824939e-02
   3.2441472e-01  -2.2809852e-02
   3.2107023e-01  -2.2793958e-02
   3.1772575e-01  -2.2777240e-02
   3.1438127e-01  -2.2759677e-02
   3.1103679e-01  -2.2741247e-02
   3.0769231e-01  -2.2721928e-02
   3.0434783e-01  -2.2701699e-02
   3.0100334e-01  -2.2680534e-02
   2.9765886e-01  -2.2658410e-02
   2.9431438e-01  -2.2635300e-02
   2.9096990e-01  -2.2611177e-02
   2.8762542e-01  -2.2586014e-02
   2.8428094e-01  -2.2559782e-02
   2.8093645e-01  -2.2532450e-02
   2.7759197e-01  -2.2503987e-02
   2.7424749e-01  -2.2474361e-02
   2.7090301e-01  -2.2443539e-02
   2.6755853e-01  -2.2411485e-02
   2.6421405e-01  -2.2378163e-02
   2.6086957e-01  -2.2343535e-02
   2.5752508e-01  -2.2307563e-02
   2.5418060e-01  -2.2270207e-02
   2.5083612e-01  -2.2231424e-02
   2.4749164e-01  -2.2191170e-02
   2.4414716e-01  -2.2149402e-02
   2.4080268e-01  -2.2106072e-02
   2.3745819e-01  -2.2061133e-02
   2.3411371e-01  -2.2014532e-02
   2.3076923e-01  -2.1966220e-02
   2.2742475e-01  -2.1916142e-02
   2.2408027e-01  -2.1864241e-02
   2.2073579e-01  -2.1810460e-02
   2.1739130e-01  -2.1754739e-02
   2.1404682e-01  -2.1697014e-02
   2.1070234e-01  -2.1637221e-02
   2.0735786e-01  -2.1575293e-02
   2.0401338e-01  -2.1511159e-02
   2.0066890e-01  -2.1444747e-02
   1.9732441e-01  -2.1375980e-02
   1.9397993e-01  -2.1304781e-02
   1.9063545e-01  -2.1231066e-02
   1.8729097e-01  -2.1154751e-02
   1.8394649e-01  -2.1075747e-02
   1.8060201e-01  -2.0993961e-02
   1.7725753e-01  -2.0909297e-02
   1.7391304e-01  -2.0821653e-02
   1.7056856e-01  -2.0730925e-02
   1.6722408e-01  -2.0637003e-02
   1.6387960e-01  -2.0539772e-02
   1.6053512e-01  -2.0439111e-02
   1.5719064e-01  -2.0334895e-02
   1.5384615e-01  -2.0226992e-02
   1.5050167e-01  -2.0115263e-02
   1.4715719e-01  -1.9999563e-02
   1.4381271e-01  -1.9879740e-02
   1.4046823e-01  -1.9755631e-02
   1.3712375e-01  -1.9627069e-02
   1.3377926e-01  -1.9493874e-02
   1.3043478e-01  -1.9355858e-02
   1.2709030e-01  -1.9212822e-02
   1.2374582e-01  -1.9064552e-02
   1.2040134e-01  -1.8910827e-02
   1.1705686e-01  -1.8751406e-02
   1.1371237e-01  -1.8586037e-02
   1.1036789e-01  -1.8414449e-02
   1.0702341e-01  -1.8236353e-02
   1.0367893e-01  -1.8051439e-02
   1.0033445e-01  -1.7859375e-02
   9.6989967e-02  -1.7659804e-02
   9.3645485e-02  -1.7452339e-02
   9.0301003e-02  -1.7236564e-02
   8.6956522e-02  -1.7012025e-02
   8.3612040e-02  -1.6778230e-02
   8.0267559e-02  -1.6534640e-02
   7.6923077e-02  -1.6280665e-02
   7.3578595e-02  -1.6015653e-02
   7.0234114e-02  -1.5738887e-02
   6.6889632e-02  -1.5449565e-02
   6.3545151e-02  -1.5146794e-02
   6.0200669e-02  -1.4829569e-02
   5.6856187e-02  -1.4496751e-02
   5.3511706e-02  -1.4147042e-02
   5.0167224e-02  -1.3778951e-02
   4.6822742e-02  -1.3390744e-02
   4.3478261e-02  -1.2980392e-02
   4.0133779e-02  -1.2545482e-02
   3.6789298e-02  -1.2083110e-02
   3.3444816e-02  -1.1589722e-02
   3.0100334e-02  -1.1060883e-02
   2.6755853e-02  -1.0490927e-02
   2.3411371e-02  -9.8724039e-03
   2.0066890e-02  -9.1951574e-03
   1.6722408e-02  -8.4446708e-03
   1.3377926e-02  -7.5988230e-03
   1.0033445e-02  -6.6206393e-03
   6.6889632e-03  -5.4385299e-03
   3.3444816e-03  -3.8689927e-03
   0.0000000e+00   0.0000000e+00
