   0.0000000e+00   0.0000000e+00
   3.3444816e-03   1.1909186e-02
   6.6889632e-03   1.6847709e-02
   1.0033445e-02   2.0639393e-02
   1.3377926e-02   2.3836571e-02
   1.6722408e-02   2.6652849e-02
   2.0066890e-02   2.9197577e-02
   2.3411371e-02   3.1535578e-02
   2.6755853e-02   3.3708986e-02
   3.0100334e-02   3.5746993e-02
   3.3444816e-02   3.7670793e-02
   3.6789298e-02   3.9496339e-02
   4.0133779e-02   4.1235985e-02
   4.3478261e-02   4.2899524e-02
   4.6822742e-02   4.4494866e-02
   5.0167224e-02   4.6028512e-02
   5.3511706e-02   4.7505871e-02
   5.6856187e-02   4.8931504e-02
   6.0200669e-02   5.0309294e-02
   6.3545151e-02   5.1642580e-02
   6.6889632e-02   5.2934257e-02
   7.0234114e-02   5.4186851e-02
   7.3578595e-02   5.5402583e-02
   7.6923077e-02   5.6583418e-02
   8.0267559e-02   5.7731102e-02
   8.3612040e-02   5.8847197e-02
   8.6956522e-02   5.9933106e-02
   9.0301003e-02   6.0990094e-02
   9.3645485e-02   6.2019305e-02
   9.6989967e-02   6.3021782e-02
   1.0033445e-01   6.3998474e-02
   1.0367893e-01   6.4950251e-02
   1.0702341e-01   6.5877911e-02
   1.1036789e-01   6.6782189e-02
   1.1371237e-01   6.7663766e-02
   1.1705686e-01   6.8523269e-02
   1.2040134e-01   6.9361282e-02
   1.2374582e-01   7.0178350e-02
   1.2709030e-01   7.0974980e-02
   1.3043478e-01   7.1751644e-02
   1.3377926e-01   7.2508789e-02
   1.3712375e-01   7.3246831e-02
   1.4046823e-01   7.3966162e-02
   1.4381271e-01   7.4667154e-02
   1.4715719e-01   7.5350156e-02
   1.5050167e-01   7.6015500e-02
   1.5384615e-01   7.6663498e-02
   1.5719064e-01   7.7294450e-02
   1.6053512e-01   7.7908640e-02
   1.6387960e-01   7.8506337e-02
   1.6722408e-01   7.9087799e-02
   1.7056856e-01   7.9653275e-02
   1.7391304e-01   8.0203000e-02
   1.7725753e-01   8.0737201e-02
   1.8060201e-01   8.1256096e-02
   1.8394649e-01   8.1759893e-02
   1.8729097e-01   8.2248796e-02
   1.9063545e-01   8.2722997e-02
   1.9397993e-01   8.3182686e-02
   1.9732441e-01   8.3628044e-02
   2.0066890e-01   8.4059247e-02
   2.0401338e-01   8.4476465e-02
   2.0735786e-01   8.4879863e-02
   2.1070234e-01   8.5269603e-02
   2.1404682e-01   8.5645840e-02
   2.1739130e-01   8.6008728e-02
   2.2073579e-01   8.6358413e-02
   2.2408027e-01   8.6695042e-02
   2.2742475e-01   8.7018754e-02
   2.3076923e-01   8.7329689e-02
   2.3411371e-01   8.7627982e-02
   2.3745819e-01   8.7913765e-02
   2.4080268e-01   8.8187168e-02
   2.4414716e-01   8.8448318e-02
   2.4749164e-01   8.8697340e-02
   2.5083612e-01   8.8934357e-02
   2.5418060e-01   8.9159489e-02
   2.5752508e-01   8.9372856e-02
   2.6086957e-01   8.9574574e-02
   2.6421405e-01   8.9764759e-02
   2.6755853e-01   8.9943523e-02
   2.7090301e-01   9.0110980e-02
   2.7424749e-01   9.0267239e-02
   2.7759197e-01   9.0412410e-02
   2.8093645e-01   9.0546601e-02
   2.8428094e-01   9.0669918e-02
   2.8762542e-01   9.0782467e-02
   2.9096990e-01   9.0884352e-02
   2.9431438e-01   9.0975676e-02
   2.9765886e-01   9.1056542e-02
   3.0100334e-01   9.1127052e-02
   3.0434783e-01   9.1187304e-02
   3.0769231e-01   9.1237400e-02
   3.1103679e-01   9.1277438e-02
   3.1438127e-01   9.1307515e-02
   3.1772575e-01   9.1327730e-02
   3.2107023e-01   9.1338178e-02
   3.2441472e-01   9.1338957e-02
   3.2775920e-01   9.1330159e-02
   3.3110368e-01   9.1311882e-02
   3.3444816e-01   9.1284217e-02
   3.3779264e-01   9.1247260e-02
   3.4113712e-01   9.1201103e-02
   3.4448161e-01   9.1145837e-02
   3.4782609e-01   9.1081556e-02
   3.5117057e-01   9.1008351e-02
   3.5451505e-01   9.0926312e-02
   3.5785953e-01   9.0835530e-02
   3.6120401e-01   9.0736095e-02
   3.6454849e-01   9.0628097e-02
   3.6789298e-01   9.0511625e-02
   3.7123746e-01   9.0386769e-02
   3.7458194e-01   9.0253615e-02
   3.7792642e-01   9.0112254e-02
   3.8127090e-01   8.9962771e-02
   3.8461538e-01   8.9805256e-02
   3.8795987e-01   8.9639794e-02
   3.9130435e-01   8.9466473e-02
   3.9464883e-01   8.9285380e-02
   3.9799331e-01   8.9096599e-02
   4.0133779e-01   8.8900218e-02
   4.0468227e-01   8.8696321e-02
   4.0802676e-01   8.8484995e-02
   4.1137124e-01   8.8266323e-02
   4.1471572e-01   8.8040390e-02
   4.1806020e-01   8.7807281e-02
   4.2140468e-01   8.7567081e-02
   4.2474916e-01   8.7319871e-02
   4.2809365e-01   8.7065737e-02
   4.3143813e-01   8.6804761e-02
   4.3478261e-01   8.6537027e-02
   4.3812709e-01   8.6262617e-02
   4.4147157e-01   8.5981613e-02
   4.4481605e-01   8.5694098e-02
   4.4816054e-01   8.5400153e-02
   4.5150502e-01   8.5099861e-02
   4.5484950e-01   8.4793302e-02
   4.5819398e-01   8.4480558e-02
   4.6153846e-01   8.4161709e-02
   4.6488294e-01   8.3836837e-02
   4.6822742e-01   8.3506020e-02
   4.7157191e-01   8.3169340e-02
   4.7491639e-01   8.2826876e-02
   4.7826087e-01   8.2478708e-02
   4.8160535e-01   8.2124914e-02
   4.8494983e-01   8.1765574e-02
   4.8829431e-01   8.1400767e-02
   4.9163880e-01   8.1030570e-02
   4.9498328e-01   8.0655063e-02
   4.9832776e-01   8.0274322e-02
   5.0167224e-01   7.9888425e-02
   5.0501672e-01   7.9497450e-02
   5.0836120e-01   7.9101473e-02
   5.1170569e-01   7.8700571e-02
   5.1505017e-01   7.8294821e-02
   5.1839465e-01   7.7884299e-02
   5.2173913e-01   7.7469080e-02
   5.2508361e-01   7.7049240e-02
   5.2842809e-01   7.6624854e-02
   5.3177258e-01   7.6195997e-02
   5.3511706e-01   7.5762743e-02
   5.3846154e-01   7.5325168e-02
   5.4180602e-01   7.4883344e-02
   5.4515050e-01   7.4437345e-02
   5.4849498e-01   7.3987245e-02
   5.5183946e-01   7.3533117e-02
   5.5518395e-01   7.3075033e-02
   5.5852843e-01   7.2613066e-02
   5.6187291e-01   7.2147287e-02
   5.6521739e-01   7.1677768e-02
   5.6856187e-01   7.1204580e-02
   5.7190635e-01   7.0727795e-02
   5.7525084e-01   7.0247483e-02
   5.7859532e-01   6.9763713e-02
   5.8193980e-01   6.9276557e-02
   5.8528428e-01   6.8786083e-02
   5.8862876e-01   6.8292361e-02
   5.9197324e-01   6.7795459e-02
   5.9531773e-01   6.7295446e-02
   5.9866221e-01   6.6792389e-02
   6.0200669e-01   6.6286356e-02
   6.0535117e-01   6.5777415e-02
   6.0869565e-01   6.5265633e-02
   6.1204013e-01   6.4751075e-02
   6.1538462e-01   6.4233808e-02
   6.1872910e-01   6.3713897e-02
   6.2207358e-01   6.3191408e-02
   6.2541806e-01   6.2666405e-02
   6.2876254e-01   6.2138953e-02
   6.3210702e-01   6.1609115e-02
   6.3545151e-01   6.1076956e-02
   6.3879599e-01   6.0542538e-02
   6.4214047e-01   6.0005924e-02
   6.4548495e-01   5.9467177e-02
   6.4882943e-01   5.8926357e-02
   6.5217391e-01   5.8383527e-02
   6.5551839e-01   5.7838747e-02
   6.5886288e-01   5.7292078e-02
   6.6220736e-01   5.6743580e-02
   6.6555184e-01   5.6193311e-02
   6.6889632e-01   5.5641332e-02
   6.7224080e-01   5.5087701e-02
   6.7558528e-01   5.4532475e-02
   6.7892977e-01   5.3975713e-02
   6.8227425e-01   5.3417471e-02
   6.8561873e-01   5.2857807e-02
   6.8896321e-01   5.2296776e-02
   6.9230769e-01   5.1734434e-02
   6.9565217e-01   5.1170836e-02
   6.9899666e-01   5.0606037e-02
   7.0234114e-01   5.0040091e-02
   7.0568562e-01   4.9473051e-02
   7.0903010e-01   4.8904970e-02
   7.1237458e-01   4.8335902e-02
   7.1571906e-01   4.7765897e-02
   7.1906355e-01   4.7195009e-02
   7.2240803e-01   4.6623286e-02
   7.2575251e-01   4.6050781e-02
   7.2909699e-01   4.5477543e-02
   7.3244147e-01   4.4903620e-02
   7.3578595e-01   4.4329063e-02
   7.3913043e-01   4.3753918e-02
   7.4247492e-01   4.3178235e-02
   7.4581940e-01   4.2602059e-02
   7.4916388e-01   4.2025437e-02
   7.5250836e-01   4.1448415e-02
   7.5585284e-01   4.0871039e-02
   7.5919732e-01   4.0293354e-02
   7.6254181e-01   3.9715402e-02
   7.6588629e-01   3.9137229e-02
   7.6923077e-01   3.8558877e-02
   7.7257525e-01   3.7980388e-02
   7.7591973e-01   3.7401804e-02
   7.7926421e-01   3.6823166e-02
   7.8260870e-01   3.6244516e-02
   7.8595318e-01   3.5665892e-02
   7.8929766e-01   3.5087334e-02
   7.9264214e-01   3.4508881e-02
   7.9598662e-01   3.3930571e-02
   7.9933110e-01   3.3352440e-02
   8.0267559e-01   3.2774527e-02
   8.0602007e-01   3.2196867e-02
   8.0936455e-01   3.1619496e-02
   8.1270903e-01   3.1042448e-02
   8.1605351e-01   3.0465757e-02
   8.1939799e-01   2.9889458e-02
   8.2274247e-01   2.9313583e-02
   8.2608696e-01   2.8738163e-02
   8.2943144e-01   2.8163232e-02
   8.3277592e-01   2.7588818e-02
   8.3612040e-01   2.7014954e-02
   8.3946488e-01   2.6441667e-02
   8.4280936e-01   2.5868988e-02
   8.4615385e-01   2.5296943e-02
   8.4949833e-01   2.4725561e-02
   8.5284281e-01   2.4154868e-02
   8.5618729e-01   2.3584890e-02
   8.5953177e-01   2.3015652e-02
   8.6287625e-01   2.2447179e-02
   8.6622074e-01   2.1879495e-02
   8.6956522e-01   2.1312622e-02
   8.7290970e-01   2.0746584e-02
   8.7625418e-01   2.0181402e-02
   8.7959866e-01   1.9617097e-02
   8.8294314e-01   1.9053689e-02
   8.8628763e-01   1.8491197e-02
   8.8963211e-01   1.7929641e-02
   8.9297659e-01   1.7369038e-02
   8.9632107e-01   1.6809406e-02
   8.9966555e-01   1.6250760e-02
   9.0301003e-01   1.5693117e-02
   9.0635452e-01   1.5136492e-02
   9.0969900e-01   1.4580898e-02
   9.1304348e-01   1.4026350e-02
   9.1638796e-01   1.3472859e-02
   9.1973244e-01   1.2920439e-02
   9.2307692e-01   1.2369098e-02
   9.2642140e-01   1.1818849e-02
   9.2976589e-01   1.1269701e-02
   9.3311037e-01   1.0721661e-02
   9.3645485e-01   1.0174739e-02
   9.3979933e-01   9.6289409e-03
   9.4314381e-01   9.0842733e-03
   9.4648829e-01   8.5407416e-03
   9.4983278e-01   7.9983506e-03
   9.5317726e-01   7.4571040e-03
   9.5652174e-01   6.9170049e-03
   9.5986622e-01   6.3780556e-03
   9.6321070e-01   5.8402573e-03
   9.6655518e-01   5.3036106e-03
   9.6989967e-01   4.7681153e-03
   9.7324415e-01   4.2337701e-03
   9.7658863e-01   3.7005732e-03
   9.7993311e-01   3.1685217e-03
   9.8327759e-01   2.6376118e-03
   9.8662207e-01   2.1078392e-03
   9.8996656e-01   1.5791984e-03
   9.9331104e-01   1.0516832e-03
   9.9665552e-01   5.2528634e-04
   1.0000000e+00   0.0000000e+00
   1.0000000e+00  -0.0000000e+00
   9.9665552e-01  -1.5217673e-04
   9.9331104e-01  -3.0530013e-04
   9.8996656e-01  -4.5935551e-04
   9.8662207e-01  -6.1432818e-04
   9.8327759e-01  -7.7020339e-04
   9.7993311e-01  -9.2696639e-04
   9.7658863e-01  -1.0846024e-03
   9.7324415e-01  -1.2430966e-03
   9.6989967e-01  -1.4024342e-03
   9.6655518e-01  -1.5626003e-03
   9.6321070e-01  -1.7235801e-03
   9.5986622e-01  -1.8853586e-03
   9.5652174e-01  -2.0479208e-03
   9.5317726e-01  -2.2112520e-03
   9.4983278e-01  -2.3753369e-03
   9.4648829e-01  -2.5401608e-03
   9.4314381e-01  -2.7057084e-03
   9.3979933e-01  -2.8719649e-03
   9.3645485e-01  -3.0389150e-03
   9.3311037e-01  -3.2065437e-03
   9.2976589e-01  -3.3748359e-03
   9.2642140e-01  -3.5437765e-03
   9.2307692e-01  -3.7133502e-03
   9.1973244e-01  -3.8835418e-03
   9.1638796e-01  -4.0543363e-03
   9.1304348e-01  -4.2257182e-03
   9.0969900e-01  -4.3976724e-03
   9.0635452e-01  -4.5701835e-03
   9.0301003e-01  -4.7432363e-03
   8.9966555e-01  -4.9168154e-03
   8.9632107e-01  -5.0909055e-03
   8.9297659e-01  -5.2654912e-03
   8.8963211e-01  -5.4405571e-03
   8.8628763e-01  -5.6160878e-03
   8.8294314e-01  -5.7920679e-03
   8.7959866e-01  -5.9684818e-03
   8.7625418e-01  -6.1453141e-03
   8.7290970e-01  -6.3225493e-03
   8.6956522e-01  -6.5001719e-03
   8.6622074e-01  -6.6781664e-03
   8.6287625e-01  -6.8565170e-03
   8.5953177e-01  -7.0352084e-03
   8.5618729e-01  -7.2142248e-03
   8.5284281e-01  -7.3935506e-03
   8.4949833e-01  -7.5731702e-03
   8.4615385e-01  -7.7530679e-03
   8.4280936e-01  -7.9332279e-03
   8.3946488e-01  -8.1136347e-03
   8.3612040e-01  -8.2942724e-03
   8.3277592e-01  -8.4751253e-03
   8.2943144e-01  -8.6561776e-03
   8.2608696e-01  -8.8374136e-03
   8.2274247e-01  -9.0188173e-03
   8.1939799e-01  -9.2003730e-03
   8.1605351e-01  -9.3820649e-03
   8.1270903e-01  -9.5638769e-03
   8.0936455e-01  -9.7457933e-03
   8.0602007e-01  -9.9277981e-03
   8.0267559e-01  -1.0109875e-02
   7.9933110e-01  -1.0292009e-02
   7.9598662e-01  -1.0474183e-02
   7.9264214e-01  -1.0656382e-02
   7.8929766e-01  -1.0838590e-02
   7.8595318e-01  -1.1020790e-02
   7.8260870e-01  -1.1202966e-02
   7.7926421e-01  -1.1385103e-02
   7.7591973e-01  -1.1567184e-02
   7.7257525e-01  -1.1749193e-02
   7.6923077e-01  -1.1931114e-02
   7.6588629e-01  -1.2112931e-02
   7.6254181e-01  -1.2294627e-02
   7.5919732e-01  -1.2476187e-02
   7.5585284e-01  -1.2657595e-02
   7.5250836e-01  -1.2838833e-02
   7.4916388e-01  -1.3019886e-02
   7.4581940e-01  -1.3200738e-02
   7.4247492e-01  -1.3381372e-02
   7.3913043e-01  -1.3561772e-02
   7.3578595e-01  -1.3741921e-02
   7.3244147e-01  -1.3921804e-02
   7.2909699e-01  -1.4101403e-02
   7.2575251e-01  -1.4280703e-02
   7.2240803e-01  -1.4459687e-02
   7.1906355e-01  -1.4638338e-02
   7.1571906e-01  -1.4816640e-02
   7.1237458e-01  -1.4994578e-02
   7.0903010e-01  -1.5172133e-02
   7.0568562e-01  -1.5349290e-02
   7.0234114e-01  -1.5526032e-02
   6.9899666e-01  -1.5702342e-02
   6.9565217e-01  -1.5878205e-02
   6.9230769e-01  -1.6053603e-02
   6.8896321e-01  -1.6228519e-02
   6.8561873e-01  -1.6402938e-02
   6.8227425e-01  -1.6576842e-02
   6.7892977e-01  -1.6750215e-02
   6.7558528e-01  -1.6923039e-02
   6.7224080e-01  -1.7095299e-02
   6.6889632e-01  -1.7266978e-02
   6.6555184e-01  -1.7438058e-02
   6.6220736e-01  -1.7608523e-02
   6.5886288e-01  -1.7778356e-02
   6.5551839e-01  -1.7947541e-02
   6.5217391e-01  -1.8116059e-02
   6.4882943e-01  -1.8283895e-02
   6.4548495e-01  -1.8451032e-02
   6.4214047e-01  -1.8617452e-02
   6.3879599e-01  -1.8783139e-02
   6.3545151e-01  -1.8948076e-02
   6.3210702e-01  -1.9112244e-02
   6.2876254e-01  -1.9275629e-02
   6.2541806e-01  -1.9438212e-02
   6.2207358e-01  -1.9599976e-02
   6.1872910e-01  -1.9760904e-02
   6.1538462e-01  -1.9920979e-02
   6.1204013e-01  -2.0080184e-02
   6.0869565e-01  -2.0238502e-02
   6.0535117e-01  -2.0395915e-02
   6.0200669e-01  -2.0552406e-02
   5.9866221e-01  -2.0707957e-02
   5.9531773e-01  -2.0862552e-02
   5.9197324e-01  -2.1016173e-02
   5.8862876e-01  -2.1168803e-02
   5.8528428e-01  -2.1320423e-02
   5.8193980e-01  -2.1471017e-02
   5.7859532e-01  -2.1620568e-02
   5.7525084e-01  -2.1769056e-02
   5.7190635e-01  -2.1916466e-02
   5.6856187e-01  -2.2062779e-02
   5.6521739e-01  -2.2207978e-02
   5.6187291e-01  -2.2352044e-02
   5.5852843e-01  -2.2494961e-02
   5.5518395e-01  -2.2636710e-02
   5.5183946e-01  -2.2777274e-02
   5.4849498e-01  -2.2916634e-02
   5.4515050e-01  -2.3054773e-02
   5.4180602e-01  -2.3191673e-02
   5.3846154e-01  -2.3327316e-02
   5.3511706e-01  -2.3461684e-02
   5.3177258e-01  -2.3594758e-02
   5.2842809e-01  -2.3726520e-02
   5.2508361e-01  -2.3856953e-02
   5.2173913e-01  -2.3986038e-02
   5.1839465e-01  -2.4113756e-02
   5.1505017e-01  -2.4240090e-02
   5.1170569e-01  -2.4365021e-02
   5.0836120e-01  -2.4488530e-02
   5.0501672e-01  -2.4610599e-02
   5.0167224e-01  -2.4731209e-02
   4.9832776e-01  -2.4850342e-02
   4.9498328e-01  -2.4967978e-02
   4.9163880e-01  -2.5084100e-02
   4.8829431e-01  -2.5198688e-02
   4.8494983e-01  -2.5311723e-02
   4.8160535e-01  -2.5423186e-02
   4.7826087e-01  -2.5533058e-02
   4.7491639e-01  -2.5641320e-02
   4.7157191e-01  -2.5747953e-02
   4.6822742e-01  -2.5852937e-02
   4.6488294e-01  -2.5956253e-02
   4.6153846e-01  -2.6057881e-02
   4.5819398e-01  -2.6157802e-02
   4.5484950e-01  -2.6255996e-02
   4.5150502e-01  -2.6352444e-02
   4.4816054e-01  -2.6447125e-02
   4.4481605e-01  -2.6540019e-02
   4.4147157e-01  -2.6631107e-02
   4.3812709e-01  -2.6720367e-02
   4.3478261e-01  -2.6807781e-02
   4.3143813e-01  -2.6893326e-02
   4.2809365e-01  -2.6976984e-02
   4.2474916e-01  -2.7058733e-02
   4.2140468e-01  -2.7138552e-02
   4.1806020e-01  -2.7216420e-02
   4.1471572e-01  -2.7292316e-02
   4.1137124e-01  -2.7366220e-02
   4.0802676e-01  -2.7438109e-02
   4.0468227e-01  -2.7507962e-02
   4.0133779e-01  -2.7575758e-02
   3.9799331e-01  -2.7641474e-02
   3.9464883e-01  -2.7705089e-02
   3.9130435e-01  -2.7766581e-02
   3.8795987e-01  -2.7825926e-02
   3.8461538e-01  -2.7883103e-02
   3.8127090e-01  -2.7938089e-02
   3.7792642e-01  -2.7990860e-02
   3.7458194e-01  -2.8041394e-02
   3.7123746e-01  -2.8089667e-02
   3.6789298e-01  -2.8135656e-02
   3.6454849e-01  -2.8179337e-02
   3.6120401e-01  -2.8220686e-02
   3.5785953e-01  -2.8259678e-02
   3.5451505e-01  -2.8296289e-02
   3.5117057e-01  -2.8330494e-02
   3.4782609e-01  -2.8362268e-02
   3.4448161e-01  -2.8391586e-02
   3.4113712e-01  -2.8418421e-02
   3.3779264e-01  -2.8442748e-02
   3.3444816e-01  -2.8464541e-02
   3.3110368e-01  -2.8483772e-02
   3.2775920e-01  -2.8500415e-02
   3.2441472e-01  -2.8514442e-02
   3.2107023e-01  -2.8525826e-02
   3.1772575e-01  -2.8534538e-02
   3.1438127e-01  -2.8540550e-02
   3.1103679e-01  -2.8543833e-02
   3.0769231e-01  -2.8544357e-02
   3.0434783e-01  -2.8542092e-02
   3.0100334e-01  -2.8537009e-02
   2.9765886e-01  -2.8529075e-02
   2.9431438e-01  -2.8518259e-02
   2.9096990e-01  -2.8504530e-02
   2.8762542e-01  -2.8487856e-02
   2.8428094e-01  -2.8468201e-02
   2.8093645e-01  -2.8445534e-02
   2.7759197e-01  -2.8419819e-02
   2.7424749e-01  -2.8391021e-02
   2.7090301e-01  -2.8359105e-02
   2.6755853e-01  -2.8324034e-02
   2.6421405e-01  -2.8285769e-02
   2.6086957e-01  -2.8244274e-02
   2.5752508e-01  -2.8199508e-02
   2.5418060e-01  -2.8151433e-02
   2.5083612e-01  -2.8100006e-02
   2.4749164e-01  -2.8045186e-02
   2.4414716e-01  -2.7986930e-02
   2.4080268e-01  -2.7925194e-02
   2.3745819e-01  -2.7859932e-02
   2.3411371e-01  -2.7791097e-02
   2.3076923e-01  -2.7718643e-02
   2.2742475e-01  -2.7642519e-02
   2.2408027e-01  -2.7562676e-02
   2.2073579e-01  -2.7479060e-02
   2.1739130e-01  -2.7391619e-02
   2.1404682e-01  -2.7300296e-02
   2.1070234e-01  -2.7205036e-02
   2.0735786e-01  -2.7105777e-02
   2.0401338e-01  -2.7002461e-02
   2.0066890e-01  -2.6895022e-02
   1.9732441e-01  -2.6783397e-02
   1.9397993e-01  -2.6667517e-02
   1.9063545e-01  -2.6547311e-02
   1.8729097e-01  -2.6422707e-02
   1.8394649e-01  -2.6293629e-02
   1.8060201e-01  -2.6159998e-02
   1.7725753e-01  -2.6021731e-02
   1.7391304e-01  -2.5878744e-02
   1.7056856e-01  -2.5730946e-02
   1.6722408e-01  -2.5578245e-02
   1.6387960e-01  -2.5420542e-02
   1.6053512e-01  -2.5257736e-02
   1.5719064e-01  -2.5089719e-02
   1.5384615e-01  -2.4916380e-02
   1.5050167e-01  -2.4737599e-02
   1.4715719e-01  -2.4553253e-02
   1.4381271e-01  -2.4363211e-02
   1.4046823e-01  -2.4167335e-02
   1.3712375e-01  -2.3965479e-02
   1.3377926e-01  -2.3757489e-02
   1.3043478e-01  -2.3543201e-02
   1.2709030e-01  -2.3322441e-02
   1.2374582e-01  -2.3095026e-02
   1.2040134e-01  -2.2860758e-02
   1.1705686e-01  -2.2619427e-02
   1.1371237e-01  -2.2370810e-02
   1.1036789e-01  -2.2114664e-02
   1.0702341e-01  -2.1850733e-02
   1.0367893e-01  -2.1578738e-02
   1.0033445e-01  -2.1298378e-02
   9.6989967e-02  -2.1009330e-02
   9.3645485e-02  -2.0711239e-02
   9.0301003e-02  -2.0403724e-02
   8.6956522e-02  -2.0086365e-02
   8.3612040e-02  -1.9758703e-02
   8.0267559e-02  -1.9420234e-02
   7.6923077e-02  -1.9070403e-02
   7.3578595e-02  -1.8708591e-02
   7.0234114e-02  -1.8334113e-02
   6.6889632e-02  -1.7946199e-02
   6.3545151e-02  -1.7543984e-02
   6.0200669e-02  -1.7126491e-02
   5.6856187e-02  -1.6692603e-02
   5.3511706e-02  -1.6241039e-02
   5.0167224e-02  -1.5770318e-02
   4.6822742e-02  -1.5278708e-02
   4.3478261e-02  -1.4764164e-02
   4.0133779e-02  -1.4224244e-02
   3.6789298e-02  -1.3655987e-02
   3.3444816e-02  -1.3055747e-02
   3.0100334e-02  -1.2418947e-02
   2.6755853e-02  -1.1739703e-02
   2.3411371e-02  -1.1010234e-02
   2.0066890e-02  -1.0219870e-02
   1.6722408e-02  -9.3532772e-03
   1.3377926e-02  -8.3869618e-03
   1.0033445e-02  -7.2814516e-03
   6.6889632e-03  -5.9599391e-03
   3.3444816e-03  -4.2245759e-03
   0.0000000e+00   0.0000000e+00
