   0.0000000e+00   0.0000000e+00
   3.3444816e-03   6.6322931e-03
   6.6889632e-03   9.3949454e-03
   1.0033445e-02   1.1524132e-02
   1.3377926e-02   1.3325988e-02
   1.6722408e-02   1.4918679e-02
   2.0066890e-02   1.6362577e-02
   2.3411371e-02   1.7693399e-02
   2.6755853e-02   1.8934307e-02
   3.0100334e-02   2.0101315e-02
   3.3444816e-02   2.1206022e-02
   3.6789298e-02   2.2257137e-02
   4.0133779e-02   2.3261387e-02
   4.3478261e-02   2.4224094e-02
   4.6822742e-02   2.5149542e-02
   5.0167224e-02   2.6041245e-02
   5.3511706e-02   2.6902117e-02
   5.6856187e-02   2.7734612e-02
   6.0200669e-02   2.8540809e-02
   6.3545151e-02   2.9322496e-02
   6.6889632e-02   3.0081214e-02
   7.0234114e-02   3.0818308e-02
   7.3578595e-02   3.1534956e-02
   7.6923077e-02   3.2232197e-02
   8.0267559e-02   3.2910952e-02
   8.3612040e-02   3.3572045e-02
   8.6956522e-02   3.4216212e-02
   9.0301003e-02   3.4844115e-02
   9.3645485e-02   3.5456354e-02
   9.6989967e-02   3.6053472e-02
   1.0033445e-01   3.6635963e-02
   1.0367893e-01   3.7204281e-02
   1.0702341e-01   3.7758838e-02
   1.1036789e-01   3.8300018e-02
   1.1371237e-01   3.8828170e-02
   1.1705686e-01   3.9343621e-02
   1.2040134e-01   3.9846672e-02
   1.2374582e-01   4.0337604e-02
   1.2709030e-01   4.0816679e-02
   1.3043478e-01   4.1284141e-02
   1.3377926e-01   4.1740220e-02
   1.3712375e-01   4.2185132e-02
   1.4046823e-01   4.2619078e-02
   1.4381271e-01   4.3042251e-02
   1.4715719e-01   4.3454832e-02
   1.5050167e-01   4.3856992e-02
   1.5384615e-01   4.4248895e-02
   1.5719064e-01   4.4630695e-02
   1.6053512e-01   4.5002540e-02
   1.6387960e-01   4.5364571e-02
   1.6722408e-01   4.5716925e-02
   1.7056856e-01   4.6059729e-02
   1.7391304e-01   4.6393110e-02
   1.7725753e-01   4.6717186e-02
   1.8060201e-01   4.7032074e-02
   1.8394649e-01   4.7337884e-02
   1.8729097e-01   4.7634725e-02
   1.9063545e-01   4.7922701e-02
   1.9397993e-01   4.8201912e-02
   1.9732441e-01   4.8472458e-02
   2.0066890e-01   4.8734435e-02
   2.0401338e-01   4.8987934e-02
   2.0735786e-01   4.9233047e-02
   2.1070234e-01   4.9469863e-02
   2.1404682e-01   4.9698468e-02
   2.1739130e-01   4.9918947e-02
   2.2073579e-01   5.0131383e-02
   2.2408027e-01   5.0335857e-02
   2.2742475e-01   5.0532450e-02
   2.3076923e-01   5.0721240e-02
   2.3411371e-01   5.0902304e-02
   2.3745819e-01   5.1075719e-02
   2.4080268e-01   5.1241559e-02
   2.4414716e-01   5.1399898e-02
   2.4749164e-01   5.1550809e-02
   2.5083612e-01   5.1694365e-02
   2.5418060e-01   5.1830635e-02
   2.5752508e-01   5.1959692e-02
   2.6086957e-01   5.2081603e-02
   2.6421405e-01   5.2196439e-02
   2.6755853e-01   5.2304268e-02
   2.7090301e-01   5.2405156e-02
   2.7424749e-01   5.2499172e-02
   2.7759197e-01   5.2586381e-02
   2.8093645e-01   5.2666850e-02
   2.8428094e-01   5.2740644e-02
   2.8762542e-01   5.2807828e-02
   2.9096990e-01   5.2868467e-02
   2.9431438e-01   5.2922626e-02
   2.9765886e-01   5.2970368e-02
   3.0100334e-01   5.3011756e-02
   3.0434783e-01   5.3046855e-02
   3.0769231e-01   5.3075726e-02
   3.1103679e-01   5.3098433e-02
   3.1438127e-01   5.3115037e-02
   3.1772575e-01   5.3125601e-02
   3.2107023e-01   5.3130187e-02
   3.2441472e-01   5.3128856e-02
   3.2775920e-01   5.3121669e-02
   3.3110368e-01   5.3108687e-02
   3.3444816e-01   5.3089972e-02
   3.3779264e-01   5.3065584e-02
   3.4113712e-01   5.3035583e-02
   3.4448161e-01   5.3000029e-02
   3.4782609e-01   5.2958983e-02
   3.5117057e-01   5.2912505e-02
   3.5451505e-01   5.2860654e-02
   3.5785953e-01   5.2803489e-02
   3.6120401e-01   5.2741071e-02
   3.6454849e-01   5.2673458e-02
   3.6789298e-01   5.2600708e-02
   3.7123746e-01   5.2522882e-02
   3.7458194e-01   5.2440038e-02
   3.7792642e-01   5.2352234e-02
   3.8127090e-01   5.2259528e-02
   3.8461538e-01   5.2161980e-02
   3.8795987e-01   5.2059646e-02
   3.9130435e-01   5.1952585e-02
   3.9464883e-01   5.1840854e-02
   3.9799331e-01   5.1724511e-02
   4.0133779e-01   5.1603614e-02
   4.0468227e-01   5.1478220e-02
   4.0802676e-01   5.1348385e-02
   4.1137124e-01   5.1214167e-02
   4.1471572e-01   5.1075623e-02
   4.1806020e-01   5.0932809e-02
   4.2140468e-01   5.0785781e-02
   4.2474916e-01   5.0634596e-02
   4.2809365e-01   5.0479310e-02
   4.3143813e-01   5.0319980e-02
   4.3478261e-01   5.0156659e-02
   4.3812709e-01   4.9989405e-02
   4.4147157e-01   4.9818273e-02
   4.4481605e-01   4.9643318e-02
   4.4816054e-01   4.9464594e-02
   4.5150502e-01   4.9282157e-02
   4.5484950e-01   4.9096062e-02
   4.5819398e-01   4.8906362e-02
   4.6153846e-01   4.8713112e-02
   4.6488294e-01   4.8516367e-02
   4.6822742e-01   4.8316180e-02
   4.7157191e-01   4.8112604e-02
   4.7491639e-01   4.7905693e-02
   4.7826087e-01   4.7695500e-02
   4.8160535e-01   4.7482079e-02
   4.8494983e-01   4.7265482e-02
   4.8829431e-01   4.7045761e-02
   4.9163880e-01   4.6822969e-02
   4.9498328e-01   4.6597157e-02
   4.9832776e-01   4.6368379e-02
   5.0167224e-01   4.6136685e-02
   5.0501672e-01   4.5902126e-02
   5.0836120e-01   4.5664754e-02
   5.1170569e-01   4.5424619e-02
   5.1505017e-01   4.5181773e-02
   5.1839465e-01   4.4936265e-02
   5.2173913e-01   4.4688145e-02
   5.2508361e-01   4.4437463e-02
   5.2842809e-01   4.4184269e-02
   5.3177258e-01   4.3928612e-02
   5.3511706e-01   4.3670541e-02
   5.3846154e-01   4.3410103e-02
   5.4180602e-01   4.3147349e-02
   5.4515050e-01   4.2882325e-02
   5.4849498e-01   4.2615079e-02
   5.5183946e-01   4.2345659e-02
   5.5518395e-01   4.2074112e-02
   5.5852843e-01   4.1800485e-02
   5.6187291e-01   4.1524823e-02
   5.6521739e-01   4.1247174e-02
   5.6856187e-01   4.0967583e-02
   5.7190635e-01   4.0686096e-02
   5.7525084e-01   4.0402757e-02
   5.7859532e-01   4.0117611e-02
   5.8193980e-01   3.9830703e-02
   5.8528428e-01   3.9542077e-02
   5.8862876e-01   3.9251777e-02
   5.9197324e-01   3.8959845e-02
   5.9531773e-01   3.8666326e-02
   5.9866221e-01   3.8371261e-02
   6.0200669e-01   3.8074693e-02
   6.0535117e-01   3.7776664e-02
   6.0869565e-01   3.7477215e-02
   6.1204013e-01   3.7176387e-02
   6.1538462e-01   3.6874221e-02
   6.1872910e-01   3.6570758e-02
   6.2207358e-01   3.6266037e-02
   6.2541806e-01   3.5960097e-02
   6.2876254e-01   3.5652979e-02
   6.3210702e-01   3.5344719e-02
   6.3545151e-01   3.5035358e-02
   6.3879599e-01   3.4724932e-02
   6.4214047e-01   3.4413479e-02
   6.4548495e-01   3.4101036e-02
   6.4882943e-01   3.3787640e-02
   6.5217391e-01   3.3473326e-02
   6.5551839e-01   3.3158131e-02
   6.5886288e-01   3.2842089e-02
   6.6220736e-01   3.2525235e-02
   6.6555184e-01   3.2207604e-02
   6.6889632e-01   3.1889229e-02
   6.7224080e-01   3.1570143e-02
   6.7558528e-01   3.1250381e-02
   6.7892977e-01   3.0929973e-02
   6.8227425e-01   3.0608952e-02
   6.8561873e-01   3.0287350e-02
   6.8896321e-01   2.9965197e-02
   6.9230769e-01   2.9642523e-02
   6.9565217e-01   2.9319360e-02
   6.9899666e-01   2.8995736e-02
   7.0234114e-01   2.8671680e-02
   7.0568562e-01   2.8347221e-02
   7.0903010e-01   2.8022386e-02
   7.1237458e-01   2.7697203e-02
   7.1571906e-01   2.7371700e-02
   7.1906355e-01   2.7045902e-02
   7.2240803e-01   2.6719835e-02
   7.2575251e-01   2.6393524e-02
   7.2909699e-01   2.6066995e-02
   7.3244147e-01   2.5740271e-02
   7.3578595e-01   2.5413377e-02
   7.3913043e-01   2.5086335e-02
   7.4247492e-01   2.4759168e-02
   7.4581940e-01   2.4431898e-02
   7.4916388e-01   2.4104546e-02
   7.5250836e-01   2.3777134e-02
   7.5585284e-01   2.3449681e-02
   7.5919732e-01   2.3122208e-02
   7.6254181e-01   2.2794733e-02
   7.6588629e-01   2.2467275e-02
   7.6923077e-01   2.2139853e-02
   7.7257525e-01   2.1812483e-02
   7.7591973e-01   2.1485183e-02
   7.7926421e-01   2.1157968e-02
   7.8260870e-01   2.0830855e-02
   7.8595318e-01   2.0503857e-02
   7.8929766e-01   2.0176991e-02
   7.9264214e-01   1.9850269e-02
   7.9598662e-01   1.9523704e-02
   7.9933110e-01   1.9197309e-02
   8.0267559e-01   1.8871097e-02
   8.0602007e-01   1.8545078e-02
   8.0936455e-01   1.8219263e-02
   8.1270903e-01   1.7893661e-02
   8.1605351e-01   1.7568284e-02
   8.1939799e-01   1.7243138e-02
   8.2274247e-01   1.6918232e-02
   8.2608696e-01   1.6593574e-02
   8.2943144e-01   1.6269171e-02
   8.3277592e-01   1.5945028e-02
   8.3612040e-01   1.5621151e-02
   8.3946488e-01   1.5297544e-02
   8.4280936e-01   1.4974213e-02
   8.4615385e-01   1.4651159e-02
   8.4949833e-01   1.4328387e-02
   8.5284281e-01   1.4005897e-02
   8.5618729e-01   1.3683693e-02
   8.5953177e-01   1.3361773e-02
   8.6287625e-01   1.3040138e-02
   8.6622074e-01   1.2718788e-02
   8.6956522e-01   1.2397721e-02
   8.7290970e-01   1.2076934e-02
   8.7625418e-01   1.1756426e-02
   8.7959866e-01   1.1436193e-02
   8.8294314e-01   1.1116229e-02
   8.8628763e-01   1.0796532e-02
   8.8963211e-01   1.0477093e-02
   8.9297659e-01   1.0157909e-02
   8.9632107e-01   9.8389698e-03
   8.9966555e-01   9.5202693e-03
   9.0301003e-01   9.2017985e-03
   9.0635452e-01   8.8835480e-03
   9.0969900e-01   8.5655077e-03
   9.1304348e-01   8.2476668e-03
   9.1638796e-01   7.9300136e-03
   9.1973244e-01   7.6125359e-03
   9.2307692e-01   7.2952204e-03
   9.2642140e-01   6.9780534e-03
   9.2976589e-01   6.6610203e-03
   9.3311037e-01   6.3441055e-03
   9.3645485e-01   6.0272929e-03
   9.3979933e-01   5.7105656e-03
   9.4314381e-01   5.3939059e-03
   9.4648829e-01   5.0772952e-03
   9.4983278e-01   4.7607142e-03
   9.5317726e-01   4.4441428e-03
   9.5652174e-01   4.1275603e-03
   9.5986622e-01   3.8109448e-03
   9.6321070e-01   3.4942739e-03
   9.6655518e-01   3.1775243e-03
   9.6989967e-01   2.8606720e-03
   9.7324415e-01   2.5436921e-03
   9.7658863e-01   2.2265588e-03
   9.7993311e-01   1.9092456e-03
   9.8327759e-01   1.5917252e-03
   9.8662207e-01   1.2739694e-03
   9.8996656e-01   9.5594918e-04
   9.9331104e-01   6.3763481e-04
   9.9665552e-01   3.1899557e-04
   1.0000000e+00   0.0000000e+00
   1.0000000e+00  -0.0000000e+00
   9.9665552e-01  -1.4652295e-04
   9.9331104e-01  -2.9400698e-04
   9.8996656e-01  -4.4244001e-04
   9.8662207e-01  -5.9180986e-04
   9.8327759e-01  -7.4210427e-04
   9.7993311e-01  -8.9331090e-04
   9.7658863e-01  -1.0454173e-03
   9.7324415e-01  -1.1984109e-03
   9.6989967e-01  -1.3522790e-03
   9.6655518e-01  -1.5070090e-03
   9.6321070e-01  -1.6625880e-03
   9.5986622e-01  -1.8190032e-03
   9.5652174e-01  -1.9762414e-03
   9.5317726e-01  -2.1342897e-03
   9.4983278e-01  -2.2931349e-03
   9.4648829e-01  -2.4527636e-03
   9.4314381e-01  -2.6131626e-03
   9.3979933e-01  -2.7743183e-03
   9.3645485e-01  -2.9362173e-03
   9.3311037e-01  -3.0988460e-03
   9.2976589e-01  -3.2621906e-03
   9.2642140e-01  -3.4262374e-03
   9.2307692e-01  -3.5909724e-03
   9.1973244e-01  -3.7563818e-03
   9.1638796e-01  -3.9224515e-03
   9.1304348e-01  -4.0891674e-03
   9.0969900e-01  -4.2565152e-03
   9.0635452e-01  -4.4244808e-03
   9.0301003e-01  -4.5930496e-03
   8.9966555e-01  -4.7622074e-03
   8.9632107e-01  -4.9319395e-03
   8.9297659e-01  -5.1022313e-03
   8.8963211e-01  -5.2730682e-03
   8.8628763e-01  -5.4444353e-03
   8.8294314e-01  -5.6163179e-03
   8.7959866e-01  -5.7887011e-03
   8.7625418e-01  -5.9615697e-03
   8.7290970e-01  -6.1349088e-03
   8.6956522e-01  -6.3087032e-03
   8.6622074e-01  -6.4829376e-03
   8.6287625e-01  -6.6575968e-03
   8.5953177e-01  -6.8326654e-03
   8.5618729e-01  -7.0081279e-03
   8.5284281e-01  -7.1839688e-03
   8.4949833e-01  -7.3601725e-03
   8.4615385e-01  -7.5367234e-03
   8.4280936e-01  -7.7136056e-03
   8.3946488e-01  -7.8908035e-03
   8.3612040e-01  -8.0683010e-03
   8.3277592e-01  -8.2460823e-03
   8.2943144e-01  -8.4241314e-03
   8.2608696e-01  -8.6024320e-03
   8.2274247e-01  -8.7809682e-03
   8.1939799e-01  -8.9597235e-03
   8.1605351e-01  -9.1386819e-03
   8.1270903e-01  -9.3178268e-03
   8.0936455e-01  -9.4971418e-03
   8.0602007e-01  -9.6766106e-03
   8.0267559e-01  -9.8562164e-03
   7.9933110e-01  -1.0035943e-02
   7.9598662e-01  -1.0215773e-02
   7.9264214e-01  -1.0395690e-02
   7.8929766e-01  -1.0575677e-02
   7.8595318e-01  -1.0755718e-02
   7.8260870e-01  -1.0935795e-02
   7.7926421e-01  -1.1115891e-02
   7.7591973e-01  -1.1295990e-02
   7.7257525e-01  -1.1476074e-02
   7.6923077e-01  -1.1656126e-02
   7.6588629e-01  -1.1836129e-02
   7.6254181e-01  -1.2016065e-02
   7.5919732e-01  -1.2195917e-02
   7.5585284e-01  -1.2375668e-02
   7.5250836e-01  -1.2555300e-02
   7.4916388e-01  -1.2734796e-02
   7.4581940e-01  -1.2914138e-02
   7.4247492e-01  -1.3093308e-02
   7.3913043e-01  -1.3272289e-02
   7.3578595e-01  -1.3451063e-02
   7.3244147e-01  -1.3629612e-02
   7.2909699e-01  -1.3807919e-02
   7.2575251e-01  -1.3985965e-02
   7.2240803e-01  -1.4163732e-02
   7.1906355e-01  -1.4341203e-02
   7.1571906e-01  -1.4518359e-02
   7.1237458e-01  -1.4695182e-02
   7.0903010e-01  -1.4871654e-02
   7.0568562e-01  -1.5047757e-02
   7.0234114e-01  -1.5223472e-02
   6.9899666e-01  -1.5398782e-02
   6.9565217e-01  -1.5573667e-02
   6.9230769e-01  -1.5748110e-02
   6.8896321e-01  -1.5922091e-02
   6.8561873e-01  -1.6095593e-02
   6.8227425e-01  -1.6268597e-02
   6.7892977e-01  -1.6441084e-02
   6.7558528e-01  -1.6613035e-02
   6.7224080e-01  -1.6784433e-02
   6.6889632e-01  -1.6955257e-02
   6.6555184e-01  -1.7125489e-02
   6.6220736e-01  -1.7295111e-02
   6.5886288e-01  -1.7464104e-02
   6.5551839e-01  -1.7632448e-02
   6.5217391e-01  -1.7800125e-02
   6.4882943e-01  -1.7967115e-02
   6.4548495e-01  -1.8133400e-02
   6.4214047e-01  -1.8298960e-02
   6.3879599e-01  -1.8463777e-02
   6.3545151e-01  -1.8627830e-02
   6.3210702e-01  -1.8791102e-02
   6.2876254e-01  -1.8953572e-02
   6.2541806e-01  -1.9115222e-02
   6.2207358e-01  -1.9276031e-02
   6.1872910e-01  -1.9435981e-02
   6.1538462e-01  -1.9595052e-02
   6.1204013e-01  -1.9753225e-02
   6.0869565e-01  -1.9910480e-02
   6.0535117e-01  -2.0066797e-02
   6.0200669e-01  -2.0222158e-02
   5.9866221e-01  -2.0376542e-02
   5.9531773e-01  -2.0529930e-02
   5.9197324e-01  -2.0682301e-02
   5.8862876e-01  -2.0833637e-02
   5.8528428e-01  -2.0983918e-02
   5.8193980e-01  -2.1133123e-02
   5.7859532e-01  -2.1281233e-02
   5.7525084e-01  -2.1428228e-02
   5.7190635e-01  -2.1574089e-02
   5.6856187e-01  -2.1718794e-02
   5.6521739e-01  -2.1862324e-02
   5.6187291e-01  -2.2004660e-02
   5.5852843e-01  -2.2145780e-02
   5.5518395e-01  -2.2285666e-02
   5.5183946e-01  -2.2424296e-02
   5.4849498e-01  -2.2561650e-02
   5.4515050e-01  -2.2697709e-02
   5.4180602e-01  -2.2832453e-02
   5.3846154e-01  -2.2965859e-02
   5.3511706e-01  -2.3097910e-02
   5.3177258e-01  -2.3228583e-02
   5.2842809e-01  -2.3357859e-02
   5.2508361e-01  -2.3485718e-02
   5.2173913e-01  -2.3612138e-02
   5.1839465e-01  -2.3737099e-02
   5.1505017e-01  -2.3860582e-02
   5.1170569e-01  -2.3982564e-02
   5.0836120e-01  -2.4103026e-02
   5.0501672e-01  -2.4221946e-02
   5.0167224e-01  -2.4339305e-02
   4.9832776e-01  -2.4455081e-02
   4.9498328e-01  -2.4569253e-02
   4.9163880e-01  -2.4681801e-02
   4.8829431e-01  -2.4792704e-02
   4.8494983e-01  -2.4901941e-02
   4.8160535e-01  -2.5009490e-02
   4.7826087e-01  -2.5115332e-02
   4.7491639e-01  -2.5219444e-02
   4.7157191e-01  -2.5321806e-02
   4.6822742e-01  -2.5422397e-02
   4.6488294e-01  -2.5521195e-02
   4.6153846e-01  -2.5618179e-02
   4.5819398e-01  -2.5713327e-02
   4.5484950e-01  -2.5806619e-02
   4.5150502e-01  -2.5898033e-02
   4.4816054e-01  -2.5987548e-02
   4.4481605e-01  -2.6075142e-02
   4.4147157e-01  -2.6160792e-02
   4.3812709e-01  -2.6244479e-02
   4.3478261e-01  -2.6326180e-02
   4.3143813e-01  -2.6405873e-02
   4.2809365e-01  -2.6483536e-02
   4.2474916e-01  -2.6559148e-02
   4.2140468e-01  -2.6632686e-02
   4.1806020e-01  -2.6704129e-02
   4.1471572e-01  -2.6773454e-02
   4.1137124e-01  -2.6840639e-02
   4.0802676e-01  -2.6905662e-02
   4.0468227e-01  -2.6968500e-02
   4.0133779e-01  -2.7029131e-02
   3.9799331e-01  -2.7087533e-02
   3.9464883e-01  -2.7143682e-02
   3.9130435e-01  -2.7197556e-02
   3.8795987e-01  -2.7249132e-02
   3.8461538e-01  -2.7298388e-02
   3.8127090e-01  -2.7345300e-02
   3.7792642e-01  -2.7389844e-02
   3.7458194e-01  -2.7431998e-02
   3.7123746e-01  -2.7471739e-02
   3.6789298e-01  -2.7509042e-02
   3.6454849e-01  -2.7543883e-02
   3.6120401e-01  -2.7576240e-02
   3.5785953e-01  -2.7606088e-02
   3.5451505e-01  -2.7633403e-02
   3.5117057e-01  -2.7658161e-02
   3.4782609e-01  -2.7680337e-02
   3.4448161e-01  -2.7699906e-02
   3.4113712e-01  -2.7716844e-02
   3.3779264e-01  -2.7731126e-02
   3.3444816e-01  -2.7742727e-02
   3.3110368e-01  -2.7751620e-02
   3.2775920e-01  -2.7757781e-02
   3.2441472e-01  -2.7761184e-02
   3.2107023e-01  -2.7761802e-02
   3.1772575e-01  -2.7759610e-02
   3.1438127e-01  -2.7754579e-02
   3.1103679e-01  -2.7746685e-02
   3.0769231e-01  -2.7735899e-02
   3.0434783e-01  -2.7722194e-02
   3.0100334e-01  -2.7705542e-02
   2.9765886e-01  -2.7685915e-02
   2.9431438e-01  -2.7663284e-02
   2.9096990e-01  -2.7637622e-02
   2.8762542e-01  -2.7608897e-02
   2.8428094e-01  -2.7577082e-02
   2.8093645e-01  -2.7542145e-02
   2.7759197e-01  -2.7504056e-02
   2.7424749e-01  -2.7462785e-02
   2.7090301e-01  -2.7418299e-02
   2.6755853e-01  -2.7370567e-02
   2.6421405e-01  -2.7319556e-02
   2.6086957e-01  -2.7265233e-02
   2.5752508e-01  -2.7207565e-02
   2.5418060e-01  -2.7146516e-02
   2.5083612e-01  -2.7082052e-02
   2.4749164e-01  -2.7014137e-02
   2.4414716e-01  -2.6942734e-02
   2.4080268e-01  -2.6867806e-02
   2.3745819e-01  -2.6789316e-02
   2.3411371e-01  -2.6707223e-02
   2.3076923e-01  -2.6621487e-02
   2.2742475e-01  -2.6532068e-02
   2.2408027e-01  -2.6438924e-02
   2.2073579e-01  -2.6342011e-02
   2.1739130e-01  -2.6241285e-02
   2.1404682e-01  -2.6136700e-02
   2.1070234e-01  -2.6028209e-02
   2.0735786e-01  -2.5915764e-02
   2.0401338e-01  -2.5799314e-02
   2.0066890e-01  -2.5678808e-02
   1.9732441e-01  -2.5554193e-02
   1.9397993e-01  -2.5425413e-02
   1.9063545e-01  -2.5292411e-02
   1.8729097e-01  -2.5155128e-02
   1.8394649e-01  -2.5013503e-02
   1.8060201e-01  -2.4867471e-02
   1.7725753e-01  -2.4716966e-02
   1.7391304e-01  -2.4561918e-02
   1.7056856e-01  -2.4402256e-02
   1.6722408e-01  -2.4237905e-02
   1.6387960e-01  -2.4068784e-02
   1.6053512e-01  -2.3894813e-02
   1.5719064e-01  -2.3715904e-02
   1.5384615e-01  -2.3531967e-02
   1.5050167e-01  -2.3342906e-02
   1.4715719e-01  -2.3148621e-02
   1.4381271e-01  -2.2949006e-02
   1.4046823e-01  -2.2743950e-02
   1.3712375e-01  -2.2533334e-02
   1.3377926e-01  -2.2317033e-02
   1.3043478e-01  -2.2094915e-02
   1.2709030e-01  -2.1866837e-02
   1.2374582e-01  -2.1632651e-02
   1.2040134e-01  -2.1392195e-02
   1.1705686e-01  -2.1145297e-02
   1.1371237e-01  -2.0891775e-02
   1.1036789e-01  -2.0631431e-02
   1.0702341e-01  -2.0364052e-02
   1.0367893e-01  -2.0089409e-02
   1.0033445e-01  -1.9807254e-02
   9.6989967e-02  -1.9517319e-02
   9.3645485e-02  -1.9219310e-02
   9.0301003e-02  -1.8912910e-02
   8.6956522e-02  -1.8597768e-02
   8.3612040e-02  -1.8273502e-02
   8.0267559e-02  -1.7939688e-02
   7.6923077e-02  -1.7595859e-02
   7.3578595e-02  -1.7241495e-02
   7.0234114e-02  -1.6876015e-02
   6.6889632e-02  -1.6498767e-02
   6.3545151e-02  -1.6109018e-02
   6.0200669e-02  -1.5705931e-02
   5.6856187e-02  -1.5288554e-02
   5.3511706e-02  -1.4855788e-02
   5.0167224e-02  -1.4406360e-02
   4.6822742e-02  -1.3938777e-02
   4.3478261e-02  -1.3451270e-02
   4.0133779e-02  -1.2941723e-02
   3.6789298e-02  -1.2407562e-02
   3.3444816e-02  -1.1845610e-02
   3.0100334e-02  -1.1251867e-02
   2.6755853e-02  -1.0621177e-02
   2.3411371e-02  -9.9467086e-03
   2.0066890e-02  -9.2190664e-03
   1.6722408e-02  -8.4247182e-03
   1.3377926e-02  -7.5428842e-03
   1.0033445e-02  -6.5385734e-03
   6.6889632e-03  -5.3435522e-03
   3.3444816e-03  -3.7816851e-03
   0.0000000e+00   0.0000000e+00
