   0.0000000e+00   0.0000000e+00
   3.3444816e-03   1.0626118e-02
   6.6889632e-03   1.5041217e-02
   1.0033445e-02   1.8436734e-02
   1.3377926e-02   2.1304499e-02
   1.6722408e-02   2.3834576e-02
   2.0066890e-02   2.6124188e-02
   2.3411371e-02   2.8230925e-02
   2.6755853e-02   3.0192191e-02
   3.0100334e-02   3.2033883e-02
   3.3444816e-02   3.3774789e-02
   3.6789298e-02   3.5429038e-02
   4.0133779e-02   3.7007567e-02
   4.3478261e-02   3.8519039e-02
   4.6822742e-02   3.9970449e-02
   5.0167224e-02   4.1367538e-02
   5.3511706e-02   4.2715087e-02
   5.6856187e-02   4.4017121e-02
   6.0200669e-02   4.5277069e-02
   6.3545151e-02   4.6497875e-02
   6.6889632e-02   4.7682094e-02
   7.0234114e-02   4.8831955e-02
   7.3578595e-02   4.9949416e-02
   7.6923077e-02   5.1036212e-02
   8.0267559e-02   5.2093885e-02
   8.3612040e-02   5.3123813e-02
   8.6956522e-02   5.4127235e-02
   9.0301003e-02   5.5105270e-02
   9.3645485e-02   5.6058931e-02
   9.6989967e-02   5.6989140e-02
   1.0033445e-01   5.7896740e-02
   1.0367893e-01   5.8782501e-02
   1.0702341e-01   5.9647133e-02
   1.1036789e-01   6.0491292e-02
   1.1371237e-01   6.1315582e-02
   1.1705686e-01   6.2120565e-02
   1.2040134e-01   6.2906764e-02
   1.2374582e-01   6.3674665e-02
   1.2709030e-01   6.4424724e-02
   1.3043478e-01   6.5157368e-02
   1.3377926e-01   6.5872999e-02
   1.3712375e-01   6.6571993e-02
   1.4046823e-01   6.7254707e-02
   1.4381271e-01   6.7921477e-02
   1.4715719e-01   6.8572624e-02
   1.5050167e-01   6.9208449e-02
   1.5384615e-01   6.9829240e-02
   1.5719064e-01   7.0435272e-02
   1.6053512e-01   7.1026807e-02
   1.6387960e-01   7.1604095e-02
   1.6722408e-01   7.2167375e-02
   1.7056856e-01   7.2716877e-02
   1.7391304e-01   7.3252823e-02
   1.7725753e-01   7.3775423e-02
   1.8060201e-01   7.4284884e-02
   1.8394649e-01   7.4781402e-02
   1.8729097e-01   7.5265168e-02
   1.9063545e-01   7.5736366e-02
   1.9397993e-01   7.6195175e-02
   1.9732441e-01   7.6641767e-02
   2.0066890e-01   7.7076311e-02
   2.0401338e-01   7.7498970e-02
   2.0735786e-01   7.7909903e-02
   2.1070234e-01   7.8309264e-02
   2.1404682e-01   7.8697204e-02
   2.1739130e-01   7.9073870e-02
   2.2073579e-01   7.9439405e-02
   2.2408027e-01   7.9793951e-02
   2.2742475e-01   8.0137643e-02
   2.3076923e-01   8.0470617e-02
   2.3411371e-01   8.0793003e-02
   2.3745819e-01   8.1104932e-02
   2.4080268e-01   8.1406529e-02
   2.4414716e-01   8.1697918e-02
   2.4749164e-01   8.1979223e-02
   2.5083612e-01   8.2250561e-02
   2.5418060e-01   8.2512052e-02
   2.5752508e-01   8.2763812e-02
   2.6086957e-01   8.3005954e-02
   2.6421405e-01   8.3238591e-02
   2.6755853e-01   8.3461833e-02
   2.7090301e-01   8.3675790e-02
   2.7424749e-01   8.3880570e-02
   2.7759197e-01   8.4076278e-02
   2.8093645e-01   8.4263020e-02
   2.8428094e-01   8.4440898e-02
   2.8762542e-01   8.4610014e-02
   2.9096990e-01   8.4770470e-02
   2.9431438e-01   8.4922365e-02
   2.9765886e-01   8.5065798e-02
   3.0100334e-01   8.5200865e-02
   3.0434783e-01   8.5327662e-02
   3.0769231e-01   8.5446285e-02
   3.1103679e-01   8.5556827e-02
   3.1438127e-01   8.5659382e-02
   3.1772575e-01   8.5754041e-02
   3.2107023e-01   8.5840895e-02
   3.2441472e-01   8.5920033e-02
   3.2775920e-01   8.5991546e-02
   3.3110368e-01   8.6055520e-02
   3.3444816e-01   8.6112043e-02
   3.3779264e-01   8.6161201e-02
   3.4113712e-01   8.6203079e-02
   3.4448161e-01   8.6237762e-02
   3.4782609e-01   8.6265333e-02
   3.5117057e-01   8.6285875e-02
   3.5451505e-01   8.6299469e-02
   3.5785953e-01   8.6306197e-02
   3.6120401e-01   8.6306138e-02
   3.6454849e-01   8.6299372e-02
   3.6789298e-01   8.6285977e-02
   3.7123746e-01   8.6266031e-02
   3.7458194e-01   8.6239611e-02
   3.7792642e-01   8.6206792e-02
   3.8127090e-01   8.6167649e-02
   3.8461538e-01   8.6122258e-02
   3.8795987e-01   8.6070691e-02
   3.9130435e-01   8.6013021e-02
   3.9464883e-01   8.5949320e-02
   3.9799331e-01   8.5879659e-02
   4.0133779e-01   8.5804108e-02
   4.0468227e-01   8.5722737e-02
   4.0802676e-01   8.5635613e-02
   4.1137124e-01   8.5542806e-02
   4.1471572e-01   8.5444382e-02
   4.1806020e-01   8.5340407e-02
   4.2140468e-01   8.5230946e-02
   4.2474916e-01   8.5116064e-02
   4.2809365e-01   8.4995824e-02
   4.3143813e-01   8.4870289e-02
   4.3478261e-01   8.4739521e-02
   4.3812709e-01   8.4603581e-02
   4.4147157e-01   8.4462529e-02
   4.4481605e-01   8.4316425e-02
   4.4816054e-01   8.4165327e-02
   4.5150502e-01   8.4009293e-02
   4.5484950e-01   8.3848379e-02
   4.5819398e-01   8.3682641e-02
   4.6153846e-01   8.3512135e-02
   4.6488294e-01   8.3336914e-02
   4.6822742e-01   8.3157031e-02
   4.7157191e-01   8.2972539e-02
   4.7491639e-01   8.2783489e-02
   4.7826087e-01   8.2589932e-02
   4.8160535e-01   8.2391917e-02
   4.8494983e-01   8.2189492e-02
   4.8829431e-01   8.1982706e-02
   4.9163880e-01   8.1771604e-02
   4.9498328e-01   8.1556233e-02
   4.9832776e-01   8.1336638e-02
   5.0167224e-01   8.1112862e-02
   5.0501672e-01   8.0884948e-02
   5.0836120e-01   8.0652938e-02
   5.1170569e-01   8.0416873e-02
   5.1505017e-01   8.0176793e-02
   5.1839465e-01   7.9932736e-02
   5.2173913e-01   7.9684741e-02
   5.2508361e-01   7.9432844e-02
   5.2842809e-01   7.9177081e-02
   5.3177258e-01   7.8917487e-02
   5.3511706e-01   7.8654096e-02
   5.3846154e-01   7.8386940e-02
   5.4180602e-01   7.8116051e-02
   5.4515050e-01   7.7841460e-02
   5.4849498e-01   7.7563196e-02
   5.5183946e-01   7.7281287e-02
   5.5518395e-01   7.6995761e-02
   5.5852843e-01   7.6706644e-02
   5.6187291e-01   7.6413962e-02
   5.6521739e-01   7.6117737e-02
   5.6856187e-01   7.5817994e-02
   5.7190635e-01   7.5514754e-02
   5.7525084e-01   7.5208037e-02
   5.7859532e-01   7.4897864e-02
   5.8193980e-01   7.4584252e-02
   5.8528428e-01   7.4267218e-02
   5.8862876e-01   7.3946779e-02
   5.9197324e-01   7.3622950e-02
   5.9531773e-01   7.3295744e-02
   5.9866221e-01   7.2965174e-02
   6.0200669e-01   7.2631251e-02
   6.0535117e-01   7.2293984e-02
   6.0869565e-01   7.1953384e-02
   6.1204013e-01   7.1609457e-02
   6.1538462e-01   7.1262210e-02
   6.1872910e-01   7.0911649e-02
   6.2207358e-01   7.0557776e-02
   6.2541806e-01   7.0200595e-02
   6.2876254e-01   6.9840108e-02
   6.3210702e-01   6.9476313e-02
   6.3545151e-01   6.9109211e-02
   6.3879599e-01   6.8738799e-02
   6.4214047e-01   6.8365073e-02
   6.4548495e-01   6.7988028e-02
   6.4882943e-01   6.7607657e-02
   6.5217391e-01   6.7223954e-02
   6.5551839e-01   6.6836908e-02
   6.5886288e-01   6.6446511e-02
   6.6220736e-01   6.6052749e-02
   6.6555184e-01   6.5655611e-02
   6.6889632e-01   6.5255082e-02
   6.7224080e-01   6.4851145e-02
   6.7558528e-01   6.4443785e-02
   6.7892977e-01   6.4032983e-02
   6.8227425e-01   6.3618718e-02
   6.8561873e-01   6.3200969e-02
   6.8896321e-01   6.2779715e-02
   6.9230769e-01   6.2354930e-02
   6.9565217e-01   6.1926589e-02
   6.9899666e-01   6.1494666e-02
   7.0234114e-01   6.1059132e-02
   7.0568562e-01   6.0619957e-02
   7.0903010e-01   6.0177111e-02
   7.1237458e-01   5.9730559e-02
   7.1571906e-01   5.9280269e-02
   7.1906355e-01   5.8826204e-02
   7.2240803e-01   5.8368328e-02
   7.2575251e-01   5.7906602e-02
   7.2909699e-01   5.7440986e-02
   7.3244147e-01   5.6971438e-02
   7.3578595e-01   5.6497915e-02
   7.3913043e-01   5.6020372e-02
   7.4247492e-01   5.5538764e-02
   7.4581940e-01   5.5053043e-02
   7.4916388e-01   5.4563159e-02
   7.5250836e-01   5.4069062e-02
   7.5585284e-01   5.3570700e-02
   7.5919732e-01   5.3068017e-02
   7.6254181e-01   5.2560961e-02
   7.6588629e-01   5.2049472e-02
   7.6923077e-01   5.1533492e-02
   7.7257525e-01   5.1012962e-02
   7.7591973e-01   5.0487820e-02
   7.7926421e-01   4.9958001e-02
   7.8260870e-01   4.9423442e-02
   7.8595318e-01   4.8884075e-02
   7.8929766e-01   4.8339832e-02
   7.9264214e-01   4.7790644e-02
   7.9598662e-01   4.7236438e-02
   7.9933110e-01   4.6677142e-02
   8.0267559e-01   4.6112681e-02
   8.0602007e-01   4.5542978e-02
   8.0936455e-01   4.4967955e-02
   8.1270903e-01   4.4387532e-02
   8.1605351e-01   4.3801627e-02
   8.1939799e-01   4.3210159e-02
   8.2274247e-01   4.2613040e-02
   8.2608696e-01   4.2010185e-02
   8.2943144e-01   4.1401506e-02
   8.3277592e-01   4.0786913e-02
   8.3612040e-01   4.0166312e-02
   8.3946488e-01   3.9539612e-02
   8.4280936e-01   3.8906717e-02
   8.4615385e-01   3.8267529e-02
   8.4949833e-01   3.7621951e-02
   8.5284281e-01   3.6969880e-02
   8.5618729e-01   3.6311216e-02
   8.5953177e-01   3.5645854e-02
   8.6287625e-01   3.4973688e-02
   8.6622074e-01   3.4294611e-02
   8.6956522e-01   3.3608512e-02
   8.7290970e-01   3.2915282e-02
   8.7625418e-01   3.2214806e-02
   8.7959866e-01   3.1506970e-02
   8.8294314e-01   3.0791657e-02
   8.8628763e-01   3.0068748e-02
   8.8963211e-01   2.9338124e-02
   8.9297659e-01   2.8599662e-02
   8.9632107e-01   2.7853237e-02
   8.9966555e-01   2.7098725e-02
   9.0301003e-01   2.6335997e-02
   9.0635452e-01   2.5564923e-02
   9.0969900e-01   2.4785372e-02
   9.1304348e-01   2.3997211e-02
   9.1638796e-01   2.3200304e-02
   9.1973244e-01   2.2394514e-02
   9.2307692e-01   2.1579702e-02
   9.2642140e-01   2.0755727e-02
   9.2976589e-01   1.9922446e-02
   9.3311037e-01   1.9079714e-02
   9.3645485e-01   1.8227384e-02
   9.3979933e-01   1.7365308e-02
   9.4314381e-01   1.6493335e-02
   9.4648829e-01   1.5611312e-02
   9.4983278e-01   1.4719085e-02
   9.5317726e-01   1.3816497e-02
   9.5652174e-01   1.2903390e-02
   9.5986622e-01   1.1979603e-02
   9.6321070e-01   1.1044974e-02
   9.6655518e-01   1.0099338e-02
   9.6989967e-01   9.1425289e-03
   9.7324415e-01   8.1743783e-03
   9.7658863e-01   7.1947156e-03
   9.7993311e-01   6.2033686e-03
   9.8327759e-01   5.2001626e-03
   9.8662207e-01   4.1849212e-03
   9.8996656e-01   3.1574658e-03
   9.9331104e-01   2.1176159e-03
   9.9665552e-01   1.0651888e-03
   1.0000000e+00   0.0000000e+00
   1.0000000e+00   0.0000000e+00
   9.9665552e-01   4.3705681e-04
   9.9331104e-01   8.6833310e-04
   9.8996656e-01   1.2939273e-03
   9.8662207e-01   1.7139362e-03
   9.8327759e-01   2.1284553e-03
   9.7993311e-01   2.5375781e-03
   9.7658863e-01   2.9413970e-03
   9.7324415e-01   3.3400026e-03
   9.6989967e-01   3.7334841e-03
   9.6655518e-01   4.1219290e-03
   9.6321070e-01   4.5054237e-03
   9.5986622e-01   4.8840525e-03
   9.5652174e-01   5.2578987e-03
   9.5317726e-01   5.6270439e-03
   9.4983278e-01   5.9915682e-03
   9.4648829e-01   6.3515503e-03
   9.4314381e-01   6.7070674e-03
   9.3979933e-01   7.0581953e-03
   9.3645485e-01   7.4050081e-03
   9.3311037e-01   7.7475788e-03
   9.2976589e-01   8.0859787e-03
   9.2642140e-01   8.4202778e-03
   9.2307692e-01   8.7505447e-03
   9.1973244e-01   9.0768465e-03
   9.1638796e-01   9.3992488e-03
   9.1304348e-01   9.7178161e-03
   9.0969900e-01   1.0032611e-02
   9.0635452e-01   1.0343696e-02
   9.0301003e-01   1.0651130e-02
   8.9966555e-01   1.0954972e-02
   8.9632107e-01   1.1255281e-02
   8.9297659e-01   1.1552111e-02
   8.8963211e-01   1.1845518e-02
   8.8628763e-01   1.2135555e-02
   8.8294314e-01   1.2422274e-02
   8.7959866e-01   1.2705725e-02
   8.7625418e-01   1.2985960e-02
   8.7290970e-01   1.3263024e-02
   8.6956522e-01   1.3536966e-02
   8.6622074e-01   1.3807831e-02
   8.6287625e-01   1.4075663e-02
   8.5953177e-01   1.4340504e-02
   8.5618729e-01   1.4602398e-02
   8.5284281e-01   1.4861384e-02
   8.4949833e-01   1.5117502e-02
   8.4615385e-01   1.5370790e-02
   8.4280936e-01   1.5621283e-02
   8.3946488e-01   1.5869019e-02
   8.3612040e-01   1.6114031e-02
   8.3277592e-01   1.6356352e-02
   8.2943144e-01   1.6596015e-02
   8.2608696e-01   1.6833049e-02
   8.2274247e-01   1.7067486e-02
   8.1939799e-01   1.7299352e-02
   8.1605351e-01   1.7528676e-02
   8.1270903e-01   1.7755483e-02
   8.0936455e-01   1.7979799e-02
   8.0602007e-01   1.8201647e-02
   8.0267559e-01   1.8421050e-02
   7.9933110e-01   1.8638030e-02
   7.9598662e-01   1.8852606e-02
   7.9264214e-01   1.9064799e-02
   7.8929766e-01   1.9274627e-02
   7.8595318e-01   1.9482106e-02
   7.8260870e-01   1.9687254e-02
   7.7926421e-01   1.9890085e-02
   7.7591973e-01   2.0090613e-02
   7.7257525e-01   2.0288852e-02
   7.6923077e-01   2.0484813e-02
   7.6588629e-01   2.0678507e-02
   7.6254181e-01   2.0869945e-02
   7.5919732e-01   2.1059134e-02
   7.5585284e-01   2.1246084e-02
   7.5250836e-01   2.1430801e-02
   7.4916388e-01   2.1613291e-02
   7.4581940e-01   2.1793559e-02
   7.4247492e-01   2.1971610e-02
   7.3913043e-01   2.2147446e-02
   7.3578595e-01   2.2321070e-02
   7.3244147e-01   2.2492483e-02
   7.2909699e-01   2.2661686e-02
   7.2575251e-01   2.2828677e-02
   7.2240803e-01   2.2993456e-02
   7.1906355e-01   2.3156020e-02
   7.1571906e-01   2.3316367e-02
   7.1237458e-01   2.3474492e-02
   7.0903010e-01   2.3630390e-02
   7.0568562e-01   2.3784056e-02
   7.0234114e-01   2.3935484e-02
   6.9899666e-01   2.4084665e-02
   6.9565217e-01   2.4231592e-02
   6.9230769e-01   2.4376256e-02
   6.8896321e-01   2.4518648e-02
   6.8561873e-01   2.4658756e-02
   6.8227425e-01   2.4796570e-02
   6.7892977e-01   2.4932078e-02
   6.7558528e-01   2.5065267e-02
   6.7224080e-01   2.5196124e-02
   6.6889632e-01   2.5324634e-02
   6.6555184e-01   2.5450784e-02
   6.6220736e-01   2.5574556e-02
   6.5886288e-01   2.5695936e-02
   6.5551839e-01   2.5814906e-02
   6.5217391e-01   2.5931449e-02
   6.4882943e-01   2.6045546e-02
   6.4548495e-01   2.6157180e-02
   6.4214047e-01   2.6266330e-02
   6.3879599e-01   2.6372978e-02
   6.3545151e-01   2.6477101e-02
   6.3210702e-01   2.6578680e-02
   6.2876254e-01   2.6677692e-02
   6.2541806e-01   2.6774115e-02
   6.2207358e-01   2.6867926e-02
   6.1872910e-01   2.6959103e-02
   6.1538462e-01   2.7047622e-02
   6.1204013e-01   2.7133457e-02
   6.0869565e-01   2.7216585e-02
   6.0535117e-01   2.7296980e-02
   6.0200669e-01   2.7374617e-02
   5.9866221e-01   2.7449469e-02
   5.9531773e-01   2.7521510e-02
   5.9197324e-01   2.7590713e-02
   5.8862876e-01   2.7657051e-02
   5.8528428e-01   2.7720495e-02
   5.8193980e-01   2.7781018e-02
   5.7859532e-01   2.7838591e-02
   5.7525084e-01   2.7893186e-02
   5.7190635e-01   2.7944774e-02
   5.6856187e-01   2.7993324e-02
   5.6521739e-01   2.8038808e-02
   5.6187291e-01   2.8081195e-02
   5.5852843e-01   2.8120456e-02
   5.5518395e-01   2.8156559e-02
   5.5183946e-01   2.8189474e-02
   5.4849498e-01   2.8219170e-02
   5.4515050e-01   2.8245616e-02
   5.4180602e-01   2.8268781e-02
   5.3846154e-01   2.8288633e-02
   5.3511706e-01   2.8305141e-02
   5.3177258e-01   2.8318273e-02
   5.2842809e-01   2.8327997e-02
   5.2508361e-01   2.8334281e-02
   5.2173913e-01   2.8337094e-02
   5.1839465e-01   2.8336403e-02
   5.1505017e-01   2.8332176e-02
   5.1170569e-01   2.8324381e-02
   5.0836120e-01   2.8312986e-02
   5.0501672e-01   2.8297960e-02
   5.0167224e-01   2.8279269e-02
   4.9832776e-01   2.8256883e-02
   4.9498328e-01   2.8230769e-02
   4.9163880e-01   2.8200895e-02
   4.8829431e-01   2.8167230e-02
   4.8494983e-01   2.8129743e-02
   4.8160535e-01   2.8088401e-02
   4.7826087e-01   2.8043175e-02
   4.7491639e-01   2.7994032e-02
   4.7157191e-01   2.7940942e-02
   4.6822742e-01   2.7883876e-02
   4.6488294e-01   2.7822802e-02
   4.6153846e-01   2.7757690e-02
   4.5819398e-01   2.7688512e-02
   4.5484950e-01   2.7615238e-02
   4.5150502e-01   2.7537839e-02
   4.4816054e-01   2.7456286e-02
   4.4481605e-01   2.7370552e-02
   4.4147157e-01   2.7280609e-02
   4.3812709e-01   2.7186431e-02
   4.3478261e-01   2.7087989e-02
   4.3143813e-01   2.6985259e-02
   4.2809365e-01   2.6878214e-02
   4.2474916e-01   2.6766830e-02
   4.2140468e-01   2.6651082e-02
   4.1806020e-01   2.6530947e-02
   4.1471572e-01   2.6406402e-02
   4.1137124e-01   2.6277423e-02
   4.0802676e-01   2.6143991e-02
   4.0468227e-01   2.6006083e-02
   4.0133779e-01   2.5863679e-02
   3.9799331e-01   2.5716761e-02
   3.9464883e-01   2.5565310e-02
   3.9130435e-01   2.5409308e-02
   3.8795987e-01   2.5248739e-02
   3.8461538e-01   2.5083587e-02
   3.8127090e-01   2.4913838e-02
   3.7792642e-01   2.4739477e-02
   3.7458194e-01   2.4560492e-02
   3.7123746e-01   2.4376873e-02
   3.6789298e-01   2.4188607e-02
   3.6454849e-01   2.3995687e-02
   3.6120401e-01   2.3798105e-02
   3.5785953e-01   2.3595853e-02
   3.5451505e-01   2.3388926e-02
   3.5117057e-01   2.3177321e-02
   3.4782609e-01   2.2961035e-02
   3.4448161e-01   2.2740066e-02
   3.4113712e-01   2.2514415e-02
   3.3779264e-01   2.2284084e-02
   3.3444816e-01   2.2049077e-02
   3.3110368e-01   2.1809398e-02
   3.2775920e-01   2.1565054e-02
   3.2441472e-01   2.1316054e-02
   3.2107023e-01   2.1062408e-02
   3.1772575e-01   2.0804129e-02
   3.1438127e-01   2.0541230e-02
   3.1103679e-01   2.0273728e-02
   3.0769231e-01   2.0001641e-02
   3.0434783e-01   1.9724989e-02
   3.0100334e-01   1.9443794e-02
   2.9765886e-01   1.9158082e-02
   2.9431438e-01   1.8867879e-02
   2.9096990e-01   1.8573215e-02
   2.8762542e-01   1.8274121e-02
   2.8428094e-01   1.7970633e-02
   2.8093645e-01   1.7662786e-02
   2.7759197e-01   1.7350622e-02
   2.7424749e-01   1.7034182e-02
   2.7090301e-01   1.6713512e-02
   2.6755853e-01   1.6388660e-02
   2.6421405e-01   1.6059678e-02
   2.6086957e-01   1.5726620e-02
   2.5752508e-01   1.5389545e-02
   2.5418060e-01   1.5048514e-02
   2.5083612e-01   1.4703592e-02
   2.4749164e-01   1.4354847e-02
   2.4414716e-01   1.4002352e-02
   2.4080268e-01   1.3646183e-02
   2.3745819e-01   1.3286420e-02
   2.3411371e-01   1.2923148e-02
   2.3076923e-01   1.2556455e-02
   2.2742475e-01   1.2186434e-02
   2.2408027e-01   1.1813184e-02
   2.2073579e-01   1.1436806e-02
   2.1739130e-01   1.1057409e-02
   2.1404682e-01   1.0675105e-02
   2.1070234e-01   1.0290013e-02
   2.0735786e-01   9.9022560e-03
   2.0401338e-01   9.5119638e-03
   2.0066890e-01   9.1192721e-03
   1.9732441e-01   8.7243229e-03
   1.9397993e-01   8.3272646e-03
   1.9063545e-01   7.9282526e-03
   1.8729097e-01   7.5274494e-03
   1.8394649e-01   7.1250248e-03
   1.8060201e-01   6.7211567e-03
   1.7725753e-01   6.3160309e-03
   1.7391304e-01   5.9098418e-03
   1.7056856e-01   5.5027927e-03
   1.6722408e-01   5.0950965e-03
   1.6387960e-01   4.6869756e-03
   1.6053512e-01   4.2786630e-03
   1.5719064e-01   3.8704025e-03
   1.5384615e-01   3.4624494e-03
   1.5050167e-01   3.0550712e-03
   1.4715719e-01   2.6485481e-03
   1.4381271e-01   2.2431739e-03
   1.4046823e-01   1.8392567e-03
   1.3712375e-01   1.4371201e-03
   1.3377926e-01   1.0371037e-03
   1.3043478e-01   6.3956429e-04
   1.2709030e-01   2.4487740e-04
   1.2374582e-01  -1.4656190e-04
   1.2040134e-01  -5.3433731e-04
   1.1705686e-01  -9.1800984e-04
   1.1371237e-01  -1.2971160e-03
   1.1036789e-01  -1.6711658e-03
   1.0702341e-01  -2.0396408e-03
   1.0367893e-01  -2.4019913e-03
   1.0033445e-01  -2.7576337e-03
   9.6989967e-02  -3.1059476e-03
   9.3645485e-02  -3.4462718e-03
   9.0301003e-02  -3.7779005e-03
   8.6956522e-02  -4.1000783e-03
   8.3612040e-02  -4.4119952e-03
   8.0267559e-02  -4.7127797e-03
   7.6923077e-02  -5.0014915e-03
   7.3578595e-02  -5.2771129e-03
   7.0234114e-02  -5.5385381e-03
   6.6889632e-02  -5.7845610e-03
   6.3545151e-02  -6.0138593e-03
   6.0200669e-02  -6.2249769e-03
   5.6856187e-02  -6.4163002e-03
   5.3511706e-02  -6.5860298e-03
   5.0167224e-02  -6.7321441e-03
   4.6822742e-02  -6.8523529e-03
   4.3478261e-02  -6.9440357e-03
   4.0133779e-02  -7.0041609e-03
   3.6789298e-02  -7.0291740e-03
   3.3444816e-02  -7.0148425e-03
   3.0100334e-02  -6.9560311e-03
   2.6755853e-02  -6.8463668e-03
   2.3411371e-02  -6.6777142e-03
   2.0066890e-02  -6.4393118e-03
   1.6722408e-02  -6.1162441e-03
   1.3377926e-02  -5.6864814e-03
   1.0033445e-02  -5.1143496e-03
   6.6889632e-03  -4.3329700e-03
   3.3444816e-03  -3.1765583e-03
   0.0000000e+00  -0.0000000e+00
