   0.0000000e+00   0.0000000e+00
   3.3444816e-03   5.6091354e-03
   6.6889632e-03   8.1704877e-03
   1.0033445e-02   1.0293717e-02
   1.3377926e-02   1.2212351e-02
   1.6722408e-02   1.4012800e-02
   2.0066890e-02   1.5737281e-02
   2.3411371e-02   1.7409593e-02
   2.6755853e-02   1.9044376e-02
   3.0100334e-02   2.0651182e-02
   3.3444816e-02   2.2236500e-02
   3.6789298e-02   2.3804873e-02
   4.0133779e-02   2.5359540e-02
   4.3478261e-02   2.6902849e-02
   4.6822742e-02   2.8436508e-02
   5.0167224e-02   2.9961769e-02
   5.3511706e-02   3.1479537e-02
   5.6856187e-02   3.2990465e-02
   6.0200669e-02   3.4495010e-02
   6.3545151e-02   3.5993478e-02
   6.6889632e-02   3.7486059e-02
   7.0234114e-02   3.8972854e-02
   7.3578595e-02   4.0453890e-02
   7.6923077e-02   4.1929141e-02
   8.0267559e-02   4.3398536e-02
   8.3612040e-02   4.4861967e-02
   8.6956522e-02   4.6319304e-02
   9.0301003e-02   4.7770390e-02
   9.3645485e-02   4.9215057e-02
   9.6989967e-02   5.0653120e-02
   1.0033445e-01   5.2084389e-02
   1.0367893e-01   5.3508665e-02
   1.0702341e-01   5.4925744e-02
   1.1036789e-01   5.6335422e-02
   1.1371237e-01   5.7737490e-02
   1.1705686e-01   5.9131742e-02
   1.2040134e-01   6.0517972e-02
   1.2374582e-01   6.1895976e-02
   1.2709030e-01   6.3265550e-02
   1.3043478e-01   6.4626496e-02
   1.3377926e-01   6.5978618e-02
   1.3712375e-01   6.7321724e-02
   1.4046823e-01   6.8655625e-02
   1.4381271e-01   6.9980137e-02
   1.4715719e-01   7.1295080e-02
   1.5050167e-01   7.2600280e-02
   1.5384615e-01   7.3895564e-02
   1.5719064e-01   7.5180768e-02
   1.6053512e-01   7.6455731e-02
   1.6387960e-01   7.7720294e-02
   1.6722408e-01   7.8974308e-02
   1.7056856e-01   8.0217624e-02
   1.7391304e-01   8.1450100e-02
   1.7725753e-01   8.2671600e-02
   1.8060201e-01   8.3881989e-02
   1.8394649e-01   8.5081139e-02
   1.8729097e-01   8.6268927e-02
   1.9063545e-01   8.7445233e-02
   1.9397993e-01   8.8609943e-02
   1.9732441e-01   8.9762945e-02
   2.0066890e-01   9.0904134e-02
   2.0401338e-01   9.2033407e-02
   2.0735786e-01   9.3150666e-02
   2.1070234e-01   9.4255818e-02
   2.1404682e-01   9.5348773e-02
   2.1739130e-01   9.6429444e-02
   2.2073579e-01   9.7497750e-02
   2.2408027e-01   9.8553612e-02
   2.2742475e-01   9.9596955e-02
   2.3076923e-01   1.0062771e-01
   2.3411371e-01   1.0164580e-01
   2.3745819e-01   1.0265118e-01
   2.4080268e-01   1.0364377e-01
   2.4414716e-01   1.0462352e-01
   2.4749164e-01   1.0559038e-01
   2.5083612e-01   1.0654429e-01
   2.5418060e-01   1.0748521e-01
   2.5752508e-01   1.0841309e-01
   2.6086957e-01   1.0932789e-01
   2.6421405e-01   1.1022956e-01
   2.6755853e-01   1.1111808e-01
   2.7090301e-01   1.1199341e-01
   2.7424749e-01   1.1285551e-01
   2.7759197e-01   1.1370437e-01
   2.8093645e-01   1.1453995e-01
   2.8428094e-01   1.1536222e-01
   2.8762542e-01   1.1617117e-01
   2.9096990e-01   1.1696678e-01
   2.9431438e-01   1.1774903e-01
   2.9765886e-01   1.1851791e-01
   3.0100334e-01   1.1927341e-01
   3.0434783e-01   1.2001550e-01
   3.0769231e-01   1.2074419e-01
   3.1103679e-01   1.2145947e-01
   3.1438127e-01   1.2216133e-01
   3.1772575e-01   1.2284978e-01
   3.2107023e-01   1.2352480e-01
   3.2441472e-01   1.2418641e-01
   3.2775920e-01   1.2483460e-01
   3.3110368e-01   1.2546937e-01
   3.3444816e-01   1.2609074e-01
   3.3779264e-01   1.2669871e-01
   3.4113712e-01   1.2729329e-01
   3.4448161e-01   1.2787449e-01
   3.4782609e-01   1.2844231e-01
   3.5117057e-01   1.2899678e-01
   3.5451505e-01   1.2953791e-01
   3.5785953e-01   1.3006571e-01
   3.6120401e-01   1.3058019e-01
   3.6454849e-01   1.3108139e-01
   3.6789298e-01   1.3156930e-01
   3.7123746e-01   1.3204397e-01
   3.7458194e-01   1.3250539e-01
   3.7792642e-01   1.3295361e-01
   3.8127090e-01   1.3338863e-01
   3.8461538e-01   1.3381049e-01
   3.8795987e-01   1.3421920e-01
   3.9130435e-01   1.3461480e-01
   3.9464883e-01   1.3499731e-01
   3.9799331e-01   1.3536675e-01
   4.0133779e-01   1.3572315e-01
   4.0468227e-01   1.3606654e-01
   4.0802676e-01   1.3639696e-01
   4.1137124e-01   1.3671442e-01
   4.1471572e-01   1.3701896e-01
   4.1806020e-01   1.3731060e-01
   4.2140468e-01   1.3758939e-01
   4.2474916e-01   1.3785534e-01
   4.2809365e-01   1.3810850e-01
   4.3143813e-01   1.3834889e-01
   4.3478261e-01   1.3857655e-01
   4.3812709e-01   1.3879150e-01
   4.4147157e-01   1.3899378e-01
   4.4481605e-01   1.3918343e-01
   4.4816054e-01   1.3936048e-01
   4.5150502e-01   1.3952495e-01
   4.5484950e-01   1.3967689e-01
   4.5819398e-01   1.3981632e-01
   4.6153846e-01   1.3994329e-01
   4.6488294e-01   1.4005782e-01
   4.6822742e-01   1.4015994e-01
   4.7157191e-01   1.4024970e-01
   4.7491639e-01   1.4032712e-01
   4.7826087e-01   1.4039224e-01
   4.8160535e-01   1.4044510e-01
   4.8494983e-01   1.4048571e-01
   4.8829431e-01   1.4051413e-01
   4.9163880e-01   1.4053037e-01
   4.9498328e-01   1.4053448e-01
   4.9832776e-01   1.4052649e-01
   5.0167224e-01   1.4050642e-01
   5.0501672e-01   1.4047431e-01
   5.0836120e-01   1.4043019e-01
   5.1170569e-01   1.4037410e-01
   5.1505017e-01   1.4030606e-01
   5.1839465e-01   1.4022610e-01
   5.2173913e-01   1.4013425e-01
   5.2508361e-01   1.4003054e-01
   5.2842809e-01   1.3991501e-01
   5.3177258e-01   1.3978767e-01
   5.3511706e-01   1.3964856e-01
   5.3846154e-01   1.3949771e-01
   5.4180602e-01   1.3933513e-01
   5.4515050e-01   1.3916087e-01
   5.4849498e-01   1.3897493e-01
   5.5183946e-01   1.3877735e-01
   5.5518395e-01   1.3856816e-01
   5.5852843e-01   1.3834736e-01
   5.6187291e-01   1.3811499e-01
   5.6521739e-01   1.3787108e-01
   5.6856187e-01   1.3761563e-01
   5.7190635e-01   1.3734867e-01
   5.7525084e-01   1.3707022e-01
   5.7859532e-01   1.3678030e-01
   5.8193980e-01   1.3647892e-01
   5.8528428e-01   1.3616611e-01
   5.8862876e-01   1.3584187e-01
   5.9197324e-01   1.3550623e-01
   5.9531773e-01   1.3515920e-01
   5.9866221e-01   1.3480078e-01
   6.0200669e-01   1.3443100e-01
   6.0535117e-01   1.3404986e-01
   6.0869565e-01   1.3365738e-01
   6.1204013e-01   1.3325355e-01
   6.1538462e-01   1.3283840e-01
   6.1872910e-01   1.3241192e-01
   6.2207358e-01   1.3197413e-01
   6.2541806e-01   1.3152502e-01
   6.2876254e-01   1.3106461e-01
   6.3210702e-01   1.3059288e-01
   6.3545151e-01   1.3010985e-01
   6.3879599e-01   1.2961551e-01
   6.4214047e-01   1.2910987e-01
   6.4548495e-01   1.2859291e-01
   6.4882943e-01   1.2806464e-01
   6.5217391e-01   1.2752504e-01
   6.5551839e-01   1.2697412e-01
   6.5886288e-01   1.2641187e-01
   6.6220736e-01   1.2583827e-01
   6.6555184e-01   1.2525331e-01
   6.6889632e-01   1.2465699e-01
   6.7224080e-01   1.2404929e-01
   6.7558528e-01   1.2343019e-01
   6.7892977e-01   1.2279968e-01
   6.8227425e-01   1.2215774e-01
   6.8561873e-01   1.2150435e-01
   6.8896321e-01   1.2083949e-01
   6.9230769e-01   1.2016314e-01
   6.9565217e-01   1.1947527e-01
   6.9899666e-01   1.1877586e-01
   7.0234114e-01   1.1806488e-01
   7.0568562e-01   1.1734231e-01
   7.0903010e-01   1.1660811e-01
   7.1237458e-01   1.1586225e-01
   7.1571906e-01   1.1510470e-01
   7.1906355e-01   1.1433542e-01
   7.2240803e-01   1.1355438e-01
   7.2575251e-01   1.1276153e-01
   7.2909699e-01   1.1195685e-01
   7.3244147e-01   1.1114028e-01
   7.3578595e-01   1.1031178e-01
   7.3913043e-01   1.0947131e-01
   7.4247492e-01   1.0861882e-01
   7.4581940e-01   1.0775426e-01
   7.4916388e-01   1.0687759e-01
   7.5250836e-01   1.0598874e-01
   7.5585284e-01   1.0508767e-01
   7.5919732e-01   1.0417431e-01
   7.6254181e-01   1.0324862e-01
   7.6588629e-01   1.0231053e-01
   7.6923077e-01   1.0135997e-01
   7.7257525e-01   1.0039690e-01
   7.7591973e-01   9.9421232e-02
   7.7926421e-01   9.8432908e-02
   7.8260870e-01   9.7431859e-02
   7.8595318e-01   9.6418012e-02
   7.8929766e-01   9.5391294e-02
   7.9264214e-01   9.4351629e-02
   7.9598662e-01   9.3298942e-02
   7.9933110e-01   9.2233152e-02
   8.0267559e-01   9.1154178e-02
   8.0602007e-01   9.0061936e-02
   8.0936455e-01   8.8956342e-02
   8.1270903e-01   8.7837307e-02
   8.1605351e-01   8.6704743e-02
   8.1939799e-01   8.5558557e-02
   8.2274247e-01   8.4398656e-02
   8.2608696e-01   8.3224943e-02
   8.2943144e-01   8.2037321e-02
   8.3277592e-01   8.0835689e-02
   8.3612040e-01   7.9619944e-02
   8.3946488e-01   7.8389983e-02
   8.4280936e-01   7.7145699e-02
   8.4615385e-01   7.5886981e-02
   8.4949833e-01   7.4613720e-02
   8.5284281e-01   7.3325801e-02
   8.5618729e-01   7.2023108e-02
   8.5953177e-01   7.0705524e-02
   8.6287625e-01   6.9372928e-02
   8.6622074e-01   6.8025198e-02
   8.6956522e-01   6.6662209e-02
   8.7290970e-01   6.5283833e-02
   8.7625418e-01   6.3889940e-02
   8.7959866e-01   6.2480399e-02
   8.8294314e-01   6.1055076e-02
   8.8628763e-01   5.9613833e-02
   8.8963211e-01   5.8156532e-02
   8.9297659e-01   5.6683031e-02
   8.9632107e-01   5.5193185e-02
   8.9966555e-01   5.3686850e-02
   9.0301003e-01   5.2163876e-02
   9.0635452e-01   5.0624111e-02
   9.0969900e-01   4.9067402e-02
   9.1304348e-01   4.7493593e-02
   9.1638796e-01   4.5902525e-02
   9.1973244e-01   4.4294037e-02
   9.2307692e-01   4.2667965e-02
   9.2642140e-01   4.1024143e-02
   9.2976589e-01   3.9362402e-02
   9.3311037e-01   3.7682570e-02
   9.3645485e-01   3.5984475e-02
   9.3979933e-01   3.4267939e-02
   9.4314381e-01   3.2532783e-02
   9.4648829e-01   3.0778826e-02
   9.4983278e-01   2.9005884e-02
   9.5317726e-01   2.7213768e-02
   9.5652174e-01   2.5402291e-02
   9.5986622e-01   2.3571259e-02
   9.6321070e-01   2.1720478e-02
   9.6655518e-01   1.9849750e-02
   9.6989967e-01   1.7958875e-02
   9.7324415e-01   1.6047650e-02
   9.7658863e-01   1.4115870e-02
   9.7993311e-01   1.2163325e-02
   9.8327759e-01   1.0189806e-02
   9.8662207e-01   8.1950972e-03
   9.8996656e-01   6.1789831e-03
   9.9331104e-01   4.1412441e-03
   9.9665552e-01   2.0816581e-03
   1.0000000e+00   0.0000000e+00
   1.0000000e+00   0.0000000e+00
   9.9665552e-01   1.0122711e-03
   9.9331104e-01   2.0112061e-03
   9.8996656e-01   2.9972100e-03
   9.8662207e-01   3.9706802e-03
   9.8327759e-01   4.9320064e-03
   9.7993311e-01   5.8815707e-03
   9.7658863e-01   6.8197475e-03
   9.7324415e-01   7.7469040e-03
   9.6989967e-01   8.6633995e-03
   9.6655518e-01   9.5695863e-03
   9.6321070e-01   1.0465809e-02
   9.5986622e-01   1.1352404e-02
   9.5652174e-01   1.2229703e-02
   9.5317726e-01   1.3098027e-02
   9.4983278e-01   1.3957692e-02
   9.4648829e-01   1.4809005e-02
   9.4314381e-01   1.5652269e-02
   9.3979933e-01   1.6487776e-02
   9.3645485e-01   1.7315813e-02
   9.3311037e-01   1.8136659e-02
   9.2976589e-01   1.8950588e-02
   9.2642140e-01   1.9757864e-02
   9.2307692e-01   2.0558746e-02
   9.1973244e-01   2.1353485e-02
   9.1638796e-01   2.2142327e-02
   9.1304348e-01   2.2925508e-02
   9.0969900e-01   2.3703260e-02
   9.0635452e-01   2.4475807e-02
   9.0301003e-01   2.5243367e-02
   8.9966555e-01   2.6006149e-02
   8.9632107e-01   2.6764359e-02
   8.9297659e-01   2.7518194e-02
   8.8963211e-01   2.8267844e-02
   8.8628763e-01   2.9013494e-02
   8.8294314e-01   2.9755321e-02
   8.7959866e-01   3.0493498e-02
   8.7625418e-01   3.1228189e-02
   8.7290970e-01   3.1959552e-02
   8.6956522e-01   3.2687741e-02
   8.6622074e-01   3.3412900e-02
   8.6287625e-01   3.4135169e-02
   8.5953177e-01   3.4854683e-02
   8.5618729e-01   3.5571567e-02
   8.5284281e-01   3.6285944e-02
   8.4949833e-01   3.6997929e-02
   8.4615385e-01   3.7707630e-02
   8.4280936e-01   3.8415150e-02
   8.3946488e-01   3.9120587e-02
   8.3612040e-01   3.9824031e-02
   8.3277592e-01   4.0525569e-02
   8.2943144e-01   4.1225279e-02
   8.2608696e-01   4.1923235e-02
   8.2274247e-01   4.2619505e-02
   8.1939799e-01   4.3314152e-02
   8.1605351e-01   4.4007231e-02
   8.1270903e-01   4.4698794e-02
   8.0936455e-01   4.5388886e-02
   8.0602007e-01   4.6077547e-02
   8.0267559e-01   4.6764811e-02
   7.9933110e-01   4.7450708e-02
   7.9598662e-01   4.8135260e-02
   7.9264214e-01   4.8818487e-02
   7.8929766e-01   4.9500401e-02
   7.8595318e-01   5.0181010e-02
   7.8260870e-01   5.0860316e-02
   7.7926421e-01   5.1538317e-02
   7.7591973e-01   5.2215005e-02
   7.7257525e-01   5.2890367e-02
   7.6923077e-01   5.3564385e-02
   7.6588629e-01   5.4237037e-02
   7.6254181e-01   5.4908295e-02
   7.5919732e-01   5.5578127e-02
   7.5585284e-01   5.6246495e-02
   7.5250836e-01   5.6913356e-02
   7.4916388e-01   5.7578665e-02
   7.4581940e-01   5.8242370e-02
   7.4247492e-01   5.8904415e-02
   7.3913043e-01   5.9564738e-02
   7.3578595e-01   6.0223275e-02
   7.3244147e-01   6.0879957e-02
   7.2909699e-01   6.1534709e-02
   7.2575251e-01   6.2187452e-02
   7.2240803e-01   6.2838105e-02
   7.1906355e-01   6.3486580e-02
   7.1571906e-01   6.4132786e-02
   7.1237458e-01   6.4776628e-02
   7.0903010e-01   6.5418006e-02
   7.0568562e-01   6.6056818e-02
   7.0234114e-01   6.6692955e-02
   6.9899666e-01   6.7326307e-02
   6.9565217e-01   6.7956757e-02
   6.9230769e-01   6.8584188e-02
   6.8896321e-01   6.9208477e-02
   6.8561873e-01   6.9829496e-02
   6.8227425e-01   7.0447117e-02
   6.7892977e-01   7.1061204e-02
   6.7558528e-01   7.1671621e-02
   6.7224080e-01   7.2278228e-02
   6.6889632e-01   7.2880880e-02
   6.6555184e-01   7.3479430e-02
   6.6220736e-01   7.4073726e-02
   6.5886288e-01   7.4663616e-02
   6.5551839e-01   7.5248941e-02
   6.5217391e-01   7.5829542e-02
   6.4882943e-01   7.6405254e-02
   6.4548495e-01   7.6975913e-02
   6.4214047e-01   7.7541348e-02
   6.3879599e-01   7.8101388e-02
   6.3545151e-01   7.8655857e-02
   6.3210702e-01   7.9204577e-02
   6.2876254e-01   7.9747370e-02
   6.2541806e-01   8.0284050e-02
   6.2207358e-01   8.0814434e-02
   6.1872910e-01   8.1338332e-02
   6.1538462e-01   8.1855556e-02
   6.1204013e-01   8.2365911e-02
   6.0869565e-01   8.2869203e-02
   6.0535117e-01   8.3365235e-02
   6.0200669e-01   8.3853807e-02
   5.9866221e-01   8.4334718e-02
   5.9531773e-01   8.4807764e-02
   5.9197324e-01   8.5272741e-02
   5.8862876e-01   8.5729441e-02
   5.8528428e-01   8.6177655e-02
   5.8193980e-01   8.6617172e-02
   5.7859532e-01   8.7047780e-02
   5.7525084e-01   8.7469265e-02
   5.7190635e-01   8.7881413e-02
   5.6856187e-01   8.8284005e-02
   5.6521739e-01   8.8676824e-02
   5.6187291e-01   8.9059651e-02
   5.5852843e-01   8.9432266e-02
   5.5518395e-01   8.9794446e-02
   5.5183946e-01   9.0145968e-02
   5.4849498e-01   9.0486611e-02
   5.4515050e-01   9.0816148e-02
   5.4180602e-01   9.1134356e-02
   5.3846154e-01   9.1441007e-02
   5.3511706e-01   9.1735876e-02
   5.3177258e-01   9.2018736e-02
   5.2842809e-01   9.2289359e-02
   5.2508361e-01   9.2547519e-02
   5.2173913e-01   9.2792986e-02
   5.1839465e-01   9.3025532e-02
   5.1505017e-01   9.3244930e-02
   5.1170569e-01   9.3450952e-02
   5.0836120e-01   9.3643370e-02
   5.0501672e-01   9.3821955e-02
   5.0167224e-01   9.3986480e-02
   4.9832776e-01   9.4136719e-02
   4.9498328e-01   9.4272445e-02
   4.9163880e-01   9.4393431e-02
   4.8829431e-01   9.4499453e-02
   4.8494983e-01   9.4590287e-02
   4.8160535e-01   9.4665708e-02
   4.7826087e-01   9.4725495e-02
   4.7491639e-01   9.4769427e-02
   4.7157191e-01   9.4797282e-02
   4.6822742e-01   9.4808843e-02
   4.6488294e-01   9.4803893e-02
   4.6153846e-01   9.4782215e-02
   4.5819398e-01   9.4743596e-02
   4.5484950e-01   9.4687824e-02
   4.5150502e-01   9.4614689e-02
   4.4816054e-01   9.4523982e-02
   4.4481605e-01   9.4415497e-02
   4.4147157e-01   9.4289032e-02
   4.3812709e-01   9.4144384e-02
   4.3478261e-01   9.3981356e-02
   4.3143813e-01   9.3799751e-02
   4.2809365e-01   9.3599376e-02
   4.2474916e-01   9.3380041e-02
   4.2140468e-01   9.3141559e-02
   4.1806020e-01   9.2883747e-02
   4.1471572e-01   9.2606424e-02
   4.1137124e-01   9.2309412e-02
   4.0802676e-01   9.1992540e-02
   4.0468227e-01   9.1655638e-02
   4.0133779e-01   9.1298540e-02
   3.9799331e-01   9.0921085e-02
   3.9464883e-01   9.0523117e-02
   3.9130435e-01   9.0104484e-02
   3.8795987e-01   8.9665036e-02
   3.8461538e-01   8.9204633e-02
   3.8127090e-01   8.8723135e-02
   3.7792642e-01   8.8220410e-02
   3.7458194e-01   8.7696331e-02
   3.7123746e-01   8.7150776e-02
   3.6789298e-01   8.6583630e-02
   3.6454849e-01   8.5994781e-02
   3.6120401e-01   8.5384126e-02
   3.5785953e-01   8.4751568e-02
   3.5451505e-01   8.4097015e-02
   3.5117057e-01   8.3420384e-02
   3.4782609e-01   8.2721596e-02
   3.4448161e-01   8.2000583e-02
   3.4113712e-01   8.1257280e-02
   3.3779264e-01   8.0491634e-02
   3.3444816e-01   7.9703598e-02
   3.3110368e-01   7.8893132e-02
   3.2775920e-01   7.8060207e-02
   3.2441472e-01   7.7204800e-02
   3.2107023e-01   7.6326900e-02
   3.1772575e-01   7.5426502e-02
   3.1438127e-01   7.4503614e-02
   3.1103679e-01   7.3558250e-02
   3.0769231e-01   7.2590438e-02
   3.0434783e-01   7.1600214e-02
   3.0100334e-01   7.0587626e-02
   2.9765886e-01   6.9552732e-02
   2.9431438e-01   6.8495602e-02
   2.9096990e-01   6.7416319e-02
   2.8762542e-01   6.6314977e-02
   2.8428094e-01   6.5191682e-02
   2.8093645e-01   6.4046555e-02
   2.7759197e-01   6.2879728e-02
   2.7424749e-01   6.1691349e-02
   2.7090301e-01   6.0481580e-02
   2.6755853e-01   5.9250596e-02
   2.6421405e-01   5.7998589e-02
   2.6086957e-01   5.6725766e-02
   2.5752508e-01   5.5432351e-02
   2.5418060e-01   5.4118583e-02
   2.5083612e-01   5.2784720e-02
   2.4749164e-01   5.1431038e-02
   2.4414716e-01   5.0057830e-02
   2.4080268e-01   4.8665410e-02
   2.3745819e-01   4.7254110e-02
   2.3411371e-01   4.5824284e-02
   2.3076923e-01   4.4376307e-02
   2.2742475e-01   4.2910576e-02
   2.2408027e-01   4.1427509e-02
   2.2073579e-01   3.9927550e-02
   2.1739130e-01   3.8411168e-02
   2.1404682e-01   3.6878854e-02
   2.1070234e-01   3.5331128e-02
   2.0735786e-01   3.3768538e-02
   2.0401338e-01   3.2191659e-02
   2.0066890e-01   3.0601096e-02
   1.9732441e-01   2.8997486e-02
   1.9397993e-01   2.7381495e-02
   1.9063545e-01   2.5753827e-02
   1.8729097e-01   2.4115218e-02
   1.8394649e-01   2.2466440e-02
   1.8060201e-01   2.0808306e-02
   1.7725753e-01   1.9141666e-02
   1.7391304e-01   1.7467414e-02
   1.7056856e-01   1.5786486e-02
   1.6722408e-01   1.4099864e-02
   1.6387960e-01   1.2408579e-02
   1.6053512e-01   1.0713712e-02
   1.5719064e-01   9.0163976e-03
   1.5384615e-01   7.3178260e-03
   1.5050167e-01   5.6192467e-03
   1.4715719e-01   3.9219719e-03
   1.4381271e-01   2.2273798e-03
   1.4046823e-01   5.3691846e-04
   1.3712375e-01  -1.1478894e-03
   1.3377926e-01  -2.8254421e-03
   1.3043478e-01  -4.4940539e-03
   1.2709030e-01  -6.1519489e-03
   1.2374582e-01  -7.7972552e-03
   1.2040134e-01  -9.4279980e-03
   1.1705686e-01  -1.1042092e-02
   1.1371237e-01  -1.2637331e-02
   1.1036789e-01  -1.4211384e-02
   1.0702341e-01  -1.5761776e-02
   1.0367893e-01  -1.7285884e-02
   1.0033445e-01  -1.8780920e-02
   9.6989967e-02  -2.0243914e-02
   9.3645485e-02  -2.1671699e-02
   9.0301003e-02  -2.3060893e-02
   8.6956522e-02  -2.4407870e-02
   8.3612040e-02  -2.5708740e-02
   8.0267559e-02  -2.6959312e-02
   7.6923077e-02  -2.8155062e-02
   7.3578595e-02  -2.9291090e-02
   7.0234114e-02  -3.0362065e-02
   6.6889632e-02  -3.1362168e-02
   6.3545151e-02  -3.2285017e-02
   6.0200669e-02  -3.3123575e-02
   5.6856187e-02  -3.3870040e-02
   5.3511706e-02  -3.4515704e-02
   5.0167224e-02  -3.5050778e-02
   4.6822742e-02  -3.5464159e-02
   4.3478261e-02  -3.5743136e-02
   4.0133779e-02  -3.5872991e-02
   3.6789298e-02  -3.5836452e-02
   3.3444816e-02  -3.5612936e-02
   3.0100334e-02  -3.5177445e-02
   2.6755853e-02  -3.4498929e-02
   2.3411371e-02  -3.3537707e-02
   2.0066890e-02  -3.2241237e-02
   1.6722408e-02  -3.0536608e-02
   1.3377926e-02  -2.8316001e-02
   1.0033445e-02  -2.5404583e-02
   6.6889632e-03  -2.1474101e-02
   3.3444816e-03  -1.5709491e-02
   0.0000000e+00  -0.0000000e+00
