   0.0000000e+00   0.0000000e+00
   3.3444816e-03   1.1588942e-02
   6.6889632e-03   1.6395553e-02
   1.0033445e-02   2.0086643e-02
   1.3377926e-02   2.3199633e-02
   1.6722408e-02   2.5942368e-02
   2.0066890e-02   2.8421252e-02
   2.3411371e-02   3.0699365e-02
   2.6755853e-02   3.2817714e-02
   3.0100334e-02   3.4804713e-02
   3.3444816e-02   3.6680995e-02
   3.6789298e-02   3.8462093e-02
   4.0133779e-02   4.0160040e-02
   4.3478261e-02   4.1784376e-02
   4.6822742e-02   4.3342810e-02
   5.0167224e-02   4.4841679e-02
   5.3511706e-02   4.6286258e-02
   5.6856187e-02   4.7680998e-02
   6.0200669e-02   4.9029689e-02
   6.3545151e-02   5.0335593e-02
   6.6889632e-02   5.1601537e-02
   7.0234114e-02   5.2829991e-02
   7.3578595e-02   5.4023130e-02
   7.6923077e-02   5.5182877e-02
   8.0267559e-02   5.6310943e-02
   8.3612040e-02   5.7408860e-02
   8.6956522e-02   5.8478004e-02
   9.0301003e-02   5.9519616e-02
   9.3645485e-02   6.0534824e-02
   9.6989967e-02   6.1524652e-02
   1.0033445e-01   6.2490036e-02
   1.0367893e-01   6.3431832e-02
   1.0702341e-01   6.4350829e-02
   1.1036789e-01   6.5247753e-02
   1.1371237e-01   6.6123275e-02
   1.1705686e-01   6.6978019e-02
   1.2040134e-01   6.7812562e-02
   1.2374582e-01   6.8627444e-02
   1.2709030e-01   6.9423169e-02
   1.3043478e-01   7.0200207e-02
   1.3377926e-01   7.0959000e-02
   1.3712375e-01   7.1699966e-02
   1.4046823e-01   7.2423494e-02
   1.4381271e-01   7.3129955e-02
   1.4715719e-01   7.3819698e-02
   1.5050167e-01   7.4493054e-02
   1.5384615e-01   7.5150337e-02
   1.5719064e-01   7.5791847e-02
   1.6053512e-01   7.6417866e-02
   1.6387960e-01   7.7028668e-02
   1.6722408e-01   7.7624510e-02
   1.7056856e-01   7.8205641e-02
   1.7391304e-01   7.8772298e-02
   1.7725753e-01   7.9324709e-02
   1.8060201e-01   7.9863092e-02
   1.8394649e-01   8.0387659e-02
   1.8729097e-01   8.0898612e-02
   1.9063545e-01   8.1396148e-02
   1.9397993e-01   8.1880454e-02
   1.9732441e-01   8.2351713e-02
   2.0066890e-01   8.2810103e-02
   2.0401338e-01   8.3255794e-02
   2.0735786e-01   8.3688952e-02
   2.1070234e-01   8.4109740e-02
   2.1404682e-01   8.4518313e-02
   2.1739130e-01   8.4914824e-02
   2.2073579e-01   8.5299422e-02
   2.2408027e-01   8.5672251e-02
   2.2742475e-01   8.6033453e-02
   2.3076923e-01   8.6383165e-02
   2.3411371e-01   8.6721523e-02
   2.3745819e-01   8.7048657e-02
   2.4080268e-01   8.7364697e-02
   2.4414716e-01   8.7669768e-02
   2.4749164e-01   8.7963995e-02
   2.5083612e-01   8.8247498e-02
   2.5418060e-01   8.8520397e-02
   2.5752508e-01   8.8782808e-02
   2.6086957e-01   8.9034846e-02
   2.6421405e-01   8.9276623e-02
   2.6755853e-01   8.9508251e-02
   2.7090301e-01   8.9729838e-02
   2.7424749e-01   8.9941492e-02
   2.7759197e-01   9.0143318e-02
   2.8093645e-01   9.0335421e-02
   2.8428094e-01   9.0517902e-02
   2.8762542e-01   9.0690864e-02
   2.9096990e-01   9.0854405e-02
   2.9431438e-01   9.1008625e-02
   2.9765886e-01   9.1153620e-02
   3.0100334e-01   9.1289486e-02
   3.0434783e-01   9.1416318e-02
   3.0769231e-01   9.1534209e-02
   3.1103679e-01   9.1643252e-02
   3.1438127e-01   9.1743538e-02
   3.1772575e-01   9.1835157e-02
   3.2107023e-01   9.1918198e-02
   3.2441472e-01   9.1992751e-02
   3.2775920e-01   9.2058901e-02
   3.3110368e-01   9.2116736e-02
   3.3444816e-01   9.2166340e-02
   3.3779264e-01   9.2207799e-02
   3.4113712e-01   9.2241196e-02
   3.4448161e-01   9.2266613e-02
   3.4782609e-01   9.2284133e-02
   3.5117057e-01   9.2293837e-02
   3.5451505e-01   9.2295806e-02
   3.5785953e-01   9.2290118e-02
   3.6120401e-01   9.2276852e-02
   3.6454849e-01   9.2256088e-02
   3.6789298e-01   9.2227901e-02
   3.7123746e-01   9.2192368e-02
   3.7458194e-01   9.2149566e-02
   3.7792642e-01   9.2099569e-02
   3.8127090e-01   9.2042451e-02
   3.8461538e-01   9.1978286e-02
   3.8795987e-01   9.1907148e-02
   3.9130435e-01   9.1829108e-02
   3.9464883e-01   9.1744237e-02
   3.9799331e-01   9.1652608e-02
   4.0133779e-01   9.1554289e-02
   4.0468227e-01   9.1449350e-02
   4.0802676e-01   9.1337860e-02
   4.1137124e-01   9.1219888e-02
   4.1471572e-01   9.1095500e-02
   4.1806020e-01   9.0964763e-02
   4.2140468e-01   9.0827744e-02
   4.2474916e-01   9.0684508e-02
   4.2809365e-01   9.0535119e-02
   4.3143813e-01   9.0379642e-02
   4.3478261e-01   9.0218140e-02
   4.3812709e-01   9.0050676e-02
   4.4147157e-01   8.9877311e-02
   4.4481605e-01   8.9698108e-02
   4.4816054e-01   8.9513127e-02
   4.5150502e-01   8.9322428e-02
   4.5484950e-01   8.9126071e-02
   4.5819398e-01   8.8924113e-02
   4.6153846e-01   8.8716614e-02
   4.6488294e-01   8.8503630e-02
   4.6822742e-01   8.8285218e-02
   4.7157191e-01   8.8061434e-02
   4.7491639e-01   8.7832333e-02
   4.7826087e-01   8.7597970e-02
   4.8160535e-01   8.7358399e-02
   4.8494983e-01   8.7113673e-02
   4.8829431e-01   8.6863844e-02
   4.9163880e-01   8.6608964e-02
   4.9498328e-01   8.6349084e-02
   4.9832776e-01   8.6084255e-02
   5.0167224e-01   8.5814526e-02
   5.0501672e-01   8.5539945e-02
   5.0836120e-01   8.5260562e-02
   5.1170569e-01   8.4976424e-02
   5.1505017e-01   8.4687576e-02
   5.1839465e-01   8.4394066e-02
   5.2173913e-01   8.4095938e-02
   5.2508361e-01   8.3793237e-02
   5.2842809e-01   8.3486006e-02
   5.3177258e-01   8.3174289e-02
   5.3511706e-01   8.2858127e-02
   5.3846154e-01   8.2537563e-02
   5.4180602e-01   8.2212636e-02
   5.4515050e-01   8.1883386e-02
   5.4849498e-01   8.1549853e-02
   5.5183946e-01   8.1212075e-02
   5.5518395e-01   8.0870089e-02
   5.5852843e-01   8.0523932e-02
   5.6187291e-01   8.0173640e-02
   5.6521739e-01   7.9819248e-02
   5.6856187e-01   7.9460790e-02
   5.7190635e-01   7.9098300e-02
   5.7525084e-01   7.8731810e-02
   5.7859532e-01   7.8361352e-02
   5.8193980e-01   7.7986956e-02
   5.8528428e-01   7.7608654e-02
   5.8862876e-01   7.7226474e-02
   5.9197324e-01   7.6840444e-02
   5.9531773e-01   7.6450593e-02
   5.9866221e-01   7.6056946e-02
   6.0200669e-01   7.5659530e-02
   6.0535117e-01   7.5258369e-02
   6.0869565e-01   7.4853488e-02
   6.1204013e-01   7.4444910e-02
   6.1538462e-01   7.4032656e-02
   6.1872910e-01   7.3616749e-02
   6.2207358e-01   7.3197208e-02
   6.2541806e-01   7.2774053e-02
   6.2876254e-01   7.2347304e-02
   6.3210702e-01   7.1916977e-02
   6.3545151e-01   7.1483089e-02
   6.3879599e-01   7.1045656e-02
   6.4214047e-01   7.0604693e-02
   6.4548495e-01   7.0160215e-02
   6.4882943e-01   6.9712233e-02
   6.5217391e-01   6.9260760e-02
   6.5551839e-01   6.8805808e-02
   6.5886288e-01   6.8347385e-02
   6.6220736e-01   6.7885502e-02
   6.6555184e-01   6.7420166e-02
   6.6889632e-01   6.6951386e-02
   6.7224080e-01   6.6479166e-02
   6.7558528e-01   6.6003511e-02
   6.7892977e-01   6.5524428e-02
   6.8227425e-01   6.5041917e-02
   6.8561873e-01   6.4555982e-02
   6.8896321e-01   6.4066624e-02
   6.9230769e-01   6.3573843e-02
   6.9565217e-01   6.3077637e-02
   6.9899666e-01   6.2578006e-02
   7.0234114e-01   6.2074945e-02
   7.0568562e-01   6.1568452e-02
   7.0903010e-01   6.1058520e-02
   7.1237458e-01   6.0545143e-02
   7.1571906e-01   6.0028316e-02
   7.1906355e-01   5.9508028e-02
   7.2240803e-01   5.8984271e-02
   7.2575251e-01   5.8457034e-02
   7.2909699e-01   5.7926306e-02
   7.3244147e-01   5.7392074e-02
   7.3578595e-01   5.6854325e-02
   7.3913043e-01   5.6313043e-02
   7.4247492e-01   5.5768212e-02
   7.4581940e-01   5.5219816e-02
   7.4916388e-01   5.4667837e-02
   7.5250836e-01   5.4112254e-02
   7.5585284e-01   5.3553048e-02
   7.5919732e-01   5.2990197e-02
   7.6254181e-01   5.2423678e-02
   7.6588629e-01   5.1853467e-02
   7.6923077e-01   5.1279539e-02
   7.7257525e-01   5.0701869e-02
   7.7591973e-01   5.0120428e-02
   7.7926421e-01   4.9535188e-02
   7.8260870e-01   4.8946120e-02
   7.8595318e-01   4.8353192e-02
   7.8929766e-01   4.7756373e-02
   7.9264214e-01   4.7155628e-02
   7.9598662e-01   4.6550924e-02
   7.9933110e-01   4.5942226e-02
   8.0267559e-01   4.5329495e-02
   8.0602007e-01   4.4712694e-02
   8.0936455e-01   4.4091783e-02
   8.1270903e-01   4.3466722e-02
   8.1605351e-01   4.2837470e-02
   8.1939799e-01   4.2203982e-02
   8.2274247e-01   4.1566216e-02
   8.2608696e-01   4.0924124e-02
   8.2943144e-01   4.0277661e-02
   8.3277592e-01   3.9626779e-02
   8.3612040e-01   3.8971427e-02
   8.3946488e-01   3.8311556e-02
   8.4280936e-01   3.7647114e-02
   8.4615385e-01   3.6978047e-02
   8.4949833e-01   3.6304301e-02
   8.5284281e-01   3.5625820e-02
   8.5618729e-01   3.4942547e-02
   8.5953177e-01   3.4254425e-02
   8.6287625e-01   3.3561393e-02
   8.6622074e-01   3.2863390e-02
   8.6956522e-01   3.2160354e-02
   8.7290970e-01   3.1452222e-02
   8.7625418e-01   3.0738928e-02
   8.7959866e-01   3.0020407e-02
   8.8294314e-01   2.9296590e-02
   8.8628763e-01   2.8567409e-02
   8.8963211e-01   2.7832794e-02
   8.9297659e-01   2.7092673e-02
   8.9632107e-01   2.6346972e-02
   8.9966555e-01   2.5595618e-02
   9.0301003e-01   2.4838535e-02
   9.0635452e-01   2.4075645e-02
   9.0969900e-01   2.3306871e-02
   9.1304348e-01   2.2532131e-02
   9.1638796e-01   2.1751346e-02
   9.1973244e-01   2.0964432e-02
   9.2307692e-01   2.0171306e-02
   9.2642140e-01   1.9371881e-02
   9.2976589e-01   1.8566072e-02
   9.3311037e-01   1.7753788e-02
   9.3645485e-01   1.6934942e-02
   9.3979933e-01   1.6109442e-02
   9.4314381e-01   1.5277195e-02
   9.4648829e-01   1.4438107e-02
   9.4983278e-01   1.3592083e-02
   9.5317726e-01   1.2739026e-02
   9.5652174e-01   1.1878837e-02
   9.5986622e-01   1.1011417e-02
   9.6321070e-01   1.0136664e-02
   9.6655518e-01   9.2544764e-03
   9.6989967e-01   8.3647491e-03
   9.7324415e-01   7.4673766e-03
   9.7658863e-01   6.5622519e-03
   9.7993311e-01   5.6492662e-03
   9.8327759e-01   4.7283094e-03
   9.8662207e-01   3.7992699e-03
   9.8996656e-01   2.8620346e-03
   9.9331104e-01   1.9164889e-03
   9.9665552e-01   9.6251656e-04
   1.0000000e+00   0.0000000e+00
   1.0000000e+00   0.0000000e+00
   9.9665552e-01  -2.4483277e-04
   9.9331104e-01  -4.8635834e-04
   9.8996656e-01  -7.2458601e-04
   9.8662207e-01  -9.5952567e-04
   9.8327759e-01  -1.1911878e-03
   9.7993311e-01  -1.4195836e-03
   9.7658863e-01  -1.6447247e-03
   9.7324415e-01  -1.8666233e-03
   9.6989967e-01  -2.0852924e-03
   9.6655518e-01  -2.3007453e-03
   9.6321070e-01  -2.5129961e-03
   9.5986622e-01  -2.7220594e-03
   9.5652174e-01  -2.9279502e-03
   9.5317726e-01  -3.1306844e-03
   9.4983278e-01  -3.3302781e-03
   9.4648829e-01  -3.5267481e-03
   9.4314381e-01  -3.7201119e-03
   9.3979933e-01  -3.9103872e-03
   9.3645485e-01  -4.0975925e-03
   9.3311037e-01  -4.2817467e-03
   9.2976589e-01  -4.4628694e-03
   9.2642140e-01  -4.6409805e-03
   9.2307692e-01  -4.8161004e-03
   9.1973244e-01  -4.9882503e-03
   9.1638796e-01  -5.1574516e-03
   9.1304348e-01  -5.3237264e-03
   9.0969900e-01  -5.4870971e-03
   9.0635452e-01  -5.6475868e-03
   9.0301003e-01  -5.8052189e-03
   8.9966555e-01  -5.9600174e-03
   8.9632107e-01  -6.1120067e-03
   8.9297659e-01  -6.2612118e-03
   8.8963211e-01  -6.4076580e-03
   8.8628763e-01  -6.5513711e-03
   8.8294314e-01  -6.6923773e-03
   8.7959866e-01  -6.8307035e-03
   8.7625418e-01  -6.9663767e-03
   8.7290970e-01  -7.0994246e-03
   8.6956522e-01  -7.2298752e-03
   8.6622074e-01  -7.3577569e-03
   8.6287625e-01  -7.4830986e-03
   8.5953177e-01  -7.6059296e-03
   8.5618729e-01  -7.7262795e-03
   8.5284281e-01  -7.8441785e-03
   8.4949833e-01  -7.9596571e-03
   8.4615385e-01  -8.0727460e-03
   8.4280936e-01  -8.1834767e-03
   8.3946488e-01  -8.2918806e-03
   8.3612040e-01  -8.3979899e-03
   8.3277592e-01  -8.5018370e-03
   8.2943144e-01  -8.6034545e-03
   8.2608696e-01  -8.7028755e-03
   8.2274247e-01  -8.8001336e-03
   8.1939799e-01  -8.8952625e-03
   8.1605351e-01  -8.9882963e-03
   8.1270903e-01  -9.0792695e-03
   8.0936455e-01  -9.1682168e-03
   8.0602007e-01  -9.2551735e-03
   8.0267559e-01  -9.3401748e-03
   7.9933110e-01  -9.4232565e-03
   7.9598662e-01  -9.5044547e-03
   7.9264214e-01  -9.5838056e-03
   7.8929766e-01  -9.6613459e-03
   7.8595318e-01  -9.7371124e-03
   7.8260870e-01  -9.8111424e-03
   7.7926421e-01  -9.8834731e-03
   7.7591973e-01  -9.9541423e-03
   7.7257525e-01  -1.0023188e-02
   7.6923077e-01  -1.0090648e-02
   7.6588629e-01  -1.0156562e-02
   7.6254181e-01  -1.0220967e-02
   7.5919732e-01  -1.0283902e-02
   7.5585284e-01  -1.0345408e-02
   7.5250836e-01  -1.0405522e-02
   7.4916388e-01  -1.0464285e-02
   7.4581940e-01  -1.0521736e-02
   7.4247492e-01  -1.0577916e-02
   7.3913043e-01  -1.0632863e-02
   7.3578595e-01  -1.0686620e-02
   7.3244147e-01  -1.0739225e-02
   7.2909699e-01  -1.0790720e-02
   7.2575251e-01  -1.0841145e-02
   7.2240803e-01  -1.0890542e-02
   7.1906355e-01  -1.0938951e-02
   7.1571906e-01  -1.0986414e-02
   7.1237458e-01  -1.1032971e-02
   7.0903010e-01  -1.1078665e-02
   7.0568562e-01  -1.1123536e-02
   7.0234114e-01  -1.1167627e-02
   6.9899666e-01  -1.1210979e-02
   6.9565217e-01  -1.1253634e-02
   6.9230769e-01  -1.1295634e-02
   6.8896321e-01  -1.1337021e-02
   6.8561873e-01  -1.1377836e-02
   6.8227425e-01  -1.1418123e-02
   6.7892977e-01  -1.1457922e-02
   6.7558528e-01  -1.1497276e-02
   6.7224080e-01  -1.1536228e-02
   6.6889632e-01  -1.1574819e-02
   6.6555184e-01  -1.1613092e-02
   6.6220736e-01  -1.1651089e-02
   6.5886288e-01  -1.1688852e-02
   6.5551839e-01  -1.1726423e-02
   6.5217391e-01  -1.1763844e-02
   6.4882943e-01  -1.1801158e-02
   6.4548495e-01  -1.1838406e-02
   6.4214047e-01  -1.1875630e-02
   6.3879599e-01  -1.1912873e-02
   6.3545151e-01  -1.1950176e-02
   6.3210702e-01  -1.1987581e-02
   6.2876254e-01  -1.2025130e-02
   6.2541806e-01  -1.2062863e-02
   6.2207358e-01  -1.2100824e-02
   6.1872910e-01  -1.2139052e-02
   6.1538462e-01  -1.2177589e-02
   6.1204013e-01  -1.2216476e-02
   6.0869565e-01  -1.2255755e-02
   6.0535117e-01  -1.2295465e-02
   6.0200669e-01  -1.2335647e-02
   5.9866221e-01  -1.2376341e-02
   5.9531773e-01  -1.2417589e-02
   5.9197324e-01  -1.2459428e-02
   5.8862876e-01  -1.2501900e-02
   5.8528428e-01  -1.2545044e-02
   5.8193980e-01  -1.2588898e-02
   5.7859532e-01  -1.2633502e-02
   5.7525084e-01  -1.2678895e-02
   5.7190635e-01  -1.2725114e-02
   5.6856187e-01  -1.2772198e-02
   5.6521739e-01  -1.2820185e-02
   5.6187291e-01  -1.2869111e-02
   5.5852843e-01  -1.2919015e-02
   5.5518395e-01  -1.2969933e-02
   5.5183946e-01  -1.3021901e-02
   5.4849498e-01  -1.3074955e-02
   5.4515050e-01  -1.3129132e-02
   5.4180602e-01  -1.3184465e-02
   5.3846154e-01  -1.3240990e-02
   5.3511706e-01  -1.3298741e-02
   5.3177258e-01  -1.3357753e-02
   5.2842809e-01  -1.3418058e-02
   5.2508361e-01  -1.3479690e-02
   5.2173913e-01  -1.3542680e-02
   5.1839465e-01  -1.3607062e-02
   5.1505017e-01  -1.3672866e-02
   5.1170569e-01  -1.3740124e-02
   5.0836120e-01  -1.3808865e-02
   5.0501672e-01  -1.3879119e-02
   5.0167224e-01  -1.3950916e-02
   4.9832776e-01  -1.4024284e-02
   4.9498328e-01  -1.4099251e-02
   4.9163880e-01  -1.4175845e-02
   4.8829431e-01  -1.4254091e-02
   4.8494983e-01  -1.4334017e-02
   4.8160535e-01  -1.4415646e-02
   4.7826087e-01  -1.4499004e-02
   4.7491639e-01  -1.4584115e-02
   4.7157191e-01  -1.4671000e-02
   4.6822742e-01  -1.4759684e-02
   4.6488294e-01  -1.4850186e-02
   4.6153846e-01  -1.4942529e-02
   4.5819398e-01  -1.5036730e-02
   4.5484950e-01  -1.5132810e-02
   4.5150502e-01  -1.5230787e-02
   4.4816054e-01  -1.5330676e-02
   4.4481605e-01  -1.5432496e-02
   4.4147157e-01  -1.5536260e-02
   4.3812709e-01  -1.5641983e-02
   4.3478261e-01  -1.5749678e-02
   4.3143813e-01  -1.5859357e-02
   4.2809365e-01  -1.5971032e-02
   4.2474916e-01  -1.6084713e-02
   4.2140468e-01  -1.6200407e-02
   4.1806020e-01  -1.6318124e-02
   4.1471572e-01  -1.6437869e-02
   4.1137124e-01  -1.6559649e-02
   4.0802676e-01  -1.6683466e-02
   4.0468227e-01  -1.6809325e-02
   4.0133779e-01  -1.6937226e-02
   3.9799331e-01  -1.7067169e-02
   3.9464883e-01  -1.7199155e-02
   3.9130435e-01  -1.7333179e-02
   3.8795987e-01  -1.7469239e-02
   3.8461538e-01  -1.7607329e-02
   3.8127090e-01  -1.7747441e-02
   3.7792642e-01  -1.7889568e-02
   3.7458194e-01  -1.8033698e-02
   3.7123746e-01  -1.8179822e-02
   3.6789298e-01  -1.8327924e-02
   3.6454849e-01  -1.8477991e-02
   3.6120401e-01  -1.8630005e-02
   3.5785953e-01  -1.8783947e-02
   3.5451505e-01  -1.8939798e-02
   3.5117057e-01  -1.9097535e-02
   3.4782609e-01  -1.9257132e-02
   3.4448161e-01  -1.9418566e-02
   3.4113712e-01  -1.9581805e-02
   3.3779264e-01  -1.9746821e-02
   3.3444816e-01  -1.9913581e-02
   3.3110368e-01  -2.0082050e-02
   3.2775920e-01  -2.0252190e-02
   3.2441472e-01  -2.0423962e-02
   3.2107023e-01  -2.0597325e-02
   3.1772575e-01  -2.0772233e-02
   3.1438127e-01  -2.0948640e-02
   3.1103679e-01  -2.1126497e-02
   3.0769231e-01  -2.1305751e-02
   3.0434783e-01  -2.1486347e-02
   3.0100334e-01  -2.1668227e-02
   2.9765886e-01  -2.1851331e-02
   2.9431438e-01  -2.2035594e-02
   2.9096990e-01  -2.2220950e-02
   2.8762542e-01  -2.2407329e-02
   2.8428094e-01  -2.2594656e-02
   2.8093645e-01  -2.2782855e-02
   2.7759197e-01  -2.2971847e-02
   2.7424749e-01  -2.3161546e-02
   2.7090301e-01  -2.3351864e-02
   2.6755853e-01  -2.3542711e-02
   2.6421405e-01  -2.3733990e-02
   2.6086957e-01  -2.3925602e-02
   2.5752508e-01  -2.4117443e-02
   2.5418060e-01  -2.4309403e-02
   2.5083612e-01  -2.4501371e-02
   2.4749164e-01  -2.4693227e-02
   2.4414716e-01  -2.4884850e-02
   2.4080268e-01  -2.5076111e-02
   2.3745819e-01  -2.5266878e-02
   2.3411371e-01  -2.5457011e-02
   2.3076923e-01  -2.5646367e-02
   2.2742475e-01  -2.5834795e-02
   2.2408027e-01  -2.6022138e-02
   2.2073579e-01  -2.6208235e-02
   2.1739130e-01  -2.6392916e-02
   2.1404682e-01  -2.6576003e-02
   2.1070234e-01  -2.6757315e-02
   2.0735786e-01  -2.6936659e-02
   2.0401338e-01  -2.7113836e-02
   2.0066890e-01  -2.7288640e-02
   1.9732441e-01  -2.7460854e-02
   1.9397993e-01  -2.7630254e-02
   1.9063545e-01  -2.7796605e-02
   1.8729097e-01  -2.7959663e-02
   1.8394649e-01  -2.8119174e-02
   1.8060201e-01  -2.8274872e-02
   1.7725753e-01  -2.8426479e-02
   1.7391304e-01  -2.8573707e-02
   1.7056856e-01  -2.8716254e-02
   1.6722408e-01  -2.8853804e-02
   1.6387960e-01  -2.8986027e-02
   1.6053512e-01  -2.9112580e-02
   1.5719064e-01  -2.9233100e-02
   1.5384615e-01  -2.9347210e-02
   1.5050167e-01  -2.9454515e-02
   1.4715719e-01  -2.9554598e-02
   1.4381271e-01  -2.9647025e-02
   1.4046823e-01  -2.9731337e-02
   1.3712375e-01  -2.9807054e-02
   1.3377926e-01  -2.9873669e-02
   1.3043478e-01  -2.9930649e-02
   1.2709030e-01  -2.9977431e-02
   1.2374582e-01  -3.0013420e-02
   1.2040134e-01  -3.0037989e-02
   1.1705686e-01  -3.0050472e-02
   1.1371237e-01  -3.0050164e-02
   1.1036789e-01  -3.0036315e-02
   1.0702341e-01  -3.0008128e-02
   1.0367893e-01  -2.9964753e-02
   1.0033445e-01  -2.9905281e-02
   9.6989967e-02  -2.9828741e-02
   9.3645485e-02  -2.9734088e-02
   9.0301003e-02  -2.9620201e-02
   8.6956522e-02  -2.9485869e-02
   8.3612040e-02  -2.9329781e-02
   8.0267559e-02  -2.9150515e-02
   7.6923077e-02  -2.8946522e-02
   7.3578595e-02  -2.8716105e-02
   7.0234114e-02  -2.8457404e-02
   6.6889632e-02  -2.8168363e-02
   6.3545151e-02  -2.7846702e-02
   6.0200669e-02  -2.7489877e-02
   5.6856187e-02  -2.7095032e-02
   5.3511706e-02  -2.6658935e-02
   5.0167224e-02  -2.6177902e-02
   4.6822742e-02  -2.5647692e-02
   4.3478261e-02  -2.5063375e-02
   4.0133779e-02  -2.4419149e-02
   3.6789298e-02  -2.3708089e-02
   3.3444816e-02  -2.2921800e-02
   3.0100334e-02  -2.2049897e-02
   2.6755853e-02  -2.1079236e-02
   2.3411371e-02  -1.9992695e-02
   2.0066890e-02  -1.8767143e-02
   1.6722408e-02  -1.7369825e-02
   1.3377926e-02  -1.5751284e-02
   1.0033445e-02  -1.3829600e-02
   6.6889632e-03  -1.1447600e-02
   3.3444816e-03  -8.2061092e-03
   0.0000000e+00  -0.0000000e+00
