   0.0000000e+00   0.0000000e+00
   3.3444816e-03   1.2293293e-02
   6.6889632e-03   1.7385660e-02
   1.0033445e-02   2.1291085e-02
   1.3377926e-02   2.4579992e-02
   1.6722408e-02   2.7472961e-02
   2.0066890e-02   3.0082887e-02
   2.3411371e-02   3.2476677e-02
   2.6755853e-02   3.4697805e-02
   3.0100334e-02   3.6776380e-02
   3.3444816e-02   3.8734254e-02
   3.6789298e-02   4.0587868e-02
   4.0133779e-02   4.2349952e-02
   4.3478261e-02   4.4030591e-02
   4.6822742e-02   4.5637934e-02
   5.0167224e-02   4.7178672e-02
   5.3511706e-02   4.8658376e-02
   5.6856187e-02   5.0081742e-02
   6.0200669e-02   5.1452770e-02
   6.3545151e-02   5.2774901e-02
   6.6889632e-02   5.4051117e-02
   7.0234114e-02   5.5284027e-02
   7.3578595e-02   5.6475924e-02
   7.6923077e-02   5.7628840e-02
   8.0267559e-02   5.8744584e-02
   8.3612040e-02   5.9824776e-02
   8.6956522e-02   6.0870873e-02
   9.0301003e-02   6.1884194e-02
   9.3645485e-02   6.2865935e-02
   9.6989967e-02   6.3817186e-02
   1.0033445e-01   6.4738947e-02
   1.0367893e-01   6.5632134e-02
   1.0702341e-01   6.6497593e-02
   1.1036789e-01   6.7336105e-02
   1.1371237e-01   6.8148397e-02
   1.1705686e-01   6.8935143e-02
   1.2040134e-01   6.9696973e-02
   1.2374582e-01   7.0434477e-02
   1.2709030e-01   7.1148209e-02
   1.3043478e-01   7.1838690e-02
   1.3377926e-01   7.2506410e-02
   1.3712375e-01   7.3151836e-02
   1.4046823e-01   7.3775406e-02
   1.4381271e-01   7.4377541e-02
   1.4715719e-01   7.4958637e-02
   1.5050167e-01   7.5519075e-02
   1.5384615e-01   7.6059219e-02
   1.5719064e-01   7.6579416e-02
   1.6053512e-01   7.7080002e-02
   1.6387960e-01   7.7561297e-02
   1.6722408e-01   7.8023610e-02
   1.7056856e-01   7.8467241e-02
   1.7391304e-01   7.8892478e-02
   1.7725753e-01   7.9299600e-02
   1.8060201e-01   7.9688879e-02
   1.8394649e-01   8.0060577e-02
   1.8729097e-01   8.0414951e-02
   1.9063545e-01   8.0752249e-02
   1.9397993e-01   8.1072714e-02
   1.9732441e-01   8.1376583e-02
   2.0066890e-01   8.1664087e-02
   2.0401338e-01   8.1935453e-02
   2.0735786e-01   8.2190903e-02
   2.1070234e-01   8.2430655e-02
   2.1404682e-01   8.2654921e-02
   2.1739130e-01   8.2863912e-02
   2.2073579e-01   8.3057833e-02
   2.2408027e-01   8.3236887e-02
   2.2742475e-01   8.3401274e-02
   2.3076923e-01   8.3551191e-02
   2.3411371e-01   8.3686832e-02
   2.3745819e-01   8.3808387e-02
   2.4080268e-01   8.3916047e-02
   2.4414716e-01   8.4009998e-02
   2.4749164e-01   8.4090424e-02
   2.5083612e-01   8.4157509e-02
   2.5418060e-01   8.4211433e-02
   2.5752508e-01   8.4252374e-02
   2.6086957e-01   8.4280510e-02
   2.6421405e-01   8.4296018e-02
   2.6755853e-01   8.4299070e-02
   2.7090301e-01   8.4289839e-02
   2.7424749e-01   8.4268497e-02
   2.7759197e-01   8.4235214e-02
   2.8093645e-01   8.4190158e-02
   2.8428094e-01   8.4133496e-02
   2.8762542e-01   8.4065396e-02
   2.9096990e-01   8.3986022e-02
   2.9431438e-01   8.3895538e-02
   2.9765886e-01   8.3794108e-02
   3.0100334e-01   8.3681894e-02
   3.0434783e-01   8.3559056e-02
   3.0769231e-01   8.3425756e-02
   3.1103679e-01   8.3282152e-02
   3.1438127e-01   8.3128403e-02
   3.1772575e-01   8.2964667e-02
   3.2107023e-01   8.2791101e-02
   3.2441472e-01   8.2607860e-02
   3.2775920e-01   8.2415101e-02
   3.3110368e-01   8.2212977e-02
   3.3444816e-01   8.2001643e-02
   3.3779264e-01   8.1781251e-02
   3.4113712e-01   8.1551953e-02
   3.4448161e-01   8.1313902e-02
   3.4782609e-01   8.1067249e-02
   3.5117057e-01   8.0812143e-02
   3.5451505e-01   8.0548733e-02
   3.5785953e-01   8.0277170e-02
   3.6120401e-01   7.9997600e-02
   3.6454849e-01   7.9710171e-02
   3.6789298e-01   7.9415031e-02
   3.7123746e-01   7.9112325e-02
   3.7458194e-01   7.8802199e-02
   3.7792642e-01   7.8484796e-02
   3.8127090e-01   7.8160263e-02
   3.8461538e-01   7.7828740e-02
   3.8795987e-01   7.7490373e-02
   3.9130435e-01   7.7145302e-02
   3.9464883e-01   7.6793668e-02
   3.9799331e-01   7.6435613e-02
   4.0133779e-01   7.6071277e-02
   4.0468227e-01   7.5700798e-02
   4.0802676e-01   7.5324315e-02
   4.1137124e-01   7.4941966e-02
   4.1471572e-01   7.4553888e-02
   4.1806020e-01   7.4160218e-02
   4.2140468e-01   7.3761091e-02
   4.2474916e-01   7.3356641e-02
   4.2809365e-01   7.2947004e-02
   4.3143813e-01   7.2532313e-02
   4.3478261e-01   7.2112700e-02
   4.3812709e-01   7.1688297e-02
   4.4147157e-01   7.1259235e-02
   4.4481605e-01   7.0825646e-02
   4.4816054e-01   7.0387657e-02
   4.5150502e-01   6.9945399e-02
   4.5484950e-01   6.9498998e-02
   4.5819398e-01   6.9048583e-02
   4.6153846e-01   6.8594279e-02
   4.6488294e-01   6.8136211e-02
   4.6822742e-01   6.7674506e-02
   4.7157191e-01   6.7209286e-02
   4.7491639e-01   6.6740673e-02
   4.7826087e-01   6.6268791e-02
   4.8160535e-01   6.5793761e-02
   4.8494983e-01   6.5315702e-02
   4.8829431e-01   6.4834734e-02
   4.9163880e-01   6.4350975e-02
   4.9498328e-01   6.3864544e-02
   4.9832776e-01   6.3375555e-02
   5.0167224e-01   6.2884126e-02
   5.0501672e-01   6.2390370e-02
   5.0836120e-01   6.1894402e-02
   5.1170569e-01   6.1396334e-02
   5.1505017e-01   6.0896278e-02
   5.1839465e-01   6.0394344e-02
   5.2173913e-01   5.9890642e-02
   5.2508361e-01   5.9385282e-02
   5.2842809e-01   5.8878369e-02
   5.3177258e-01   5.8370012e-02
   5.3511706e-01   5.7860316e-02
   5.3846154e-01   5.7349385e-02
   5.4180602e-01   5.6837322e-02
   5.4515050e-01   5.6324230e-02
   5.4849498e-01   5.5810210e-02
   5.5183946e-01   5.5295362e-02
   5.5518395e-01   5.4779785e-02
   5.5852843e-01   5.4263577e-02
   5.6187291e-01   5.3746835e-02
   5.6521739e-01   5.3229653e-02
   5.6856187e-01   5.2712127e-02
   5.7190635e-01   5.2194350e-02
   5.7525084e-01   5.1676413e-02
   5.7859532e-01   5.1158408e-02
   5.8193980e-01   5.0640424e-02
   5.8528428e-01   5.0122549e-02
   5.8862876e-01   4.9604870e-02
   5.9197324e-01   4.9087474e-02
   5.9531773e-01   4.8570444e-02
   5.9866221e-01   4.8053865e-02
   6.0200669e-01   4.7537818e-02
   6.0535117e-01   4.7022384e-02
   6.0869565e-01   4.6507643e-02
   6.1204013e-01   4.5993672e-02
   6.1538462e-01   4.5480549e-02
   6.1872910e-01   4.4968348e-02
   6.2207358e-01   4.4457145e-02
   6.2541806e-01   4.3947011e-02
   6.2876254e-01   4.3438019e-02
   6.3210702e-01   4.2930239e-02
   6.3545151e-01   4.2423738e-02
   6.3879599e-01   4.1918584e-02
   6.4214047e-01   4.1414844e-02
   6.4548495e-01   4.0912580e-02
   6.4882943e-01   4.0411858e-02
   6.5217391e-01   3.9912737e-02
   6.5551839e-01   3.9415278e-02
   6.5886288e-01   3.8919540e-02
   6.6220736e-01   3.8425580e-02
   6.6555184e-01   3.7933453e-02
   6.6889632e-01   3.7443213e-02
   6.7224080e-01   3.6954914e-02
   6.7558528e-01   3.6468606e-02
   6.7892977e-01   3.5984338e-02
   6.8227425e-01   3.5502160e-02
   6.8561873e-01   3.5022117e-02
   6.8896321e-01   3.4544254e-02
   6.9230769e-01   3.4068615e-02
   6.9565217e-01   3.3595241e-02
   6.9899666e-01   3.3124172e-02
   7.0234114e-01   3.2655448e-02
   7.0568562e-01   3.2189104e-02
   7.0903010e-01   3.1725177e-02
   7.1237458e-01   3.1263700e-02
   7.1571906e-01   3.0804705e-02
   7.1906355e-01   3.0348222e-02
   7.2240803e-01   2.9894280e-02
   7.2575251e-01   2.9442906e-02
   7.2909699e-01   2.8994126e-02
   7.3244147e-01   2.8547963e-02
   7.3578595e-01   2.8104439e-02
   7.3913043e-01   2.7663574e-02
   7.4247492e-01   2.7225386e-02
   7.4581940e-01   2.6789893e-02
   7.4916388e-01   2.6357110e-02
   7.5250836e-01   2.5927049e-02
   7.5585284e-01   2.5499722e-02
   7.5919732e-01   2.5075139e-02
   7.6254181e-01   2.4653307e-02
   7.6588629e-01   2.4234233e-02
   7.6923077e-01   2.3817921e-02
   7.7257525e-01   2.3404374e-02
   7.7591973e-01   2.2993591e-02
   7.7926421e-01   2.2585573e-02
   7.8260870e-01   2.2180315e-02
   7.8595318e-01   2.1777813e-02
   7.8929766e-01   2.1378060e-02
   7.9264214e-01   2.0981048e-02
   7.9598662e-01   2.0586765e-02
   7.9933110e-01   2.0195200e-02
   8.0267559e-01   1.9806338e-02
   8.0602007e-01   1.9420163e-02
   8.0936455e-01   1.9036656e-02
   8.1270903e-01   1.8655797e-02
   8.1605351e-01   1.8277564e-02
   8.1939799e-01   1.7901934e-02
   8.2274247e-01   1.7528880e-02
   8.2608696e-01   1.7158374e-02
   8.2943144e-01   1.6790387e-02
   8.3277592e-01   1.6424885e-02
   8.3612040e-01   1.6061836e-02
   8.3946488e-01   1.5701203e-02
   8.4280936e-01   1.5342949e-02
   8.4615385e-01   1.4987032e-02
   8.4949833e-01   1.4633412e-02
   8.5284281e-01   1.4282044e-02
   8.5618729e-01   1.3932881e-02
   8.5953177e-01   1.3585876e-02
   8.6287625e-01   1.3240978e-02
   8.6622074e-01   1.2898135e-02
   8.6956522e-01   1.2557292e-02
   8.7290970e-01   1.2218393e-02
   8.7625418e-01   1.1881378e-02
   8.7959866e-01   1.1546187e-02
   8.8294314e-01   1.1212758e-02
   8.8628763e-01   1.0881024e-02
   8.8963211e-01   1.0550919e-02
   8.9297659e-01   1.0222372e-02
   8.9632107e-01   9.8953136e-03
   8.9966555e-01   9.5696684e-03
   9.0301003e-01   9.2453608e-03
   9.0635452e-01   8.9223127e-03
   9.0969900e-01   8.6004436e-03
   9.1304348e-01   8.2796710e-03
   9.1638796e-01   7.9599099e-03
   9.1973244e-01   7.6410735e-03
   9.2307692e-01   7.3230722e-03
   9.2642140e-01   7.0058147e-03
   9.2976589e-01   6.6892071e-03
   9.3311037e-01   6.3731534e-03
   9.3645485e-01   6.0575551e-03
   9.3979933e-01   5.7423117e-03
   9.4314381e-01   5.4273202e-03
   9.4648829e-01   5.1124754e-03
   9.4983278e-01   4.7976698e-03
   9.5317726e-01   4.4827936e-03
   9.5652174e-01   4.1677345e-03
   9.5986622e-01   3.8523780e-03
   9.6321070e-01   3.5366074e-03
   9.6655518e-01   3.2203033e-03
   9.6989967e-01   2.9033442e-03
   9.7324415e-01   2.5856062e-03
   9.7658863e-01   2.2669629e-03
   9.7993311e-01   1.9472858e-03
   9.8327759e-01   1.6264435e-03
   9.8662207e-01   1.3043028e-03
   9.8996656e-01   9.8072762e-04
   9.9331104e-01   6.5557966e-04
   9.9665552e-01   3.2871819e-04
   1.0000000e+00   0.0000000e+00
   1.0000000e+00   0.0000000e+00
   9.9665552e-01  -8.1269610e-04
   9.9331104e-01  -1.6175958e-03
   9.8996656e-01  -2.4147146e-03
   9.8662207e-01  -3.2040688e-03
   9.8327759e-01  -3.9856746e-03
   9.7993311e-01  -4.7595487e-03
   9.7658863e-01  -5.5257081e-03
   9.7324415e-01  -6.2841701e-03
   9.6989967e-01  -7.0349525e-03
   9.6655518e-01  -7.7780731e-03
   9.6321070e-01  -8.5135503e-03
   9.5986622e-01  -9.2414026e-03
   9.5652174e-01  -9.9616491e-03
   9.5317726e-01  -1.0674309e-02
   9.4983278e-01  -1.1379401e-02
   9.4648829e-01  -1.2076947e-02
   9.4314381e-01  -1.2766965e-02
   9.3979933e-01  -1.3449476e-02
   9.3645485e-01  -1.4124502e-02
   9.3311037e-01  -1.4792063e-02
   9.2976589e-01  -1.5452180e-02
   9.2642140e-01  -1.6104875e-02
   9.2307692e-01  -1.6750170e-02
   9.1973244e-01  -1.7388088e-02
   9.1638796e-01  -1.8018650e-02
   9.1304348e-01  -1.8641880e-02
   9.0969900e-01  -1.9257800e-02
   9.0635452e-01  -1.9866435e-02
   9.0301003e-01  -2.0467807e-02
   8.9966555e-01  -2.1061941e-02
   8.9632107e-01  -2.1648861e-02
   8.9297659e-01  -2.2228591e-02
   8.8963211e-01  -2.2801156e-02
   8.8628763e-01  -2.3366581e-02
   8.8294314e-01  -2.3924891e-02
   8.7959866e-01  -2.4476112e-02
   8.7625418e-01  -2.5020270e-02
   8.7290970e-01  -2.5557390e-02
   8.6956522e-01  -2.6087499e-02
   8.6622074e-01  -2.6610624e-02
   8.6287625e-01  -2.7126792e-02
   8.5953177e-01  -2.7636028e-02
   8.5618729e-01  -2.8138362e-02
   8.5284281e-01  -2.8633820e-02
   8.4949833e-01  -2.9122429e-02
   8.4615385e-01  -2.9604219e-02
   8.4280936e-01  -3.0079218e-02
   8.3946488e-01  -3.0547453e-02
   8.3612040e-01  -3.1008955e-02
   8.3277592e-01  -3.1463750e-02
   8.2943144e-01  -3.1911870e-02
   8.2608696e-01  -3.2353343e-02
   8.2274247e-01  -3.2788199e-02
   8.1939799e-01  -3.3216468e-02
   8.1605351e-01  -3.3638179e-02
   8.1270903e-01  -3.4053364e-02
   8.0936455e-01  -3.4462053e-02
   8.0602007e-01  -3.4864276e-02
   8.0267559e-01  -3.5260065e-02
   7.9933110e-01  -3.5649450e-02
   7.9598662e-01  -3.6032462e-02
   7.9264214e-01  -3.6409135e-02
   7.8929766e-01  -3.6779498e-02
   7.8595318e-01  -3.7143585e-02
   7.8260870e-01  -3.7501426e-02
   7.7926421e-01  -3.7853055e-02
   7.7591973e-01  -3.8198505e-02
   7.7257525e-01  -3.8537806e-02
   7.6923077e-01  -3.8870993e-02
   7.6588629e-01  -3.9198099e-02
   7.6254181e-01  -3.9519157e-02
   7.5919732e-01  -3.9834199e-02
   7.5585284e-01  -4.0143261e-02
   7.5250836e-01  -4.0446374e-02
   7.4916388e-01  -4.0743574e-02
   7.4581940e-01  -4.1034894e-02
   7.4247492e-01  -4.1320369e-02
   7.3913043e-01  -4.1600032e-02
   7.3578595e-01  -4.1873918e-02
   7.3244147e-01  -4.2142063e-02
   7.2909699e-01  -4.2404500e-02
   7.2575251e-01  -4.2661265e-02
   7.2240803e-01  -4.2912392e-02
   7.1906355e-01  -4.3157917e-02
   7.1571906e-01  -4.3397875e-02
   7.1237458e-01  -4.3632303e-02
   7.0903010e-01  -4.3861234e-02
   7.0568562e-01  -4.4084705e-02
   7.0234114e-01  -4.4302752e-02
   6.9899666e-01  -4.4515410e-02
   6.9565217e-01  -4.4722716e-02
   6.9230769e-01  -4.4924707e-02
   6.8896321e-01  -4.5121417e-02
   6.8561873e-01  -4.5312883e-02
   6.8227425e-01  -4.5499143e-02
   6.7892977e-01  -4.5680232e-02
   6.7558528e-01  -4.5856187e-02
   6.7224080e-01  -4.6027045e-02
   6.6889632e-01  -4.6192843e-02
   6.6555184e-01  -4.6353618e-02
   6.6220736e-01  -4.6509406e-02
   6.5886288e-01  -4.6660244e-02
   6.5551839e-01  -4.6806170e-02
   6.5217391e-01  -4.6947221e-02
   6.4882943e-01  -4.7083434e-02
   6.4548495e-01  -4.7214847e-02
   6.4214047e-01  -4.7341496e-02
   6.3879599e-01  -4.7463420e-02
   6.3545151e-01  -4.7580655e-02
   6.3210702e-01  -4.7693239e-02
   6.2876254e-01  -4.7801210e-02
   6.2541806e-01  -4.7904605e-02
   6.2207358e-01  -4.8003462e-02
   6.1872910e-01  -4.8097818e-02
   6.1538462e-01  -4.8187711e-02
   6.1204013e-01  -4.8273179e-02
   6.0869565e-01  -4.8354259e-02
   6.0535117e-01  -4.8430989e-02
   6.0200669e-01  -4.8503407e-02
   5.9866221e-01  -4.8571549e-02
   5.9531773e-01  -4.8635455e-02
   5.9197324e-01  -4.8695162e-02
   5.8862876e-01  -4.8750706e-02
   5.8528428e-01  -4.8802127e-02
   5.8193980e-01  -4.8849461e-02
   5.7859532e-01  -4.8892745e-02
   5.7525084e-01  -4.8932019e-02
   5.7190635e-01  -4.8967318e-02
   5.6856187e-01  -4.8998681e-02
   5.6521739e-01  -4.9026144e-02
   5.6187291e-01  -4.9049745e-02
   5.5852843e-01  -4.9069522e-02
   5.5518395e-01  -4.9085511e-02
   5.5183946e-01  -4.9097750e-02
   5.4849498e-01  -4.9106276e-02
   5.4515050e-01  -4.9111125e-02
   5.4180602e-01  -4.9112335e-02
   5.3846154e-01  -4.9109942e-02
   5.3511706e-01  -4.9103983e-02
   5.3177258e-01  -4.9094495e-02
   5.2842809e-01  -4.9081513e-02
   5.2508361e-01  -4.9065075e-02
   5.2173913e-01  -4.9045217e-02
   5.1839465e-01  -4.9021973e-02
   5.1505017e-01  -4.8995382e-02
   5.1170569e-01  -4.8965477e-02
   5.0836120e-01  -4.8932296e-02
   5.0501672e-01  -4.8895873e-02
   5.0167224e-01  -4.8856243e-02
   4.9832776e-01  -4.8813443e-02
   4.9498328e-01  -4.8767506e-02
   4.9163880e-01  -4.8718467e-02
   4.8829431e-01  -4.8666362e-02
   4.8494983e-01  -4.8611224e-02
   4.8160535e-01  -4.8553088e-02
   4.7826087e-01  -4.8491987e-02
   4.7491639e-01  -4.8427955e-02
   4.7157191e-01  -4.8361026e-02
   4.6822742e-01  -4.8291233e-02
   4.6488294e-01  -4.8218608e-02
   4.6153846e-01  -4.8143186e-02
   4.5819398e-01  -4.8064997e-02
   4.5484950e-01  -4.7984074e-02
   4.5150502e-01  -4.7900449e-02
   4.4816054e-01  -4.7814153e-02
   4.4481605e-01  -4.7725219e-02
   4.4147157e-01  -4.7633676e-02
   4.3812709e-01  -4.7539555e-02
   4.3478261e-01  -4.7442887e-02
   4.3143813e-01  -4.7343701e-02
   4.2809365e-01  -4.7242027e-02
   4.2474916e-01  -4.7137894e-02
   4.2140468e-01  -4.7031331e-02
   4.1806020e-01  -4.6922367e-02
   4.1471572e-01  -4.6811028e-02
   4.1137124e-01  -4.6697344e-02
   4.0802676e-01  -4.6581340e-02
   4.0468227e-01  -4.6463044e-02
   4.0133779e-01  -4.6342481e-02
   3.9799331e-01  -4.6219679e-02
   3.9464883e-01  -4.6094660e-02
   3.9130435e-01  -4.5967452e-02
   3.8795987e-01  -4.5838077e-02
   3.8461538e-01  -4.5706559e-02
   3.8127090e-01  -4.5572922e-02
   3.7792642e-01  -4.5437188e-02
   3.7458194e-01  -4.5299378e-02
   3.7123746e-01  -4.5159516e-02
   3.6789298e-01  -4.5017620e-02
   3.6454849e-01  -4.4873711e-02
   3.6120401e-01  -4.4727810e-02
   3.5785953e-01  -4.4579933e-02
   3.5451505e-01  -4.4430100e-02
   3.5117057e-01  -4.4278328e-02
   3.4782609e-01  -4.4124633e-02
   3.4448161e-01  -4.3969032e-02
   3.4113712e-01  -4.3811539e-02
   3.3779264e-01  -4.3652169e-02
   3.3444816e-01  -4.3490935e-02
   3.3110368e-01  -4.3327849e-02
   3.2775920e-01  -4.3162923e-02
   3.2441472e-01  -4.2996169e-02
   3.2107023e-01  -4.2827595e-02
   3.1772575e-01  -4.2657211e-02
   3.1438127e-01  -4.2485024e-02
   3.1103679e-01  -4.2311042e-02
   3.0769231e-01  -4.2135269e-02
   3.0434783e-01  -4.1957711e-02
   3.0100334e-01  -4.1778371e-02
   2.9765886e-01  -4.1597251e-02
   2.9431438e-01  -4.1414352e-02
   2.9096990e-01  -4.1229674e-02
   2.8762542e-01  -4.1043215e-02
   2.8428094e-01  -4.0854973e-02
   2.8093645e-01  -4.0664944e-02
   2.7759197e-01  -4.0473120e-02
   2.7424749e-01  -4.0279497e-02
   2.7090301e-01  -4.0084063e-02
   2.6755853e-01  -3.9886810e-02
   2.6421405e-01  -3.9687724e-02
   2.6086957e-01  -3.9486793e-02
   2.5752508e-01  -3.9284001e-02
   2.5418060e-01  -3.9079329e-02
   2.5083612e-01  -3.8872759e-02
   2.4749164e-01  -3.8664269e-02
   2.4414716e-01  -3.8453836e-02
   2.4080268e-01  -3.8241434e-02
   2.3745819e-01  -3.8027034e-02
   2.3411371e-01  -3.7810607e-02
   2.3076923e-01  -3.7592119e-02
   2.2742475e-01  -3.7371536e-02
   2.2408027e-01  -3.7148818e-02
   2.2073579e-01  -3.6923926e-02
   2.1739130e-01  -3.6696814e-02
   2.1404682e-01  -3.6467437e-02
   2.1070234e-01  -3.6235743e-02
   2.0735786e-01  -3.6001680e-02
   2.0401338e-01  -3.5765190e-02
   2.0066890e-01  -3.5526212e-02
   1.9732441e-01  -3.5284682e-02
   1.9397993e-01  -3.5040530e-02
   1.9063545e-01  -3.4793684e-02
   1.8729097e-01  -3.4544065e-02
   1.8394649e-01  -3.4291592e-02
   1.8060201e-01  -3.4036175e-02
   1.7725753e-01  -3.3777724e-02
   1.7391304e-01  -3.3516138e-02
   1.7056856e-01  -3.3251312e-02
   1.6722408e-01  -3.2983137e-02
   1.6387960e-01  -3.2711493e-02
   1.6053512e-01  -3.2436256e-02
   1.5719064e-01  -3.2157293e-02
   1.5384615e-01  -3.1874462e-02
   1.5050167e-01  -3.1587614e-02
   1.4715719e-01  -3.1296589e-02
   1.4381271e-01  -3.1001219e-02
   1.4046823e-01  -3.0701321e-02
   1.3712375e-01  -3.0396706e-02
   1.3377926e-01  -3.0087167e-02
   1.3043478e-01  -2.9772488e-02
   1.2709030e-01  -2.9452434e-02
   1.2374582e-01  -2.9126757e-02
   1.2040134e-01  -2.8795191e-02
   1.1705686e-01  -2.8457450e-02
   1.1371237e-01  -2.8113227e-02
   1.1036789e-01  -2.7762194e-02
   1.0702341e-01  -2.7403997e-02
   1.0367893e-01  -2.7038253e-02
   1.0033445e-01  -2.6664550e-02
   9.6989967e-02  -2.6282440e-02
   9.3645485e-02  -2.5891440e-02
   9.0301003e-02  -2.5491021e-02
   8.6956522e-02  -2.5080608e-02
   8.3612040e-02  -2.4659570e-02
   8.0267559e-02  -2.4227217e-02
   7.6923077e-02  -2.3782786e-02
   7.3578595e-02  -2.3325436e-02
   7.0234114e-02  -2.2854229e-02
   6.6889632e-02  -2.2368122e-02
   6.3545151e-02  -2.1865941e-02
   6.0200669e-02  -2.1346366e-02
   5.6856187e-02  -2.0807893e-02
   5.3511706e-02  -2.0248806e-02
   5.0167224e-02  -1.9667121e-02
   4.6822742e-02  -1.9060534e-02
   4.3478261e-02  -1.8426333e-02
   4.0133779e-02  -1.7761291e-02
   3.6789298e-02  -1.7061511e-02
   3.3444816e-02  -1.6322218e-02
   3.0100334e-02  -1.5537436e-02
   2.6755853e-02  -1.4699516e-02
   2.3411371e-02  -1.3798382e-02
   2.0066890e-02  -1.2820270e-02
   1.6722408e-02  -1.1745469e-02
   1.3377926e-02  -1.0543885e-02
   1.0033445e-02  -9.1651223e-03
   6.6889632e-03  -7.5114076e-03
   3.3444816e-03  -5.3315915e-03
   0.0000000e+00  -0.0000000e+00
