   0.0000000e+00   0.0000000e+00
   3.3444816e-03   1.2857283e-02
   6.6889632e-03   1.8200283e-02
   1.0033445e-02   2.2309315e-02
   1.3377926e-02   2.5779078e-02
   1.6722408e-02   2.8839266e-02
   2.0066890e-02   3.1607299e-02
   2.3411371e-02   3.4152680e-02
   2.6755853e-02   3.6520514e-02
   3.0100334e-02   3.8742000e-02
   3.3444816e-02   4.0839749e-02
   3.6789298e-02   4.2830753e-02
   4.0133779e-02   4.4728146e-02
   4.3478261e-02   4.6542321e-02
   4.6822742e-02   4.8281663e-02
   5.0167224e-02   4.9953045e-02
   5.3511706e-02   5.1562181e-02
   5.6856187e-02   5.3113881e-02
   6.0200669e-02   5.4612236e-02
   6.3545151e-02   5.6060758e-02
   6.6889632e-02   5.7462487e-02
   7.0234114e-02   5.8820076e-02
   7.3578595e-02   6.0135855e-02
   7.6923077e-02   6.1411884e-02
   8.0267559e-02   6.2649996e-02
   8.3612040e-02   6.3851827e-02
   8.6956522e-02   6.5018848e-02
   9.0301003e-02   6.6152386e-02
   9.3645485e-02   6.7253646e-02
   9.6989967e-02   6.8323721e-02
   1.0033445e-01   6.9363613e-02
   1.0367893e-01   7.0374239e-02
   1.0702341e-01   7.1356445e-02
   1.1036789e-01   7.2311011e-02
   1.1371237e-01   7.3238659e-02
   1.1705686e-01   7.4140060e-02
   1.2040134e-01   7.5015842e-02
   1.2374582e-01   7.5866589e-02
   1.2709030e-01   7.6692851e-02
   1.3043478e-01   7.7495141e-02
   1.3377926e-01   7.8273948e-02
   1.3712375e-01   7.9029728e-02
   1.4046823e-01   7.9762918e-02
   1.4381271e-01   8.0473930e-02
   1.4715719e-01   8.1163155e-02
   1.5050167e-01   8.1830970e-02
   1.5384615e-01   8.2477730e-02
   1.5719064e-01   8.3103779e-02
   1.6053512e-01   8.3709445e-02
   1.6387960e-01   8.4295044e-02
   1.6722408e-01   8.4860879e-02
   1.7056856e-01   8.5407244e-02
   1.7391304e-01   8.5934423e-02
   1.7725753e-01   8.6442689e-02
   1.8060201e-01   8.6932309e-02
   1.8394649e-01   8.7403542e-02
   1.8729097e-01   8.7856637e-02
   1.9063545e-01   8.8291840e-02
   1.9397993e-01   8.8709389e-02
   1.9732441e-01   8.9109516e-02
   2.0066890e-01   8.9492451e-02
   2.0401338e-01   8.9858414e-02
   2.0735786e-01   9.0207624e-02
   2.1070234e-01   9.0540296e-02
   2.1404682e-01   9.0856639e-02
   2.1739130e-01   9.1156861e-02
   2.2073579e-01   9.1441162e-02
   2.2408027e-01   9.1709745e-02
   2.2742475e-01   9.1962806e-02
   2.3076923e-01   9.2200538e-02
   2.3411371e-01   9.2423134e-02
   2.3745819e-01   9.2630783e-02
   2.4080268e-01   9.2823671e-02
   2.4414716e-01   9.3001984e-02
   2.4749164e-01   9.3165904e-02
   2.5083612e-01   9.3315612e-02
   2.5418060e-01   9.3451288e-02
   2.5752508e-01   9.3573108e-02
   2.6086957e-01   9.3681248e-02
   2.6421405e-01   9.3775883e-02
   2.6755853e-01   9.3857186e-02
   2.7090301e-01   9.3925329e-02
   2.7424749e-01   9.3980480e-02
   2.7759197e-01   9.4022811e-02
   2.8093645e-01   9.4052488e-02
   2.8428094e-01   9.4069679e-02
   2.8762542e-01   9.4074548e-02
   2.9096990e-01   9.4067262e-02
   2.9431438e-01   9.4047982e-02
   2.9765886e-01   9.4016873e-02
   3.0100334e-01   9.3974097e-02
   3.0434783e-01   9.3919813e-02
   3.0769231e-01   9.3854182e-02
   3.1103679e-01   9.3777364e-02
   3.1438127e-01   9.3689517e-02
   3.1772575e-01   9.3590798e-02
   3.2107023e-01   9.3481365e-02
   3.2441472e-01   9.3361373e-02
   3.2775920e-01   9.3230978e-02
   3.3110368e-01   9.3090335e-02
   3.3444816e-01   9.2939598e-02
   3.3779264e-01   9.2778919e-02
   3.4113712e-01   9.2608452e-02
   3.4448161e-01   9.2428348e-02
   3.4782609e-01   9.2238759e-02
   3.5117057e-01   9.2039834e-02
   3.5451505e-01   9.1831724e-02
   3.5785953e-01   9.1614577e-02
   3.6120401e-01   9.1388543e-02
   3.6454849e-01   9.1153768e-02
   3.6789298e-01   9.0910400e-02
   3.7123746e-01   9.0658585e-02
   3.7458194e-01   9.0398469e-02
   3.7792642e-01   9.0130196e-02
   3.8127090e-01   8.9853912e-02
   3.8461538e-01   8.9569759e-02
   3.8795987e-01   8.9277880e-02
   3.9130435e-01   8.8978418e-02
   3.9464883e-01   8.8671514e-02
   3.9799331e-01   8.8357308e-02
   4.0133779e-01   8.8035942e-02
   4.0468227e-01   8.7707553e-02
   4.0802676e-01   8.7372280e-02
   4.1137124e-01   8.7030261e-02
   4.1471572e-01   8.6681634e-02
   4.1806020e-01   8.6326533e-02
   4.2140468e-01   8.5965095e-02
   4.2474916e-01   8.5597455e-02
   4.2809365e-01   8.5223745e-02
   4.3143813e-01   8.4844099e-02
   4.3478261e-01   8.4458650e-02
   4.3812709e-01   8.4067527e-02
   4.4147157e-01   8.3670863e-02
   4.4481605e-01   8.3268787e-02
   4.4816054e-01   8.2861426e-02
   4.5150502e-01   8.2448910e-02
   4.5484950e-01   8.2031365e-02
   4.5819398e-01   8.1608918e-02
   4.6153846e-01   8.1181693e-02
   4.6488294e-01   8.0749814e-02
   4.6822742e-01   8.0313406e-02
   4.7157191e-01   7.9872590e-02
   4.7491639e-01   7.9427488e-02
   4.7826087e-01   7.8978220e-02
   4.8160535e-01   7.8524906e-02
   4.8494983e-01   7.8067664e-02
   4.8829431e-01   7.7606611e-02
   4.9163880e-01   7.7141865e-02
   4.9498328e-01   7.6673539e-02
   4.9832776e-01   7.6201750e-02
   5.0167224e-01   7.5726609e-02
   5.0501672e-01   7.5248228e-02
   5.0836120e-01   7.4766721e-02
   5.1170569e-01   7.4282195e-02
   5.1505017e-01   7.3794759e-02
   5.1839465e-01   7.3304523e-02
   5.2173913e-01   7.2811592e-02
   5.2508361e-01   7.2316071e-02
   5.2842809e-01   7.1818065e-02
   5.3177258e-01   7.1317677e-02
   5.3511706e-01   7.0815009e-02
   5.3846154e-01   7.0310162e-02
   5.4180602e-01   6.9803234e-02
   5.4515050e-01   6.9294325e-02
   5.4849498e-01   6.8783530e-02
   5.5183946e-01   6.8270947e-02
   5.5518395e-01   6.7756668e-02
   5.5852843e-01   6.7240788e-02
   5.6187291e-01   6.6723399e-02
   5.6521739e-01   6.6204590e-02
   5.6856187e-01   6.5684451e-02
   5.7190635e-01   6.5163070e-02
   5.7525084e-01   6.4640533e-02
   5.7859532e-01   6.4116925e-02
   5.8193980e-01   6.3592331e-02
   5.8528428e-01   6.3066833e-02
   5.8862876e-01   6.2540510e-02
   5.9197324e-01   6.2013444e-02
   5.9531773e-01   6.1485713e-02
   5.9866221e-01   6.0957392e-02
   6.0200669e-01   6.0428557e-02
   6.0535117e-01   5.9899281e-02
   6.0869565e-01   5.9369638e-02
   6.1204013e-01   5.8839698e-02
   6.1538462e-01   5.8309529e-02
   6.1872910e-01   5.7779200e-02
   6.2207358e-01   5.7248778e-02
   6.2541806e-01   5.6718325e-02
   6.2876254e-01   5.6187907e-02
   6.3210702e-01   5.5657583e-02
   6.3545151e-01   5.5127414e-02
   6.3879599e-01   5.4597459e-02
   6.4214047e-01   5.4067773e-02
   6.4548495e-01   5.3538413e-02
   6.4882943e-01   5.3009431e-02
   6.5217391e-01   5.2480880e-02
   6.5551839e-01   5.1952809e-02
   6.5886288e-01   5.1425266e-02
   6.6220736e-01   5.0898300e-02
   6.6555184e-01   5.0371953e-02
   6.6889632e-01   4.9846271e-02
   6.7224080e-01   4.9321295e-02
   6.7558528e-01   4.8797064e-02
   6.7892977e-01   4.8273617e-02
   6.8227425e-01   4.7750989e-02
   6.8561873e-01   4.7229216e-02
   6.8896321e-01   4.6708331e-02
   6.9230769e-01   4.6188364e-02
   6.9565217e-01   4.5669345e-02
   6.9899666e-01   4.5151300e-02
   7.0234114e-01   4.4634256e-02
   7.0568562e-01   4.4118236e-02
   7.0903010e-01   4.3603263e-02
   7.1237458e-01   4.3089355e-02
   7.1571906e-01   4.2576531e-02
   7.1906355e-01   4.2064808e-02
   7.2240803e-01   4.1554199e-02
   7.2575251e-01   4.1044717e-02
   7.2909699e-01   4.0536373e-02
   7.3244147e-01   4.0029174e-02
   7.3578595e-01   3.9523127e-02
   7.3913043e-01   3.9018238e-02
   7.4247492e-01   3.8514508e-02
   7.4581940e-01   3.8011938e-02
   7.4916388e-01   3.7510527e-02
   7.5250836e-01   3.7010271e-02
   7.5585284e-01   3.6511165e-02
   7.5919732e-01   3.6013201e-02
   7.6254181e-01   3.5516371e-02
   7.6588629e-01   3.5020661e-02
   7.6923077e-01   3.4526059e-02
   7.7257525e-01   3.4032550e-02
   7.7591973e-01   3.3540114e-02
   7.7926421e-01   3.3048732e-02
   7.8260870e-01   3.2558383e-02
   7.8595318e-01   3.2069042e-02
   7.8929766e-01   3.1580682e-02
   7.9264214e-01   3.1093276e-02
   7.9598662e-01   3.0606792e-02
   7.9933110e-01   3.0121199e-02
   8.0267559e-01   2.9636460e-02
   8.0602007e-01   2.9152539e-02
   8.0936455e-01   2.8669396e-02
   8.1270903e-01   2.8186991e-02
   8.1605351e-01   2.7705278e-02
   8.1939799e-01   2.7224213e-02
   8.2274247e-01   2.6743746e-02
   8.2608696e-01   2.6263828e-02
   8.2943144e-01   2.5784405e-02
   8.3277592e-01   2.5305423e-02
   8.3612040e-01   2.4826823e-02
   8.3946488e-01   2.4348547e-02
   8.4280936e-01   2.3870532e-02
   8.4615385e-01   2.3392715e-02
   8.4949833e-01   2.2915028e-02
   8.5284281e-01   2.2437402e-02
   8.5618729e-01   2.1959766e-02
   8.5953177e-01   2.1482047e-02
   8.6287625e-01   2.1004169e-02
   8.6622074e-01   2.0526052e-02
   8.6956522e-01   2.0047616e-02
   8.7290970e-01   1.9568778e-02
   8.7625418e-01   1.9089452e-02
   8.7959866e-01   1.8609551e-02
   8.8294314e-01   1.8128983e-02
   8.8628763e-01   1.7647655e-02
   8.8963211e-01   1.7165472e-02
   8.9297659e-01   1.6682337e-02
   8.9632107e-01   1.6198148e-02
   8.9966555e-01   1.5712803e-02
   9.0301003e-01   1.5226197e-02
   9.0635452e-01   1.4738222e-02
   9.0969900e-01   1.4248766e-02
   9.1304348e-01   1.3757718e-02
   9.1638796e-01   1.3264962e-02
   9.1973244e-01   1.2770380e-02
   9.2307692e-01   1.2273850e-02
   9.2642140e-01   1.1775251e-02
   9.2976589e-01   1.1274457e-02
   9.3311037e-01   1.0771338e-02
   9.3645485e-01   1.0265765e-02
   9.3979933e-01   9.7576027e-03
   9.4314381e-01   9.2467164e-03
   9.4648829e-01   8.7329668e-03
   9.4983278e-01   8.2162125e-03
   9.5317726e-01   7.6963095e-03
   9.5652174e-01   7.1731110e-03
   9.5986622e-01   6.6464678e-03
   9.6321070e-01   6.1162277e-03
   9.6655518e-01   5.5822360e-03
   9.6989967e-01   5.0443353e-03
   9.7324415e-01   4.5023654e-03
   9.7658863e-01   3.9561635e-03
   9.7993311e-01   3.4055640e-03
   9.8327759e-01   2.8503987e-03
   9.8662207e-01   2.2904964e-03
   9.8996656e-01   1.7256833e-03
   9.9331104e-01   1.1557829e-03
   9.9665552e-01   5.8061584e-04
   1.0000000e+00   0.0000000e+00
   1.0000000e+00   0.0000000e+00
   9.9665552e-01  -3.7950145e-04
   9.9331104e-01  -7.5829394e-04
   9.8996656e-01  -1.1362977e-03
   9.8662207e-01  -1.5134342e-03
   9.8327759e-01  -1.8896261e-03
   9.7993311e-01  -2.2647975e-03
   9.7658863e-01  -2.6388736e-03
   9.7324415e-01  -3.0117808e-03
   9.6989967e-01  -3.3834468e-03
   9.6655518e-01  -3.7538007e-03
   9.6321070e-01  -4.1227725e-03
   9.5986622e-01  -4.4902936e-03
   9.5652174e-01  -4.8562967e-03
   9.5317726e-01  -5.2207154e-03
   9.4983278e-01  -5.5834850e-03
   9.4648829e-01  -5.9445414e-03
   9.4314381e-01  -6.3038223e-03
   9.3979933e-01  -6.6612660e-03
   9.3645485e-01  -7.0168126e-03
   9.3311037e-01  -7.3704028e-03
   9.2976589e-01  -7.7219788e-03
   9.2642140e-01  -8.0714840e-03
   9.2307692e-01  -8.4188628e-03
   9.1973244e-01  -8.7640608e-03
   9.1638796e-01  -9.1070248e-03
   9.1304348e-01  -9.4477028e-03
   9.0969900e-01  -9.7860437e-03
   9.0635452e-01  -1.0121998e-02
   9.0301003e-01  -1.0455517e-02
   8.9966555e-01  -1.0786552e-02
   8.9632107e-01  -1.1115058e-02
   8.9297659e-01  -1.1440990e-02
   8.8963211e-01  -1.1764303e-02
   8.8628763e-01  -1.2084953e-02
   8.8294314e-01  -1.2402900e-02
   8.7959866e-01  -1.2718102e-02
   8.7625418e-01  -1.3030519e-02
   8.7290970e-01  -1.3340112e-02
   8.6956522e-01  -1.3646845e-02
   8.6622074e-01  -1.3950680e-02
   8.6287625e-01  -1.4251582e-02
   8.5953177e-01  -1.4549516e-02
   8.5618729e-01  -1.4844449e-02
   8.5284281e-01  -1.5136349e-02
   8.4949833e-01  -1.5425184e-02
   8.4615385e-01  -1.5710924e-02
   8.4280936e-01  -1.5993540e-02
   8.3946488e-01  -1.6273004e-02
   8.3612040e-01  -1.6549288e-02
   8.3277592e-01  -1.6822366e-02
   8.2943144e-01  -1.7092213e-02
   8.2608696e-01  -1.7358805e-02
   8.2274247e-01  -1.7622119e-02
   8.1939799e-01  -1.7882132e-02
   8.1605351e-01  -1.8138824e-02
   8.1270903e-01  -1.8392173e-02
   8.0936455e-01  -1.8642162e-02
   8.0602007e-01  -1.8888770e-02
   8.0267559e-01  -1.9131982e-02
   7.9933110e-01  -1.9371780e-02
   7.9598662e-01  -1.9608150e-02
   7.9264214e-01  -1.9841077e-02
   7.8929766e-01  -2.0070547e-02
   7.8595318e-01  -2.0296547e-02
   7.8260870e-01  -2.0519066e-02
   7.7926421e-01  -2.0738093e-02
   7.7591973e-01  -2.0953619e-02
   7.7257525e-01  -2.1165633e-02
   7.6923077e-01  -2.1374129e-02
   7.6588629e-01  -2.1579098e-02
   7.6254181e-01  -2.1780535e-02
   7.5919732e-01  -2.1978434e-02
   7.5585284e-01  -2.2172790e-02
   7.5250836e-01  -2.2363600e-02
   7.4916388e-01  -2.2550861e-02
   7.4581940e-01  -2.2734571e-02
   7.4247492e-01  -2.2914728e-02
   7.3913043e-01  -2.3091332e-02
   7.3578595e-01  -2.3264385e-02
   7.3244147e-01  -2.3433886e-02
   7.2909699e-01  -2.3599839e-02
   7.2575251e-01  -2.3762245e-02
   7.2240803e-01  -2.3921110e-02
   7.1906355e-01  -2.4076437e-02
   7.1571906e-01  -2.4228231e-02
   7.1237458e-01  -2.4376499e-02
   7.0903010e-01  -2.4521248e-02
   7.0568562e-01  -2.4662485e-02
   7.0234114e-01  -2.4800218e-02
   6.9899666e-01  -2.4934458e-02
   6.9565217e-01  -2.5065212e-02
   6.9230769e-01  -2.5192493e-02
   6.8896321e-01  -2.5316311e-02
   6.8561873e-01  -2.5436679e-02
   6.8227425e-01  -2.5553609e-02
   6.7892977e-01  -2.5667114e-02
   6.7558528e-01  -2.5777210e-02
   6.7224080e-01  -2.5883910e-02
   6.6889632e-01  -2.5987230e-02
   6.6555184e-01  -2.6087187e-02
   6.6220736e-01  -2.6183797e-02
   6.5886288e-01  -2.6277078e-02
   6.5551839e-01  -2.6367048e-02
   6.5217391e-01  -2.6453725e-02
   6.4882943e-01  -2.6537130e-02
   6.4548495e-01  -2.6617282e-02
   6.4214047e-01  -2.6694202e-02
   6.3879599e-01  -2.6767910e-02
   6.3545151e-01  -2.6838430e-02
   6.3210702e-01  -2.6905784e-02
   6.2876254e-01  -2.6969994e-02
   6.2541806e-01  -2.7031085e-02
   6.2207358e-01  -2.7089079e-02
   6.1872910e-01  -2.7144003e-02
   6.1538462e-01  -2.7195881e-02
   6.1204013e-01  -2.7244740e-02
   6.0869565e-01  -2.7290605e-02
   6.0535117e-01  -2.7333504e-02
   6.0200669e-01  -2.7373463e-02
   5.9866221e-01  -2.7410511e-02
   5.9531773e-01  -2.7444677e-02
   5.9197324e-01  -2.7475988e-02
   5.8862876e-01  -2.7504475e-02
   5.8528428e-01  -2.7530166e-02
   5.8193980e-01  -2.7553093e-02
   5.7859532e-01  -2.7573286e-02
   5.7525084e-01  -2.7590776e-02
   5.7190635e-01  -2.7605595e-02
   5.6856187e-01  -2.7617774e-02
   5.6521739e-01  -2.7627346e-02
   5.6187291e-01  -2.7634344e-02
   5.5852843e-01  -2.7638801e-02
   5.5518395e-01  -2.7640750e-02
   5.5183946e-01  -2.7640226e-02
   5.4849498e-01  -2.7637261e-02
   5.4515050e-01  -2.7631892e-02
   5.4180602e-01  -2.7624152e-02
   5.3846154e-01  -2.7614078e-02
   5.3511706e-01  -2.7601703e-02
   5.3177258e-01  -2.7587065e-02
   5.2842809e-01  -2.7570200e-02
   5.2508361e-01  -2.7551143e-02
   5.2173913e-01  -2.7529931e-02
   5.1839465e-01  -2.7506601e-02
   5.1505017e-01  -2.7481191e-02
   5.1170569e-01  -2.7453737e-02
   5.0836120e-01  -2.7424277e-02
   5.0501672e-01  -2.7392848e-02
   5.0167224e-01  -2.7359489e-02
   4.9832776e-01  -2.7324238e-02
   4.9498328e-01  -2.7287132e-02
   4.9163880e-01  -2.7248210e-02
   4.8829431e-01  -2.7207512e-02
   4.8494983e-01  -2.7165074e-02
   4.8160535e-01  -2.7120936e-02
   4.7826087e-01  -2.7075137e-02
   4.7491639e-01  -2.7027716e-02
   4.7157191e-01  -2.6978711e-02
   4.6822742e-01  -2.6928161e-02
   4.6488294e-01  -2.6876106e-02
   4.6153846e-01  -2.6822584e-02
   4.5819398e-01  -2.6767635e-02
   4.5484950e-01  -2.6711298e-02
   4.5150502e-01  -2.6653611e-02
   4.4816054e-01  -2.6594613e-02
   4.4481605e-01  -2.6534344e-02
   4.4147157e-01  -2.6472841e-02
   4.3812709e-01  -2.6410145e-02
   4.3478261e-01  -2.6346292e-02
   4.3143813e-01  -2.6281323e-02
   4.2809365e-01  -2.6215274e-02
   4.2474916e-01  -2.6148184e-02
   4.2140468e-01  -2.6080092e-02
   4.1806020e-01  -2.6011034e-02
   4.1471572e-01  -2.5941048e-02
   4.1137124e-01  -2.5870171e-02
   4.0802676e-01  -2.5798441e-02
   4.0468227e-01  -2.5725895e-02
   4.0133779e-01  -2.5652567e-02
   3.9799331e-01  -2.5578495e-02
   3.9464883e-01  -2.5503714e-02
   3.9130435e-01  -2.5428260e-02
   3.8795987e-01  -2.5352167e-02
   3.8461538e-01  -2.5275470e-02
   3.8127090e-01  -2.5198203e-02
   3.7792642e-01  -2.5120400e-02
   3.7458194e-01  -2.5042093e-02
   3.7123746e-01  -2.4963316e-02
   3.6789298e-01  -2.4884100e-02
   3.6454849e-01  -2.4804476e-02
   3.6120401e-01  -2.4724476e-02
   3.5785953e-01  -2.4644131e-02
   3.5451505e-01  -2.4563468e-02
   3.5117057e-01  -2.4482518e-02
   3.4782609e-01  -2.4401309e-02
   3.4448161e-01  -2.4319867e-02
   3.4113712e-01  -2.4238220e-02
   3.3779264e-01  -2.4156394e-02
   3.3444816e-01  -2.4074413e-02
   3.3110368e-01  -2.3992302e-02
   3.2775920e-01  -2.3910083e-02
   3.2441472e-01  -2.3827780e-02
   3.2107023e-01  -2.3745412e-02
   3.1772575e-01  -2.3663001e-02
   3.1438127e-01  -2.3580566e-02
   3.1103679e-01  -2.3498125e-02
   3.0769231e-01  -2.3415694e-02
   3.0434783e-01  -2.3333289e-02
   3.0100334e-01  -2.3250925e-02
   2.9765886e-01  -2.3168615e-02
   2.9431438e-01  -2.3086370e-02
   2.9096990e-01  -2.3004201e-02
   2.8762542e-01  -2.2922117e-02
   2.8428094e-01  -2.2840125e-02
   2.8093645e-01  -2.2758231e-02
   2.7759197e-01  -2.2676440e-02
   2.7424749e-01  -2.2594753e-02
   2.7090301e-01  -2.2513172e-02
   2.6755853e-01  -2.2431696e-02
   2.6421405e-01  -2.2350321e-02
   2.6086957e-01  -2.2269043e-02
   2.5752508e-01  -2.2187855e-02
   2.5418060e-01  -2.2106748e-02
   2.5083612e-01  -2.2025711e-02
   2.4749164e-01  -2.1944729e-02
   2.4414716e-01  -2.1863787e-02
   2.4080268e-01  -2.1782867e-02
   2.3745819e-01  -2.1701948e-02
   2.3411371e-01  -2.1621006e-02
   2.3076923e-01  -2.1540015e-02
   2.2742475e-01  -2.1458945e-02
   2.2408027e-01  -2.1377763e-02
   2.2073579e-01  -2.1296435e-02
   2.1739130e-01  -2.1214921e-02
   2.1404682e-01  -2.1133180e-02
   2.1070234e-01  -2.1051164e-02
   2.0735786e-01  -2.0968825e-02
   2.0401338e-01  -2.0886109e-02
   2.0066890e-01  -2.0802958e-02
   1.9732441e-01  -2.0719310e-02
   1.9397993e-01  -2.0635099e-02
   1.9063545e-01  -2.0550253e-02
   1.8729097e-01  -2.0464695e-02
   1.8394649e-01  -2.0378346e-02
   1.8060201e-01  -2.0291116e-02
   1.7725753e-01  -2.0202914e-02
   1.7391304e-01  -2.0113641e-02
   1.7056856e-01  -2.0023191e-02
   1.6722408e-01  -1.9931452e-02
   1.6387960e-01  -1.9838305e-02
   1.6053512e-01  -1.9743623e-02
   1.5719064e-01  -1.9647271e-02
   1.5384615e-01  -1.9549105e-02
   1.5050167e-01  -1.9448973e-02
   1.4715719e-01  -1.9346712e-02
   1.4381271e-01  -1.9242150e-02
   1.4046823e-01  -1.9135103e-02
   1.3712375e-01  -1.9025376e-02
   1.3377926e-01  -1.8912759e-02
   1.3043478e-01  -1.8797032e-02
   1.2709030e-01  -1.8677958e-02
   1.2374582e-01  -1.8555285e-02
   1.2040134e-01  -1.8428743e-02
   1.1705686e-01  -1.8298045e-02
   1.1371237e-01  -1.8162882e-02
   1.1036789e-01  -1.8022925e-02
   1.0702341e-01  -1.7877819e-02
   1.0367893e-01  -1.7727185e-02
   1.0033445e-01  -1.7570613e-02
   9.6989967e-02  -1.7407661e-02
   9.3645485e-02  -1.7237855e-02
   9.0301003e-02  -1.7060676e-02
   8.6956522e-02  -1.6875566e-02
   8.3612040e-02  -1.6681915e-02
   8.0267559e-02  -1.6479057e-02
   7.6923077e-02  -1.6266265e-02
   7.3578595e-02  -1.6042736e-02
   7.0234114e-02  -1.5807587e-02
   6.6889632e-02  -1.5559839e-02
   6.3545151e-02  -1.5298400e-02
   6.0200669e-02  -1.5022047e-02
   5.6856187e-02  -1.4729402e-02
   5.3511706e-02  -1.4418901e-02
   5.0167224e-02  -1.4088755e-02
   4.6822742e-02  -1.3736896e-02
   4.3478261e-02  -1.3360917e-02
   4.0133779e-02  -1.2957972e-02
   3.6789298e-02  -1.2524661e-02
   3.3444816e-02  -1.2056846e-02
   3.0100334e-02  -1.1549399e-02
   2.6755853e-02  -1.0995812e-02
   2.3411371e-02  -1.0387590e-02
   2.0066890e-02  -9.7132279e-03
   1.6722408e-02  -8.9563952e-03
   1.3377926e-02  -8.0923766e-03
   1.0033445e-02  -7.0801348e-03
   6.6889632e-03  -5.8407294e-03
   3.3444816e-03  -4.1731025e-03
   0.0000000e+00  -0.0000000e+00
