   0.0000000e+00   0.0000000e+00
   3.3444816e-03   2.2822578e-02
   6.6889632e-03   3.2164104e-02
   1.0033445e-02   3.9255024e-02
   1.3377926e-02   4.5167835e-02
   1.6722408e-02   5.0319408e-02
   2.0066890e-02   5.4924238e-02
   2.3411371e-02   5.9110151e-02
   2.6755853e-02   6.2960692e-02
   3.0100334e-02   6.6534072e-02
   3.3444816e-02   6.9872804e-02
   3.6789298e-02   7.3009082e-02
   4.0133779e-02   7.5967996e-02
   4.3478261e-02   7.8769561e-02
   4.6822742e-02   8.1430059e-02
   5.0167224e-02   8.3962951e-02
   5.3511706e-02   8.6379527e-02
   5.6856187e-02   8.8689366e-02
   6.0200669e-02   9.0900689e-02
   6.3545151e-02   9.3020614e-02
   6.6889632e-02   9.5055357e-02
   7.0234114e-02   9.7010385e-02
   7.3578595e-02   9.8890544e-02
   7.6923077e-02   1.0070015e-01
   8.0267559e-02   1.0244307e-01
   8.3612040e-02   1.0412279e-01
   8.6956522e-02   1.0574247e-01
   9.0301003e-02   1.0730497e-01
   9.3645485e-02   1.0881290e-01
   9.6989967e-02   1.1026868e-01
   1.0033445e-01   1.1167449e-01
   1.0367893e-01   1.1303237e-01
   1.0702341e-01   1.1434421e-01
   1.1036789e-01   1.1561175e-01
   1.1371237e-01   1.1683660e-01
   1.1705686e-01   1.1802029e-01
   1.2040134e-01   1.1916422e-01
   1.2374582e-01   1.2026973e-01
   1.2709030e-01   1.2133806e-01
   1.3043478e-01   1.2237038e-01
   1.3377926e-01   1.2336780e-01
   1.3712375e-01   1.2433135e-01
   1.4046823e-01   1.2526203e-01
   1.4381271e-01   1.2616077e-01
   1.4715719e-01   1.2702847e-01
   1.5050167e-01   1.2786596e-01
   1.5384615e-01   1.2867405e-01
   1.5719064e-01   1.2945351e-01
   1.6053512e-01   1.3020507e-01
   1.6387960e-01   1.3092944e-01
   1.6722408e-01   1.3162728e-01
   1.7056856e-01   1.3229923e-01
   1.7391304e-01   1.3294591e-01
   1.7725753e-01   1.3356792e-01
   1.8060201e-01   1.3416583e-01
   1.8394649e-01   1.3474018e-01
   1.8729097e-01   1.3529151e-01
   1.9063545e-01   1.3582032e-01
   1.9397993e-01   1.3632710e-01
   1.9732441e-01   1.3681233e-01
   2.0066890e-01   1.3727648e-01
   2.0401338e-01   1.3771998e-01
   2.0735786e-01   1.3814327e-01
   2.1070234e-01   1.3854677e-01
   2.1404682e-01   1.3893088e-01
   2.1739130e-01   1.3929599e-01
   2.2073579e-01   1.3964249e-01
   2.2408027e-01   1.3997075e-01
   2.2742475e-01   1.4028112e-01
   2.3076923e-01   1.4057397e-01
   2.3411371e-01   1.4084963e-01
   2.3745819e-01   1.4110843e-01
   2.4080268e-01   1.4135071e-01
   2.4414716e-01   1.4157677e-01
   2.4749164e-01   1.4178692e-01
   2.5083612e-01   1.4198148e-01
   2.5418060e-01   1.4216072e-01
   2.5752508e-01   1.4232495e-01
   2.6086957e-01   1.4247443e-01
   2.6421405e-01   1.4260944e-01
   2.6755853e-01   1.4273026e-01
   2.7090301e-01   1.4283714e-01
   2.7424749e-01   1.4293035e-01
   2.7759197e-01   1.4301012e-01
   2.8093645e-01   1.4307671e-01
   2.8428094e-01   1.4313037e-01
   2.8762542e-01   1.4317132e-01
   2.9096990e-01   1.4319979e-01
   2.9431438e-01   1.4321602e-01
   2.9765886e-01   1.4322022e-01
   3.0100334e-01   1.4321261e-01
   3.0434783e-01   1.4319341e-01
   3.0769231e-01   1.4316283e-01
   3.1103679e-01   1.4312107e-01
   3.1438127e-01   1.4306832e-01
   3.1772575e-01   1.4300480e-01
   3.2107023e-01   1.4293070e-01
   3.2441472e-01   1.4284619e-01
   3.2775920e-01   1.4275148e-01
   3.3110368e-01   1.4264674e-01
   3.3444816e-01   1.4253215e-01
   3.3779264e-01   1.4240790e-01
   3.4113712e-01   1.4227414e-01
   3.4448161e-01   1.4213106e-01
   3.4782609e-01   1.4197883e-01
   3.5117057e-01   1.4181759e-01
   3.5451505e-01   1.4164753e-01
   3.5785953e-01   1.4146879e-01
   3.6120401e-01   1.4128152e-01
   3.6454849e-01   1.4108589e-01
   3.6789298e-01   1.4088204e-01
   3.7123746e-01   1.4067012e-01
   3.7458194e-01   1.4045027e-01
   3.7792642e-01   1.4022263e-01
   3.8127090e-01   1.3998734e-01
   3.8461538e-01   1.3974455e-01
   3.8795987e-01   1.3949437e-01
   3.9130435e-01   1.3923695e-01
   3.9464883e-01   1.3897240e-01
   3.9799331e-01   1.3870087e-01
   4.0133779e-01   1.3842246e-01
   4.0468227e-01   1.3813731e-01
   4.0802676e-01   1.3784553e-01
   4.1137124e-01   1.3754723e-01
   4.1471572e-01   1.3724254e-01
   4.1806020e-01   1.3693155e-01
   4.2140468e-01   1.3661439e-01
   4.2474916e-01   1.3629115e-01
   4.2809365e-01   1.3596195e-01
   4.3143813e-01   1.3562688e-01
   4.3478261e-01   1.3528605e-01
   4.3812709e-01   1.3493955e-01
   4.4147157e-01   1.3458748e-01
   4.4481605e-01   1.3422993e-01
   4.4816054e-01   1.3386699e-01
   4.5150502e-01   1.3349875e-01
   4.5484950e-01   1.3312530e-01
   4.5819398e-01   1.3274673e-01
   4.6153846e-01   1.3236311e-01
   4.6488294e-01   1.3197452e-01
   4.6822742e-01   1.3158105e-01
   4.7157191e-01   1.3118277e-01
   4.7491639e-01   1.3077974e-01
   4.7826087e-01   1.3037206e-01
   4.8160535e-01   1.2995977e-01
   4.8494983e-01   1.2954296e-01
   4.8829431e-01   1.2912168e-01
   4.9163880e-01   1.2869600e-01
   4.9498328e-01   1.2826598e-01
   4.9832776e-01   1.2783168e-01
   5.0167224e-01   1.2739316e-01
   5.0501672e-01   1.2695046e-01
   5.0836120e-01   1.2650365e-01
   5.1170569e-01   1.2605277e-01
   5.1505017e-01   1.2559787e-01
   5.1839465e-01   1.2513899e-01
   5.2173913e-01   1.2467619e-01
   5.2508361e-01   1.2420950e-01
   5.2842809e-01   1.2373896e-01
   5.3177258e-01   1.2326461e-01
   5.3511706e-01   1.2278649e-01
   5.3846154e-01   1.2230463e-01
   5.4180602e-01   1.2181906e-01
   5.4515050e-01   1.2132980e-01
   5.4849498e-01   1.2083690e-01
   5.5183946e-01   1.2034036e-01
   5.5518395e-01   1.1984022e-01
   5.5852843e-01   1.1933650e-01
   5.6187291e-01   1.1882921e-01
   5.6521739e-01   1.1831837e-01
   5.6856187e-01   1.1780400e-01
   5.7190635e-01   1.1728611e-01
   5.7525084e-01   1.1676470e-01
   5.7859532e-01   1.1623979e-01
   5.8193980e-01   1.1571138e-01
   5.8528428e-01   1.1517948e-01
   5.8862876e-01   1.1464409e-01
   5.9197324e-01   1.1410520e-01
   5.9531773e-01   1.1356282e-01
   5.9866221e-01   1.1301693e-01
   6.0200669e-01   1.1246754e-01
   6.0535117e-01   1.1191464e-01
   6.0869565e-01   1.1135820e-01
   6.1204013e-01   1.1079823e-01
   6.1538462e-01   1.1023470e-01
   6.1872910e-01   1.0966759e-01
   6.2207358e-01   1.0909690e-01
   6.2541806e-01   1.0852258e-01
   6.2876254e-01   1.0794463e-01
   6.3210702e-01   1.0736300e-01
   6.3545151e-01   1.0677769e-01
   6.3879599e-01   1.0618864e-01
   6.4214047e-01   1.0559584e-01
   6.4548495e-01   1.0499924e-01
   6.4882943e-01   1.0439881e-01
   6.5217391e-01   1.0379451e-01
   6.5551839e-01   1.0318629e-01
   6.5886288e-01   1.0257412e-01
   6.6220736e-01   1.0195794e-01
   6.6555184e-01   1.0133771e-01
   6.6889632e-01   1.0071337e-01
   6.7224080e-01   1.0008488e-01
   6.7558528e-01   9.9452169e-02
   6.7892977e-01   9.8815192e-02
   6.8227425e-01   9.8173885e-02
   6.8561873e-01   9.7528184e-02
   6.8896321e-01   9.6878026e-02
   6.9230769e-01   9.6223344e-02
   6.9565217e-01   9.5564069e-02
   6.9899666e-01   9.4900129e-02
   7.0234114e-01   9.4231450e-02
   7.0568562e-01   9.3557957e-02
   7.0903010e-01   9.2879571e-02
   7.1237458e-01   9.2196211e-02
   7.1571906e-01   9.1507794e-02
   7.1906355e-01   9.0814235e-02
   7.2240803e-01   9.0115447e-02
   7.2575251e-01   8.9411338e-02
   7.2909699e-01   8.8701817e-02
   7.3244147e-01   8.7986789e-02
   7.3578595e-01   8.7266157e-02
   7.3913043e-01   8.6539820e-02
   7.4247492e-01   8.5807678e-02
   7.4581940e-01   8.5069626e-02
   7.4916388e-01   8.4325557e-02
   7.5250836e-01   8.3575362e-02
   7.5585284e-01   8.2818929e-02
   7.5919732e-01   8.2056145e-02
   7.6254181e-01   8.1286893e-02
   7.6588629e-01   8.0511054e-02
   7.6923077e-01   7.9728508e-02
   7.7257525e-01   7.8939130e-02
   7.7591973e-01   7.8142795e-02
   7.7926421e-01   7.7339373e-02
   7.8260870e-01   7.6528734e-02
   7.8595318e-01   7.5710744e-02
   7.8929766e-01   7.4885268e-02
   7.9264214e-01   7.4052166e-02
   7.9598662e-01   7.3211298e-02
   7.9933110e-01   7.2362521e-02
   8.0267559e-01   7.1505688e-02
   8.0602007e-01   7.0640651e-02
   8.0936455e-01   6.9767260e-02
   8.1270903e-01   6.8885359e-02
   8.1605351e-01   6.7994795e-02
   8.1939799e-01   6.7095408e-02
   8.2274247e-01   6.6187036e-02
   8.2608696e-01   6.5269517e-02
   8.2943144e-01   6.4342684e-02
   8.3277592e-01   6.3406369e-02
   8.3612040e-01   6.2460399e-02
   8.3946488e-01   6.1504602e-02
   8.4280936e-01   6.0538801e-02
   8.4615385e-01   5.9562816e-02
   8.4949833e-01   5.8576466e-02
   8.5284281e-01   5.7579567e-02
   8.5618729e-01   5.6571932e-02
   8.5953177e-01   5.5553372e-02
   8.6287625e-01   5.4523694e-02
   8.6622074e-01   5.3482703e-02
   8.6956522e-01   5.2430203e-02
   8.7290970e-01   5.1365994e-02
   8.7625418e-01   5.0289871e-02
   8.7959866e-01   4.9201632e-02
   8.8294314e-01   4.8101066e-02
   8.8628763e-01   4.6987965e-02
   8.8963211e-01   4.5862114e-02
   8.9297659e-01   4.4723297e-02
   8.9632107e-01   4.3571296e-02
   8.9966555e-01   4.2405890e-02
   9.0301003e-01   4.1226854e-02
   9.0635452e-01   4.0033961e-02
   9.0969900e-01   3.8826983e-02
   9.1304348e-01   3.7605687e-02
   9.1638796e-01   3.6369837e-02
   9.1973244e-01   3.5119197e-02
   9.2307692e-01   3.3853526e-02
   9.2642140e-01   3.2572580e-02
   9.2976589e-01   3.1276115e-02
   9.3311037e-01   2.9963880e-02
   9.3645485e-01   2.8635625e-02
   9.3979933e-01   2.7291095e-02
   9.4314381e-01   2.5930034e-02
   9.4648829e-01   2.4552181e-02
   9.4983278e-01   2.3157274e-02
   9.5317726e-01   2.1745048e-02
   9.5652174e-01   2.0315235e-02
   9.5986622e-01   1.8867562e-02
   9.6321070e-01   1.7401758e-02
   9.6655518e-01   1.5917544e-02
   9.6989967e-01   1.4414641e-02
   9.7324415e-01   1.2892768e-02
   9.7658863e-01   1.1351638e-02
   9.7993311e-01   9.7909640e-03
   9.8327759e-01   8.2104550e-03
   9.8662207e-01   6.6098170e-03
   9.8996656e-01   4.9887536e-03
   9.9331104e-01   3.3469650e-03
   9.9665552e-01   1.6841489e-03
   1.0000000e+00   0.0000000e+00
   1.0000000e+00   0.0000000e+00
   9.9665552e-01  -5.6296509e-05
   9.9331104e-01  -1.1078214e-04
   9.8996656e-01  -1.6344218e-04
   9.8662207e-01  -2.1426264e-04
   9.8327759e-01  -2.6323019e-04
   9.7993311e-01  -3.1033223e-04
   9.7658863e-01  -3.5555680e-04
   9.7324415e-01  -3.9889266e-04
   9.6989967e-01  -4.4032922e-04
   9.6655518e-01  -4.7985660e-04
   9.6321070e-01  -5.1746556e-04
   9.5986622e-01  -5.5314754e-04
   9.5652174e-01  -5.8689464e-04
   9.5317726e-01  -6.1869962e-04
   9.4983278e-01  -6.4855591e-04
   9.4648829e-01  -6.7645757e-04
   9.4314381e-01  -7.0239933e-04
   9.3979933e-01  -7.2637655e-04
   9.3645485e-01  -7.4838525e-04
   9.3311037e-01  -7.6842206e-04
   9.2976589e-01  -7.8648428e-04
   9.2642140e-01  -8.0256980e-04
   9.2307692e-01  -8.1667717e-04
   9.1973244e-01  -8.2880555e-04
   9.1638796e-01  -8.3895471e-04
   9.1304348e-01  -8.4712505e-04
   9.0969900e-01  -8.5331757e-04
   9.0635452e-01  -8.5753388e-04
   9.0301003e-01  -8.5977620e-04
   8.9966555e-01  -8.6004734e-04
   8.9632107e-01  -8.5835070e-04
   8.9297659e-01  -8.5469029e-04
   8.8963211e-01  -8.4907068e-04
   8.8628763e-01  -8.4149706e-04
   8.8294314e-01  -8.3197517e-04
   8.7959866e-01  -8.2051133e-04
   8.7625418e-01  -8.0711243e-04
   8.7290970e-01  -7.9178594e-04
   8.6956522e-01  -7.7453989e-04
   8.6622074e-01  -7.5538284e-04
   8.6287625e-01  -7.3432394e-04
   8.5953177e-01  -7.1137288e-04
   8.5618729e-01  -6.8653989e-04
   8.5284281e-01  -6.5983574e-04
   8.4949833e-01  -6.3127175e-04
   8.4615385e-01  -6.0085976e-04
   8.4280936e-01  -5.6861214e-04
   8.3946488e-01  -5.3454180e-04
   8.3612040e-01  -4.9866215e-04
   8.3277592e-01  -4.6098714e-04
   8.2943144e-01  -4.2153120e-04
   8.2608696e-01  -3.8030930e-04
   8.2274247e-01  -3.3733689e-04
   8.1939799e-01  -2.9262993e-04
   8.1605351e-01  -2.4620487e-04
   8.1270903e-01  -1.9807864e-04
   8.0936455e-01  -1.4826869e-04
   8.0602007e-01  -9.6792898e-05
   8.0267559e-01  -4.3669663e-05
   7.9933110e-01   1.1082167e-05
   7.9598662e-01   6.7443270e-05
   7.9264214e-01   1.2539386e-04
   7.8929766e-01   1.8491371e-04
   7.8595318e-01   2.4598211e-04
   7.8260870e-01   3.0857793e-04
   7.7926421e-01   3.7267959e-04
   7.7591973e-01   4.3826505e-04
   7.7257525e-01   5.0531186e-04
   7.6923077e-01   5.7379714e-04
   7.6588629e-01   6.4369757e-04
   7.6254181e-01   7.1498942e-04
   7.5919732e-01   7.8764855e-04
   7.5585284e-01   8.6165040e-04
   7.5250836e-01   9.3697001e-04
   7.4916388e-01   1.0135820e-03
   7.4581940e-01   1.0914607e-03
   7.4247492e-01   1.1705799e-03
   7.3913043e-01   1.2509130e-03
   7.3578595e-01   1.3324333e-03
   7.3244147e-01   1.4151133e-03
   7.2909699e-01   1.4989254e-03
   7.2575251e-01   1.5838417e-03
   7.2240803e-01   1.6698337e-03
   7.1906355e-01   1.7568727e-03
   7.1571906e-01   1.8449297e-03
   7.1237458e-01   1.9339752e-03
   7.0903010e-01   2.0239795e-03
   7.0568562e-01   2.1149124e-03
   7.0234114e-01   2.2067437e-03
   6.9899666e-01   2.2994424e-03
   6.9565217e-01   2.3929776e-03
   6.9230769e-01   2.4873180e-03
   6.8896321e-01   2.5824317e-03
   6.8561873e-01   2.6782870e-03
   6.8227425e-01   2.7748515e-03
   6.7892977e-01   2.8720927e-03
   6.7558528e-01   2.9699777e-03
   6.7224080e-01   3.0684734e-03
   6.6889632e-01   3.1675466e-03
   6.6555184e-01   3.2671635e-03
   6.6220736e-01   3.3672902e-03
   6.5886288e-01   3.4678926e-03
   6.5551839e-01   3.5689363e-03
   6.5217391e-01   3.6703866e-03
   6.4882943e-01   3.7722088e-03
   6.4548495e-01   3.8743676e-03
   6.4214047e-01   3.9768279e-03
   6.3879599e-01   4.0795540e-03
   6.3545151e-01   4.1825101e-03
   6.3210702e-01   4.2856605e-03
   6.2876254e-01   4.3889688e-03
   6.2541806e-01   4.4923989e-03
   6.2207358e-01   4.5959141e-03
   6.1872910e-01   4.6994777e-03
   6.1538462e-01   4.8030530e-03
   6.1204013e-01   4.9066029e-03
   6.0869565e-01   5.0100902e-03
   6.0535117e-01   5.1134776e-03
   6.0200669e-01   5.2167276e-03
   5.9866221e-01   5.3198026e-03
   5.9531773e-01   5.4226648e-03
   5.9197324e-01   5.5252764e-03
   5.8862876e-01   5.6275995e-03
   5.8528428e-01   5.7295959e-03
   5.8193980e-01   5.8312274e-03
   5.7859532e-01   5.9324558e-03
   5.7525084e-01   6.0332427e-03
   5.7190635e-01   6.1335497e-03
   5.6856187e-01   6.2333383e-03
   5.6521739e-01   6.3325698e-03
   5.6187291e-01   6.4312057e-03
   5.5852843e-01   6.5292073e-03
   5.5518395e-01   6.6265359e-03
   5.5183946e-01   6.7231526e-03
   5.4849498e-01   6.8190188e-03
   5.4515050e-01   6.9140957e-03
   5.4180602e-01   7.0083445e-03
   5.3846154e-01   7.1017263e-03
   5.3511706e-01   7.1942025e-03
   5.3177258e-01   7.2857341e-03
   5.2842809e-01   7.3762826e-03
   5.2508361e-01   7.4658091e-03
   5.2173913e-01   7.5542751e-03
   5.1839465e-01   7.6416419e-03
   5.1505017e-01   7.7278710e-03
   5.1170569e-01   7.8129239e-03
   5.0836120e-01   7.8967622e-03
   5.0501672e-01   7.9793476e-03
   5.0167224e-01   8.0606419e-03
   4.9832776e-01   8.1406071e-03
   4.9498328e-01   8.2192051e-03
   4.9163880e-01   8.2963980e-03
   4.8829431e-01   8.3721483e-03
   4.8494983e-01   8.4464182e-03
   4.8160535e-01   8.5191705e-03
   4.7826087e-01   8.5903678e-03
   4.7491639e-01   8.6599731e-03
   4.7157191e-01   8.7279496e-03
   4.6822742e-01   8.7942606e-03
   4.6488294e-01   8.8588695e-03
   4.6153846e-01   8.9217403e-03
   4.5819398e-01   8.9828368e-03
   4.5484950e-01   9.0421233e-03
   4.5150502e-01   9.0995644e-03
   4.4816054e-01   9.1551247e-03
   4.4481605e-01   9.2087694e-03
   4.4147157e-01   9.2604638e-03
   4.3812709e-01   9.3101735e-03
   4.3478261e-01   9.3578645e-03
   4.3143813e-01   9.4035031e-03
   4.2809365e-01   9.4470558e-03
   4.2474916e-01   9.4884898e-03
   4.2140468e-01   9.5277724e-03
   4.1806020e-01   9.5648712e-03
   4.1471572e-01   9.5997545e-03
   4.1137124e-01   9.6323908e-03
   4.0802676e-01   9.6627491e-03
   4.0468227e-01   9.6907987e-03
   4.0133779e-01   9.7165096e-03
   3.9799331e-01   9.7398521e-03
   3.9464883e-01   9.7607970e-03
   3.9130435e-01   9.7793156e-03
   3.8795987e-01   9.7953798e-03
   3.8461538e-01   9.8089619e-03
   3.8127090e-01   9.8200349e-03
   3.7792642e-01   9.8285722e-03
   3.7458194e-01   9.8345480e-03
   3.7123746e-01   9.8379368e-03
   3.6789298e-01   9.8387140e-03
   3.6454849e-01   9.8368555e-03
   3.6120401e-01   9.8323378e-03
   3.5785953e-01   9.8251384e-03
   3.5451505e-01   9.8152350e-03
   3.5117057e-01   9.8026063e-03
   3.4782609e-01   9.7872318e-03
   3.4448161e-01   9.7690917e-03
   3.4113712e-01   9.7481668e-03
   3.3779264e-01   9.7244390e-03
   3.3444816e-01   9.6978907e-03
   3.3110368e-01   9.6685053e-03
   3.2775920e-01   9.6362673e-03
   3.2441472e-01   9.6011617e-03
   3.2107023e-01   9.5631746e-03
   3.1772575e-01   9.5222931e-03
   3.1438127e-01   9.4785052e-03
   3.1103679e-01   9.4317999e-03
   3.0769231e-01   9.3821672e-03
   3.0434783e-01   9.3295983e-03
   3.0100334e-01   9.2740853e-03
   2.9765886e-01   9.2156214e-03
   2.9431438e-01   9.1542012e-03
   2.9096990e-01   9.0898203e-03
   2.8762542e-01   9.0224755e-03
   2.8428094e-01   8.9521649e-03
   2.8093645e-01   8.8788878e-03
   2.7759197e-01   8.8026450e-03
   2.7424749e-01   8.7234385e-03
   2.7090301e-01   8.6412716e-03
   2.6755853e-01   8.5561494e-03
   2.6421405e-01   8.4680780e-03
   2.6086957e-01   8.3770656e-03
   2.5752508e-01   8.2831213e-03
   2.5418060e-01   8.1862564e-03
   2.5083612e-01   8.0864836e-03
   2.4749164e-01   7.9838172e-03
   2.4414716e-01   7.8782736e-03
   2.4080268e-01   7.7698706e-03
   2.3745819e-01   7.6586283e-03
   2.3411371e-01   7.5445685e-03
   2.3076923e-01   7.4277150e-03
   2.2742475e-01   7.3080937e-03
   2.2408027e-01   7.1857326e-03
   2.2073579e-01   7.0606621e-03
   2.1739130e-01   6.9329146e-03
   2.1404682e-01   6.8025250e-03
   2.1070234e-01   6.6695307e-03
   2.0735786e-01   6.5339714e-03
   2.0401338e-01   6.3958896e-03
   2.0066890e-01   6.2553305e-03
   1.9732441e-01   6.1123421e-03
   1.9397993e-01   5.9669751e-03
   1.9063545e-01   5.8192836e-03
   1.8729097e-01   5.6693245e-03
   1.8394649e-01   5.5171582e-03
   1.8060201e-01   5.3628483e-03
   1.7725753e-01   5.2064621e-03
   1.7391304e-01   5.0480706e-03
   1.7056856e-01   4.8877485e-03
   1.6722408e-01   4.7255746e-03
   1.6387960e-01   4.5616318e-03
   1.6053512e-01   4.3960077e-03
   1.5719064e-01   4.2287940e-03
   1.5384615e-01   4.0600877e-03
   1.5050167e-01   3.8899906e-03
   1.4715719e-01   3.7186099e-03
   1.4381271e-01   3.5460582e-03
   1.4046823e-01   3.3724544e-03
   1.3712375e-01   3.1979233e-03
   1.3377926e-01   3.0225963e-03
   1.3043478e-01   2.8466121e-03
   1.2709030e-01   2.6701163e-03
   1.2374582e-01   2.4932628e-03
   1.2040134e-01   2.3162137e-03
   1.1705686e-01   2.1391400e-03
   1.1371237e-01   1.9622224e-03
   1.1036789e-01   1.7856518e-03
   1.0702341e-01   1.6096301e-03
   1.0367893e-01   1.4343713e-03
   1.0033445e-01   1.2601020e-03
   9.6989967e-02   1.0870630e-03
   9.3645485e-02   9.1551030e-04
   9.0301003e-02   7.4571642e-04
   8.6956522e-02   5.7797224e-04
   8.3612040e-02   4.1258870e-04
   8.0267559e-02   2.4989904e-04
   7.6923077e-02   9.0261267e-05
   7.3578595e-02  -6.5938897e-05
   7.0234114e-02  -2.1828453e-04
   6.6889632e-02  -3.6632336e-04
   6.3545151e-02  -5.0956281e-04
   6.0200669e-02  -6.4746391e-04
   5.6856187e-02  -7.7943391e-04
   5.3511706e-02  -9.0481703e-04
   5.0167224e-02  -1.0228829e-03
   4.6822742e-02  -1.1328116e-03
   4.3478261e-02  -1.2336745e-03
   4.0133779e-02  -1.3244088e-03
   3.6789298e-02  -1.4037827e-03
   3.3444816e-02  -1.4703472e-03
   3.0100334e-02  -1.5223678e-03
   2.6755853e-02  -1.5577218e-03
   2.3411371e-02  -1.5737397e-03
   2.0066890e-02  -1.5669460e-03
   1.6722408e-02  -1.5326041e-03
   1.3377926e-02  -1.4638405e-03
   1.0033445e-02  -1.3497305e-03
   6.6889632e-03  -1.1701910e-03
   3.3444816e-03  -8.7647610e-04
   0.0000000e+00  -0.0000000e+00
