   0.0000000e+00   0.0000000e+00
   3.3444816e-03   1.0970423e-02
   6.6889632e-03   1.5519663e-02
   1.0033445e-02   1.9013298e-02
   1.3377926e-02   2.1960497e-02
   1.6722408e-02   2.4558311e-02
   2.0066890e-02   2.6907701e-02
   2.3411371e-02   2.9068578e-02
   2.6755853e-02   3.1079930e-02
   3.0100334e-02   3.2968805e-02
   3.3444816e-02   3.4754868e-02
   3.6789298e-02   3.6452946e-02
   4.0133779e-02   3.8074538e-02
   4.3478261e-02   3.9628778e-02
   4.6822742e-02   4.1123056e-02
   5.0167224e-02   4.2563455e-02
   5.3511706e-02   4.3955051e-02
   5.6856187e-02   4.5302129e-02
   6.0200669e-02   4.6608345e-02
   6.3545151e-02   4.7876851e-02
   6.6889632e-02   4.9110382e-02
   7.0234114e-02   5.0311332e-02
   7.3578595e-02   5.1481809e-02
   7.6923077e-02   5.2623682e-02
   8.0267559e-02   5.3738614e-02
   8.3612040e-02   5.4828097e-02
   8.6956522e-02   5.5893469e-02
   9.0301003e-02   5.6935943e-02
   9.3645485e-02   5.7956616e-02
   9.6989967e-02   5.8956488e-02
   1.0033445e-01   5.9936470e-02
   1.0367893e-01   6.0897400e-02
   1.0702341e-01   6.1840044e-02
   1.1036789e-01   6.2765111e-02
   1.1371237e-01   6.3673254e-02
   1.1705686e-01   6.4565078e-02
   1.2040134e-01   6.5441145e-02
   1.2374582e-01   6.6301976e-02
   1.2709030e-01   6.7148059e-02
   1.3043478e-01   6.7979847e-02
   1.3377926e-01   6.8797766e-02
   1.3712375e-01   6.9602214e-02
   1.4046823e-01   7.0393565e-02
   1.4381271e-01   7.1172170e-02
   1.4715719e-01   7.1938360e-02
   1.5050167e-01   7.2692447e-02
   1.5384615e-01   7.3434724e-02
   1.5719064e-01   7.4165471e-02
   1.6053512e-01   7.4884951e-02
   1.6387960e-01   7.5593412e-02
   1.6722408e-01   7.6291093e-02
   1.7056856e-01   7.6978217e-02
   1.7391304e-01   7.7654999e-02
   1.7725753e-01   7.8321641e-02
   1.8060201e-01   7.8978336e-02
   1.8394649e-01   7.9625271e-02
   1.8729097e-01   8.0262620e-02
   1.9063545e-01   8.0890551e-02
   1.9397993e-01   8.1509226e-02
   1.9732441e-01   8.2118797e-02
   2.0066890e-01   8.2719411e-02
   2.0401338e-01   8.3311209e-02
   2.0735786e-01   8.3894325e-02
   2.1070234e-01   8.4468889e-02
   2.1404682e-01   8.5035024e-02
   2.1739130e-01   8.5592849e-02
   2.2073579e-01   8.6142478e-02
   2.2408027e-01   8.6684019e-02
   2.2742475e-01   8.7217579e-02
   2.3076923e-01   8.7743258e-02
   2.3411371e-01   8.8261154e-02
   2.3745819e-01   8.8771359e-02
   2.4080268e-01   8.9273963e-02
   2.4414716e-01   8.9769053e-02
   2.4749164e-01   9.0256712e-02
   2.5083612e-01   9.0737019e-02
   2.5418060e-01   9.1210052e-02
   2.5752508e-01   9.1675884e-02
   2.6086957e-01   9.2134587e-02
   2.6421405e-01   9.2586230e-02
   2.6755853e-01   9.3030878e-02
   2.7090301e-01   9.3468595e-02
   2.7424749e-01   9.3899442e-02
   2.7759197e-01   9.4323478e-02
   2.8093645e-01   9.4740760e-02
   2.8428094e-01   9.5151341e-02
   2.8762542e-01   9.5555275e-02
   2.9096990e-01   9.5952610e-02
   2.9431438e-01   9.6343397e-02
   2.9765886e-01   9.6727680e-02
   3.0100334e-01   9.7105505e-02
   3.0434783e-01   9.7476914e-02
   3.0769231e-01   9.7841948e-02
   3.1103679e-01   9.8200646e-02
   3.1438127e-01   9.8553045e-02
   3.1772575e-01   9.8899182e-02
   3.2107023e-01   9.9239091e-02
   3.2441472e-01   9.9572803e-02
   3.2775920e-01   9.9900351e-02
   3.3110368e-01   1.0022176e-01
   3.3444816e-01   1.0053707e-01
   3.3779264e-01   1.0084629e-01
   3.4113712e-01   1.0114946e-01
   3.4448161e-01   1.0144660e-01
   3.4782609e-01   1.0173773e-01
   3.5117057e-01   1.0202287e-01
   3.5451505e-01   1.0230204e-01
   3.5785953e-01   1.0257526e-01
   3.6120401e-01   1.0284254e-01
   3.6454849e-01   1.0310391e-01
   3.6789298e-01   1.0335938e-01
   3.7123746e-01   1.0360896e-01
   3.7458194e-01   1.0385265e-01
   3.7792642e-01   1.0409048e-01
   3.8127090e-01   1.0432246e-01
   3.8461538e-01   1.0454858e-01
   3.8795987e-01   1.0476886e-01
   3.9130435e-01   1.0498331e-01
   3.9464883e-01   1.0519192e-01
   3.9799331e-01   1.0539470e-01
   4.0133779e-01   1.0559166e-01
   4.0468227e-01   1.0578280e-01
   4.0802676e-01   1.0596811e-01
   4.1137124e-01   1.0614760e-01
   4.1471572e-01   1.0632125e-01
   4.1806020e-01   1.0648908e-01
   4.2140468e-01   1.0665107e-01
   4.2474916e-01   1.0680723e-01
   4.2809365e-01   1.0695753e-01
   4.3143813e-01   1.0710198e-01
   4.3478261e-01   1.0724057e-01
   4.3812709e-01   1.0737329e-01
   4.4147157e-01   1.0750012e-01
   4.4481605e-01   1.0762105e-01
   4.4816054e-01   1.0773608e-01
   4.5150502e-01   1.0784518e-01
   4.5484950e-01   1.0794834e-01
   4.5819398e-01   1.0804555e-01
   4.6153846e-01   1.0813679e-01
   4.6488294e-01   1.0822203e-01
   4.6822742e-01   1.0830127e-01
   4.7157191e-01   1.0837447e-01
   4.7491639e-01   1.0844162e-01
   4.7826087e-01   1.0850270e-01
   4.8160535e-01   1.0855767e-01
   4.8494983e-01   1.0860652e-01
   4.8829431e-01   1.0864923e-01
   4.9163880e-01   1.0868575e-01
   4.9498328e-01   1.0871607e-01
   4.9832776e-01   1.0874015e-01
   5.0167224e-01   1.0875797e-01
   5.0501672e-01   1.0876950e-01
   5.0836120e-01   1.0877469e-01
   5.1170569e-01   1.0877353e-01
   5.1505017e-01   1.0876596e-01
   5.1839465e-01   1.0875197e-01
   5.2173913e-01   1.0873150e-01
   5.2508361e-01   1.0870453e-01
   5.2842809e-01   1.0867102e-01
   5.3177258e-01   1.0863092e-01
   5.3511706e-01   1.0858419e-01
   5.3846154e-01   1.0853080e-01
   5.4180602e-01   1.0847069e-01
   5.4515050e-01   1.0840383e-01
   5.4849498e-01   1.0833016e-01
   5.5183946e-01   1.0824965e-01
   5.5518395e-01   1.0816224e-01
   5.5852843e-01   1.0806790e-01
   5.6187291e-01   1.0796655e-01
   5.6521739e-01   1.0785816e-01
   5.6856187e-01   1.0774268e-01
   5.7190635e-01   1.0762005e-01
   5.7525084e-01   1.0749021e-01
   5.7859532e-01   1.0735312e-01
   5.8193980e-01   1.0720871e-01
   5.8528428e-01   1.0705693e-01
   5.8862876e-01   1.0689772e-01
   5.9197324e-01   1.0673101e-01
   5.9531773e-01   1.0655676e-01
   5.9866221e-01   1.0637489e-01
   6.0200669e-01   1.0618535e-01
   6.0535117e-01   1.0598806e-01
   6.0869565e-01   1.0578297e-01
   6.1204013e-01   1.0557001e-01
   6.1538462e-01   1.0534911e-01
   6.1872910e-01   1.0512019e-01
   6.2207358e-01   1.0488320e-01
   6.2541806e-01   1.0463806e-01
   6.2876254e-01   1.0438470e-01
   6.3210702e-01   1.0412304e-01
   6.3545151e-01   1.0385301e-01
   6.3879599e-01   1.0357453e-01
   6.4214047e-01   1.0328753e-01
   6.4548495e-01   1.0299194e-01
   6.4882943e-01   1.0268766e-01
   6.5217391e-01   1.0237462e-01
   6.5551839e-01   1.0205273e-01
   6.5886288e-01   1.0172193e-01
   6.6220736e-01   1.0138211e-01
   6.6555184e-01   1.0103320e-01
   6.6889632e-01   1.0067511e-01
   6.7224080e-01   1.0030776e-01
   6.7558528e-01   9.9931041e-02
   6.7892977e-01   9.9544879e-02
   6.8227425e-01   9.9149180e-02
   6.8561873e-01   9.8743851e-02
   6.8896321e-01   9.8328798e-02
   6.9230769e-01   9.7903927e-02
   6.9565217e-01   9.7469141e-02
   6.9899666e-01   9.7024343e-02
   7.0234114e-01   9.6569434e-02
   7.0568562e-01   9.6104316e-02
   7.0903010e-01   9.5628887e-02
   7.1237458e-01   9.5143044e-02
   7.1571906e-01   9.4646684e-02
   7.1906355e-01   9.4139704e-02
   7.2240803e-01   9.3621995e-02
   7.2575251e-01   9.3093453e-02
   7.2909699e-01   9.2553967e-02
   7.3244147e-01   9.2003428e-02
   7.3578595e-01   9.1441726e-02
   7.3913043e-01   9.0868748e-02
   7.4247492e-01   9.0284380e-02
   7.4581940e-01   8.9688508e-02
   7.4916388e-01   8.9081016e-02
   7.5250836e-01   8.8461786e-02
   7.5585284e-01   8.7830699e-02
   7.5919732e-01   8.7187636e-02
   7.6254181e-01   8.6532475e-02
   7.6588629e-01   8.5865094e-02
   7.6923077e-01   8.5185369e-02
   7.7257525e-01   8.4493175e-02
   7.7591973e-01   8.3788385e-02
   7.7926421e-01   8.3070872e-02
   7.8260870e-01   8.2340506e-02
   7.8595318e-01   8.1597158e-02
   7.8929766e-01   8.0840694e-02
   7.9264214e-01   8.0070983e-02
   7.9598662e-01   7.9287890e-02
   7.9933110e-01   7.8491279e-02
   8.0267559e-01   7.7681012e-02
   8.0602007e-01   7.6856953e-02
   8.0936455e-01   7.6018960e-02
   8.1270903e-01   7.5166893e-02
   8.1605351e-01   7.4300609e-02
   8.1939799e-01   7.3419965e-02
   8.2274247e-01   7.2524815e-02
   8.2608696e-01   7.1615012e-02
   8.2943144e-01   7.0690409e-02
   8.3277592e-01   6.9750857e-02
   8.3612040e-01   6.8796205e-02
   8.3946488e-01   6.7826300e-02
   8.4280936e-01   6.6840990e-02
   8.4615385e-01   6.5840119e-02
   8.4949833e-01   6.4823532e-02
   8.5284281e-01   6.3791070e-02
   8.5618729e-01   6.2742575e-02
   8.5953177e-01   6.1677886e-02
   8.6287625e-01   6.0596841e-02
   8.6622074e-01   5.9499278e-02
   8.6956522e-01   5.8385032e-02
   8.7290970e-01   5.7253936e-02
   8.7625418e-01   5.6105824e-02
   8.7959866e-01   5.4940525e-02
   8.8294314e-01   5.3757871e-02
   8.8628763e-01   5.2557689e-02
   8.8963211e-01   5.1339806e-02
   8.9297659e-01   5.0104047e-02
   8.9632107e-01   4.8850236e-02
   8.9966555e-01   4.7578197e-02
   9.0301003e-01   4.6287750e-02
   9.0635452e-01   4.4978714e-02
   9.0969900e-01   4.3650907e-02
   9.1304348e-01   4.2304148e-02
   9.1638796e-01   4.0938249e-02
   9.1973244e-01   3.9553026e-02
   9.2307692e-01   3.8148291e-02
   9.2642140e-01   3.6723855e-02
   9.2976589e-01   3.5279526e-02
   9.3311037e-01   3.3815112e-02
   9.3645485e-01   3.2330421e-02
   9.3979933e-01   3.0825257e-02
   9.4314381e-01   2.9299423e-02
   9.4648829e-01   2.7752722e-02
   9.4983278e-01   2.6184953e-02
   9.5317726e-01   2.4595916e-02
   9.5652174e-01   2.2985408e-02
   9.5986622e-01   2.1353225e-02
   9.6321070e-01   1.9699161e-02
   9.6655518e-01   1.8023009e-02
   9.6989967e-01   1.6324560e-02
   9.7324415e-01   1.4603605e-02
   9.7658863e-01   1.2859932e-02
   9.7993311e-01   1.1093327e-02
   9.8327759e-01   9.3035759e-03
   9.8662207e-01   7.4904619e-03
   9.8996656e-01   5.6537675e-03
   9.9331104e-01   3.7932733e-03
   9.9665552e-01   1.9087583e-03
   1.0000000e+00   0.0000000e+00
   1.0000000e+00   0.0000000e+00
   9.9665552e-01  -9.8099189e-04
   9.9331104e-01  -1.9423734e-03
   9.8996656e-01  -2.8844269e-03
   9.8662207e-01  -3.8074326e-03
   9.8327759e-01  -4.7116686e-03
   9.7993311e-01  -5.5974105e-03
   9.7658863e-01  -6.4649318e-03
   9.7324415e-01  -7.3145039e-03
   9.6989967e-01  -8.1463958e-03
   9.6655518e-01  -8.9608743e-03
   9.6321070e-01  -9.7582041e-03
   9.5986622e-01  -1.0538648e-02
   9.5652174e-01  -1.1302465e-02
   9.5317726e-01  -1.2049915e-02
   9.4983278e-01  -1.2781252e-02
   9.4648829e-01  -1.3496731e-02
   9.4314381e-01  -1.4196602e-02
   9.3979933e-01  -1.4881116e-02
   9.3645485e-01  -1.5550520e-02
   9.3311037e-01  -1.6205057e-02
   9.2976589e-01  -1.6844972e-02
   9.2642140e-01  -1.7470505e-02
   9.2307692e-01  -1.8081893e-02
   9.1973244e-01  -1.8679375e-02
   9.1638796e-01  -1.9263183e-02
   9.1304348e-01  -1.9833550e-02
   9.0969900e-01  -2.0390706e-02
   9.0635452e-01  -2.0934879e-02
   9.0301003e-01  -2.1466293e-02
   8.9966555e-01  -2.1985174e-02
   8.9632107e-01  -2.2491742e-02
   8.9297659e-01  -2.2986216e-02
   8.8963211e-01  -2.3468815e-02
   8.8628763e-01  -2.3939752e-02
   8.8294314e-01  -2.4399241e-02
   8.7959866e-01  -2.4847493e-02
   8.7625418e-01  -2.5284718e-02
   8.7290970e-01  -2.5711120e-02
   8.6956522e-01  -2.6126907e-02
   8.6622074e-01  -2.6532279e-02
   8.6287625e-01  -2.6927438e-02
   8.5953177e-01  -2.7312582e-02
   8.5618729e-01  -2.7687907e-02
   8.5284281e-01  -2.8053609e-02
   8.4949833e-01  -2.8409879e-02
   8.4615385e-01  -2.8756908e-02
   8.4280936e-01  -2.9094883e-02
   8.3946488e-01  -2.9423993e-02
   8.3612040e-01  -2.9744420e-02
   8.3277592e-01  -3.0056346e-02
   8.2943144e-01  -3.0359953e-02
   8.2608696e-01  -3.0655418e-02
   8.2274247e-01  -3.0942918e-02
   8.1939799e-01  -3.1222627e-02
   8.1605351e-01  -3.1494716e-02
   8.1270903e-01  -3.1759357e-02
   8.0936455e-01  -3.2016717e-02
   8.0602007e-01  -3.2266963e-02
   8.0267559e-01  -3.2510259e-02
   7.9933110e-01  -3.2746767e-02
   7.9598662e-01  -3.2976648e-02
   7.9264214e-01  -3.3200061e-02
   7.8929766e-01  -3.3417161e-02
   7.8595318e-01  -3.3628103e-02
   7.8260870e-01  -3.3833040e-02
   7.7926421e-01  -3.4032122e-02
   7.7591973e-01  -3.4225498e-02
   7.7257525e-01  -3.4413315e-02
   7.6923077e-01  -3.4595718e-02
   7.6588629e-01  -3.4772850e-02
   7.6254181e-01  -3.4944851e-02
   7.5919732e-01  -3.5111861e-02
   7.5585284e-01  -3.5274016e-02
   7.5250836e-01  -3.5431454e-02
   7.4916388e-01  -3.5584305e-02
   7.4581940e-01  -3.5732703e-02
   7.4247492e-01  -3.5876777e-02
   7.3913043e-01  -3.6016655e-02
   7.3578595e-01  -3.6152462e-02
   7.3244147e-01  -3.6284323e-02
   7.2909699e-01  -3.6412360e-02
   7.2575251e-01  -3.6536693e-02
   7.2240803e-01  -3.6657441e-02
   7.1906355e-01  -3.6774720e-02
   7.1571906e-01  -3.6888644e-02
   7.1237458e-01  -3.6999328e-02
   7.0903010e-01  -3.7106882e-02
   7.0568562e-01  -3.7211416e-02
   7.0234114e-01  -3.7313036e-02
   6.9899666e-01  -3.7411849e-02
   6.9565217e-01  -3.7507958e-02
   6.9230769e-01  -3.7601465e-02
   6.8896321e-01  -3.7692472e-02
   6.8561873e-01  -3.7781075e-02
   6.8227425e-01  -3.7867372e-02
   6.7892977e-01  -3.7951458e-02
   6.7558528e-01  -3.8033425e-02
   6.7224080e-01  -3.8113366e-02
   6.6889632e-01  -3.8191369e-02
   6.6555184e-01  -3.8267522e-02
   6.6220736e-01  -3.8341912e-02
   6.5886288e-01  -3.8414623e-02
   6.5551839e-01  -3.8485736e-02
   6.5217391e-01  -3.8555334e-02
   6.4882943e-01  -3.8623494e-02
   6.4548495e-01  -3.8690294e-02
   6.4214047e-01  -3.8755811e-02
   6.3879599e-01  -3.8820117e-02
   6.3545151e-01  -3.8883284e-02
   6.3210702e-01  -3.8945384e-02
   6.2876254e-01  -3.9006484e-02
   6.2541806e-01  -3.9066653e-02
   6.2207358e-01  -3.9125954e-02
   6.1872910e-01  -3.9184451e-02
   6.1538462e-01  -3.9242208e-02
   6.1204013e-01  -3.9299282e-02
   6.0869565e-01  -3.9355734e-02
   6.0535117e-01  -3.9411620e-02
   6.0200669e-01  -3.9466995e-02
   5.9866221e-01  -3.9521913e-02
   5.9531773e-01  -3.9576425e-02
   5.9197324e-01  -3.9630581e-02
   5.8862876e-01  -3.9684431e-02
   5.8528428e-01  -3.9738021e-02
   5.8193980e-01  -3.9791395e-02
   5.7859532e-01  -3.9844598e-02
   5.7525084e-01  -3.9897672e-02
   5.7190635e-01  -3.9950657e-02
   5.6856187e-01  -4.0003591e-02
   5.6521739e-01  -4.0056512e-02
   5.6187291e-01  -4.0109455e-02
   5.5852843e-01  -4.0162453e-02
   5.5518395e-01  -4.0215540e-02
   5.5183946e-01  -4.0268744e-02
   5.4849498e-01  -4.0322097e-02
   5.4515050e-01  -4.0375624e-02
   5.4180602e-01  -4.0429351e-02
   5.3846154e-01  -4.0483303e-02
   5.3511706e-01  -4.0537503e-02
   5.3177258e-01  -4.0591971e-02
   5.2842809e-01  -4.0646726e-02
   5.2508361e-01  -4.0701787e-02
   5.2173913e-01  -4.0757169e-02
   5.1839465e-01  -4.0812888e-02
   5.1505017e-01  -4.0868956e-02
   5.1170569e-01  -4.0925386e-02
   5.0836120e-01  -4.0982186e-02
   5.0501672e-01  -4.1039366e-02
   5.0167224e-01  -4.1096931e-02
   4.9832776e-01  -4.1154888e-02
   4.9498328e-01  -4.1213241e-02
   4.9163880e-01  -4.1271991e-02
   4.8829431e-01  -4.1331139e-02
   4.8494983e-01  -4.1390683e-02
   4.8160535e-01  -4.1450623e-02
   4.7826087e-01  -4.1510953e-02
   4.7491639e-01  -4.1571668e-02
   4.7157191e-01  -4.1632762e-02
   4.6822742e-01  -4.1694224e-02
   4.6488294e-01  -4.1756046e-02
   4.6153846e-01  -4.1818216e-02
   4.5819398e-01  -4.1880719e-02
   4.5484950e-01  -4.1943543e-02
   4.5150502e-01  -4.2006669e-02
   4.4816054e-01  -4.2070081e-02
   4.4481605e-01  -4.2133759e-02
   4.4147157e-01  -4.2197682e-02
   4.3812709e-01  -4.2261828e-02
   4.3478261e-01  -4.2326172e-02
   4.3143813e-01  -4.2390690e-02
   4.2809365e-01  -4.2455354e-02
   4.2474916e-01  -4.2520136e-02
   4.2140468e-01  -4.2585005e-02
   4.1806020e-01  -4.2649930e-02
   4.1471572e-01  -4.2714877e-02
   4.1137124e-01  -4.2779812e-02
   4.0802676e-01  -4.2844699e-02
   4.0468227e-01  -4.2909500e-02
   4.0133779e-01  -4.2974175e-02
   3.9799331e-01  -4.3038684e-02
   3.9464883e-01  -4.3102983e-02
   3.9130435e-01  -4.3167029e-02
   3.8795987e-01  -4.3230775e-02
   3.8461538e-01  -4.3294176e-02
   3.8127090e-01  -4.3357181e-02
   3.7792642e-01  -4.3419741e-02
   3.7458194e-01  -4.3481803e-02
   3.7123746e-01  -4.3543313e-02
   3.6789298e-01  -4.3604217e-02
   3.6454849e-01  -4.3664458e-02
   3.6120401e-01  -4.3723975e-02
   3.5785953e-01  -4.3782711e-02
   3.5451505e-01  -4.3840602e-02
   3.5117057e-01  -4.3897585e-02
   3.4782609e-01  -4.3953594e-02
   3.4448161e-01  -4.4008564e-02
   3.4113712e-01  -4.4062424e-02
   3.3779264e-01  -4.4115105e-02
   3.3444816e-01  -4.4166534e-02
   3.3110368e-01  -4.4216637e-02
   3.2775920e-01  -4.4265339e-02
   3.2441472e-01  -4.4312561e-02
   3.2107023e-01  -4.4358225e-02
   3.1772575e-01  -4.4402248e-02
   3.1438127e-01  -4.4444548e-02
   3.1103679e-01  -4.4485040e-02
   3.0769231e-01  -4.4523636e-02
   3.0434783e-01  -4.4560248e-02
   3.0100334e-01  -4.4594783e-02
   2.9765886e-01  -4.4627150e-02
   2.9431438e-01  -4.4657252e-02
   2.9096990e-01  -4.4684992e-02
   2.8762542e-01  -4.4710272e-02
   2.8428094e-01  -4.4732988e-02
   2.8093645e-01  -4.4753037e-02
   2.7759197e-01  -4.4770312e-02
   2.7424749e-01  -4.4784705e-02
   2.7090301e-01  -4.4796105e-02
   2.6755853e-01  -4.4804397e-02
   2.6421405e-01  -4.4809467e-02
   2.6086957e-01  -4.4811194e-02
   2.5752508e-01  -4.4809457e-02
   2.5418060e-01  -4.4804132e-02
   2.5083612e-01  -4.4795092e-02
   2.4749164e-01  -4.4782207e-02
   2.4414716e-01  -4.4765343e-02
   2.4080268e-01  -4.4744364e-02
   2.3745819e-01  -4.4719131e-02
   2.3411371e-01  -4.4689500e-02
   2.3076923e-01  -4.4655326e-02
   2.2742475e-01  -4.4616457e-02
   2.2408027e-01  -4.4572741e-02
   2.2073579e-01  -4.4524020e-02
   2.1739130e-01  -4.4470131e-02
   2.1404682e-01  -4.4410909e-02
   2.1070234e-01  -4.4346182e-02
   2.0735786e-01  -4.4275777e-02
   2.0401338e-01  -4.4199512e-02
   2.0066890e-01  -4.4117203e-02
   1.9732441e-01  -4.4028659e-02
   1.9397993e-01  -4.3933685e-02
   1.9063545e-01  -4.3832077e-02
   1.8729097e-01  -4.3723628e-02
   1.8394649e-01  -4.3608122e-02
   1.8060201e-01  -4.3485339e-02
   1.7725753e-01  -4.3355049e-02
   1.7391304e-01  -4.3217014e-02
   1.7056856e-01  -4.3070991e-02
   1.6722408e-01  -4.2916724e-02
   1.6387960e-01  -4.2753951e-02
   1.6053512e-01  -4.2582399e-02
   1.5719064e-01  -4.2401782e-02
   1.5384615e-01  -4.2211807e-02
   1.5050167e-01  -4.2012166e-02
   1.4715719e-01  -4.1802537e-02
   1.4381271e-01  -4.1582587e-02
   1.4046823e-01  -4.1351965e-02
   1.3712375e-01  -4.1110306e-02
   1.3377926e-01  -4.0857225e-02
   1.3043478e-01  -4.0592319e-02
   1.2709030e-01  -4.0315164e-02
   1.2374582e-01  -4.0025313e-02
   1.2040134e-01  -3.9722294e-02
   1.1705686e-01  -3.9405608e-02
   1.1371237e-01  -3.9074727e-02
   1.1036789e-01  -3.8729089e-02
   1.0702341e-01  -3.8368095e-02
   1.0367893e-01  -3.7991108e-02
   1.0033445e-01  -3.7597444e-02
   9.6989967e-02  -3.7186372e-02
   9.3645485e-02  -3.6757101e-02
   9.0301003e-02  -3.6308782e-02
   8.6956522e-02  -3.5840492e-02
   8.3612040e-02  -3.5351229e-02
   8.0267559e-02  -3.4839901e-02
   7.6923077e-02  -3.4305310e-02
   7.3578595e-02  -3.3746138e-02
   7.0234114e-02  -3.3160928e-02
   6.6889632e-02  -3.2548060e-02
   6.3545151e-02  -3.1905725e-02
   6.0200669e-02  -3.1231885e-02
   5.6856187e-02  -3.0524235e-02
   5.3511706e-02  -2.9780142e-02
   5.0167224e-02  -2.8996578e-02
   4.6822742e-02  -2.8170022e-02
   4.3478261e-02  -2.7296341e-02
   4.0133779e-02  -2.6370620e-02
   3.6789298e-02  -2.5386931e-02
   3.3444816e-02  -2.4338008e-02
   3.0100334e-02  -2.3214765e-02
   2.6755853e-02  -2.2005574e-02
   2.3411371e-02  -2.0695118e-02
   2.0066890e-02  -1.9262473e-02
   1.6722408e-02  -1.7677673e-02
   1.3377926e-02  -1.5894973e-02
   1.0033445e-02  -1.3837765e-02
   6.6889632e-03  -1.1357468e-02
   3.3444816e-03  -8.0725957e-03
   0.0000000e+00  -0.0000000e+00
