   0.0000000e+00   0.0000000e+00
   3.3444816e-03   1.6264586e-02
   6.6889632e-03   2.3090870e-02
   1.0033445e-02   2.8385838e-02
   1.3377926e-02   3.2894381e-02
   1.6722408e-02   3.6903153e-02
   2.0066890e-02   4.0558158e-02
   2.3411371e-02   4.3945489e-02
   2.6755853e-02   4.7120803e-02
   3.0100334e-02   5.0122438e-02
   3.3444816e-02   5.2978067e-02
   3.6789298e-02   5.5708388e-02
   4.0133779e-02   5.8329331e-02
   4.3478261e-02   6.0853441e-02
   4.6822742e-02   6.3290785e-02
   5.0167224e-02   6.5649576e-02
   5.3511706e-02   6.7936605e-02
   5.6856187e-02   7.0157555e-02
   6.0200669e-02   7.2317232e-02
   6.3545151e-02   7.4419737e-02
   6.6889632e-02   7.6468598e-02
   7.0234114e-02   7.8466875e-02
   7.3578595e-02   8.0417237e-02
   7.6923077e-02   8.2322027e-02
   8.0267559e-02   8.4183315e-02
   8.3612040e-02   8.6002937e-02
   8.6956522e-02   8.7782529e-02
   9.0301003e-02   8.9523559e-02
   9.3645485e-02   9.1227345e-02
   9.6989967e-02   9.2895079e-02
   1.0033445e-01   9.4527840e-02
   1.0367893e-01   9.6126612e-02
   1.0702341e-01   9.7692289e-02
   1.1036789e-01   9.9225694e-02
   1.1371237e-01   1.0072758e-01
   1.1705686e-01   1.0219865e-01
   1.2040134e-01   1.0363953e-01
   1.2374582e-01   1.0505083e-01
   1.2709030e-01   1.0643311e-01
   1.3043478e-01   1.0778687e-01
   1.3377926e-01   1.0911259e-01
   1.3712375e-01   1.1041075e-01
   1.4046823e-01   1.1168174e-01
   1.4381271e-01   1.1292599e-01
   1.4715719e-01   1.1414386e-01
   1.5050167e-01   1.1533572e-01
   1.5384615e-01   1.1650190e-01
   1.5719064e-01   1.1764273e-01
   1.6053512e-01   1.1875852e-01
   1.6387960e-01   1.1984956e-01
   1.6722408e-01   1.2091613e-01
   1.7056856e-01   1.2195850e-01
   1.7391304e-01   1.2297695e-01
   1.7725753e-01   1.2397170e-01
   1.8060201e-01   1.2494302e-01
   1.8394649e-01   1.2589112e-01
   1.8729097e-01   1.2681625e-01
   1.9063545e-01   1.2771862e-01
   1.9397993e-01   1.2859845e-01
   1.9732441e-01   1.2945594e-01
   2.0066890e-01   1.3029130e-01
   2.0401338e-01   1.3110473e-01
   2.0735786e-01   1.3189642e-01
   2.1070234e-01   1.3266657e-01
   2.1404682e-01   1.3341537e-01
   2.1739130e-01   1.3414299e-01
   2.2073579e-01   1.3484962e-01
   2.2408027e-01   1.3553544e-01
   2.2742475e-01   1.3620063e-01
   2.3076923e-01   1.3684536e-01
   2.3411371e-01   1.3746979e-01
   2.3745819e-01   1.3807411e-01
   2.4080268e-01   1.3865848e-01
   2.4414716e-01   1.3922306e-01
   2.4749164e-01   1.3976802e-01
   2.5083612e-01   1.4029353e-01
   2.5418060e-01   1.4079974e-01
   2.5752508e-01   1.4128682e-01
   2.6086957e-01   1.4175493e-01
   2.6421405e-01   1.4220423e-01
   2.6755853e-01   1.4263487e-01
   2.7090301e-01   1.4304702e-01
   2.7424749e-01   1.4344082e-01
   2.7759197e-01   1.4381644e-01
   2.8093645e-01   1.4417403e-01
   2.8428094e-01   1.4451374e-01
   2.8762542e-01   1.4483573e-01
   2.9096990e-01   1.4514016e-01
   2.9431438e-01   1.4542717e-01
   2.9765886e-01   1.4569692e-01
   3.0100334e-01   1.4594956e-01
   3.0434783e-01   1.4618524e-01
   3.0769231e-01   1.4640411e-01
   3.1103679e-01   1.4660633e-01
   3.1438127e-01   1.4679205e-01
   3.1772575e-01   1.4696141e-01
   3.2107023e-01   1.4711457e-01
   3.2441472e-01   1.4725167e-01
   3.2775920e-01   1.4737287e-01
   3.3110368e-01   1.4747832e-01
   3.3444816e-01   1.4756815e-01
   3.3779264e-01   1.4764253e-01
   3.4113712e-01   1.4770160e-01
   3.4448161e-01   1.4774551e-01
   3.4782609e-01   1.4777440e-01
   3.5117057e-01   1.4778843e-01
   3.5451505e-01   1.4778774e-01
   3.5785953e-01   1.4777248e-01
   3.6120401e-01   1.4774279e-01
   3.6454849e-01   1.4769882e-01
   3.6789298e-01   1.4764072e-01
   3.7123746e-01   1.4756863e-01
   3.7458194e-01   1.4748270e-01
   3.7792642e-01   1.4738307e-01
   3.8127090e-01   1.4726989e-01
   3.8461538e-01   1.4714331e-01
   3.8795987e-01   1.4700345e-01
   3.9130435e-01   1.4685048e-01
   3.9464883e-01   1.4668453e-01
   3.9799331e-01   1.4650575e-01
   4.0133779e-01   1.4631427e-01
   4.0468227e-01   1.4611025e-01
   4.0802676e-01   1.4589381e-01
   4.1137124e-01   1.4566511e-01
   4.1471572e-01   1.4542428e-01
   4.1806020e-01   1.4517146e-01
   4.2140468e-01   1.4490679e-01
   4.2474916e-01   1.4463042e-01
   4.2809365e-01   1.4434247e-01
   4.3143813e-01   1.4404309e-01
   4.3478261e-01   1.4373242e-01
   4.3812709e-01   1.4341059e-01
   4.4147157e-01   1.4307773e-01
   4.4481605e-01   1.4273399e-01
   4.4816054e-01   1.4237949e-01
   4.5150502e-01   1.4201438e-01
   4.5484950e-01   1.4163878e-01
   4.5819398e-01   1.4125283e-01
   4.6153846e-01   1.4085666e-01
   4.6488294e-01   1.4045040e-01
   4.6822742e-01   1.4003418e-01
   4.7157191e-01   1.3960814e-01
   4.7491639e-01   1.3917239e-01
   4.7826087e-01   1.3872708e-01
   4.8160535e-01   1.3827232e-01
   4.8494983e-01   1.3780824e-01
   4.8829431e-01   1.3733497e-01
   4.9163880e-01   1.3685264e-01
   4.9498328e-01   1.3636136e-01
   4.9832776e-01   1.3586126e-01
   5.0167224e-01   1.3535247e-01
   5.0501672e-01   1.3483510e-01
   5.0836120e-01   1.3430927e-01
   5.1170569e-01   1.3377511e-01
   5.1505017e-01   1.3323273e-01
   5.1839465e-01   1.3268225e-01
   5.2173913e-01   1.3212378e-01
   5.2508361e-01   1.3155744e-01
   5.2842809e-01   1.3098335e-01
   5.3177258e-01   1.3040161e-01
   5.3511706e-01   1.2981234e-01
   5.3846154e-01   1.2921565e-01
   5.4180602e-01   1.2861165e-01
   5.4515050e-01   1.2800045e-01
   5.4849498e-01   1.2738215e-01
   5.5183946e-01   1.2675687e-01
   5.5518395e-01   1.2612469e-01
   5.5852843e-01   1.2548574e-01
   5.6187291e-01   1.2484011e-01
   5.6521739e-01   1.2418791e-01
   5.6856187e-01   1.2352922e-01
   5.7190635e-01   1.2286416e-01
   5.7525084e-01   1.2219281e-01
   5.7859532e-01   1.2151528e-01
   5.8193980e-01   1.2083166e-01
   5.8528428e-01   1.2014203e-01
   5.8862876e-01   1.1944651e-01
   5.9197324e-01   1.1874516e-01
   5.9531773e-01   1.1803809e-01
   5.9866221e-01   1.1732538e-01
   6.0200669e-01   1.1660711e-01
   6.0535117e-01   1.1588337e-01
   6.0869565e-01   1.1515425e-01
   6.1204013e-01   1.1441983e-01
   6.1538462e-01   1.1368017e-01
   6.1872910e-01   1.1293538e-01
   6.2207358e-01   1.1218551e-01
   6.2541806e-01   1.1143065e-01
   6.2876254e-01   1.1067086e-01
   6.3210702e-01   1.0990623e-01
   6.3545151e-01   1.0913682e-01
   6.3879599e-01   1.0836271e-01
   6.4214047e-01   1.0758395e-01
   6.4548495e-01   1.0680061e-01
   6.4882943e-01   1.0601276e-01
   6.5217391e-01   1.0522046e-01
   6.5551839e-01   1.0442378e-01
   6.5886288e-01   1.0362276e-01
   6.6220736e-01   1.0281746e-01
   6.6555184e-01   1.0200795e-01
   6.6889632e-01   1.0119427e-01
   6.7224080e-01   1.0037648e-01
   6.7558528e-01   9.9554619e-02
   6.7892977e-01   9.8728744e-02
   6.8227425e-01   9.7898899e-02
   6.8561873e-01   9.7065127e-02
   6.8896321e-01   9.6227471e-02
   6.9230769e-01   9.5385971e-02
   6.9565217e-01   9.4540666e-02
   6.9899666e-01   9.3691592e-02
   7.0234114e-01   9.2838783e-02
   7.0568562e-01   9.1982274e-02
   7.0903010e-01   9.1122093e-02
   7.1237458e-01   9.0258271e-02
   7.1571906e-01   8.9390833e-02
   7.1906355e-01   8.8519804e-02
   7.2240803e-01   8.7645207e-02
   7.2575251e-01   8.6767063e-02
   7.2909699e-01   8.5885389e-02
   7.3244147e-01   8.5000203e-02
   7.3578595e-01   8.4111518e-02
   7.3913043e-01   8.3219348e-02
   7.4247492e-01   8.2323701e-02
   7.4581940e-01   8.1424587e-02
   7.4916388e-01   8.0522010e-02
   7.5250836e-01   7.9615975e-02
   7.5585284e-01   7.8706483e-02
   7.5919732e-01   7.7793533e-02
   7.6254181e-01   7.6877123e-02
   7.6588629e-01   7.5957246e-02
   7.6923077e-01   7.5033896e-02
   7.7257525e-01   7.4107063e-02
   7.7591973e-01   7.3176736e-02
   7.7926421e-01   7.2242899e-02
   7.8260870e-01   7.1305536e-02
   7.8595318e-01   7.0364629e-02
   7.8929766e-01   6.9420157e-02
   7.9264214e-01   6.8472095e-02
   7.9598662e-01   6.7520418e-02
   7.9933110e-01   6.6565099e-02
   8.0267559e-01   6.5606105e-02
   8.0602007e-01   6.4643405e-02
   8.0936455e-01   6.3676963e-02
   8.1270903e-01   6.2706740e-02
   8.1605351e-01   6.1732698e-02
   8.1939799e-01   6.0754793e-02
   8.2274247e-01   5.9772979e-02
   8.2608696e-01   5.8787210e-02
   8.2943144e-01   5.7797435e-02
   8.3277592e-01   5.6803602e-02
   8.3612040e-01   5.5805655e-02
   8.3946488e-01   5.4803537e-02
   8.4280936e-01   5.3797188e-02
   8.4615385e-01   5.2786544e-02
   8.4949833e-01   5.1771540e-02
   8.5284281e-01   5.0752109e-02
   8.5618729e-01   4.9728180e-02
   8.5953177e-01   4.8699680e-02
   8.6287625e-01   4.7666533e-02
   8.6622074e-01   4.6628660e-02
   8.6956522e-01   4.5585981e-02
   8.7290970e-01   4.4538412e-02
   8.7625418e-01   4.3485866e-02
   8.7959866e-01   4.2428255e-02
   8.8294314e-01   4.1365487e-02
   8.8628763e-01   4.0297467e-02
   8.8963211e-01   3.9224097e-02
   8.9297659e-01   3.8145279e-02
   8.9632107e-01   3.7060910e-02
   8.9966555e-01   3.5970883e-02
   9.0301003e-01   3.4875091e-02
   9.0635452e-01   3.3773422e-02
   9.0969900e-01   3.2665764e-02
   9.1304348e-01   3.1551999e-02
   9.1638796e-01   3.0432007e-02
   9.1973244e-01   2.9305667e-02
   9.2307692e-01   2.8172853e-02
   9.2642140e-01   2.7033438e-02
   9.2976589e-01   2.5887291e-02
   9.3311037e-01   2.4734276e-02
   9.3645485e-01   2.3574259e-02
   9.3979933e-01   2.2407100e-02
   9.4314381e-01   2.1232655e-02
   9.4648829e-01   2.0050780e-02
   9.4983278e-01   1.8861327e-02
   9.5317726e-01   1.7664143e-02
   9.5652174e-01   1.6459074e-02
   9.5986622e-01   1.5245964e-02
   9.6321070e-01   1.4024651e-02
   9.6655518e-01   1.2794973e-02
   9.6989967e-01   1.1556764e-02
   9.7324415e-01   1.0309853e-02
   9.7658863e-01   9.0540694e-03
   9.7993311e-01   7.7892365e-03
   9.8327759e-01   6.5151763e-03
   9.8662207e-01   5.2317070e-03
   9.8996656e-01   3.9386441e-03
   9.9331104e-01   2.6357997e-03
   9.9665552e-01   1.3229830e-03
   1.0000000e+00   0.0000000e+00
   1.0000000e+00   0.0000000e+00
   9.9665552e-01   1.0075295e-03
   9.9331104e-01   2.0037082e-03
   9.8996656e-01   2.9884224e-03
   9.8662207e-01   3.9615609e-03
   9.8327759e-01   4.9230160e-03
   9.7993311e-01   5.8726827e-03
   9.7658863e-01   6.8104589e-03
   9.7324415e-01   7.7362458e-03
   9.6989967e-01   8.6499471e-03
   9.6655518e-01   9.5514698e-03
   9.6321070e-01   1.0440724e-02
   9.5986622e-01   1.1317621e-02
   9.5652174e-01   1.2182078e-02
   9.5317726e-01   1.3034012e-02
   9.4983278e-01   1.3873346e-02
   9.4648829e-01   1.4700002e-02
   9.4314381e-01   1.5513909e-02
   9.3979933e-01   1.6314996e-02
   9.3645485e-01   1.7103195e-02
   9.3311037e-01   1.7878443e-02
   9.2976589e-01   1.8640677e-02
   9.2642140e-01   1.9389838e-02
   9.2307692e-01   2.0125870e-02
   9.1973244e-01   2.0848720e-02
   9.1638796e-01   2.1558337e-02
   9.1304348e-01   2.2254674e-02
   9.0969900e-01   2.2937684e-02
   9.0635452e-01   2.3607325e-02
   9.0301003e-01   2.4263557e-02
   8.9966555e-01   2.4906344e-02
   8.9632107e-01   2.5535651e-02
   8.9297659e-01   2.6151445e-02
   8.8963211e-01   2.6753699e-02
   8.8628763e-01   2.7342384e-02
   8.8294314e-01   2.7917478e-02
   8.7959866e-01   2.8478959e-02
   8.7625418e-01   2.9026807e-02
   8.7290970e-01   2.9561008e-02
   8.6956522e-01   3.0081547e-02
   8.6622074e-01   3.0588414e-02
   8.6287625e-01   3.1081599e-02
   8.5953177e-01   3.1561097e-02
   8.5618729e-01   3.2026904e-02
   8.5284281e-01   3.2479020e-02
   8.4949833e-01   3.2917446e-02
   8.4615385e-01   3.3342186e-02
   8.4280936e-01   3.3753246e-02
   8.3946488e-01   3.4150635e-02
   8.3612040e-01   3.4534365e-02
   8.3277592e-01   3.4904449e-02
   8.2943144e-01   3.5260904e-02
   8.2608696e-01   3.5603747e-02
   8.2274247e-01   3.5933001e-02
   8.1939799e-01   3.6248688e-02
   8.1605351e-01   3.6550834e-02
   8.1270903e-01   3.6839466e-02
   8.0936455e-01   3.7114616e-02
   8.0602007e-01   3.7376316e-02
   8.0267559e-01   3.7624600e-02
   7.9933110e-01   3.7859506e-02
   7.9598662e-01   3.8081073e-02
   7.9264214e-01   3.8289343e-02
   7.8929766e-01   3.8484361e-02
   7.8595318e-01   3.8666171e-02
   7.8260870e-01   3.8834822e-02
   7.7926421e-01   3.8990366e-02
   7.7591973e-01   3.9132855e-02
   7.7257525e-01   3.9262343e-02
   7.6923077e-01   3.9378887e-02
   7.6588629e-01   3.9482548e-02
   7.6254181e-01   3.9573386e-02
   7.5919732e-01   3.9651464e-02
   7.5585284e-01   3.9716849e-02
   7.5250836e-01   3.9769607e-02
   7.4916388e-01   3.9809809e-02
   7.4581940e-01   3.9837525e-02
   7.4247492e-01   3.9852830e-02
   7.3913043e-01   3.9855800e-02
   7.3578595e-01   3.9846512e-02
   7.3244147e-01   3.9825046e-02
   7.2909699e-01   3.9791484e-02
   7.2575251e-01   3.9745909e-02
   7.2240803e-01   3.9688406e-02
   7.1906355e-01   3.9619065e-02
   7.1571906e-01   3.9537972e-02
   7.1237458e-01   3.9445221e-02
   7.0903010e-01   3.9340904e-02
   7.0568562e-01   3.9225117e-02
   7.0234114e-01   3.9097955e-02
   6.9899666e-01   3.8959518e-02
   6.9565217e-01   3.8809907e-02
   6.9230769e-01   3.8649223e-02
   6.8896321e-01   3.8477571e-02
   6.8561873e-01   3.8295057e-02
   6.8227425e-01   3.8101788e-02
   6.7892977e-01   3.7897873e-02
   6.7558528e-01   3.7683423e-02
   6.7224080e-01   3.7458552e-02
   6.6889632e-01   3.7223374e-02
   6.6555184e-01   3.6978004e-02
   6.6220736e-01   3.6722561e-02
   6.5886288e-01   3.6457163e-02
   6.5551839e-01   3.6181932e-02
   6.5217391e-01   3.5896990e-02
   6.4882943e-01   3.5602462e-02
   6.4548495e-01   3.5298472e-02
   6.4214047e-01   3.4985149e-02
   6.3879599e-01   3.4662620e-02
   6.3545151e-01   3.4331017e-02
   6.3210702e-01   3.3990471e-02
   6.2876254e-01   3.3641114e-02
   6.2541806e-01   3.3283082e-02
   6.2207358e-01   3.2916511e-02
   6.1872910e-01   3.2541538e-02
   6.1538462e-01   3.2158302e-02
   6.1204013e-01   3.1766944e-02
   6.0869565e-01   3.1367604e-02
   6.0535117e-01   3.0960426e-02
   6.0200669e-01   3.0545555e-02
   5.9866221e-01   3.0123135e-02
   5.9531773e-01   2.9693314e-02
   5.9197324e-01   2.9256239e-02
   5.8862876e-01   2.8812061e-02
   5.8528428e-01   2.8360929e-02
   5.8193980e-01   2.7902996e-02
   5.7859532e-01   2.7438414e-02
   5.7525084e-01   2.6967337e-02
   5.7190635e-01   2.6489922e-02
   5.6856187e-01   2.6006324e-02
   5.6521739e-01   2.5516700e-02
   5.6187291e-01   2.5021211e-02
   5.5852843e-01   2.4520014e-02
   5.5518395e-01   2.4013271e-02
   5.5183946e-01   2.3501143e-02
   5.4849498e-01   2.2983794e-02
   5.4515050e-01   2.2461387e-02
   5.4180602e-01   2.1934087e-02
   5.3846154e-01   2.1402059e-02
   5.3511706e-01   2.0865470e-02
   5.3177258e-01   2.0324487e-02
   5.2842809e-01   1.9779280e-02
   5.2508361e-01   1.9230016e-02
   5.2173913e-01   1.8676866e-02
   5.1839465e-01   1.8120001e-02
   5.1505017e-01   1.7559592e-02
   5.1170569e-01   1.6995812e-02
   5.0836120e-01   1.6428834e-02
   5.0501672e-01   1.5858831e-02
   5.0167224e-01   1.5285979e-02
   4.9832776e-01   1.4710452e-02
   4.9498328e-01   1.4132427e-02
   4.9163880e-01   1.3552080e-02
   4.8829431e-01   1.2969587e-02
   4.8494983e-01   1.2385128e-02
   4.8160535e-01   1.1798879e-02
   4.7826087e-01   1.1211020e-02
   4.7491639e-01   1.0621730e-02
   4.7157191e-01   1.0031189e-02
   4.6822742e-01   9.4395766e-03
   4.6488294e-01   8.8470740e-03
   4.6153846e-01   8.2538622e-03
   4.5819398e-01   7.6601226e-03
   4.5484950e-01   7.0660371e-03
   4.5150502e-01   6.4717878e-03
   4.4816054e-01   5.8775572e-03
   4.4481605e-01   5.2835280e-03
   4.4147157e-01   4.6898833e-03
   4.3812709e-01   4.0968062e-03
   4.3478261e-01   3.5044803e-03
   4.3143813e-01   2.9130891e-03
   4.2809365e-01   2.3228165e-03
   4.2474916e-01   1.7338462e-03
   4.2140468e-01   1.1463624e-03
   4.1806020e-01   5.6054894e-04
   4.1471572e-01  -2.3409952e-05
   4.1137124e-01  -6.0533020e-04
   4.0802676e-01  -1.1850277e-03
   4.0468227e-01  -1.7623185e-03
   4.0133779e-01  -2.3370185e-03
   3.9799331e-01  -2.9089440e-03
   3.9464883e-01  -3.4779111e-03
   3.9130435e-01  -4.0437364e-03
   3.8795987e-01  -4.6062364e-03
   3.8461538e-01  -5.1652280e-03
   3.8127090e-01  -5.7205283e-03
   3.7792642e-01  -6.2719548e-03
   3.7458194e-01  -6.8193251e-03
   3.7123746e-01  -7.3624572e-03
   3.6789298e-01  -7.9011697e-03
   3.6454849e-01  -8.4352813e-03
   3.6120401e-01  -8.9646113e-03
   3.5785953e-01  -9.4889796e-03
   3.5451505e-01  -1.0008206e-02
   3.5117057e-01  -1.0522112e-02
   3.4782609e-01  -1.1030519e-02
   3.4448161e-01  -1.1533248e-02
   3.4113712e-01  -1.2030123e-02
   3.3779264e-01  -1.2520966e-02
   3.3444816e-01  -1.3005602e-02
   3.3110368e-01  -1.3483855e-02
   3.2775920e-01  -1.3955551e-02
   3.2441472e-01  -1.4420516e-02
   3.2107023e-01  -1.4878578e-02
   3.1772575e-01  -1.5329564e-02
   3.1438127e-01  -1.5773304e-02
   3.1103679e-01  -1.6209627e-02
   3.0769231e-01  -1.6638365e-02
   3.0434783e-01  -1.7059349e-02
   3.0100334e-01  -1.7472413e-02
   2.9765886e-01  -1.7877390e-02
   2.9431438e-01  -1.8274116e-02
   2.9096990e-01  -1.8662427e-02
   2.8762542e-01  -1.9042162e-02
   2.8428094e-01  -1.9413158e-02
   2.8093645e-01  -1.9775257e-02
   2.7759197e-01  -2.0128299e-02
   2.7424749e-01  -2.0472128e-02
   2.7090301e-01  -2.0806588e-02
   2.6755853e-01  -2.1131526e-02
   2.6421405e-01  -2.1446787e-02
   2.6086957e-01  -2.1752221e-02
   2.5752508e-01  -2.2047678e-02
   2.5418060e-01  -2.2333010e-02
   2.5083612e-01  -2.2608071e-02
   2.4749164e-01  -2.2872716e-02
   2.4414716e-01  -2.3126802e-02
   2.4080268e-01  -2.3370187e-02
   2.3745819e-01  -2.3602733e-02
   2.3411371e-01  -2.3824301e-02
   2.3076923e-01  -2.4034755e-02
   2.2742475e-01  -2.4233962e-02
   2.2408027e-01  -2.4421789e-02
   2.2073579e-01  -2.4598107e-02
   2.1739130e-01  -2.4762786e-02
   2.1404682e-01  -2.4915702e-02
   2.1070234e-01  -2.5056730e-02
   2.0735786e-01  -2.5185748e-02
   2.0401338e-01  -2.5302635e-02
   2.0066890e-01  -2.5407275e-02
   1.9732441e-01  -2.5499551e-02
   1.9397993e-01  -2.5579350e-02
   1.9063545e-01  -2.5646559e-02
   1.8729097e-01  -2.5701070e-02
   1.8394649e-01  -2.5742776e-02
   1.8060201e-01  -2.5771571e-02
   1.7725753e-01  -2.5787352e-02
   1.7391304e-01  -2.5790019e-02
   1.7056856e-01  -2.5779471e-02
   1.6722408e-01  -2.5755614e-02
   1.6387960e-01  -2.5718350e-02
   1.6053512e-01  -2.5667588e-02
   1.5719064e-01  -2.5603236e-02
   1.5384615e-01  -2.5525205e-02
   1.5050167e-01  -2.5433406e-02
   1.4715719e-01  -2.5327753e-02
   1.4381271e-01  -2.5208161e-02
   1.4046823e-01  -2.5074544e-02
   1.3712375e-01  -2.4926821e-02
   1.3377926e-01  -2.4764908e-02
   1.3043478e-01  -2.4588722e-02
   1.2709030e-01  -2.4398181e-02
   1.2374582e-01  -2.4193202e-02
   1.2040134e-01  -2.3973699e-02
   1.1705686e-01  -2.3739588e-02
   1.1371237e-01  -2.3490779e-02
   1.1036789e-01  -2.3227181e-02
   1.0702341e-01  -2.2948699e-02
   1.0367893e-01  -2.2655232e-02
   1.0033445e-01  -2.2346672e-02
   9.6989967e-02  -2.2022903e-02
   9.3645485e-02  -2.1683802e-02
   9.0301003e-02  -2.1329229e-02
   8.6956522e-02  -2.0959034e-02
   8.3612040e-02  -2.0573047e-02
   8.0267559e-02  -2.0171076e-02
   7.6923077e-02  -1.9752905e-02
   7.3578595e-02  -1.9318284e-02
   7.0234114e-02  -1.8866928e-02
   6.6889632e-02  -1.8398502e-02
   6.3545151e-02  -1.7912617e-02
   6.0200669e-02  -1.7408813e-02
   5.6856187e-02  -1.6886543e-02
   5.3511706e-02  -1.6345152e-02
   5.0167224e-02  -1.5783850e-02
   4.6822742e-02  -1.5201677e-02
   4.3478261e-02  -1.4597448e-02
   4.0133779e-02  -1.3969693e-02
   3.6789298e-02  -1.3316559e-02
   3.3444816e-02  -1.2635675e-02
   3.0100334e-02  -1.1923957e-02
   2.6755853e-02  -1.1177302e-02
   2.3411371e-02  -1.0390101e-02
   2.0066890e-02  -9.5544211e-03
   1.6722408e-02  -8.6585247e-03
   1.3377926e-02  -7.6839326e-03
   1.0033445e-02  -6.5988025e-03
   6.6889632e-03  -5.3397136e-03
   3.3444816e-03  -3.7397234e-03
   0.0000000e+00  -0.0000000e+00
