   0.0000000e+00   0.0000000e+00
   3.3444816e-03   8.2079722e-03
   6.6889632e-03   1.1539579e-02
   1.0033445e-02   1.4050100e-02
   1.3377926e-02   1.6128632e-02
   1.6722408e-02   1.7926947e-02
   2.0066890e-02   1.9523423e-02
   2.3411371e-02   2.0964945e-02
   2.6755853e-02   2.2282278e-02
   3.0100334e-02   2.3496945e-02
   3.3444816e-02   2.4624731e-02
   3.6789298e-02   2.5677643e-02
   4.0133779e-02   2.6665080e-02
   4.3478261e-02   2.7594572e-02
   4.6822742e-02   2.8472273e-02
   5.0167224e-02   2.9303296e-02
   5.3511706e-02   3.0091947e-02
   5.6856187e-02   3.0841898e-02
   6.0200669e-02   3.1556313e-02
   6.3545151e-02   3.2237945e-02
   6.6889632e-02   3.2889210e-02
   7.0234114e-02   3.3512242e-02
   7.3578595e-02   3.4108938e-02
   7.6923077e-02   3.4680998e-02
   8.0267559e-02   3.5229952e-02
   8.3612040e-02   3.5757183e-02
   8.6956522e-02   3.6263946e-02
   9.0301003e-02   3.6751388e-02
   9.3645485e-02   3.7220560e-02
   9.6989967e-02   3.7672426e-02
   1.0033445e-01   3.8107877e-02
   1.0367893e-01   3.8527735e-02
   1.0702341e-01   3.8932766e-02
   1.1036789e-01   3.9323677e-02
   1.1371237e-01   3.9701134e-02
   1.1705686e-01   4.0065753e-02
   1.2040134e-01   4.0418115e-02
   1.2374582e-01   4.0758765e-02
   1.2709030e-01   4.1088213e-02
   1.3043478e-01   4.1406941e-02
   1.3377926e-01   4.1715404e-02
   1.3712375e-01   4.2014032e-02
   1.4046823e-01   4.2303232e-02
   1.4381271e-01   4.2583387e-02
   1.4715719e-01   4.2854865e-02
   1.5050167e-01   4.3118013e-02
   1.5384615e-01   4.3373161e-02
   1.5719064e-01   4.3620624e-02
   1.6053512e-01   4.3860701e-02
   1.6387960e-01   4.4093679e-02
   1.6722408e-01   4.4319832e-02
   1.7056856e-01   4.4539421e-02
   1.7391304e-01   4.4752695e-02
   1.7725753e-01   4.4959894e-02
   1.8060201e-01   4.5161247e-02
   1.8394649e-01   4.5356975e-02
   1.8729097e-01   4.5547288e-02
   1.9063545e-01   4.5732388e-02
   1.9397993e-01   4.5912470e-02
   1.9732441e-01   4.6087720e-02
   2.0066890e-01   4.6258319e-02
   2.0401338e-01   4.6424438e-02
   2.0735786e-01   4.6586245e-02
   2.1070234e-01   4.6743899e-02
   2.1404682e-01   4.6897553e-02
   2.1739130e-01   4.7047357e-02
   2.2073579e-01   4.7193453e-02
   2.2408027e-01   4.7335979e-02
   2.2742475e-01   4.7475067e-02
   2.3076923e-01   4.7610845e-02
   2.3411371e-01   4.7743437e-02
   2.3745819e-01   4.7872961e-02
   2.4080268e-01   4.7999533e-02
   2.4414716e-01   4.8123261e-02
   2.4749164e-01   4.8244254e-02
   2.5083612e-01   4.8362614e-02
   2.5418060e-01   4.8478439e-02
   2.5752508e-01   4.8591826e-02
   2.6086957e-01   4.8702867e-02
   2.6421405e-01   4.8811649e-02
   2.6755853e-01   4.8918259e-02
   2.7090301e-01   4.9022780e-02
   2.7424749e-01   4.9125290e-02
   2.7759197e-01   4.9225865e-02
   2.8093645e-01   4.9324580e-02
   2.8428094e-01   4.9421506e-02
   2.8762542e-01   4.9516709e-02
   2.9096990e-01   4.9610257e-02
   2.9431438e-01   4.9702211e-02
   2.9765886e-01   4.9792631e-02
   3.0100334e-01   4.9881577e-02
   3.0434783e-01   4.9969103e-02
   3.0769231e-01   5.0055262e-02
   3.1103679e-01   5.0140105e-02
   3.1438127e-01   5.0223682e-02
   3.1772575e-01   5.0306038e-02
   3.2107023e-01   5.0387218e-02
   3.2441472e-01   5.0467264e-02
   3.2775920e-01   5.0546216e-02
   3.3110368e-01   5.0624113e-02
   3.3444816e-01   5.0700991e-02
   3.3779264e-01   5.0776883e-02
   3.4113712e-01   5.0851823e-02
   3.4448161e-01   5.0925841e-02
   3.4782609e-01   5.0998965e-02
   3.5117057e-01   5.1071222e-02
   3.5451505e-01   5.1142638e-02
   3.5785953e-01   5.1213235e-02
   3.6120401e-01   5.1283036e-02
   3.6454849e-01   5.1352060e-02
   3.6789298e-01   5.1420325e-02
   3.7123746e-01   5.1487848e-02
   3.7458194e-01   5.1554644e-02
   3.7792642e-01   5.1620726e-02
   3.8127090e-01   5.1686105e-02
   3.8461538e-01   5.1750793e-02
   3.8795987e-01   5.1814796e-02
   3.9130435e-01   5.1878124e-02
   3.9464883e-01   5.1940780e-02
   3.9799331e-01   5.2002770e-02
   4.0133779e-01   5.2064095e-02
   4.0468227e-01   5.2124757e-02
   4.0802676e-01   5.2184755e-02
   4.1137124e-01   5.2244087e-02
   4.1471572e-01   5.2302751e-02
   4.1806020e-01   5.2360741e-02
   4.2140468e-01   5.2418052e-02
   4.2474916e-01   5.2474675e-02
   4.2809365e-01   5.2530603e-02
   4.3143813e-01   5.2585825e-02
   4.3478261e-01   5.2640329e-02
   4.3812709e-01   5.2694102e-02
   4.4147157e-01   5.2747131e-02
   4.4481605e-01   5.2799400e-02
   4.4816054e-01   5.2850891e-02
   4.5150502e-01   5.2901587e-02
   4.5484950e-01   5.2951468e-02
   4.5819398e-01   5.3000513e-02
   4.6153846e-01   5.3048701e-02
   4.6488294e-01   5.3096008e-02
   4.6822742e-01   5.3142409e-02
   4.7157191e-01   5.3187878e-02
   4.7491639e-01   5.3232389e-02
   4.7826087e-01   5.3275912e-02
   4.8160535e-01   5.3318419e-02
   4.8494983e-01   5.3359878e-02
   4.8829431e-01   5.3400258e-02
   4.9163880e-01   5.3439525e-02
   4.9498328e-01   5.3477645e-02
   4.9832776e-01   5.3514581e-02
   5.0167224e-01   5.3550297e-02
   5.0501672e-01   5.3584755e-02
   5.0836120e-01   5.3617916e-02
   5.1170569e-01   5.3649738e-02
   5.1505017e-01   5.3680180e-02
   5.1839465e-01   5.3709200e-02
   5.2173913e-01   5.3736752e-02
   5.2508361e-01   5.3762792e-02
   5.2842809e-01   5.3787274e-02
   5.3177258e-01   5.3810149e-02
   5.3511706e-01   5.3831370e-02
   5.3846154e-01   5.3850885e-02
   5.4180602e-01   5.3868644e-02
   5.4515050e-01   5.3884594e-02
   5.4849498e-01   5.3898683e-02
   5.5183946e-01   5.3910855e-02
   5.5518395e-01   5.3921054e-02
   5.5852843e-01   5.3929225e-02
   5.6187291e-01   5.3935308e-02
   5.6521739e-01   5.3939244e-02
   5.6856187e-01   5.3940974e-02
   5.7190635e-01   5.3940436e-02
   5.7525084e-01   5.3937566e-02
   5.7859532e-01   5.3932302e-02
   5.8193980e-01   5.3924579e-02
   5.8528428e-01   5.3914330e-02
   5.8862876e-01   5.3901488e-02
   5.9197324e-01   5.3885985e-02
   5.9531773e-01   5.3867752e-02
   5.9866221e-01   5.3846718e-02
   6.0200669e-01   5.3822811e-02
   6.0535117e-01   5.3795959e-02
   6.0869565e-01   5.3766087e-02
   6.1204013e-01   5.3733121e-02
   6.1538462e-01   5.3696985e-02
   6.1872910e-01   5.3657600e-02
   6.2207358e-01   5.3614890e-02
   6.2541806e-01   5.3568773e-02
   6.2876254e-01   5.3519171e-02
   6.3210702e-01   5.3466000e-02
   6.3545151e-01   5.3409178e-02
   6.3879599e-01   5.3348621e-02
   6.4214047e-01   5.3284244e-02
   6.4548495e-01   5.3215961e-02
   6.4882943e-01   5.3143684e-02
   6.5217391e-01   5.3067325e-02
   6.5551839e-01   5.2986794e-02
   6.5886288e-01   5.2902001e-02
   6.6220736e-01   5.2812854e-02
   6.6555184e-01   5.2719259e-02
   6.6889632e-01   5.2621124e-02
   6.7224080e-01   5.2518352e-02
   6.7558528e-01   5.2410848e-02
   6.7892977e-01   5.2298514e-02
   6.8227425e-01   5.2181252e-02
   6.8561873e-01   5.2058962e-02
   6.8896321e-01   5.1931543e-02
   6.9230769e-01   5.1798894e-02
   6.9565217e-01   5.1660912e-02
   6.9899666e-01   5.1517493e-02
   7.0234114e-01   5.1368530e-02
   7.0568562e-01   5.1213920e-02
   7.0903010e-01   5.1053553e-02
   7.1237458e-01   5.0887321e-02
   7.1571906e-01   5.0715115e-02
   7.1906355e-01   5.0536825e-02
   7.2240803e-01   5.0352337e-02
   7.2575251e-01   5.0161540e-02
   7.2909699e-01   4.9964319e-02
   7.3244147e-01   4.9760559e-02
   7.3578595e-01   4.9550144e-02
   7.3913043e-01   4.9332956e-02
   7.4247492e-01   4.9108877e-02
   7.4581940e-01   4.8877787e-02
   7.4916388e-01   4.8639565e-02
   7.5250836e-01   4.8394090e-02
   7.5585284e-01   4.8141238e-02
   7.5919732e-01   4.7880886e-02
   7.6254181e-01   4.7612908e-02
   7.6588629e-01   4.7337177e-02
   7.6923077e-01   4.7053567e-02
   7.7257525e-01   4.6761948e-02
   7.7591973e-01   4.6462191e-02
   7.7926421e-01   4.6154165e-02
   7.8260870e-01   4.5837738e-02
   7.8595318e-01   4.5512777e-02
   7.8929766e-01   4.5179147e-02
   7.9264214e-01   4.4836714e-02
   7.9598662e-01   4.4485340e-02
   7.9933110e-01   4.4124888e-02
   8.0267559e-01   4.3755220e-02
   8.0602007e-01   4.3376195e-02
   8.0936455e-01   4.2987673e-02
   8.1270903e-01   4.2589511e-02
   8.1605351e-01   4.2181566e-02
   8.1939799e-01   4.1763693e-02
   8.2274247e-01   4.1335747e-02
   8.2608696e-01   4.0897582e-02
   8.2943144e-01   4.0449049e-02
   8.3277592e-01   3.9989999e-02
   8.3612040e-01   3.9520283e-02
   8.3946488e-01   3.9039749e-02
   8.4280936e-01   3.8548244e-02
   8.4615385e-01   3.8045616e-02
   8.4949833e-01   3.7531709e-02
   8.5284281e-01   3.7006368e-02
   8.5618729e-01   3.6469436e-02
   8.5953177e-01   3.5920754e-02
   8.6287625e-01   3.5360163e-02
   8.6622074e-01   3.4787503e-02
   8.6956522e-01   3.4202613e-02
   8.7290970e-01   3.3605329e-02
   8.7625418e-01   3.2995488e-02
   8.7959866e-01   3.2372925e-02
   8.8294314e-01   3.1737473e-02
   8.8628763e-01   3.1088966e-02
   8.8963211e-01   3.0427234e-02
   8.9297659e-01   2.9752109e-02
   8.9632107e-01   2.9063418e-02
   8.9966555e-01   2.8360991e-02
   9.0301003e-01   2.7644655e-02
   9.0635452e-01   2.6914234e-02
   9.0969900e-01   2.6169554e-02
   9.1304348e-01   2.5410438e-02
   9.1638796e-01   2.4636708e-02
   9.1973244e-01   2.3848186e-02
   9.2307692e-01   2.3044690e-02
   9.2642140e-01   2.2226041e-02
   9.2976589e-01   2.1392054e-02
   9.3311037e-01   2.0542548e-02
   9.3645485e-01   1.9677337e-02
   9.3979933e-01   1.8796234e-02
   9.4314381e-01   1.7899054e-02
   9.4648829e-01   1.6985607e-02
   9.4983278e-01   1.6055705e-02
   9.5317726e-01   1.5109156e-02
   9.5652174e-01   1.4145768e-02
   9.5986622e-01   1.3165350e-02
   9.6321070e-01   1.2167705e-02
   9.6655518e-01   1.1152640e-02
   9.6989967e-01   1.0119957e-02
   9.7324415e-01   9.0694591e-03
   9.7658863e-01   8.0009467e-03
   9.7993311e-01   6.9142200e-03
   9.8327759e-01   5.8090775e-03
   9.8662207e-01   4.6853169e-03
   9.8996656e-01   3.5427343e-03
   9.9331104e-01   2.3811249e-03
   9.9665552e-01   1.2002825e-03
   1.0000000e+00   0.0000000e+00
   1.0000000e+00   0.0000000e+00
   9.9665552e-01   1.0882622e-03
   9.9331104e-01   2.1205251e-03
   9.8996656e-01   3.0978978e-03
   9.8662207e-01   4.0214781e-03
   9.8327759e-01   4.8923531e-03
   9.7993311e-01   5.7115991e-03
   9.7658863e-01   6.4802815e-03
   9.7324415e-01   7.1994549e-03
   9.6989967e-01   7.8701631e-03
   9.6655518e-01   8.4934394e-03
   9.6321070e-01   9.0703063e-03
   9.5986622e-01   9.6017755e-03
   9.5652174e-01   1.0088848e-02
   9.5317726e-01   1.0532515e-02
   9.4983278e-01   1.0933757e-02
   9.4648829e-01   1.1293542e-02
   9.4314381e-01   1.1612831e-02
   9.3979933e-01   1.1892571e-02
   9.3645485e-01   1.2133701e-02
   9.3311037e-01   1.2337149e-02
   9.2976589e-01   1.2503833e-02
   9.2642140e-01   1.2634659e-02
   9.2307692e-01   1.2730525e-02
   9.1973244e-01   1.2792317e-02
   9.1638796e-01   1.2820913e-02
   9.1304348e-01   1.2817177e-02
   9.0969900e-01   1.2781968e-02
   9.0635452e-01   1.2716130e-02
   9.0301003e-01   1.2620500e-02
   8.9966555e-01   1.2495904e-02
   8.9632107e-01   1.2343158e-02
   8.9297659e-01   1.2163069e-02
   8.8963211e-01   1.1956432e-02
   8.8628763e-01   1.1724034e-02
   8.8294314e-01   1.1466651e-02
   8.7959866e-01   1.1185051e-02
   8.7625418e-01   1.0879990e-02
   8.7290970e-01   1.0552215e-02
   8.6956522e-01   1.0202464e-02
   8.6622074e-01   9.8314647e-03
   8.6287625e-01   9.4399357e-03
   8.5953177e-01   9.0285854e-03
   8.5618729e-01   8.5981131e-03
   8.5284281e-01   8.1492084e-03
   8.4949833e-01   7.6825514e-03
   8.4615385e-01   7.1988129e-03
   8.4280936e-01   6.6986542e-03
   8.3946488e-01   6.1827274e-03
   8.3612040e-01   5.6516751e-03
   8.3277592e-01   5.1061307e-03
   8.2943144e-01   4.5467184e-03
   8.2608696e-01   3.9740532e-03
   8.2274247e-01   3.3887408e-03
   8.1939799e-01   2.7913780e-03
   8.1605351e-01   2.1825524e-03
   8.1270903e-01   1.5628425e-03
   8.0936455e-01   9.3281783e-04
   8.0602007e-01   2.9303904e-04
   8.0267559e-01  -3.5594222e-04
   7.9933110e-01  -1.0135832e-03
   7.9598662e-01  -1.6793499e-03
   7.9264214e-01  -2.3527172e-03
   7.8929766e-01  -3.0331688e-03
   7.8595318e-01  -3.7201969e-03
   7.8260870e-01  -4.4133027e-03
   7.7926421e-01  -5.1119958e-03
   7.7591973e-01  -5.8157944e-03
   7.7257525e-01  -6.5242255e-03
   7.6923077e-01  -7.2368243e-03
   7.6588629e-01  -7.9531347e-03
   7.6254181e-01  -8.6727089e-03
   7.5919732e-01  -9.3951075e-03
   7.5585284e-01  -1.0119900e-02
   7.5250836e-01  -1.0846663e-02
   7.4916388e-01  -1.1574982e-02
   7.4581940e-01  -1.2304451e-02
   7.4247492e-01  -1.3034673e-02
   7.3913043e-01  -1.3765256e-02
   7.3578595e-01  -1.4495820e-02
   7.3244147e-01  -1.5225991e-02
   7.2909699e-01  -1.5955402e-02
   7.2575251e-01  -1.6683697e-02
   7.2240803e-01  -1.7410524e-02
   7.1906355e-01  -1.8135543e-02
   7.1571906e-01  -1.8858418e-02
   7.1237458e-01  -1.9578824e-02
   7.0903010e-01  -2.0296442e-02
   7.0568562e-01  -2.1010961e-02
   7.0234114e-01  -2.1722077e-02
   6.9899666e-01  -2.2429495e-02
   6.9565217e-01  -2.3132927e-02
   6.9230769e-01  -2.3832091e-02
   6.8896321e-01  -2.4526715e-02
   6.8561873e-01  -2.5216532e-02
   6.8227425e-01  -2.5901285e-02
   6.7892977e-01  -2.6580723e-02
   6.7558528e-01  -2.7254600e-02
   6.7224080e-01  -2.7922681e-02
   6.6889632e-01  -2.8584737e-02
   6.6555184e-01  -2.9240544e-02
   6.6220736e-01  -2.9889888e-02
   6.5886288e-01  -3.0532560e-02
   6.5551839e-01  -3.1168359e-02
   6.5217391e-01  -3.1797090e-02
   6.4882943e-01  -3.2418567e-02
   6.4548495e-01  -3.3032609e-02
   6.4214047e-01  -3.3639041e-02
   6.3879599e-01  -3.4237697e-02
   6.3545151e-01  -3.4828416e-02
   6.3210702e-01  -3.5411044e-02
   6.2876254e-01  -3.5985435e-02
   6.2541806e-01  -3.6551446e-02
   6.2207358e-01  -3.7108945e-02
   6.1872910e-01  -3.7657802e-02
   6.1538462e-01  -3.8197898e-02
   6.1204013e-01  -3.8729115e-02
   6.0869565e-01  -3.9251347e-02
   6.0535117e-01  -3.9764489e-02
   6.0200669e-01  -4.0268445e-02
   5.9866221e-01  -4.0763124e-02
   5.9531773e-01  -4.1248443e-02
   5.9197324e-01  -4.1724323e-02
   5.8862876e-01  -4.2190690e-02
   5.8528428e-01  -4.2647479e-02
   5.8193980e-01  -4.3094628e-02
   5.7859532e-01  -4.3532083e-02
   5.7525084e-01  -4.3959794e-02
   5.7190635e-01  -4.4377716e-02
   5.6856187e-01  -4.4785812e-02
   5.6521739e-01  -4.5184050e-02
   5.6187291e-01  -4.5572401e-02
   5.5852843e-01  -4.5950843e-02
   5.5518395e-01  -4.6319362e-02
   5.5183946e-01  -4.6677944e-02
   5.4849498e-01  -4.7026584e-02
   5.4515050e-01  -4.7365282e-02
   5.4180602e-01  -4.7694040e-02
   5.3846154e-01  -4.8012869e-02
   5.3511706e-01  -4.8321783e-02
   5.3177258e-01  -4.8620800e-02
   5.2842809e-01  -4.8909945e-02
   5.2508361e-01  -4.9189246e-02
   5.2173913e-01  -4.9458737e-02
   5.1839465e-01  -4.9718456e-02
   5.1505017e-01  -4.9968444e-02
   5.1170569e-01  -5.0208750e-02
   5.0836120e-01  -5.0439424e-02
   5.0501672e-01  -5.0660523e-02
   5.0167224e-01  -5.0872106e-02
   4.9832776e-01  -5.1074239e-02
   4.9498328e-01  -5.1266988e-02
   4.9163880e-01  -5.1450428e-02
   4.8829431e-01  -5.1624635e-02
   4.8494983e-01  -5.1789688e-02
   4.8160535e-01  -5.1945673e-02
   4.7826087e-01  -5.2092677e-02
   4.7491639e-01  -5.2230793e-02
   4.7157191e-01  -5.2360115e-02
   4.6822742e-01  -5.2480744e-02
   4.6488294e-01  -5.2592780e-02
   4.6153846e-01  -5.2696331e-02
   4.5819398e-01  -5.2791504e-02
   4.5484950e-01  -5.2878414e-02
   4.5150502e-01  -5.2957174e-02
   4.4816054e-01  -5.3027904e-02
   4.4481605e-01  -5.3090725e-02
   4.4147157e-01  -5.3145762e-02
   4.3812709e-01  -5.3193141e-02
   4.3478261e-01  -5.3232994e-02
   4.3143813e-01  -5.3265451e-02
   4.2809365e-01  -5.3290650e-02
   4.2474916e-01  -5.3308726e-02
   4.2140468e-01  -5.3319819e-02
   4.1806020e-01  -5.3324073e-02
   4.1471572e-01  -5.3321631e-02
   4.1137124e-01  -5.3312639e-02
   4.0802676e-01  -5.3297246e-02
   4.0468227e-01  -5.3275602e-02
   4.0133779e-01  -5.3247859e-02
   3.9799331e-01  -5.3214170e-02
   3.9464883e-01  -5.3174690e-02
   3.9130435e-01  -5.3129577e-02
   3.8795987e-01  -5.3078987e-02
   3.8461538e-01  -5.3023080e-02
   3.8127090e-01  -5.2962016e-02
   3.7792642e-01  -5.2895956e-02
   3.7458194e-01  -5.2825063e-02
   3.7123746e-01  -5.2749498e-02
   3.6789298e-01  -5.2669426e-02
   3.6454849e-01  -5.2585010e-02
   3.6120401e-01  -5.2496415e-02
   3.5785953e-01  -5.2403805e-02
   3.5451505e-01  -5.2307346e-02
   3.5117057e-01  -5.2207200e-02
   3.4782609e-01  -5.2103534e-02
   3.4448161e-01  -5.1996511e-02
   3.4113712e-01  -5.1886295e-02
   3.3779264e-01  -5.1773050e-02
   3.3444816e-01  -5.1656938e-02
   3.3110368e-01  -5.1538120e-02
   3.2775920e-01  -5.1416757e-02
   3.2441472e-01  -5.1293009e-02
   3.2107023e-01  -5.1167033e-02
   3.1772575e-01  -5.1038986e-02
   3.1438127e-01  -5.0909023e-02
   3.1103679e-01  -5.0777297e-02
   3.0769231e-01  -5.0643958e-02
   3.0434783e-01  -5.0509155e-02
   3.0100334e-01  -5.0373035e-02
   2.9765886e-01  -5.0235741e-02
   2.9431438e-01  -5.0097413e-02
   2.9096990e-01  -4.9958190e-02
   2.8762542e-01  -4.9818205e-02
   2.8428094e-01  -4.9677590e-02
   2.8093645e-01  -4.9536471e-02
   2.7759197e-01  -4.9394972e-02
   2.7424749e-01  -4.9253213e-02
   2.7090301e-01  -4.9111307e-02
   2.6755853e-01  -4.8969364e-02
   2.6421405e-01  -4.8827490e-02
   2.6086957e-01  -4.8685784e-02
   2.5752508e-01  -4.8544339e-02
   2.5418060e-01  -4.8403245e-02
   2.5083612e-01  -4.8262583e-02
   2.4749164e-01  -4.8122429e-02
   2.4414716e-01  -4.7982852e-02
   2.4080268e-01  -4.7843912e-02
   2.3745819e-01  -4.7705665e-02
   2.3411371e-01  -4.7568156e-02
   2.3076923e-01  -4.7431422e-02
   2.2742475e-01  -4.7295493e-02
   2.2408027e-01  -4.7160388e-02
   2.2073579e-01  -4.7026118e-02
   2.1739130e-01  -4.6892682e-02
   2.1404682e-01  -4.6760070e-02
   2.1070234e-01  -4.6628259e-02
   2.0735786e-01  -4.6497216e-02
   2.0401338e-01  -4.6366895e-02
   2.0066890e-01  -4.6237237e-02
   1.9732441e-01  -4.6108169e-02
   1.9397993e-01  -4.5979605e-02
   1.9063545e-01  -4.5851442e-02
   1.8729097e-01  -4.5723563e-02
   1.8394649e-01  -4.5595833e-02
   1.8060201e-01  -4.5468099e-02
   1.7725753e-01  -4.5340193e-02
   1.7391304e-01  -4.5211922e-02
   1.7056856e-01  -4.5083077e-02
   1.6722408e-01  -4.4953426e-02
   1.6387960e-01  -4.4822711e-02
   1.6053512e-01  -4.4690655e-02
   1.5719064e-01  -4.4556951e-02
   1.5384615e-01  -4.4421265e-02
   1.5050167e-01  -4.4283237e-02
   1.4715719e-01  -4.4142473e-02
   1.4381271e-01  -4.3998548e-02
   1.4046823e-01  -4.3851000e-02
   1.3712375e-01  -4.3699332e-02
   1.3377926e-01  -4.3543005e-02
   1.3043478e-01  -4.3381439e-02
   1.2709030e-01  -4.3214006e-02
   1.2374582e-01  -4.3040030e-02
   1.2040134e-01  -4.2858782e-02
   1.1705686e-01  -4.2669473e-02
   1.1371237e-01  -4.2471255e-02
   1.1036789e-01  -4.2263210e-02
   1.0702341e-01  -4.2044347e-02
   1.0367893e-01  -4.1813595e-02
   1.0033445e-01  -4.1569795e-02
   9.6989967e-02  -4.1311689e-02
   9.3645485e-02  -4.1037915e-02
   9.0301003e-02  -4.0746991e-02
   8.6956522e-02  -4.0437304e-02
   8.3612040e-02  -4.0107093e-02
   8.0267559e-02  -3.9754433e-02
   7.6923077e-02  -3.9377213e-02
   7.3578595e-02  -3.8973107e-02
   7.0234114e-02  -3.8539552e-02
   6.6889632e-02  -3.8073703e-02
   6.3545151e-02  -3.7572395e-02
   6.0200669e-02  -3.7032084e-02
   5.6856187e-02  -3.6448782e-02
   5.3511706e-02  -3.5817974e-02
   5.0167224e-02  -3.5134503e-02
   4.6822742e-02  -3.4392437e-02
   4.3478261e-02  -3.3584879e-02
   4.0133779e-02  -3.2703722e-02
   3.6789298e-02  -3.1739303e-02
   3.3444816e-02  -3.0679930e-02
   3.0100334e-02  -2.9511176e-02
   2.6755853e-02  -2.8214832e-02
   2.3411371e-02  -2.6767249e-02
   2.0066890e-02  -2.5136587e-02
   1.6722408e-02  -2.3277914e-02
   1.3377926e-02  -2.1123629e-02
   1.0033445e-02  -1.8562155e-02
   6.6889632e-03  -1.5380144e-02
   3.3444816e-03  -1.1037485e-02
   0.0000000e+00  -0.0000000e+00
