   0.0000000e+00   0.0000000e+00
   3.3444816e-03   1.3122685e-02
   6.6889632e-03   1.8466069e-02
   1.0033445e-02   2.2503556e-02
   1.3377926e-02   2.5855077e-02
   1.6722408e-02   2.8762083e-02
   2.0066890e-02   3.1349061e-02
   2.3411371e-02   3.3690352e-02
   2.6755853e-02   3.5834644e-02
   3.0100334e-02   3.7815933e-02
   3.3444816e-02   3.9659098e-02
   3.6789298e-02   4.1383019e-02
   4.0133779e-02   4.3002441e-02
   4.3478261e-02   4.4529149e-02
   4.6822742e-02   4.5972749e-02
   5.0167224e-02   4.7341199e-02
   5.3511706e-02   4.8641183e-02
   5.6856187e-02   4.9878385e-02
   6.0200669e-02   5.1057688e-02
   6.3545151e-02   5.2183328e-02
   6.6889632e-02   5.3259009e-02
   7.0234114e-02   5.4287993e-02
   7.3578595e-02   5.5273173e-02
   7.6923077e-02   5.6217130e-02
   8.0267559e-02   5.7122179e-02
   8.3612040e-02   5.7990407e-02
   8.6956522e-02   5.8823703e-02
   9.0301003e-02   5.9623785e-02
   9.3645485e-02   6.0392221e-02
   9.6989967e-02   6.1130449e-02
   1.0033445e-01   6.1839787e-02
   1.0367893e-01   6.2521453e-02
   1.0702341e-01   6.3176573e-02
   1.1036789e-01   6.3806190e-02
   1.1371237e-01   6.4411273e-02
   1.1705686e-01   6.4992726e-02
   1.2040134e-01   6.5551392e-02
   1.2374582e-01   6.6088060e-02
   1.2709030e-01   6.6603470e-02
   1.3043478e-01   6.7098316e-02
   1.3377926e-01   6.7573252e-02
   1.3712375e-01   6.8028895e-02
   1.4046823e-01   6.8465825e-02
   1.4381271e-01   6.8884592e-02
   1.4715719e-01   6.9285718e-02
   1.5050167e-01   6.9669694e-02
   1.5384615e-01   7.0036991e-02
   1.5719064e-01   7.0388054e-02
   1.6053512e-01   7.0723305e-02
   1.6387960e-01   7.1043150e-02
   1.6722408e-01   7.1347972e-02
   1.7056856e-01   7.1638141e-02
   1.7391304e-01   7.1914008e-02
   1.7725753e-01   7.2175909e-02
   1.8060201e-01   7.2424166e-02
   1.8394649e-01   7.2659089e-02
   1.8729097e-01   7.2880973e-02
   1.9063545e-01   7.3090103e-02
   1.9397993e-01   7.3286753e-02
   1.9732441e-01   7.3471186e-02
   2.0066890e-01   7.3643655e-02
   2.0401338e-01   7.3804404e-02
   2.0735786e-01   7.3953669e-02
   2.1070234e-01   7.4091675e-02
   2.1404682e-01   7.4218643e-02
   2.1739130e-01   7.4334784e-02
   2.2073579e-01   7.4440302e-02
   2.2408027e-01   7.4535396e-02
   2.2742475e-01   7.4620256e-02
   2.3076923e-01   7.4695069e-02
   2.3411371e-01   7.4760014e-02
   2.3745819e-01   7.4815266e-02
   2.4080268e-01   7.4860993e-02
   2.4414716e-01   7.4897360e-02
   2.4749164e-01   7.4924527e-02
   2.5083612e-01   7.4942648e-02
   2.5418060e-01   7.4951873e-02
   2.5752508e-01   7.4952350e-02
   2.6086957e-01   7.4944221e-02
   2.6421405e-01   7.4927626e-02
   2.6755853e-01   7.4902698e-02
   2.7090301e-01   7.4869571e-02
   2.7424749e-01   7.4828373e-02
   2.7759197e-01   7.4779229e-02
   2.8093645e-01   7.4722261e-02
   2.8428094e-01   7.4657591e-02
   2.8762542e-01   7.4585333e-02
   2.9096990e-01   7.4505603e-02
   2.9431438e-01   7.4418512e-02
   2.9765886e-01   7.4324169e-02
   3.0100334e-01   7.4222681e-02
   3.0434783e-01   7.4114154e-02
   3.0769231e-01   7.3998688e-02
   3.1103679e-01   7.3876385e-02
   3.1438127e-01   7.3747343e-02
   3.1772575e-01   7.3611659e-02
   3.2107023e-01   7.3469427e-02
   3.2441472e-01   7.3320740e-02
   3.2775920e-01   7.3165689e-02
   3.3110368e-01   7.3004365e-02
   3.3444816e-01   7.2836854e-02
   3.3779264e-01   7.2663243e-02
   3.4113712e-01   7.2483618e-02
   3.4448161e-01   7.2298061e-02
   3.4782609e-01   7.2106656e-02
   3.5117057e-01   7.1909483e-02
   3.5451505e-01   7.1706622e-02
   3.5785953e-01   7.1498151e-02
   3.6120401e-01   7.1284148e-02
   3.6454849e-01   7.1064688e-02
   3.6789298e-01   7.0839848e-02
   3.7123746e-01   7.0609702e-02
   3.7458194e-01   7.0374321e-02
   3.7792642e-01   7.0133780e-02
   3.8127090e-01   6.9888148e-02
   3.8461538e-01   6.9637496e-02
   3.8795987e-01   6.9381894e-02
   3.9130435e-01   6.9121411e-02
   3.9464883e-01   6.8856114e-02
   3.9799331e-01   6.8586071e-02
   4.0133779e-01   6.8311347e-02
   4.0468227e-01   6.8032010e-02
   4.0802676e-01   6.7748123e-02
   4.1137124e-01   6.7459751e-02
   4.1471572e-01   6.7166958e-02
   4.1806020e-01   6.6869808e-02
   4.2140468e-01   6.6568362e-02
   4.2474916e-01   6.6262683e-02
   4.2809365e-01   6.5952832e-02
   4.3143813e-01   6.5638871e-02
   4.3478261e-01   6.5320859e-02
   4.3812709e-01   6.4998858e-02
   4.4147157e-01   6.4672926e-02
   4.4481605e-01   6.4343122e-02
   4.4816054e-01   6.4009507e-02
   4.5150502e-01   6.3672137e-02
   4.5484950e-01   6.3331071e-02
   4.5819398e-01   6.2986367e-02
   4.6153846e-01   6.2638082e-02
   4.6488294e-01   6.2286273e-02
   4.6822742e-01   6.1930997e-02
   4.7157191e-01   6.1572310e-02
   4.7491639e-01   6.1210268e-02
   4.7826087e-01   6.0844927e-02
   4.8160535e-01   6.0476343e-02
   4.8494983e-01   6.0104571e-02
   4.8829431e-01   5.9729667e-02
   4.9163880e-01   5.9351684e-02
   4.9498328e-01   5.8970679e-02
   4.9832776e-01   5.8586706e-02
   5.0167224e-01   5.8199819e-02
   5.0501672e-01   5.7810072e-02
   5.0836120e-01   5.7417519e-02
   5.1170569e-01   5.7022215e-02
   5.1505017e-01   5.6624214e-02
   5.1839465e-01   5.6223568e-02
   5.2173913e-01   5.5820332e-02
   5.2508361e-01   5.5414560e-02
   5.2842809e-01   5.5006304e-02
   5.3177258e-01   5.4595618e-02
   5.3511706e-01   5.4182556e-02
   5.3846154e-01   5.3767171e-02
   5.4180602e-01   5.3349516e-02
   5.4515050e-01   5.2929644e-02
   5.4849498e-01   5.2507608e-02
   5.5183946e-01   5.2083462e-02
   5.5518395e-01   5.1657258e-02
   5.5852843e-01   5.1229051e-02
   5.6187291e-01   5.0798892e-02
   5.6521739e-01   5.0366835e-02
   5.6856187e-01   4.9932934e-02
   5.7190635e-01   4.9497242e-02
   5.7525084e-01   4.9059811e-02
   5.7859532e-01   4.8620695e-02
   5.8193980e-01   4.8179948e-02
   5.8528428e-01   4.7737623e-02
   5.8862876e-01   4.7293773e-02
   5.9197324e-01   4.6848452e-02
   5.9531773e-01   4.6401714e-02
   5.9866221e-01   4.5953612e-02
   6.0200669e-01   4.5504200e-02
   6.0535117e-01   4.5053532e-02
   6.0869565e-01   4.4601662e-02
   6.1204013e-01   4.4148644e-02
   6.1538462e-01   4.3694533e-02
   6.1872910e-01   4.3239382e-02
   6.2207358e-01   4.2783246e-02
   6.2541806e-01   4.2326180e-02
   6.2876254e-01   4.1868239e-02
   6.3210702e-01   4.1409477e-02
   6.3545151e-01   4.0949950e-02
   6.3879599e-01   4.0489712e-02
   6.4214047e-01   4.0028820e-02
   6.4548495e-01   3.9567328e-02
   6.4882943e-01   3.9105293e-02
   6.5217391e-01   3.8642770e-02
   6.5551839e-01   3.8179815e-02
   6.5886288e-01   3.7716484e-02
   6.6220736e-01   3.7252835e-02
   6.6555184e-01   3.6788923e-02
   6.6889632e-01   3.6324806e-02
   6.7224080e-01   3.5860540e-02
   6.7558528e-01   3.5396183e-02
   6.7892977e-01   3.4931792e-02
   6.8227425e-01   3.4467425e-02
   6.8561873e-01   3.4003139e-02
   6.8896321e-01   3.3538994e-02
   6.9230769e-01   3.3075046e-02
   6.9565217e-01   3.2611356e-02
   6.9899666e-01   3.2147981e-02
   7.0234114e-01   3.1684980e-02
   7.0568562e-01   3.1222414e-02
   7.0903010e-01   3.0760341e-02
   7.1237458e-01   3.0298821e-02
   7.1571906e-01   2.9837915e-02
   7.1906355e-01   2.9377682e-02
   7.2240803e-01   2.8918184e-02
   7.2575251e-01   2.8459481e-02
   7.2909699e-01   2.8001634e-02
   7.3244147e-01   2.7544705e-02
   7.3578595e-01   2.7088755e-02
   7.3913043e-01   2.6633846e-02
   7.4247492e-01   2.6180041e-02
   7.4581940e-01   2.5727402e-02
   7.4916388e-01   2.5275992e-02
   7.5250836e-01   2.4825874e-02
   7.5585284e-01   2.4377111e-02
   7.5919732e-01   2.3929768e-02
   7.6254181e-01   2.3483908e-02
   7.6588629e-01   2.3039595e-02
   7.6923077e-01   2.2596894e-02
   7.7257525e-01   2.2155871e-02
   7.7591973e-01   2.1716590e-02
   7.7926421e-01   2.1279117e-02
   7.8260870e-01   2.0843518e-02
   7.8595318e-01   2.0409859e-02
   7.8929766e-01   1.9978207e-02
   7.9264214e-01   1.9548628e-02
   7.9598662e-01   1.9121190e-02
   7.9933110e-01   1.8695961e-02
   8.0267559e-01   1.8273008e-02
   8.0602007e-01   1.7852400e-02
   8.0936455e-01   1.7434205e-02
   8.1270903e-01   1.7018493e-02
   8.1605351e-01   1.6605332e-02
   8.1939799e-01   1.6194792e-02
   8.2274247e-01   1.5786943e-02
   8.2608696e-01   1.5381856e-02
   8.2943144e-01   1.4979601e-02
   8.3277592e-01   1.4580249e-02
   8.3612040e-01   1.4183873e-02
   8.3946488e-01   1.3790543e-02
   8.4280936e-01   1.3400332e-02
   8.4615385e-01   1.3013313e-02
   8.4949833e-01   1.2629558e-02
   8.5284281e-01   1.2249141e-02
   8.5618729e-01   1.1872135e-02
   8.5953177e-01   1.1498615e-02
   8.6287625e-01   1.1128655e-02
   8.6622074e-01   1.0762330e-02
   8.6956522e-01   1.0399716e-02
   8.7290970e-01   1.0040887e-02
   8.7625418e-01   9.6859206e-03
   8.7959866e-01   9.3348925e-03
   8.8294314e-01   8.9878797e-03
   8.8628763e-01   8.6449595e-03
   8.8963211e-01   8.3062094e-03
   8.9297659e-01   7.9717077e-03
   8.9632107e-01   7.6415328e-03
   8.9966555e-01   7.3157636e-03
   9.0301003e-01   6.9944793e-03
   9.0635452e-01   6.6777597e-03
   9.0969900e-01   6.3656849e-03
   9.1304348e-01   6.0583355e-03
   9.1638796e-01   5.7557925e-03
   9.1973244e-01   5.4581372e-03
   9.2307692e-01   5.1654515e-03
   9.2642140e-01   4.8778176e-03
   9.2976589e-01   4.5953182e-03
   9.3311037e-01   4.3180364e-03
   9.3645485e-01   4.0460558e-03
   9.3979933e-01   3.7794604e-03
   9.4314381e-01   3.5183345e-03
   9.4648829e-01   3.2627631e-03
   9.4983278e-01   3.0128313e-03
   9.5317726e-01   2.7686251e-03
   9.5652174e-01   2.5302305e-03
   9.5986622e-01   2.2977342e-03
   9.6321070e-01   2.0712233e-03
   9.6655518e-01   1.8507853e-03
   9.6989967e-01   1.6365082e-03
   9.7324415e-01   1.4284805e-03
   9.7658863e-01   1.2267910e-03
   9.7993311e-01   1.0315291e-03
   9.8327759e-01   8.4278467e-04
   9.8662207e-01   6.6064794e-04
   9.8996656e-01   4.8520966e-04
   9.9331104e-01   3.1656105e-04
   9.9665552e-01   1.5479378e-04
   1.0000000e+00   0.0000000e+00
   1.0000000e+00   0.0000000e+00
   9.9665552e-01  -1.5479378e-04
   9.9331104e-01  -3.1656105e-04
   9.8996656e-01  -4.8520966e-04
   9.8662207e-01  -6.6064793e-04
   9.8327759e-01  -8.4278466e-04
   9.7993311e-01  -1.0315291e-03
   9.7658863e-01  -1.2267910e-03
   9.7324415e-01  -1.4284804e-03
   9.6989967e-01  -1.6365082e-03
   9.6655518e-01  -1.8507853e-03
   9.6321070e-01  -2.0712233e-03
   9.5986622e-01  -2.2977342e-03
   9.5652174e-01  -2.5302305e-03
   9.5317726e-01  -2.7686251e-03
   9.4983278e-01  -3.0128313e-03
   9.4648829e-01  -3.2627630e-03
   9.4314381e-01  -3.5183345e-03
   9.3979933e-01  -3.7794604e-03
   9.3645485e-01  -4.0460558e-03
   9.3311037e-01  -4.3180364e-03
   9.2976589e-01  -4.5953182e-03
   9.2642140e-01  -4.8778176e-03
   9.2307692e-01  -5.1654514e-03
   9.1973244e-01  -5.4581372e-03
   9.1638796e-01  -5.7557925e-03
   9.1304348e-01  -6.0583355e-03
   9.0969900e-01  -6.3656849e-03
   9.0635452e-01  -6.6777597e-03
   9.0301003e-01  -6.9944793e-03
   8.9966555e-01  -7.3157635e-03
   8.9632107e-01  -7.6415328e-03
   8.9297659e-01  -7.9717077e-03
   8.8963211e-01  -8.3062094e-03
   8.8628763e-01  -8.6449594e-03
   8.8294314e-01  -8.9878797e-03
   8.7959866e-01  -9.3348925e-03
   8.7625418e-01  -9.6859206e-03
   8.7290970e-01  -1.0040887e-02
   8.6956522e-01  -1.0399716e-02
   8.6622074e-01  -1.0762330e-02
   8.6287625e-01  -1.1128655e-02
   8.5953177e-01  -1.1498615e-02
   8.5618729e-01  -1.1872135e-02
   8.5284281e-01  -1.2249141e-02
   8.4949833e-01  -1.2629558e-02
   8.4615385e-01  -1.3013313e-02
   8.4280936e-01  -1.3400332e-02
   8.3946488e-01  -1.3790543e-02
   8.3612040e-01  -1.4183873e-02
   8.3277592e-01  -1.4580249e-02
   8.2943144e-01  -1.4979601e-02
   8.2608696e-01  -1.5381856e-02
   8.2274247e-01  -1.5786943e-02
   8.1939799e-01  -1.6194792e-02
   8.1605351e-01  -1.6605332e-02
   8.1270903e-01  -1.7018493e-02
   8.0936455e-01  -1.7434206e-02
   8.0602007e-01  -1.7852400e-02
   8.0267559e-01  -1.8273009e-02
   7.9933110e-01  -1.8695961e-02
   7.9598662e-01  -1.9121191e-02
   7.9264214e-01  -1.9548628e-02
   7.8929766e-01  -1.9978207e-02
   7.8595318e-01  -2.0409859e-02
   7.8260870e-01  -2.0843518e-02
   7.7926421e-01  -2.1279117e-02
   7.7591973e-01  -2.1716590e-02
   7.7257525e-01  -2.2155871e-02
   7.6923077e-01  -2.2596895e-02
   7.6588629e-01  -2.3039595e-02
   7.6254181e-01  -2.3483908e-02
   7.5919732e-01  -2.3929768e-02
   7.5585284e-01  -2.4377112e-02
   7.5250836e-01  -2.4825874e-02
   7.4916388e-01  -2.5275992e-02
   7.4581940e-01  -2.5727402e-02
   7.4247492e-01  -2.6180042e-02
   7.3913043e-01  -2.6633847e-02
   7.3578595e-01  -2.7088755e-02
   7.3244147e-01  -2.7544705e-02
   7.2909699e-01  -2.8001635e-02
   7.2575251e-01  -2.8459481e-02
   7.2240803e-01  -2.8918185e-02
   7.1906355e-01  -2.9377683e-02
   7.1571906e-01  -2.9837916e-02
   7.1237458e-01  -3.0298822e-02
   7.0903010e-01  -3.0760342e-02
   7.0568562e-01  -3.1222415e-02
   7.0234114e-01  -3.1684981e-02
   6.9899666e-01  -3.2147981e-02
   6.9565217e-01  -3.2611356e-02
   6.9230769e-01  -3.3075047e-02
   6.8896321e-01  -3.3538994e-02
   6.8561873e-01  -3.4003140e-02
   6.8227425e-01  -3.4467426e-02
   6.7892977e-01  -3.4931793e-02
   6.7558528e-01  -3.5396184e-02
   6.7224080e-01  -3.5860541e-02
   6.6889632e-01  -3.6324807e-02
   6.6555184e-01  -3.6788924e-02
   6.6220736e-01  -3.7252836e-02
   6.5886288e-01  -3.7716485e-02
   6.5551839e-01  -3.8179816e-02
   6.5217391e-01  -3.8642771e-02
   6.4882943e-01  -3.9105294e-02
   6.4548495e-01  -3.9567329e-02
   6.4214047e-01  -4.0028821e-02
   6.3879599e-01  -4.0489713e-02
   6.3545151e-01  -4.0949951e-02
   6.3210702e-01  -4.1409478e-02
   6.2876254e-01  -4.1868240e-02
   6.2541806e-01  -4.2326181e-02
   6.2207358e-01  -4.2783247e-02
   6.1872910e-01  -4.3239383e-02
   6.1538462e-01  -4.3694534e-02
   6.1204013e-01  -4.4148645e-02
   6.0869565e-01  -4.4601663e-02
   6.0535117e-01  -4.5053533e-02
   6.0200669e-01  -4.5504201e-02
   5.9866221e-01  -4.5953614e-02
   5.9531773e-01  -4.6401716e-02
   5.9197324e-01  -4.6848454e-02
   5.8862876e-01  -4.7293775e-02
   5.8528428e-01  -4.7737625e-02
   5.8193980e-01  -4.8179950e-02
   5.7859532e-01  -4.8620697e-02
   5.7525084e-01  -4.9059813e-02
   5.7190635e-01  -4.9497244e-02
   5.6856187e-01  -4.9932936e-02
   5.6521739e-01  -5.0366837e-02
   5.6187291e-01  -5.0798894e-02
   5.5852843e-01  -5.1229052e-02
   5.5518395e-01  -5.1657260e-02
   5.5183946e-01  -5.2083464e-02
   5.4849498e-01  -5.2507610e-02
   5.4515050e-01  -5.2929646e-02
   5.4180602e-01  -5.3349518e-02
   5.3846154e-01  -5.3767173e-02
   5.3511706e-01  -5.4182558e-02
   5.3177258e-01  -5.4595621e-02
   5.2842809e-01  -5.5006306e-02
   5.2508361e-01  -5.5414562e-02
   5.2173913e-01  -5.5820335e-02
   5.1839465e-01  -5.6223570e-02
   5.1505017e-01  -5.6624216e-02
   5.1170569e-01  -5.7022218e-02
   5.0836120e-01  -5.7417522e-02
   5.0501672e-01  -5.7810074e-02
   5.0167224e-01  -5.8199821e-02
   4.9832776e-01  -5.8586708e-02
   4.9498328e-01  -5.8970682e-02
   4.9163880e-01  -5.9351687e-02
   4.8829431e-01  -5.9729669e-02
   4.8494983e-01  -6.0104574e-02
   4.8160535e-01  -6.0476346e-02
   4.7826087e-01  -6.0844930e-02
   4.7491639e-01  -6.1210271e-02
   4.7157191e-01  -6.1572313e-02
   4.6822742e-01  -6.1931000e-02
   4.6488294e-01  -6.2286276e-02
   4.6153846e-01  -6.2638085e-02
   4.5819398e-01  -6.2986370e-02
   4.5484950e-01  -6.3331074e-02
   4.5150502e-01  -6.3672140e-02
   4.4816054e-01  -6.4009510e-02
   4.4481605e-01  -6.4343126e-02
   4.4147157e-01  -6.4672929e-02
   4.3812709e-01  -6.4998861e-02
   4.3478261e-01  -6.5320862e-02
   4.3143813e-01  -6.5638874e-02
   4.2809365e-01  -6.5952835e-02
   4.2474916e-01  -6.6262686e-02
   4.2140468e-01  -6.6568365e-02
   4.1806020e-01  -6.6869811e-02
   4.1471572e-01  -6.7166962e-02
   4.1137124e-01  -6.7459755e-02
   4.0802676e-01  -6.7748126e-02
   4.0468227e-01  -6.8032013e-02
   4.0133779e-01  -6.8311351e-02
   3.9799331e-01  -6.8586074e-02
   3.9464883e-01  -6.8856118e-02
   3.9130435e-01  -6.9121415e-02
   3.8795987e-01  -6.9381898e-02
   3.8461538e-01  -6.9637500e-02
   3.8127090e-01  -6.9888151e-02
   3.7792642e-01  -7.0133783e-02
   3.7458194e-01  -7.0374325e-02
   3.7123746e-01  -7.0609705e-02
   3.6789298e-01  -7.0839852e-02
   3.6454849e-01  -7.1064692e-02
   3.6120401e-01  -7.1284151e-02
   3.5785953e-01  -7.1498155e-02
   3.5451505e-01  -7.1706626e-02
   3.5117057e-01  -7.1909487e-02
   3.4782609e-01  -7.2106660e-02
   3.4448161e-01  -7.2298065e-02
   3.4113712e-01  -7.2483622e-02
   3.3779264e-01  -7.2663247e-02
   3.3444816e-01  -7.2836858e-02
   3.3110368e-01  -7.3004369e-02
   3.2775920e-01  -7.3165694e-02
   3.2441472e-01  -7.3320744e-02
   3.2107023e-01  -7.3469431e-02
   3.1772575e-01  -7.3611663e-02
   3.1438127e-01  -7.3747348e-02
   3.1103679e-01  -7.3876390e-02
   3.0769231e-01  -7.3998692e-02
   3.0434783e-01  -7.4114158e-02
   3.0100334e-01  -7.4222686e-02
   2.9765886e-01  -7.4324173e-02
   2.9431438e-01  -7.4418516e-02
   2.9096990e-01  -7.4505607e-02
   2.8762542e-01  -7.4585337e-02
   2.8428094e-01  -7.4657595e-02
   2.8093645e-01  -7.4722266e-02
   2.7759197e-01  -7.4779233e-02
   2.7424749e-01  -7.4828377e-02
   2.7090301e-01  -7.4869576e-02
   2.6755853e-01  -7.4902703e-02
   2.6421405e-01  -7.4927630e-02
   2.6086957e-01  -7.4944226e-02
   2.5752508e-01  -7.4952355e-02
   2.5418060e-01  -7.4951878e-02
   2.5083612e-01  -7.4942652e-02
   2.4749164e-01  -7.4924532e-02
   2.4414716e-01  -7.4897365e-02
   2.4080268e-01  -7.4860998e-02
   2.3745819e-01  -7.4815271e-02
   2.3411371e-01  -7.4760019e-02
   2.3076923e-01  -7.4695074e-02
   2.2742475e-01  -7.4620261e-02
   2.2408027e-01  -7.4535400e-02
   2.2073579e-01  -7.4440307e-02
   2.1739130e-01  -7.4334789e-02
   2.1404682e-01  -7.4218648e-02
   2.1070234e-01  -7.4091680e-02
   2.0735786e-01  -7.3953674e-02
   2.0401338e-01  -7.3804409e-02
   2.0066890e-01  -7.3643660e-02
   1.9732441e-01  -7.3471191e-02
   1.9397993e-01  -7.3286758e-02
   1.9063545e-01  -7.3090108e-02
   1.8729097e-01  -7.2880978e-02
   1.8394649e-01  -7.2659093e-02
   1.8060201e-01  -7.2424171e-02
   1.7725753e-01  -7.2175914e-02
   1.7391304e-01  -7.1914013e-02
   1.7056856e-01  -7.1638146e-02
   1.6722408e-01  -7.1347977e-02
   1.6387960e-01  -7.1043154e-02
   1.6053512e-01  -7.0723310e-02
   1.5719064e-01  -7.0388058e-02
   1.5384615e-01  -7.0036996e-02
   1.5050167e-01  -6.9669699e-02
   1.4715719e-01  -6.9285722e-02
   1.4381271e-01  -6.8884597e-02
   1.4046823e-01  -6.8465829e-02
   1.3712375e-01  -6.8028899e-02
   1.3377926e-01  -6.7573257e-02
   1.3043478e-01  -6.7098321e-02
   1.2709030e-01  -6.6603474e-02
   1.2374582e-01  -6.6088065e-02
   1.2040134e-01  -6.5551397e-02
   1.1705686e-01  -6.4992731e-02
   1.1371237e-01  -6.4411278e-02
   1.1036789e-01  -6.3806194e-02
   1.0702341e-01  -6.3176577e-02
   1.0367893e-01  -6.2521457e-02
   1.0033445e-01  -6.1839791e-02
   9.6989967e-02  -6.1130453e-02
   9.3645485e-02  -6.0392226e-02
   9.0301003e-02  -5.9623789e-02
   8.6956522e-02  -5.8823707e-02
   8.3612040e-02  -5.7990411e-02
   8.0267559e-02  -5.7122183e-02
   7.6923077e-02  -5.6217134e-02
   7.3578595e-02  -5.5273176e-02
   7.0234114e-02  -5.4287996e-02
   6.6889632e-02  -5.3259012e-02
   6.3545151e-02  -5.2183332e-02
   6.0200669e-02  -5.1057691e-02
   5.6856187e-02  -4.9878388e-02
   5.3511706e-02  -4.8641186e-02
   5.0167224e-02  -4.7341202e-02
   4.6822742e-02  -4.5972752e-02
   4.3478261e-02  -4.4529152e-02
   4.0133779e-02  -4.3002444e-02
   3.6789298e-02  -4.1383022e-02
   3.3444816e-02  -3.9659100e-02
   3.0100334e-02  -3.7815935e-02
   2.6755853e-02  -3.5834647e-02
   2.3411371e-02  -3.3690355e-02
   2.0066890e-02  -3.1349063e-02
   1.6722408e-02  -2.8762084e-02
   1.3377926e-02  -2.5855079e-02
   1.0033445e-02  -2.2503558e-02
   6.6889632e-03  -1.8466071e-02
   3.3444816e-03  -1.3122686e-02
   0.0000000e+00  -0.0000000e+00
