   0.0000000e+00   0.0000000e+00
   3.3444816e-03   8.6940261e-03
   6.6889632e-03   1.2254468e-02
   1.0033445e-02   1.4958744e-02
   1.3377926e-02   1.7215350e-02
   1.6722408e-02   1.9183086e-02
   2.0066890e-02   2.0943670e-02
   2.3411371e-02   2.2545810e-02
   2.6755853e-02   2.4021344e-02
   3.0100334e-02   2.5392458e-02
   3.3444816e-02   2.6675358e-02
   3.6789298e-02   2.7882312e-02
   4.0133779e-02   2.9022884e-02
   4.3478261e-02   3.0104699e-02
   4.6822742e-02   3.1133958e-02
   5.0167224e-02   3.2115786e-02
   5.3511706e-02   3.3054477e-02
   5.6856187e-02   3.3953674e-02
   6.0200669e-02   3.4816498e-02
   6.3545151e-02   3.5645648e-02
   6.6889632e-02   3.6443478e-02
   7.0234114e-02   3.7212056e-02
   7.3578595e-02   3.7953211e-02
   7.6923077e-02   3.8668567e-02
   8.0267559e-02   3.9359579e-02
   8.3612040e-02   4.0027552e-02
   8.6956522e-02   4.0673666e-02
   9.0301003e-02   4.1298988e-02
   9.3645485e-02   4.1904490e-02
   9.6989967e-02   4.2491058e-02
   1.0033445e-01   4.3059504e-02
   1.0367893e-01   4.3610574e-02
   1.0702341e-01   4.4144955e-02
   1.1036789e-01   4.4663281e-02
   1.1371237e-01   4.5166137e-02
   1.1705686e-01   4.5654070e-02
   1.2040134e-01   4.6127585e-02
   1.2374582e-01   4.6587153e-02
   1.2709030e-01   4.7033215e-02
   1.3043478e-01   4.7466181e-02
   1.3377926e-01   4.7886438e-02
   1.3712375e-01   4.8294346e-02
   1.4046823e-01   4.8690245e-02
   1.4381271e-01   4.9074454e-02
   1.4715719e-01   4.9447275e-02
   1.5050167e-01   4.9808990e-02
   1.5384615e-01   5.0159869e-02
   1.5719064e-01   5.0500164e-02
   1.6053512e-01   5.0830116e-02
   1.6387960e-01   5.1149952e-02
   1.6722408e-01   5.1459888e-02
   1.7056856e-01   5.1760129e-02
   1.7391304e-01   5.2050869e-02
   1.7725753e-01   5.2332295e-02
   1.8060201e-01   5.2604582e-02
   1.8394649e-01   5.2867899e-02
   1.8729097e-01   5.3122406e-02
   1.9063545e-01   5.3368257e-02
   1.9397993e-01   5.3605598e-02
   1.9732441e-01   5.3834570e-02
   2.0066890e-01   5.4055306e-02
   2.0401338e-01   5.4267934e-02
   2.0735786e-01   5.4472579e-02
   2.1070234e-01   5.4669358e-02
   2.1404682e-01   5.4858384e-02
   2.1739130e-01   5.5039766e-02
   2.2073579e-01   5.5213610e-02
   2.2408027e-01   5.5380014e-02
   2.2742475e-01   5.5539078e-02
   2.3076923e-01   5.5690892e-02
   2.3411371e-01   5.5835549e-02
   2.3745819e-01   5.5973134e-02
   2.4080268e-01   5.6103731e-02
   2.4414716e-01   5.6227421e-02
   2.4749164e-01   5.6344282e-02
   2.5083612e-01   5.6454389e-02
   2.5418060e-01   5.6557816e-02
   2.5752508e-01   5.6654633e-02
   2.6086957e-01   5.6744909e-02
   2.6421405e-01   5.6828710e-02
   2.6755853e-01   5.6906101e-02
   2.7090301e-01   5.6977144e-02
   2.7424749e-01   5.7041900e-02
   2.7759197e-01   5.7100428e-02
   2.8093645e-01   5.7152786e-02
   2.8428094e-01   5.7199028e-02
   2.8762542e-01   5.7239211e-02
   2.9096990e-01   5.7273386e-02
   2.9431438e-01   5.7301605e-02
   2.9765886e-01   5.7323919e-02
   3.0100334e-01   5.7340378e-02
   3.0434783e-01   5.7351029e-02
   3.0769231e-01   5.7355919e-02
   3.1103679e-01   5.7355095e-02
   3.1438127e-01   5.7348601e-02
   3.1772575e-01   5.7336482e-02
   3.2107023e-01   5.7318781e-02
   3.2441472e-01   5.7295542e-02
   3.2775920e-01   5.7266804e-02
   3.3110368e-01   5.7232611e-02
   3.3444816e-01   5.7193001e-02
   3.3779264e-01   5.7148015e-02
   3.4113712e-01   5.7097691e-02
   3.4448161e-01   5.7042069e-02
   3.4782609e-01   5.6981187e-02
   3.5117057e-01   5.6915081e-02
   3.5451505e-01   5.6843790e-02
   3.5785953e-01   5.6767349e-02
   3.6120401e-01   5.6685795e-02
   3.6454849e-01   5.6599164e-02
   3.6789298e-01   5.6507491e-02
   3.7123746e-01   5.6410811e-02
   3.7458194e-01   5.6309160e-02
   3.7792642e-01   5.6202572e-02
   3.8127090e-01   5.6091081e-02
   3.8461538e-01   5.5974721e-02
   3.8795987e-01   5.5853527e-02
   3.9130435e-01   5.5727533e-02
   3.9464883e-01   5.5596771e-02
   3.9799331e-01   5.5461275e-02
   4.0133779e-01   5.5321080e-02
   4.0468227e-01   5.5176217e-02
   4.0802676e-01   5.5026721e-02
   4.1137124e-01   5.4872624e-02
   4.1471572e-01   5.4713960e-02
   4.1806020e-01   5.4550762e-02
   4.2140468e-01   5.4383063e-02
   4.2474916e-01   5.4210896e-02
   4.2809365e-01   5.4034293e-02
   4.3143813e-01   5.3853290e-02
   4.3478261e-01   5.3667918e-02
   4.3812709e-01   5.3478211e-02
   4.4147157e-01   5.3284203e-02
   4.4481605e-01   5.3085926e-02
   4.4816054e-01   5.2883416e-02
   4.5150502e-01   5.2676704e-02
   4.5484950e-01   5.2465826e-02
   4.5819398e-01   5.2250816e-02
   4.6153846e-01   5.2031707e-02
   4.6488294e-01   5.1808535e-02
   4.6822742e-01   5.1581333e-02
   4.7157191e-01   5.1350137e-02
   4.7491639e-01   5.1114982e-02
   4.7826087e-01   5.0875902e-02
   4.8160535e-01   5.0632934e-02
   4.8494983e-01   5.0386114e-02
   4.8829431e-01   5.0135476e-02
   4.9163880e-01   4.9881058e-02
   4.9498328e-01   4.9622897e-02
   4.9832776e-01   4.9361028e-02
   5.0167224e-01   4.9095489e-02
   5.0501672e-01   4.8826318e-02
   5.0836120e-01   4.8553552e-02
   5.1170569e-01   4.8277229e-02
   5.1505017e-01   4.7997388e-02
   5.1839465e-01   4.7714068e-02
   5.2173913e-01   4.7427307e-02
   5.2508361e-01   4.7137146e-02
   5.2842809e-01   4.6843624e-02
   5.3177258e-01   4.6546780e-02
   5.3511706e-01   4.6246657e-02
   5.3846154e-01   4.5943294e-02
   5.4180602e-01   4.5636733e-02
   5.4515050e-01   4.5327016e-02
   5.4849498e-01   4.5014185e-02
   5.5183946e-01   4.4698283e-02
   5.5518395e-01   4.4379353e-02
   5.5852843e-01   4.4057438e-02
   5.6187291e-01   4.3732581e-02
   5.6521739e-01   4.3404828e-02
   5.6856187e-01   4.3074224e-02
   5.7190635e-01   4.2740812e-02
   5.7525084e-01   4.2404640e-02
   5.7859532e-01   4.2065753e-02
   5.8193980e-01   4.1724198e-02
   5.8528428e-01   4.1380023e-02
   5.8862876e-01   4.1033274e-02
   5.9197324e-01   4.0684000e-02
   5.9531773e-01   4.0332249e-02
   5.9866221e-01   3.9978071e-02
   6.0200669e-01   3.9621516e-02
   6.0535117e-01   3.9262633e-02
   6.0869565e-01   3.8901473e-02
   6.1204013e-01   3.8538088e-02
   6.1538462e-01   3.8172528e-02
   6.1872910e-01   3.7804847e-02
   6.2207358e-01   3.7435098e-02
   6.2541806e-01   3.7063333e-02
   6.2876254e-01   3.6689607e-02
   6.3210702e-01   3.6313974e-02
   6.3545151e-01   3.5936489e-02
   6.3879599e-01   3.5557208e-02
   6.4214047e-01   3.5176187e-02
   6.4548495e-01   3.4793483e-02
   6.4882943e-01   3.4409153e-02
   6.5217391e-01   3.4023255e-02
   6.5551839e-01   3.3635848e-02
   6.5886288e-01   3.3246991e-02
   6.6220736e-01   3.2856743e-02
   6.6555184e-01   3.2465166e-02
   6.6889632e-01   3.2072320e-02
   6.7224080e-01   3.1678266e-02
   6.7558528e-01   3.1283067e-02
   6.7892977e-01   3.0886786e-02
   6.8227425e-01   3.0489486e-02
   6.8561873e-01   3.0091231e-02
   6.8896321e-01   2.9692086e-02
   6.9230769e-01   2.9292117e-02
   6.9565217e-01   2.8891389e-02
   6.9899666e-01   2.8489969e-02
   7.0234114e-01   2.8087925e-02
   7.0568562e-01   2.7685324e-02
   7.0903010e-01   2.7282235e-02
   7.1237458e-01   2.6878728e-02
   7.1571906e-01   2.6474872e-02
   7.1906355e-01   2.6070738e-02
   7.2240803e-01   2.5666398e-02
   7.2575251e-01   2.5261923e-02
   7.2909699e-01   2.4857387e-02
   7.3244147e-01   2.4452861e-02
   7.3578595e-01   2.4048422e-02
   7.3913043e-01   2.3644143e-02
   7.4247492e-01   2.3240100e-02
   7.4581940e-01   2.2836370e-02
   7.4916388e-01   2.2433028e-02
   7.5250836e-01   2.2030153e-02
   7.5585284e-01   2.1627823e-02
   7.5919732e-01   2.1226118e-02
   7.6254181e-01   2.0825116e-02
   7.6588629e-01   2.0424898e-02
   7.6923077e-01   2.0025546e-02
   7.7257525e-01   1.9627141e-02
   7.7591973e-01   1.9229767e-02
   7.7926421e-01   1.8833506e-02
   7.8260870e-01   1.8438444e-02
   7.8595318e-01   1.8044663e-02
   7.8929766e-01   1.7652252e-02
   7.9264214e-01   1.7261295e-02
   7.9598662e-01   1.6871880e-02
   7.9933110e-01   1.6484094e-02
   8.0267559e-01   1.6098028e-02
   8.0602007e-01   1.5713769e-02
   8.0936455e-01   1.5331409e-02
   8.1270903e-01   1.4951038e-02
   8.1605351e-01   1.4572748e-02
   8.1939799e-01   1.4196632e-02
   8.2274247e-01   1.3822783e-02
   8.2608696e-01   1.3451294e-02
   8.2943144e-01   1.3082262e-02
   8.3277592e-01   1.2715781e-02
   8.3612040e-01   1.2351948e-02
   8.3946488e-01   1.1990860e-02
   8.4280936e-01   1.1632616e-02
   8.4615385e-01   1.1277314e-02
   8.4949833e-01   1.0925055e-02
   8.5284281e-01   1.0575937e-02
   8.5618729e-01   1.0230063e-02
   8.5953177e-01   9.8875357e-03
   8.6287625e-01   9.5484567e-03
   8.6622074e-01   9.2129302e-03
   8.6956522e-01   8.8810608e-03
   8.7290970e-01   8.5529539e-03
   8.7625418e-01   8.2287157e-03
   8.7959866e-01   7.9084533e-03
   8.8294314e-01   7.5922744e-03
   8.8628763e-01   7.2802880e-03
   8.8963211e-01   6.9726034e-03
   8.9297659e-01   6.6693311e-03
   8.9632107e-01   6.3705824e-03
   8.9966555e-01   6.0764693e-03
   9.0301003e-01   5.7871047e-03
   9.0635452e-01   5.5026026e-03
   9.0969900e-01   5.2230774e-03
   9.1304348e-01   4.9486447e-03
   9.1638796e-01   4.6794209e-03
   9.1973244e-01   4.4155232e-03
   9.2307692e-01   4.1570697e-03
   9.2642140e-01   3.9041794e-03
   9.2976589e-01   3.6569720e-03
   9.3311037e-01   3.4155683e-03
   9.3645485e-01   3.1800899e-03
   9.3979933e-01   2.9506593e-03
   9.4314381e-01   2.7273996e-03
   9.4648829e-01   2.5104353e-03
   9.4983278e-01   2.2998914e-03
   9.5317726e-01   2.0958939e-03
   9.5652174e-01   1.8985697e-03
   9.5986622e-01   1.7080466e-03
   9.6321070e-01   1.5244533e-03
   9.6655518e-01   1.3479193e-03
   9.6989967e-01   1.1785752e-03
   9.7324415e-01   1.0165523e-03
   9.7658863e-01   8.6198290e-04
   9.7993311e-01   7.1500024e-04
   9.8327759e-01   5.7573841e-04
   9.8662207e-01   4.4433245e-04
   9.8996656e-01   3.2091831e-04
   9.9331104e-01   2.0563284e-04
   9.9665552e-01   9.8613833e-05
   1.0000000e+00   0.0000000e+00
   1.0000000e+00   0.0000000e+00
   9.9665552e-01  -1.5943859e-04
   9.9331104e-01  -3.1726843e-04
   9.8996656e-01  -4.7353705e-04
   9.8662207e-01  -6.2829143e-04
   9.8327759e-01  -7.8157794e-04
   9.7993311e-01  -9.3344235e-04
   9.7658863e-01  -1.0839299e-03
   9.7324415e-01  -1.2330851e-03
   9.6989967e-01  -1.3809520e-03
   9.6655518e-01  -1.5275742e-03
   9.6321070e-01  -1.6729943e-03
   9.5986622e-01  -1.8172548e-03
   9.5652174e-01  -1.9603972e-03
   9.5317726e-01  -2.1024628e-03
   9.4983278e-01  -2.2434920e-03
   9.4648829e-01  -2.3835249e-03
   9.4314381e-01  -2.5226008e-03
   9.3979933e-01  -2.6607586e-03
   9.3645485e-01  -2.7980365e-03
   9.3311037e-01  -2.9344722e-03
   9.2976589e-01  -3.0701028e-03
   9.2642140e-01  -3.2049648e-03
   9.2307692e-01  -3.3390944e-03
   9.1973244e-01  -3.4725267e-03
   9.1638796e-01  -3.6052969e-03
   9.1304348e-01  -3.7374390e-03
   9.0969900e-01  -3.8689869e-03
   9.0635452e-01  -3.9999738e-03
   9.0301003e-01  -4.1304323e-03
   8.9966555e-01  -4.2603944e-03
   8.9632107e-01  -4.3898917e-03
   8.9297659e-01  -4.5189552e-03
   8.8963211e-01  -4.6476152e-03
   8.8628763e-01  -4.7759017e-03
   8.8294314e-01  -4.9038439e-03
   8.7959866e-01  -5.0314706e-03
   8.7625418e-01  -5.1588101e-03
   8.7290970e-01  -5.2858900e-03
   8.6956522e-01  -5.4127375e-03
   8.6622074e-01  -5.5393792e-03
   8.6287625e-01  -5.6658412e-03
   8.5953177e-01  -5.7921490e-03
   8.5618729e-01  -5.9183275e-03
   8.5284281e-01  -6.0444013e-03
   8.4949833e-01  -6.1703942e-03
   8.4615385e-01  -6.2963297e-03
   8.4280936e-01  -6.4222306e-03
   8.3946488e-01  -6.5481192e-03
   8.3612040e-01  -6.6740174e-03
   8.3277592e-01  -6.7999464e-03
   8.2943144e-01  -6.9259270e-03
   8.2608696e-01  -7.0519795e-03
   8.2274247e-01  -7.1781234e-03
   8.1939799e-01  -7.3043781e-03
   8.1605351e-01  -7.4307622e-03
   8.1270903e-01  -7.5572938e-03
   8.0936455e-01  -7.6839906e-03
   8.0602007e-01  -7.8108697e-03
   8.0267559e-01  -7.9379477e-03
   7.9933110e-01  -8.0652407e-03
   7.9598662e-01  -8.1927643e-03
   7.9264214e-01  -8.3205336e-03
   7.8929766e-01  -8.4485631e-03
   7.8595318e-01  -8.5768669e-03
   7.8260870e-01  -8.7054586e-03
   7.7926421e-01  -8.8343513e-03
   7.7591973e-01  -8.9635574e-03
   7.7257525e-01  -9.0930890e-03
   7.6923077e-01  -9.2229577e-03
   7.6588629e-01  -9.3531746e-03
   7.6254181e-01  -9.4837502e-03
   7.5919732e-01  -9.6146945e-03
   7.5585284e-01  -9.7460172e-03
   7.5250836e-01  -9.8777273e-03
   7.4916388e-01  -1.0009833e-02
   7.4581940e-01  -1.0142344e-02
   7.4247492e-01  -1.0275265e-02
   7.3913043e-01  -1.0408606e-02
   7.3578595e-01  -1.0542372e-02
   7.3244147e-01  -1.0676570e-02
   7.2909699e-01  -1.0811205e-02
   7.2575251e-01  -1.0946283e-02
   7.2240803e-01  -1.1081808e-02
   7.1906355e-01  -1.1217784e-02
   7.1571906e-01  -1.1354216e-02
   7.1237458e-01  -1.1491105e-02
   7.0903010e-01  -1.1628456e-02
   7.0568562e-01  -1.1766271e-02
   7.0234114e-01  -1.1904551e-02
   6.9899666e-01  -1.2043298e-02
   6.9565217e-01  -1.2182513e-02
   6.9230769e-01  -1.2322196e-02
   6.8896321e-01  -1.2462347e-02
   6.8561873e-01  -1.2602965e-02
   6.8227425e-01  -1.2744051e-02
   6.7892977e-01  -1.2885602e-02
   6.7558528e-01  -1.3027616e-02
   6.7224080e-01  -1.3170091e-02
   6.6889632e-01  -1.3313024e-02
   6.6555184e-01  -1.3456413e-02
   6.6220736e-01  -1.3600252e-02
   6.5886288e-01  -1.3744539e-02
   6.5551839e-01  -1.3889268e-02
   6.5217391e-01  -1.4034435e-02
   6.4882943e-01  -1.4180034e-02
   6.4548495e-01  -1.4326058e-02
   6.4214047e-01  -1.4472502e-02
   6.3879599e-01  -1.4619358e-02
   6.3545151e-01  -1.4766620e-02
   6.3210702e-01  -1.4914279e-02
   6.2876254e-01  -1.5062327e-02
   6.2541806e-01  -1.5210755e-02
   6.2207358e-01  -1.5359555e-02
   6.1872910e-01  -1.5508717e-02
   6.1538462e-01  -1.5658230e-02
   6.1204013e-01  -1.5808085e-02
   6.0869565e-01  -1.5958270e-02
   6.0535117e-01  -1.6108775e-02
   6.0200669e-01  -1.6259586e-02
   5.9866221e-01  -1.6410693e-02
   5.9531773e-01  -1.6562082e-02
   5.9197324e-01  -1.6713740e-02
   5.8862876e-01  -1.6865654e-02
   5.8528428e-01  -1.7017810e-02
   5.8193980e-01  -1.7170193e-02
   5.7859532e-01  -1.7322789e-02
   5.7525084e-01  -1.7475582e-02
   5.7190635e-01  -1.7628556e-02
   5.6856187e-01  -1.7781696e-02
   5.6521739e-01  -1.7934985e-02
   5.6187291e-01  -1.8088406e-02
   5.5852843e-01  -1.8241941e-02
   5.5518395e-01  -1.8395573e-02
   5.5183946e-01  -1.8549282e-02
   5.4849498e-01  -1.8703052e-02
   5.4515050e-01  -1.8856862e-02
   5.4180602e-01  -1.9010692e-02
   5.3846154e-01  -1.9164523e-02
   5.3511706e-01  -1.9318335e-02
   5.3177258e-01  -1.9472106e-02
   5.2842809e-01  -1.9625815e-02
   5.2508361e-01  -1.9779440e-02
   5.2173913e-01  -1.9932960e-02
   5.1839465e-01  -2.0086351e-02
   5.1505017e-01  -2.0239590e-02
   5.1170569e-01  -2.0392655e-02
   5.0836120e-01  -2.0545521e-02
   5.0501672e-01  -2.0698163e-02
   5.0167224e-01  -2.0850558e-02
   4.9832776e-01  -2.1002679e-02
   4.9498328e-01  -2.1154502e-02
   4.9163880e-01  -2.1306000e-02
   4.8829431e-01  -2.1457146e-02
   4.8494983e-01  -2.1607914e-02
   4.8160535e-01  -2.1758277e-02
   4.7826087e-01  -2.1908206e-02
   4.7491639e-01  -2.2057673e-02
   4.7157191e-01  -2.2206650e-02
   4.6822742e-01  -2.2355107e-02
   4.6488294e-01  -2.2503015e-02
   4.6153846e-01  -2.2650344e-02
   4.5819398e-01  -2.2797064e-02
   4.5484950e-01  -2.2943142e-02
   4.5150502e-01  -2.3088549e-02
   4.4816054e-01  -2.3233252e-02
   4.4481605e-01  -2.3377218e-02
   4.4147157e-01  -2.3520416e-02
   4.3812709e-01  -2.3662812e-02
   4.3478261e-01  -2.3804372e-02
   4.3143813e-01  -2.3945062e-02
   4.2809365e-01  -2.4084847e-02
   4.2474916e-01  -2.4223693e-02
   4.2140468e-01  -2.4361563e-02
   4.1806020e-01  -2.4498422e-02
   4.1471572e-01  -2.4634234e-02
   4.1137124e-01  -2.4768960e-02
   4.0802676e-01  -2.4902564e-02
   4.0468227e-01  -2.5035008e-02
   4.0133779e-01  -2.5166252e-02
   3.9799331e-01  -2.5296259e-02
   3.9464883e-01  -2.5424987e-02
   3.9130435e-01  -2.5552399e-02
   3.8795987e-01  -2.5678451e-02
   3.8461538e-01  -2.5803104e-02
   3.8127090e-01  -2.5926316e-02
   3.7792642e-01  -2.6048045e-02
   3.7458194e-01  -2.6168247e-02
   3.7123746e-01  -2.6286880e-02
   3.6789298e-01  -2.6403898e-02
   3.6454849e-01  -2.6519259e-02
   3.6120401e-01  -2.6632917e-02
   3.5785953e-01  -2.6744825e-02
   3.5451505e-01  -2.6854938e-02
   3.5117057e-01  -2.6963209e-02
   3.4782609e-01  -2.7069589e-02
   3.4448161e-01  -2.7174032e-02
   3.4113712e-01  -2.7276487e-02
   3.3779264e-01  -2.7376905e-02
   3.3444816e-01  -2.7475237e-02
   3.3110368e-01  -2.7571430e-02
   3.2775920e-01  -2.7665433e-02
   3.2441472e-01  -2.7757194e-02
   3.2107023e-01  -2.7846660e-02
   3.1772575e-01  -2.7933776e-02
   3.1438127e-01  -2.8018488e-02
   3.1103679e-01  -2.8100740e-02
   3.0769231e-01  -2.8180476e-02
   3.0434783e-01  -2.8257638e-02
   3.0100334e-01  -2.8332168e-02
   2.9765886e-01  -2.8404007e-02
   2.9431438e-01  -2.8473095e-02
   2.9096990e-01  -2.8539372e-02
   2.8762542e-01  -2.8602774e-02
   2.8428094e-01  -2.8663239e-02
   2.8093645e-01  -2.8720704e-02
   2.7759197e-01  -2.8775101e-02
   2.7424749e-01  -2.8826367e-02
   2.7090301e-01  -2.8874432e-02
   2.6755853e-01  -2.8919228e-02
   2.6421405e-01  -2.8960685e-02
   2.6086957e-01  -2.8998733e-02
   2.5752508e-01  -2.9033297e-02
   2.5418060e-01  -2.9064304e-02
   2.5083612e-01  -2.9091679e-02
   2.4749164e-01  -2.9115345e-02
   2.4414716e-01  -2.9135222e-02
   2.4080268e-01  -2.9151230e-02
   2.3745819e-01  -2.9163288e-02
   2.3411371e-01  -2.9171311e-02
   2.3076923e-01  -2.9175214e-02
   2.2742475e-01  -2.9174908e-02
   2.2408027e-01  -2.9170304e-02
   2.2073579e-01  -2.9161310e-02
   2.1739130e-01  -2.9147832e-02
   2.1404682e-01  -2.9129772e-02
   2.1070234e-01  -2.9107031e-02
   2.0735786e-01  -2.9079507e-02
   2.0401338e-01  -2.9047096e-02
   2.0066890e-01  -2.9009690e-02
   1.9732441e-01  -2.8967177e-02
   1.9397993e-01  -2.8919444e-02
   1.9063545e-01  -2.8866372e-02
   1.8729097e-01  -2.8807842e-02
   1.8394649e-01  -2.8743726e-02
   1.8060201e-01  -2.8673895e-02
   1.7725753e-01  -2.8598217e-02
   1.7391304e-01  -2.8516551e-02
   1.7056856e-01  -2.8428754e-02
   1.6722408e-01  -2.8334677e-02
   1.6387960e-01  -2.8234164e-02
   1.6053512e-01  -2.8127056e-02
   1.5719064e-01  -2.8013185e-02
   1.5384615e-01  -2.7892375e-02
   1.5050167e-01  -2.7764444e-02
   1.4715719e-01  -2.7629202e-02
   1.4381271e-01  -2.7486450e-02
   1.4046823e-01  -2.7335978e-02
   1.3712375e-01  -2.7177567e-02
   1.3377926e-01  -2.7010988e-02
   1.3043478e-01  -2.6835997e-02
   1.2709030e-01  -2.6652338e-02
   1.2374582e-01  -2.6459741e-02
   1.2040134e-01  -2.6257921e-02
   1.1705686e-01  -2.6046572e-02
   1.1371237e-01  -2.5825374e-02
   1.1036789e-01  -2.5593981e-02
   1.0702341e-01  -2.5352028e-02
   1.0367893e-01  -2.5099120e-02
   1.0033445e-01  -2.4834838e-02
   9.6989967e-02  -2.4558727e-02
   9.3645485e-02  -2.4270298e-02
   9.0301003e-02  -2.3969021e-02
   8.6956522e-02  -2.3654321e-02
   8.3612040e-02  -2.3325570e-02
   8.0267559e-02  -2.2982084e-02
   7.6923077e-02  -2.2623108e-02
   7.3578595e-02  -2.2247812e-02
   7.0234114e-02  -2.1855273e-02
   6.6889632e-02  -2.1444465e-02
   6.3545151e-02  -2.1014239e-02
   6.0200669e-02  -2.0563297e-02
   5.6856187e-02  -2.0090167e-02
   5.3511706e-02  -1.9593167e-02
   5.0167224e-02  -1.9070354e-02
   4.6822742e-02  -1.8519471e-02
   4.3478261e-02  -1.7937857e-02
   4.0133779e-02  -1.7322346e-02
   3.6789298e-02  -1.6669114e-02
   3.3444816e-02  -1.5973464e-02
   3.0100334e-02  -1.5229516e-02
   2.6755853e-02  -1.4429737e-02
   2.3411371e-02  -1.3564187e-02
   2.0066890e-02  -1.2619278e-02
   1.6722408e-02  -1.1575526e-02
   1.3377926e-02  -1.0403160e-02
   1.0033445e-02  -9.0522835e-03
   6.6889632e-03  -7.4260423e-03
   3.3444816e-03  -5.2755769e-03
   0.0000000e+00  -0.0000000e+00
