   0.0000000e+00   0.0000000e+00
   3.3444816e-03   1.7763108e-02
   6.6889632e-03   2.5070601e-02
   1.0033445e-02   3.0642443e-02
   1.3377926e-02   3.5309220e-02
   1.6722408e-02   3.9393175e-02
   2.0066890e-02   4.3059807e-02
   2.3411371e-02   4.6407555e-02
   2.6755853e-02   4.9500632e-02
   3.0100334e-02   5.2383687e-02
   3.3444816e-02   5.5089264e-02
   3.6789298e-02   5.7641955e-02
   4.0133779e-02   6.0060883e-02
   4.3478261e-02   6.2361268e-02
   4.6822742e-02   6.4555466e-02
   5.0167224e-02   6.6653667e-02
   5.3511706e-02   6.8664396e-02
   5.6856187e-02   7.0594873e-02
   6.0200669e-02   7.2451275e-02
   6.3545151e-02   7.4238939e-02
   6.6889632e-02   7.5962514e-02
   7.0234114e-02   7.7626079e-02
   7.3578595e-02   7.9233240e-02
   7.6923077e-02   8.0787200e-02
   8.0267559e-02   8.2290825e-02
   8.3612040e-02   8.3746687e-02
   8.6956522e-02   8.5157111e-02
   9.0301003e-02   8.6524204e-02
   9.3645485e-02   8.7849882e-02
   9.6989967e-02   8.9135900e-02
   1.0033445e-01   9.0383862e-02
   1.0367893e-01   9.1595249e-02
   1.0702341e-01   9.2771424e-02
   1.1036789e-01   9.3913651e-02
   1.1371237e-01   9.5023100e-02
   1.1705686e-01   9.6100863e-02
   1.2040134e-01   9.7147956e-02
   1.2374582e-01   9.8165331e-02
   1.2709030e-01   9.9153878e-02
   1.3043478e-01   1.0011443e-01
   1.3377926e-01   1.0104779e-01
   1.3712375e-01   1.0195468e-01
   1.4046823e-01   1.0283581e-01
   1.4381271e-01   1.0369184e-01
   1.4715719e-01   1.0452340e-01
   1.5050167e-01   1.0533109e-01
   1.5384615e-01   1.0611547e-01
   1.5719064e-01   1.0687708e-01
   1.6053512e-01   1.0761644e-01
   1.6387960e-01   1.0833404e-01
   1.6722408e-01   1.0903035e-01
   1.7056856e-01   1.0970581e-01
   1.7391304e-01   1.1036087e-01
   1.7725753e-01   1.1099593e-01
   1.8060201e-01   1.1161139e-01
   1.8394649e-01   1.1220763e-01
   1.8729097e-01   1.1278502e-01
   1.9063545e-01   1.1334391e-01
   1.9397993e-01   1.1388465e-01
   1.9732441e-01   1.1440757e-01
   2.0066890e-01   1.1491298e-01
   2.0401338e-01   1.1540120e-01
   2.0735786e-01   1.1587252e-01
   2.1070234e-01   1.1632724e-01
   2.1404682e-01   1.1676562e-01
   2.1739130e-01   1.1718796e-01
   2.2073579e-01   1.1759450e-01
   2.2408027e-01   1.1798552e-01
   2.2742475e-01   1.1836125e-01
   2.3076923e-01   1.1872195e-01
   2.3411371e-01   1.1906784e-01
   2.3745819e-01   1.1939917e-01
   2.4080268e-01   1.1971615e-01
   2.4414716e-01   1.2001901e-01
   2.4749164e-01   1.2030795e-01
   2.5083612e-01   1.2058320e-01
   2.5418060e-01   1.2084495e-01
   2.5752508e-01   1.2109341e-01
   2.6086957e-01   1.2132877e-01
   2.6421405e-01   1.2155122e-01
   2.6755853e-01   1.2176095e-01
   2.7090301e-01   1.2195814e-01
   2.7424749e-01   1.2214298e-01
   2.7759197e-01   1.2231563e-01
   2.8093645e-01   1.2247628e-01
   2.8428094e-01   1.2262509e-01
   2.8762542e-01   1.2276223e-01
   2.9096990e-01   1.2288786e-01
   2.9431438e-01   1.2300214e-01
   2.9765886e-01   1.2310522e-01
   3.0100334e-01   1.2319727e-01
   3.0434783e-01   1.2327844e-01
   3.0769231e-01   1.2334887e-01
   3.1103679e-01   1.2340871e-01
   3.1438127e-01   1.2345810e-01
   3.1772575e-01   1.2349718e-01
   3.2107023e-01   1.2352611e-01
   3.2441472e-01   1.2354500e-01
   3.2775920e-01   1.2355400e-01
   3.3110368e-01   1.2355323e-01
   3.3444816e-01   1.2354284e-01
   3.3779264e-01   1.2352294e-01
   3.4113712e-01   1.2349367e-01
   3.4448161e-01   1.2345514e-01
   3.4782609e-01   1.2340748e-01
   3.5117057e-01   1.2335081e-01
   3.5451505e-01   1.2328525e-01
   3.5785953e-01   1.2321092e-01
   3.6120401e-01   1.2312792e-01
   3.6454849e-01   1.2303638e-01
   3.6789298e-01   1.2293640e-01
   3.7123746e-01   1.2282809e-01
   3.7458194e-01   1.2271157e-01
   3.7792642e-01   1.2258693e-01
   3.8127090e-01   1.2245429e-01
   3.8461538e-01   1.2231374e-01
   3.8795987e-01   1.2216539e-01
   3.9130435e-01   1.2200933e-01
   3.9464883e-01   1.2184567e-01
   3.9799331e-01   1.2167450e-01
   4.0133779e-01   1.2149592e-01
   4.0468227e-01   1.2131002e-01
   4.0802676e-01   1.2111689e-01
   4.1137124e-01   1.2091662e-01
   4.1471572e-01   1.2070931e-01
   4.1806020e-01   1.2049503e-01
   4.2140468e-01   1.2027388e-01
   4.2474916e-01   1.2004594e-01
   4.2809365e-01   1.1981130e-01
   4.3143813e-01   1.1957003e-01
   4.3478261e-01   1.1932222e-01
   4.3812709e-01   1.1906795e-01
   4.4147157e-01   1.1880729e-01
   4.4481605e-01   1.1854033e-01
   4.4816054e-01   1.1826712e-01
   4.5150502e-01   1.1798776e-01
   4.5484950e-01   1.1770231e-01
   4.5819398e-01   1.1741084e-01
   4.6153846e-01   1.1711343e-01
   4.6488294e-01   1.1681013e-01
   4.6822742e-01   1.1650102e-01
   4.7157191e-01   1.1618617e-01
   4.7491639e-01   1.1586563e-01
   4.7826087e-01   1.1553947e-01
   4.8160535e-01   1.1520776e-01
   4.8494983e-01   1.1487054e-01
   4.8829431e-01   1.1452789e-01
   4.9163880e-01   1.1417985e-01
   4.9498328e-01   1.1382649e-01
   4.9832776e-01   1.1346786e-01
   5.0167224e-01   1.1310400e-01
   5.0501672e-01   1.1273499e-01
   5.0836120e-01   1.1236086e-01
   5.1170569e-01   1.1198166e-01
   5.1505017e-01   1.1159745e-01
   5.1839465e-01   1.1120826e-01
   5.2173913e-01   1.1081415e-01
   5.2508361e-01   1.1041516e-01
   5.2842809e-01   1.1001133e-01
   5.3177258e-01   1.0960271e-01
   5.3511706e-01   1.0918932e-01
   5.3846154e-01   1.0877122e-01
   5.4180602e-01   1.0834844e-01
   5.4515050e-01   1.0792102e-01
   5.4849498e-01   1.0748898e-01
   5.5183946e-01   1.0705237e-01
   5.5518395e-01   1.0661121e-01
   5.5852843e-01   1.0616553e-01
   5.6187291e-01   1.0571538e-01
   5.6521739e-01   1.0526076e-01
   5.6856187e-01   1.0480171e-01
   5.7190635e-01   1.0433826e-01
   5.7525084e-01   1.0387042e-01
   5.7859532e-01   1.0339823e-01
   5.8193980e-01   1.0292169e-01
   5.8528428e-01   1.0244084e-01
   5.8862876e-01   1.0195568e-01
   5.9197324e-01   1.0146624e-01
   5.9531773e-01   1.0097253e-01
   5.9866221e-01   1.0047456e-01
   6.0200669e-01   9.9972350e-02
   6.0535117e-01   9.9465907e-02
   6.0869565e-01   9.8955241e-02
   6.1204013e-01   9.8440360e-02
   6.1538462e-01   9.7921271e-02
   6.1872910e-01   9.7397980e-02
   6.2207358e-01   9.6870491e-02
   6.2541806e-01   9.6338805e-02
   6.2876254e-01   9.5802924e-02
   6.3210702e-01   9.5262848e-02
   6.3545151e-01   9.4718574e-02
   6.3879599e-01   9.4170099e-02
   6.4214047e-01   9.3617418e-02
   6.4548495e-01   9.3060525e-02
   6.4882943e-01   9.2499412e-02
   6.5217391e-01   9.1934070e-02
   6.5551839e-01   9.1364488e-02
   6.5886288e-01   9.0790654e-02
   6.6220736e-01   9.0212554e-02
   6.6555184e-01   8.9630172e-02
   6.6889632e-01   8.9043492e-02
   6.7224080e-01   8.8452496e-02
   6.7558528e-01   8.7857164e-02
   6.7892977e-01   8.7257475e-02
   6.8227425e-01   8.6653405e-02
   6.8561873e-01   8.6044930e-02
   6.8896321e-01   8.5432024e-02
   6.9230769e-01   8.4814660e-02
   6.9565217e-01   8.4192809e-02
   6.9899666e-01   8.3566440e-02
   7.0234114e-01   8.2935521e-02
   7.0568562e-01   8.2300018e-02
   7.0903010e-01   8.1659896e-02
   7.1237458e-01   8.1015119e-02
   7.1571906e-01   8.0365647e-02
   7.1906355e-01   7.9711440e-02
   7.2240803e-01   7.9052457e-02
   7.2575251e-01   7.8388655e-02
   7.2909699e-01   7.7719989e-02
   7.3244147e-01   7.7046412e-02
   7.3578595e-01   7.6367876e-02
   7.3913043e-01   7.5684332e-02
   7.4247492e-01   7.4995728e-02
   7.4581940e-01   7.4302011e-02
   7.4916388e-01   7.3603127e-02
   7.5250836e-01   7.2899019e-02
   7.5585284e-01   7.2189630e-02
   7.5919732e-01   7.1474899e-02
   7.6254181e-01   7.0754767e-02
   7.6588629e-01   7.0029169e-02
   7.6923077e-01   6.9298041e-02
   7.7257525e-01   6.8561317e-02
   7.7591973e-01   6.7818930e-02
   7.7926421e-01   6.7070809e-02
   7.8260870e-01   6.6316883e-02
   7.8595318e-01   6.5557079e-02
   7.8929766e-01   6.4791323e-02
   7.9264214e-01   6.4019537e-02
   7.9598662e-01   6.3241645e-02
   7.9933110e-01   6.2457565e-02
   8.0267559e-01   6.1667217e-02
   8.0602007e-01   6.0870517e-02
   8.0936455e-01   6.0067379e-02
   8.1270903e-01   5.9257718e-02
   8.1605351e-01   5.8441445e-02
   8.1939799e-01   5.7618469e-02
   8.2274247e-01   5.6788697e-02
   8.2608696e-01   5.5952037e-02
   8.2943144e-01   5.5108393e-02
   8.3277592e-01   5.4257667e-02
   8.3612040e-01   5.3399760e-02
   8.3946488e-01   5.2534571e-02
   8.4280936e-01   5.1661997e-02
   8.4615385e-01   5.0781933e-02
   8.4949833e-01   4.9894274e-02
   8.5284281e-01   4.8998911e-02
   8.5618729e-01   4.8095734e-02
   8.5953177e-01   4.7184630e-02
   8.6287625e-01   4.6265488e-02
   8.6622074e-01   4.5338190e-02
   8.6956522e-01   4.4402619e-02
   8.7290970e-01   4.3458657e-02
   8.7625418e-01   4.2506181e-02
   8.7959866e-01   4.1545070e-02
   8.8294314e-01   4.0575199e-02
   8.8628763e-01   3.9596440e-02
   8.8963211e-01   3.8608665e-02
   8.9297659e-01   3.7611744e-02
   8.9632107e-01   3.6605545e-02
   8.9966555e-01   3.5589933e-02
   9.0301003e-01   3.4564772e-02
   9.0635452e-01   3.3529924e-02
   9.0969900e-01   3.2485249e-02
   9.1304348e-01   3.1430606e-02
   9.1638796e-01   3.0365850e-02
   9.1973244e-01   2.9290836e-02
   9.2307692e-01   2.8205417e-02
   9.2642140e-01   2.7109442e-02
   9.2976589e-01   2.6002761e-02
   9.3311037e-01   2.4885219e-02
   9.3645485e-01   2.3756663e-02
   9.3979933e-01   2.2616933e-02
   9.4314381e-01   2.1465871e-02
   9.4648829e-01   2.0303315e-02
   9.4983278e-01   1.9129103e-02
   9.5317726e-01   1.7943069e-02
   9.5652174e-01   1.6745046e-02
   9.5986622e-01   1.5534865e-02
   9.6321070e-01   1.4312354e-02
   9.6655518e-01   1.3077340e-02
   9.6989967e-01   1.1829648e-02
   9.7324415e-01   1.0569101e-02
   9.7658863e-01   9.2955195e-03
   9.7993311e-01   8.0087222e-03
   9.8327759e-01   6.7085259e-03
   9.8662207e-01   5.3947451e-03
   9.8996656e-01   4.0671926e-03
   9.9331104e-01   2.7256789e-03
   9.9665552e-01   1.3700126e-03
   1.0000000e+00   0.0000000e+00
   1.0000000e+00   0.0000000e+00
   9.9665552e-01   2.9044272e-04
   9.9331104e-01   5.6909901e-04
   9.8996656e-01   8.3622397e-04
   9.8662207e-01   1.0920699e-03
   9.8327759e-01   1.3368865e-03
   9.7993311e-01   1.5709203e-03
   9.7658863e-01   1.7944156e-03
   9.7324415e-01   2.0076136e-03
   9.6989967e-01   2.2107528e-03
   9.6655518e-01   2.4040692e-03
   9.6321070e-01   2.5877957e-03
   9.5986622e-01   2.7621629e-03
   9.5652174e-01   2.9273984e-03
   9.5317726e-01   3.0837273e-03
   9.4983278e-01   3.2313719e-03
   9.4648829e-01   3.3705519e-03
   9.4314381e-01   3.5014843e-03
   9.3979933e-01   3.6243834e-03
   9.3645485e-01   3.7394610e-03
   9.3311037e-01   3.8469261e-03
   9.2976589e-01   3.9469853e-03
   9.2642140e-01   4.0398423e-03
   9.2307692e-01   4.1256985e-03
   9.1973244e-01   4.2047523e-03
   9.1638796e-01   4.2771999e-03
   9.1304348e-01   4.3432348e-03
   9.0969900e-01   4.4030479e-03
   9.0635452e-01   4.4568275e-03
   9.0301003e-01   4.5047594e-03
   8.9966555e-01   4.5470270e-03
   8.9632107e-01   4.5838109e-03
   8.9297659e-01   4.6152893e-03
   8.8963211e-01   4.6416380e-03
   8.8628763e-01   4.6630301e-03
   8.8294314e-01   4.6796365e-03
   8.7959866e-01   4.6916253e-03
   8.7625418e-01   4.6991623e-03
   8.7290970e-01   4.7024108e-03
   8.6956522e-01   4.7015316e-03
   8.6622074e-01   4.6966833e-03
   8.6287625e-01   4.6880217e-03
   8.5953177e-01   4.6757005e-03
   8.5618729e-01   4.6598708e-03
   8.5284281e-01   4.6406814e-03
   8.4949833e-01   4.6182786e-03
   8.4615385e-01   4.5928065e-03
   8.4280936e-01   4.5644066e-03
   8.3946488e-01   4.5332183e-03
   8.3612040e-01   4.4993784e-03
   8.3277592e-01   4.4630215e-03
   8.2943144e-01   4.4242798e-03
   8.2608696e-01   4.3832834e-03
   8.2274247e-01   4.3401598e-03
   8.1939799e-01   4.2950344e-03
   8.1605351e-01   4.2480302e-03
   8.1270903e-01   4.1992680e-03
   8.0936455e-01   4.1488662e-03
   8.0602007e-01   4.0969412e-03
   8.0267559e-01   4.0436070e-03
   7.9933110e-01   3.9889753e-03
   7.9598662e-01   3.9331557e-03
   7.9264214e-01   3.8762555e-03
   7.8929766e-01   3.8183799e-03
   7.8595318e-01   3.7596319e-03
   7.8260870e-01   3.7001123e-03
   7.7926421e-01   3.6399195e-03
   7.7591973e-01   3.5791502e-03
   7.7257525e-01   3.5178987e-03
   7.6923077e-01   3.4562571e-03
   7.6588629e-01   3.3943154e-03
   7.6254181e-01   3.3321618e-03
   7.5919732e-01   3.2698819e-03
   7.5585284e-01   3.2075596e-03
   7.5250836e-01   3.1452767e-03
   7.4916388e-01   3.0831126e-03
   7.4581940e-01   3.0211450e-03
   7.4247492e-01   2.9594494e-03
   7.3913043e-01   2.8980993e-03
   7.3578595e-01   2.8371663e-03
   7.3244147e-01   2.7767198e-03
   7.2909699e-01   2.7168273e-03
   7.2575251e-01   2.6575543e-03
   7.2240803e-01   2.5989643e-03
   7.1906355e-01   2.5411190e-03
   7.1571906e-01   2.4840780e-03
   7.1237458e-01   2.4278989e-03
   7.0903010e-01   2.3726375e-03
   7.0568562e-01   2.3183478e-03
   7.0234114e-01   2.2650816e-03
   6.9899666e-01   2.2128892e-03
   6.9565217e-01   2.1618186e-03
   6.9230769e-01   2.1119163e-03
   6.8896321e-01   2.0632268e-03
   6.8561873e-01   2.0157927e-03
   6.8227425e-01   1.9696549e-03
   6.7892977e-01   1.9248524e-03
   6.7558528e-01   1.8814226e-03
   6.7224080e-01   1.8394007e-03
   6.6889632e-01   1.7988207e-03
   6.6555184e-01   1.7597143e-03
   6.6220736e-01   1.7221118e-03
   6.5886288e-01   1.6860417e-03
   6.5551839e-01   1.6515306e-03
   6.5217391e-01   1.6186037e-03
   6.4882943e-01   1.5872843e-03
   6.4548495e-01   1.5575941e-03
   6.4214047e-01   1.5295530e-03
   6.3879599e-01   1.5031795e-03
   6.3545151e-01   1.4784902e-03
   6.3210702e-01   1.4555003e-03
   6.2876254e-01   1.4342232e-03
   6.2541806e-01   1.4146710e-03
   6.2207358e-01   1.3968538e-03
   6.1872910e-01   1.3807804e-03
   6.1538462e-01   1.3664580e-03
   6.1204013e-01   1.3538924e-03
   6.0869565e-01   1.3430876e-03
   6.0535117e-01   1.3340463e-03
   6.0200669e-01   1.3267696e-03
   5.9866221e-01   1.3212572e-03
   5.9531773e-01   1.3175072e-03
   5.9197324e-01   1.3155165e-03
   5.8862876e-01   1.3152803e-03
   5.8528428e-01   1.3167926e-03
   5.8193980e-01   1.3200457e-03
   5.7859532e-01   1.3250309e-03
   5.7525084e-01   1.3317378e-03
   5.7190635e-01   1.3401549e-03
   5.6856187e-01   1.3502691e-03
   5.6521739e-01   1.3620662e-03
   5.6187291e-01   1.3755306e-03
   5.5852843e-01   1.3906453e-03
   5.5518395e-01   1.4073921e-03
   5.5183946e-01   1.4257518e-03
   5.4849498e-01   1.4457035e-03
   5.4515050e-01   1.4672253e-03
   5.4180602e-01   1.4902943e-03
   5.3846154e-01   1.5148859e-03
   5.3511706e-01   1.5409747e-03
   5.3177258e-01   1.5685342e-03
   5.2842809e-01   1.5975364e-03
   5.2508361e-01   1.6279525e-03
   5.2173913e-01   1.6597524e-03
   5.1839465e-01   1.6929050e-03
   5.1505017e-01   1.7273781e-03
   5.1170569e-01   1.7631385e-03
   5.0836120e-01   1.8001519e-03
   5.0501672e-01   1.8383829e-03
   5.0167224e-01   1.8777954e-03
   4.9832776e-01   1.9183519e-03
   4.9498328e-01   1.9600142e-03
   4.9163880e-01   2.0027433e-03
   4.8829431e-01   2.0464988e-03
   4.8494983e-01   2.0912399e-03
   4.8160535e-01   2.1369246e-03
   4.7826087e-01   2.1835102e-03
   4.7491639e-01   2.2309530e-03
   4.7157191e-01   2.2792087e-03
   4.6822742e-01   2.3282319e-03
   4.6488294e-01   2.3779766e-03
   4.6153846e-01   2.4283961e-03
   4.5819398e-01   2.4794428e-03
   4.5484950e-01   2.5310685e-03
   4.5150502e-01   2.5832243e-03
   4.4816054e-01   2.6358604e-03
   4.4481605e-01   2.6889266e-03
   4.4147157e-01   2.7423721e-03
   4.3812709e-01   2.7961452e-03
   4.3478261e-01   2.8501939e-03
   4.3143813e-01   2.9044654e-03
   4.2809365e-01   2.9589067e-03
   4.2474916e-01   3.0134638e-03
   4.2140468e-01   3.0680827e-03
   4.1806020e-01   3.1227086e-03
   4.1471572e-01   3.1772863e-03
   4.1137124e-01   3.2317603e-03
   4.0802676e-01   3.2860747e-03
   4.0468227e-01   3.3401731e-03
   4.0133779e-01   3.3939988e-03
   3.9799331e-01   3.4474948e-03
   3.9464883e-01   3.5006040e-03
   3.9130435e-01   3.5532687e-03
   3.8795987e-01   3.6054311e-03
   3.8461538e-01   3.6570333e-03
   3.8127090e-01   3.7080172e-03
   3.7792642e-01   3.7583244e-03
   3.7458194e-01   3.8078964e-03
   3.7123746e-01   3.8566747e-03
   3.6789298e-01   3.9046009e-03
   3.6454849e-01   3.9516161e-03
   3.6120401e-01   3.9976619e-03
   3.5785953e-01   4.0426797e-03
   3.5451505e-01   4.0866108e-03
   3.5117057e-01   4.1293969e-03
   3.4782609e-01   4.1709797e-03
   3.4448161e-01   4.2113011e-03
   3.4113712e-01   4.2503030e-03
   3.3779264e-01   4.2879279e-03
   3.3444816e-01   4.3241183e-03
   3.3110368e-01   4.3588170e-03
   3.2775920e-01   4.3919673e-03
   3.2441472e-01   4.4235128e-03
   3.2107023e-01   4.4533974e-03
   3.1772575e-01   4.4815658e-03
   3.1438127e-01   4.5079628e-03
   3.1103679e-01   4.5325340e-03
   3.0769231e-01   4.5552254e-03
   3.0434783e-01   4.5759839e-03
   3.0100334e-01   4.5947568e-03
   2.9765886e-01   4.6114923e-03
   2.9431438e-01   4.6261392e-03
   2.9096990e-01   4.6386473e-03
   2.8762542e-01   4.6489670e-03
   2.8428094e-01   4.6570500e-03
   2.8093645e-01   4.6628485e-03
   2.7759197e-01   4.6663161e-03
   2.7424749e-01   4.6674073e-03
   2.7090301e-01   4.6660777e-03
   2.6755853e-01   4.6622841e-03
   2.6421405e-01   4.6559846e-03
   2.6086957e-01   4.6471386e-03
   2.5752508e-01   4.6357067e-03
   2.5418060e-01   4.6216512e-03
   2.5083612e-01   4.6049357e-03
   2.4749164e-01   4.5855254e-03
   2.4414716e-01   4.5633872e-03
   2.4080268e-01   4.5384895e-03
   2.3745819e-01   4.5108028e-03
   2.3411371e-01   4.4802993e-03
   2.3076923e-01   4.4469530e-03
   2.2742475e-01   4.4107402e-03
   2.2408027e-01   4.3716391e-03
   2.2073579e-01   4.3296303e-03
   2.1739130e-01   4.2846965e-03
   2.1404682e-01   4.2368229e-03
   2.1070234e-01   4.1859972e-03
   2.0735786e-01   4.1322098e-03
   2.0401338e-01   4.0754535e-03
   2.0066890e-01   4.0157244e-03
   1.9732441e-01   3.9530212e-03
   1.9397993e-01   3.8873459e-03
   1.9063545e-01   3.8187035e-03
   1.8729097e-01   3.7471026e-03
   1.8394649e-01   3.6725553e-03
   1.8060201e-01   3.5950771e-03
   1.7725753e-01   3.5146876e-03
   1.7391304e-01   3.4314104e-03
   1.7056856e-01   3.3452731e-03
   1.6722408e-01   3.2563080e-03
   1.6387960e-01   3.1645516e-03
   1.6053512e-01   3.0700456e-03
   1.5719064e-01   2.9728365e-03
   1.5384615e-01   2.8729763e-03
   1.5050167e-01   2.7705223e-03
   1.4715719e-01   2.6655380e-03
   1.4381271e-01   2.5580928e-03
   1.4046823e-01   2.4482626e-03
   1.3712375e-01   2.3361305e-03
   1.3377926e-01   2.2217864e-03
   1.3043478e-01   2.1053281e-03
   1.2709030e-01   1.9868615e-03
   1.2374582e-01   1.8665011e-03
   1.2040134e-01   1.7443705e-03
   1.1705686e-01   1.6206032e-03
   1.1371237e-01   1.4953430e-03
   1.1036789e-01   1.3687448e-03
   1.0702341e-01   1.2409754e-03
   1.0367893e-01   1.1122147e-03
   1.0033445e-01   9.8265611e-04
   9.6989967e-02   8.5250806e-04
   9.3645485e-02   7.2199518e-04
   9.0301003e-02   5.9135971e-04
   8.6956522e-02   4.6086311e-04
   8.3612040e-02   3.3078791e-04
   8.0267559e-02   2.0143987e-04
   7.6923077e-02   7.3150411e-05
   7.3578595e-02  -5.3720455e-05
   7.0234114e-02  -1.7878075e-04
   6.6889632e-02  -3.0160250e-04
   6.3545151e-02  -4.2171690e-04
   6.0200669e-02  -5.3860848e-04
   5.6856187e-02  -6.5170800e-04
   5.3511706e-02  -7.6038359e-04
   5.0167224e-02  -8.6392972e-04
   4.6822742e-02  -9.6155310e-04
   4.3478261e-02  -1.0523544e-03
   4.0133779e-02  -1.1353044e-03
   3.6789298e-02  -1.2092111e-03
   3.3444816e-02  -1.2726751e-03
   3.0100334e-02  -1.3240251e-03
   2.6755853e-02  -1.3612229e-03
   2.3411371e-02  -1.3817164e-03
   2.0066890e-02  -1.3822000e-03
   1.6722408e-02  -1.3581946e-03
   1.3377926e-02  -1.3032432e-03
   1.0033445e-02  -1.2071552e-03
   6.6889632e-03  -1.0513372e-03
   3.3444816e-03  -7.9100568e-04
   0.0000000e+00  -0.0000000e+00
