   0.0000000e+00   0.0000000e+00
   3.3444816e-03   6.0820600e-03
   6.6889632e-03   8.5802476e-03
   1.0033445e-02   1.0483414e-02
   1.3377926e-02   1.2076810e-02
   1.6722408e-02   1.3471306e-02
   2.0066890e-02   1.4723966e-02
   2.3411371e-02   1.5868805e-02
   2.6755853e-02   1.6928068e-02
   3.0100334e-02   1.7917260e-02
   3.3444816e-02   1.8847710e-02
   3.6789298e-02   1.9728002e-02
   4.0133779e-02   2.0564825e-02
   4.3478261e-02   2.1363516e-02
   4.6822742e-02   2.2128418e-02
   5.0167224e-02   2.2863117e-02
   5.3511706e-02   2.3570620e-02
   5.6856187e-02   2.4253476e-02
   6.0200669e-02   2.4913868e-02
   6.3545151e-02   2.5553684e-02
   6.6889632e-02   2.6174568e-02
   7.0234114e-02   2.6777962e-02
   7.3578595e-02   2.7365139e-02
   7.6923077e-02   2.7937230e-02
   8.0267559e-02   2.8495244e-02
   8.3612040e-02   2.9040083e-02
   8.6956522e-02   2.9572561e-02
   9.0301003e-02   3.0093413e-02
   9.3645485e-02   3.0603304e-02
   9.6989967e-02   3.1102839e-02
   1.0033445e-01   3.1592568e-02
   1.0367893e-01   3.2072996e-02
   1.0702341e-01   3.2544584e-02
   1.1036789e-01   3.3007753e-02
   1.1371237e-01   3.3462894e-02
   1.1705686e-01   3.3910364e-02
   1.2040134e-01   3.4350492e-02
   1.2374582e-01   3.4783584e-02
   1.2709030e-01   3.5209920e-02
   1.3043478e-01   3.5629762e-02
   1.3377926e-01   3.6043350e-02
   1.3712375e-01   3.6450908e-02
   1.4046823e-01   3.6852642e-02
   1.4381271e-01   3.7248746e-02
   1.4715719e-01   3.7639397e-02
   1.5050167e-01   3.8024761e-02
   1.5384615e-01   3.8404991e-02
   1.5719064e-01   3.8780230e-02
   1.6053512e-01   3.9150611e-02
   1.6387960e-01   3.9516256e-02
   1.6722408e-01   3.9877279e-02
   1.7056856e-01   4.0233785e-02
   1.7391304e-01   4.0585873e-02
   1.7725753e-01   4.0933632e-02
   1.8060201e-01   4.1277147e-02
   1.8394649e-01   4.1616494e-02
   1.8729097e-01   4.1951745e-02
   1.9063545e-01   4.2282966e-02
   1.9397993e-01   4.2610216e-02
   1.9732441e-01   4.2933550e-02
   2.0066890e-01   4.3253019e-02
   2.0401338e-01   4.3568669e-02
   2.0735786e-01   4.3880541e-02
   2.1070234e-01   4.4188673e-02
   2.1404682e-01   4.4493098e-02
   2.1739130e-01   4.4793848e-02
   2.2073579e-01   4.5090949e-02
   2.2408027e-01   4.5384424e-02
   2.2742475e-01   4.5674294e-02
   2.3076923e-01   4.5960577e-02
   2.3411371e-01   4.6243287e-02
   2.3745819e-01   4.6522438e-02
   2.4080268e-01   4.6798039e-02
   2.4414716e-01   4.7070097e-02
   2.4749164e-01   4.7338618e-02
   2.5083612e-01   4.7603605e-02
   2.5418060e-01   4.7865060e-02
   2.5752508e-01   4.8122981e-02
   2.6086957e-01   4.8377366e-02
   2.6421405e-01   4.8628211e-02
   2.6755853e-01   4.8875510e-02
   2.7090301e-01   4.9119256e-02
   2.7424749e-01   4.9359440e-02
   2.7759197e-01   4.9596051e-02
   2.8093645e-01   4.9829078e-02
   2.8428094e-01   5.0058508e-02
   2.8762542e-01   5.0284328e-02
   2.9096990e-01   5.0506522e-02
   2.9431438e-01   5.0725074e-02
   2.9765886e-01   5.0939966e-02
   3.0100334e-01   5.1151182e-02
   3.0434783e-01   5.1358701e-02
   3.0769231e-01   5.1562504e-02
   3.1103679e-01   5.1762571e-02
   3.1438127e-01   5.1958879e-02
   3.1772575e-01   5.2151408e-02
   3.2107023e-01   5.2340134e-02
   3.2441472e-01   5.2525033e-02
   3.2775920e-01   5.2706083e-02
   3.3110368e-01   5.2883259e-02
   3.3444816e-01   5.3056536e-02
   3.3779264e-01   5.3225888e-02
   3.4113712e-01   5.3391290e-02
   3.4448161e-01   5.3552716e-02
   3.4782609e-01   5.3710139e-02
   3.5117057e-01   5.3863533e-02
   3.5451505e-01   5.4012870e-02
   3.5785953e-01   5.4158124e-02
   3.6120401e-01   5.4299266e-02
   3.6454849e-01   5.4436270e-02
   3.6789298e-01   5.4569107e-02
   3.7123746e-01   5.4697750e-02
   3.7458194e-01   5.4822170e-02
   3.7792642e-01   5.4942339e-02
   3.8127090e-01   5.5058229e-02
   3.8461538e-01   5.5169812e-02
   3.8795987e-01   5.5277060e-02
   3.9130435e-01   5.5379945e-02
   3.9464883e-01   5.5478437e-02
   3.9799331e-01   5.5572511e-02
   4.0133779e-01   5.5662136e-02
   4.0468227e-01   5.5747286e-02
   4.0802676e-01   5.5827933e-02
   4.1137124e-01   5.5904049e-02
   4.1471572e-01   5.5975608e-02
   4.1806020e-01   5.6042580e-02
   4.2140468e-01   5.6104941e-02
   4.2474916e-01   5.6162663e-02
   4.2809365e-01   5.6215719e-02
   4.3143813e-01   5.6264083e-02
   4.3478261e-01   5.6307730e-02
   4.3812709e-01   5.6346634e-02
   4.4147157e-01   5.6380769e-02
   4.4481605e-01   5.6410110e-02
   4.4816054e-01   5.6434634e-02
   4.5150502e-01   5.6454315e-02
   4.5484950e-01   5.6469131e-02
   4.5819398e-01   5.6479056e-02
   4.6153846e-01   5.6484070e-02
   4.6488294e-01   5.6484148e-02
   4.6822742e-01   5.6479269e-02
   4.7157191e-01   5.6469411e-02
   4.7491639e-01   5.6454553e-02
   4.7826087e-01   5.6434675e-02
   4.8160535e-01   5.6409756e-02
   4.8494983e-01   5.6379776e-02
   4.8829431e-01   5.6344717e-02
   4.9163880e-01   5.6304560e-02
   4.9498328e-01   5.6259286e-02
   4.9832776e-01   5.6208879e-02
   5.0167224e-01   5.6153322e-02
   5.0501672e-01   5.6092599e-02
   5.0836120e-01   5.6026693e-02
   5.1170569e-01   5.5955590e-02
   5.1505017e-01   5.5879276e-02
   5.1839465e-01   5.5797736e-02
   5.2173913e-01   5.5710959e-02
   5.2508361e-01   5.5618931e-02
   5.2842809e-01   5.5521641e-02
   5.3177258e-01   5.5419077e-02
   5.3511706e-01   5.5311231e-02
   5.3846154e-01   5.5198091e-02
   5.4180602e-01   5.5079650e-02
   5.4515050e-01   5.4955899e-02
   5.4849498e-01   5.4826831e-02
   5.5183946e-01   5.4692440e-02
   5.5518395e-01   5.4552719e-02
   5.5852843e-01   5.4407664e-02
   5.6187291e-01   5.4257270e-02
   5.6521739e-01   5.4101534e-02
   5.6856187e-01   5.3940454e-02
   5.7190635e-01   5.3774028e-02
   5.7525084e-01   5.3602255e-02
   5.7859532e-01   5.3425134e-02
   5.8193980e-01   5.3242667e-02
   5.8528428e-01   5.3054856e-02
   5.8862876e-01   5.2861702e-02
   5.9197324e-01   5.2663210e-02
   5.9531773e-01   5.2459383e-02
   5.9866221e-01   5.2250227e-02
   6.0200669e-01   5.2035748e-02
   6.0535117e-01   5.1815952e-02
   6.0869565e-01   5.1590849e-02
   6.1204013e-01   5.1360447e-02
   6.1538462e-01   5.1124756e-02
   6.1872910e-01   5.0883786e-02
   6.2207358e-01   5.0637549e-02
   6.2541806e-01   5.0386059e-02
   6.2876254e-01   5.0129328e-02
   6.3210702e-01   4.9867373e-02
   6.3545151e-01   4.9600207e-02
   6.3879599e-01   4.9327849e-02
   6.4214047e-01   4.9050316e-02
   6.4548495e-01   4.8767626e-02
   6.4882943e-01   4.8479800e-02
   6.5217391e-01   4.8186858e-02
   6.5551839e-01   4.7888822e-02
   6.5886288e-01   4.7585716e-02
   6.6220736e-01   4.7277563e-02
   6.6555184e-01   4.6964388e-02
   6.6889632e-01   4.6646218e-02
   6.7224080e-01   4.6323079e-02
   6.7558528e-01   4.5995001e-02
   6.7892977e-01   4.5662013e-02
   6.8227425e-01   4.5324145e-02
   6.8561873e-01   4.4981429e-02
   6.8896321e-01   4.4633898e-02
   6.9230769e-01   4.4281585e-02
   6.9565217e-01   4.3924527e-02
   6.9899666e-01   4.3562759e-02
   7.0234114e-01   4.3196318e-02
   7.0568562e-01   4.2825244e-02
   7.0903010e-01   4.2449575e-02
   7.1237458e-01   4.2069353e-02
   7.1571906e-01   4.1684621e-02
   7.1906355e-01   4.1295421e-02
   7.2240803e-01   4.0901797e-02
   7.2575251e-01   4.0503796e-02
   7.2909699e-01   4.0101465e-02
   7.3244147e-01   3.9694851e-02
   7.3578595e-01   3.9284004e-02
   7.3913043e-01   3.8868975e-02
   7.4247492e-01   3.8449815e-02
   7.4581940e-01   3.8026578e-02
   7.4916388e-01   3.7599318e-02
   7.5250836e-01   3.7168091e-02
   7.5585284e-01   3.6732953e-02
   7.5919732e-01   3.6293962e-02
   7.6254181e-01   3.5851179e-02
   7.6588629e-01   3.5404663e-02
   7.6923077e-01   3.4954478e-02
   7.7257525e-01   3.4500686e-02
   7.7591973e-01   3.4043351e-02
   7.7926421e-01   3.3582541e-02
   7.8260870e-01   3.3118321e-02
   7.8595318e-01   3.2650761e-02
   7.8929766e-01   3.2179931e-02
   7.9264214e-01   3.1705902e-02
   7.9598662e-01   3.1228746e-02
   7.9933110e-01   3.0748538e-02
   8.0267559e-01   3.0265353e-02
   8.0602007e-01   2.9779268e-02
   8.0936455e-01   2.9290360e-02
   8.1270903e-01   2.8798709e-02
   8.1605351e-01   2.8304397e-02
   8.1939799e-01   2.7807504e-02
   8.2274247e-01   2.7308116e-02
   8.2608696e-01   2.6806316e-02
   8.2943144e-01   2.6302192e-02
   8.3277592e-01   2.5795831e-02
   8.3612040e-01   2.5287322e-02
   8.3946488e-01   2.4776757e-02
   8.4280936e-01   2.4264227e-02
   8.4615385e-01   2.3749825e-02
   8.4949833e-01   2.3233648e-02
   8.5284281e-01   2.2715791e-02
   8.5618729e-01   2.2196352e-02
   8.5953177e-01   2.1675431e-02
   8.6287625e-01   2.1153129e-02
   8.6622074e-01   2.0629547e-02
   8.6956522e-01   2.0104790e-02
   8.7290970e-01   1.9578963e-02
   8.7625418e-01   1.9052173e-02
   8.7959866e-01   1.8524527e-02
   8.8294314e-01   1.7996137e-02
   8.8628763e-01   1.7467112e-02
   8.8963211e-01   1.6937567e-02
   8.9297659e-01   1.6407614e-02
   8.9632107e-01   1.5877371e-02
   8.9966555e-01   1.5346954e-02
   9.0301003e-01   1.4816482e-02
   9.0635452e-01   1.4286076e-02
   9.0969900e-01   1.3755858e-02
   9.1304348e-01   1.3225951e-02
   9.1638796e-01   1.2696480e-02
   9.1973244e-01   1.2167573e-02
   9.2307692e-01   1.1639357e-02
   9.2642140e-01   1.1111962e-02
   9.2976589e-01   1.0585519e-02
   9.3311037e-01   1.0060162e-02
   9.3645485e-01   9.5360251e-03
   9.3979933e-01   9.0132442e-03
   9.4314381e-01   8.4919573e-03
   9.4648829e-01   7.9723036e-03
   9.4983278e-01   7.4544243e-03
   9.5317726e-01   6.9384618e-03
   9.5652174e-01   6.4245604e-03
   9.5986622e-01   5.9128659e-03
   9.6321070e-01   5.4035259e-03
   9.6655518e-01   4.8966893e-03
   9.6989967e-01   4.3925069e-03
   9.7324415e-01   3.8911312e-03
   9.7658863e-01   3.3927162e-03
   9.7993311e-01   2.8974176e-03
   9.8327759e-01   2.4053927e-03
   9.8662207e-01   1.9168007e-03
   9.8996656e-01   1.4318022e-03
   9.9331104e-01   9.5055954e-04
   9.9665552e-01   4.7323690e-04
   1.0000000e+00   0.0000000e+00
   1.0000000e+00   0.0000000e+00
   9.9665552e-01  -6.2608462e-05
   9.9331104e-01  -1.3545625e-04
   9.8996656e-01  -2.1830049e-04
   9.8662207e-01  -3.1090070e-04
   9.8327759e-01  -4.1301884e-04
   9.7993311e-01  -5.2441924e-04
   9.7658863e-01  -6.4486865e-04
   9.7324415e-01  -7.7413618e-04
   9.6989967e-01  -9.1199334e-04
   9.6655518e-01  -1.0582140e-03
   9.6321070e-01  -1.2125744e-03
   9.5986622e-01  -1.3748532e-03
   9.5652174e-01  -1.5448312e-03
   9.5317726e-01  -1.7222918e-03
   9.4983278e-01  -1.9070205e-03
   9.4648829e-01  -2.0988055e-03
   9.4314381e-01  -2.2974368e-03
   9.3979933e-01  -2.5027071e-03
   9.3645485e-01  -2.7144112e-03
   9.3311037e-01  -2.9323464e-03
   9.2976589e-01  -3.1563121e-03
   9.2642140e-01  -3.3861100e-03
   9.2307692e-01  -3.6215443e-03
   9.1973244e-01  -3.8624211e-03
   9.1638796e-01  -4.1085490e-03
   9.1304348e-01  -4.3597388e-03
   9.0969900e-01  -4.6158035e-03
   9.0635452e-01  -4.8765585e-03
   9.0301003e-01  -5.1418212e-03
   8.9966555e-01  -5.4114113e-03
   8.9632107e-01  -5.6851508e-03
   8.9297659e-01  -5.9628638e-03
   8.8963211e-01  -6.2443766e-03
   8.8628763e-01  -6.5295178e-03
   8.8294314e-01  -6.8181179e-03
   8.7959866e-01  -7.1100100e-03
   8.7625418e-01  -7.4050290e-03
   8.7290970e-01  -7.7030121e-03
   8.6956522e-01  -8.0037987e-03
   8.6622074e-01  -8.3072301e-03
   8.6287625e-01  -8.6131500e-03
   8.5953177e-01  -8.9214042e-03
   8.5618729e-01  -9.2318404e-03
   8.5284281e-01  -9.5443086e-03
   8.4949833e-01  -9.8586608e-03
   8.4615385e-01  -1.0174751e-02
   8.4280936e-01  -1.0492436e-02
   8.3946488e-01  -1.0811573e-02
   8.3612040e-01  -1.1132024e-02
   8.3277592e-01  -1.1453649e-02
   8.2943144e-01  -1.1776315e-02
   8.2608696e-01  -1.2099887e-02
   8.2274247e-01  -1.2424234e-02
   8.1939799e-01  -1.2749226e-02
   8.1605351e-01  -1.3074736e-02
   8.1270903e-01  -1.3400638e-02
   8.0936455e-01  -1.3726809e-02
   8.0602007e-01  -1.4053128e-02
   8.0267559e-01  -1.4379475e-02
   7.9933110e-01  -1.4705733e-02
   7.9598662e-01  -1.5031785e-02
   7.9264214e-01  -1.5357519e-02
   7.8929766e-01  -1.5682822e-02
   7.8595318e-01  -1.6007585e-02
   7.8260870e-01  -1.6331700e-02
   7.7926421e-01  -1.6655062e-02
   7.7591973e-01  -1.6977566e-02
   7.7257525e-01  -1.7299110e-02
   7.6923077e-01  -1.7619593e-02
   7.6588629e-01  -1.7938919e-02
   7.6254181e-01  -1.8256989e-02
   7.5919732e-01  -1.8573710e-02
   7.5585284e-01  -1.8888989e-02
   7.5250836e-01  -1.9202735e-02
   7.4916388e-01  -1.9514858e-02
   7.4581940e-01  -1.9825272e-02
   7.4247492e-01  -2.0133891e-02
   7.3913043e-01  -2.0440631e-02
   7.3578595e-01  -2.0745411e-02
   7.3244147e-01  -2.1048151e-02
   7.2909699e-01  -2.1348771e-02
   7.2575251e-01  -2.1647197e-02
   7.2240803e-01  -2.1943352e-02
   7.1906355e-01  -2.2237164e-02
   7.1571906e-01  -2.2528562e-02
   7.1237458e-01  -2.2817476e-02
   7.0903010e-01  -2.3103838e-02
   7.0568562e-01  -2.3387582e-02
   7.0234114e-01  -2.3668643e-02
   6.9899666e-01  -2.3946960e-02
   6.9565217e-01  -2.4222470e-02
   6.9230769e-01  -2.4495114e-02
   6.8896321e-01  -2.4764835e-02
   6.8561873e-01  -2.5031577e-02
   6.8227425e-01  -2.5295284e-02
   6.7892977e-01  -2.5555904e-02
   6.7558528e-01  -2.5813386e-02
   6.7224080e-01  -2.6067680e-02
   6.6889632e-01  -2.6318737e-02
   6.6555184e-01  -2.6566513e-02
   6.6220736e-01  -2.6810960e-02
   6.5886288e-01  -2.7052037e-02
   6.5551839e-01  -2.7289702e-02
   6.5217391e-01  -2.7523913e-02
   6.4882943e-01  -2.7754632e-02
   6.4548495e-01  -2.7981823e-02
   6.4214047e-01  -2.8205449e-02
   6.3879599e-01  -2.8425475e-02
   6.3545151e-01  -2.8641870e-02
   6.3210702e-01  -2.8854602e-02
   6.2876254e-01  -2.9063641e-02
   6.2541806e-01  -2.9268958e-02
   6.2207358e-01  -2.9470527e-02
   6.1872910e-01  -2.9668322e-02
   6.1538462e-01  -2.9862319e-02
   6.1204013e-01  -3.0052495e-02
   6.0869565e-01  -3.0238829e-02
   6.0535117e-01  -3.0421301e-02
   6.0200669e-01  -3.0599891e-02
   5.9866221e-01  -3.0774584e-02
   5.9531773e-01  -3.0945362e-02
   5.9197324e-01  -3.1112212e-02
   5.8862876e-01  -3.1275120e-02
   5.8528428e-01  -3.1434073e-02
   5.8193980e-01  -3.1589062e-02
   5.7859532e-01  -3.1740076e-02
   5.7525084e-01  -3.1887108e-02
   5.7190635e-01  -3.2030150e-02
   5.6856187e-01  -3.2169197e-02
   5.6521739e-01  -3.2304244e-02
   5.6187291e-01  -3.2435289e-02
   5.5852843e-01  -3.2562328e-02
   5.5518395e-01  -3.2685361e-02
   5.5183946e-01  -3.2804388e-02
   5.4849498e-01  -3.2919411e-02
   5.4515050e-01  -3.3030431e-02
   5.4180602e-01  -3.3137454e-02
   5.3846154e-01  -3.3240483e-02
   5.3511706e-01  -3.3339524e-02
   5.3177258e-01  -3.3434584e-02
   5.2842809e-01  -3.3525672e-02
   5.2508361e-01  -3.3612796e-02
   5.2173913e-01  -3.3695966e-02
   5.1839465e-01  -3.3775193e-02
   5.1505017e-01  -3.3850490e-02
   5.1170569e-01  -3.3921869e-02
   5.0836120e-01  -3.3989345e-02
   5.0501672e-01  -3.4052933e-02
   5.0167224e-01  -3.4112648e-02
   4.9832776e-01  -3.4168508e-02
   4.9498328e-01  -3.4220530e-02
   4.9163880e-01  -3.4268732e-02
   4.8829431e-01  -3.4313136e-02
   4.8494983e-01  -3.4353760e-02
   4.8160535e-01  -3.4390626e-02
   4.7826087e-01  -3.4423756e-02
   4.7491639e-01  -3.4453173e-02
   4.7157191e-01  -3.4478901e-02
   4.6822742e-01  -3.4500964e-02
   4.6488294e-01  -3.4519387e-02
   4.6153846e-01  -3.4534197e-02
   4.5819398e-01  -3.4545419e-02
   4.5484950e-01  -3.4553082e-02
   4.5150502e-01  -3.4557212e-02
   4.4816054e-01  -3.4557840e-02
   4.4481605e-01  -3.4554993e-02
   4.4147157e-01  -3.4548703e-02
   4.3812709e-01  -3.4538999e-02
   4.3478261e-01  -3.4525912e-02
   4.3143813e-01  -3.4509475e-02
   4.2809365e-01  -3.4489719e-02
   4.2474916e-01  -3.4466678e-02
   4.2140468e-01  -3.4440383e-02
   4.1806020e-01  -3.4410869e-02
   4.1471572e-01  -3.4378170e-02
   4.1137124e-01  -3.4342321e-02
   4.0802676e-01  -3.4303356e-02
   4.0468227e-01  -3.4261310e-02
   4.0133779e-01  -3.4216219e-02
   3.9799331e-01  -3.4168120e-02
   3.9464883e-01  -3.4117048e-02
   3.9130435e-01  -3.4063039e-02
   3.8795987e-01  -3.4006131e-02
   3.8461538e-01  -3.3946361e-02
   3.8127090e-01  -3.3883765e-02
   3.7792642e-01  -3.3818381e-02
   3.7458194e-01  -3.3750247e-02
   3.7123746e-01  -3.3679399e-02
   3.6789298e-01  -3.3605876e-02
   3.6454849e-01  -3.3529716e-02
   3.6120401e-01  -3.3450955e-02
   3.5785953e-01  -3.3369632e-02
   3.5451505e-01  -3.3285784e-02
   3.5117057e-01  -3.3199450e-02
   3.4782609e-01  -3.3110665e-02
   3.4448161e-01  -3.3019468e-02
   3.4113712e-01  -3.2925895e-02
   3.3779264e-01  -3.2829984e-02
   3.3444816e-01  -3.2731771e-02
   3.3110368e-01  -3.2631292e-02
   3.2775920e-01  -3.2528584e-02
   3.2441472e-01  -3.2423682e-02
   3.2107023e-01  -3.2316620e-02
   3.1772575e-01  -3.2207435e-02
   3.1438127e-01  -3.2096159e-02
   3.1103679e-01  -3.1982827e-02
   3.0769231e-01  -3.1867472e-02
   3.0434783e-01  -3.1750125e-02
   3.0100334e-01  -3.1630819e-02
   2.9765886e-01  -3.1509585e-02
   2.9431438e-01  -3.1386452e-02
   2.9096990e-01  -3.1261450e-02
   2.8762542e-01  -3.1134608e-02
   2.8428094e-01  -3.1005952e-02
   2.8093645e-01  -3.0875509e-02
   2.7759197e-01  -3.0743304e-02
   2.7424749e-01  -3.0609361e-02
   2.7090301e-01  -3.0473703e-02
   2.6755853e-01  -3.0336351e-02
   2.6421405e-01  -3.0197326e-02
   2.6086957e-01  -3.0056646e-02
   2.5752508e-01  -2.9914329e-02
   2.5418060e-01  -2.9770389e-02
   2.5083612e-01  -2.9624841e-02
   2.4749164e-01  -2.9477696e-02
   2.4414716e-01  -2.9328965e-02
   2.4080268e-01  -2.9178656e-02
   2.3745819e-01  -2.9026774e-02
   2.3411371e-01  -2.8873324e-02
   2.3076923e-01  -2.8718306e-02
   2.2742475e-01  -2.8561720e-02
   2.2408027e-01  -2.8403563e-02
   2.2073579e-01  -2.8243828e-02
   2.1739130e-01  -2.8082505e-02
   2.1404682e-01  -2.7919583e-02
   2.1070234e-01  -2.7755047e-02
   2.0735786e-01  -2.7588877e-02
   2.0401338e-01  -2.7421052e-02
   2.0066890e-01  -2.7251546e-02
   1.9732441e-01  -2.7080329e-02
   1.9397993e-01  -2.6907367e-02
   1.9063545e-01  -2.6732623e-02
   1.8729097e-01  -2.6556053e-02
   1.8394649e-01  -2.6377610e-02
   1.8060201e-01  -2.6197242e-02
   1.7725753e-01  -2.6014890e-02
   1.7391304e-01  -2.5830491e-02
   1.7056856e-01  -2.5643975e-02
   1.6722408e-01  -2.5455265e-02
   1.6387960e-01  -2.5264280e-02
   1.6053512e-01  -2.5070928e-02
   1.5719064e-01  -2.4875112e-02
   1.5384615e-01  -2.4676725e-02
   1.5050167e-01  -2.4475653e-02
   1.4715719e-01  -2.4271771e-02
   1.4381271e-01  -2.4064945e-02
   1.4046823e-01  -2.3855030e-02
   1.3712375e-01  -2.3641869e-02
   1.3377926e-01  -2.3425293e-02
   1.3043478e-01  -2.3205121e-02
   1.2709030e-01  -2.2981154e-02
   1.2374582e-01  -2.2753181e-02
   1.2040134e-01  -2.2520973e-02
   1.1705686e-01  -2.2284281e-02
   1.1371237e-01  -2.2042839e-02
   1.1036789e-01  -2.1796356e-02
   1.0702341e-01  -2.1544519e-02
   1.0367893e-01  -2.1286989e-02
   1.0033445e-01  -2.1023395e-02
   9.6989967e-02  -2.0753337e-02
   9.3645485e-02  -2.0476378e-02
   9.0301003e-02  -2.0192041e-02
   8.6956522e-02  -1.9899805e-02
   8.3612040e-02  -1.9599098e-02
   8.0267559e-02  -1.9289293e-02
   7.6923077e-02  -1.8969695e-02
   7.3578595e-02  -1.8639540e-02
   7.0234114e-02  -1.8297975e-02
   6.6889632e-02  -1.7944050e-02
   6.3545151e-02  -1.7576702e-02
   6.0200669e-02  -1.7194730e-02
   5.6856187e-02  -1.6796775e-02
   5.3511706e-02  -1.6381285e-02
   5.0167224e-02  -1.5946474e-02
   4.6822742e-02  -1.5490271e-02
   4.3478261e-02  -1.5010246e-02
   4.0133779e-02  -1.4503519e-02
   3.6789298e-02  -1.3966624e-02
   3.3444816e-02  -1.3395332e-02
   3.0100334e-02  -1.2784369e-02
   2.6755853e-02  -1.2127018e-02
   2.3411371e-02  -1.1414468e-02
   2.0066890e-02  -1.0634734e-02
   1.6722408e-02  -9.7707355e-03
   1.3377926e-02  -8.7965122e-03
   1.0033445e-02  -7.6687838e-03
   6.6889632e-03  -6.3039590e-03
   3.3444816e-03  -4.4882610e-03
   0.0000000e+00  -0.0000000e+00
