   0.0000000e+00   0.0000000e+00
   3.3444816e-03   2.1507115e-02
   6.6889632e-03   3.0213835e-02
   1.0033445e-02   3.6759059e-02
   1.3377926e-02   4.2164882e-02
   1.6722408e-02   4.6830335e-02
   2.0066890e-02   5.0961655e-02
   2.3411371e-02   5.4682307e-02
   2.6755853e-02   5.8073367e-02
   3.0100334e-02   6.1191595e-02
   3.3444816e-02   6.4078649e-02
   3.6789298e-02   6.6766230e-02
   4.0133779e-02   6.9279164e-02
   4.3478261e-02   7.1637356e-02
   4.6822742e-02   7.3857076e-02
   5.0167224e-02   7.5951843e-02
   5.3511706e-02   7.7933045e-02
   5.6856187e-02   7.9810397e-02
   6.0200669e-02   8.1592269e-02
   6.3545151e-02   8.3285941e-02
   6.6889632e-02   8.4897799e-02
   7.0234114e-02   8.6433483e-02
   7.3578595e-02   8.7898009e-02
   7.6923077e-02   8.9295865e-02
   8.0267559e-02   9.0631084e-02
   8.3612040e-02   9.1907314e-02
   8.6956522e-02   9.3127866e-02
   9.0301003e-02   9.4295756e-02
   9.3645485e-02   9.5413745e-02
   9.6989967e-02   9.6484368e-02
   1.0033445e-01   9.7509959e-02
   1.0367893e-01   9.8492673e-02
   1.0702341e-01   9.9434510e-02
   1.1036789e-01   1.0033732e-01
   1.1371237e-01   1.0120284e-01
   1.1705686e-01   1.0203267e-01
   1.2040134e-01   1.0282831e-01
   1.2374582e-01   1.0359119e-01
   1.2709030e-01   1.0432263e-01
   1.3043478e-01   1.0502386e-01
   1.3377926e-01   1.0569606e-01
   1.3712375e-01   1.0634033e-01
   1.4046823e-01   1.0695772e-01
   1.4381271e-01   1.0754922e-01
   1.4715719e-01   1.0811575e-01
   1.5050167e-01   1.0865821e-01
   1.5384615e-01   1.0917743e-01
   1.5719064e-01   1.0967421e-01
   1.6053512e-01   1.1014932e-01
   1.6387960e-01   1.1060346e-01
   1.6722408e-01   1.1103733e-01
   1.7056856e-01   1.1145159e-01
   1.7391304e-01   1.1184686e-01
   1.7725753e-01   1.1222375e-01
   1.8060201e-01   1.1258281e-01
   1.8394649e-01   1.1292460e-01
   1.8729097e-01   1.1324964e-01
   1.9063545e-01   1.1355844e-01
   1.9397993e-01   1.1385146e-01
   1.9732441e-01   1.1412918e-01
   2.0066890e-01   1.1439203e-01
   2.0401338e-01   1.1464044e-01
   2.0735786e-01   1.1487480e-01
   2.1070234e-01   1.1509552e-01
   2.1404682e-01   1.1530297e-01
   2.1739130e-01   1.1549750e-01
   2.2073579e-01   1.1567947e-01
   2.2408027e-01   1.1584921e-01
   2.2742475e-01   1.1600704e-01
   2.3076923e-01   1.1615326e-01
   2.3411371e-01   1.1628818e-01
   2.3745819e-01   1.1641207e-01
   2.4080268e-01   1.1652523e-01
   2.4414716e-01   1.1662790e-01
   2.4749164e-01   1.1672036e-01
   2.5083612e-01   1.1680284e-01
   2.5418060e-01   1.1687558e-01
   2.5752508e-01   1.1693882e-01
   2.6086957e-01   1.1699277e-01
   2.6421405e-01   1.1703764e-01
   2.6755853e-01   1.1707365e-01
   2.7090301e-01   1.1710099e-01
   2.7424749e-01   1.1711985e-01
   2.7759197e-01   1.1713042e-01
   2.8093645e-01   1.1713287e-01
   2.8428094e-01   1.1712738e-01
   2.8762542e-01   1.1711411e-01
   2.9096990e-01   1.1709323e-01
   2.9431438e-01   1.1706488e-01
   2.9765886e-01   1.1702922e-01
   3.0100334e-01   1.1698639e-01
   3.0434783e-01   1.1693652e-01
   3.0769231e-01   1.1687976e-01
   3.1103679e-01   1.1681622e-01
   3.1438127e-01   1.1674604e-01
   3.1772575e-01   1.1666934e-01
   3.2107023e-01   1.1658622e-01
   3.2441472e-01   1.1649681e-01
   3.2775920e-01   1.1640120e-01
   3.3110368e-01   1.1629951e-01
   3.3444816e-01   1.1619183e-01
   3.3779264e-01   1.1607825e-01
   3.4113712e-01   1.1595887e-01
   3.4448161e-01   1.1583378e-01
   3.4782609e-01   1.1570307e-01
   3.5117057e-01   1.1556681e-01
   3.5451505e-01   1.1542508e-01
   3.5785953e-01   1.1527797e-01
   3.6120401e-01   1.1512554e-01
   3.6454849e-01   1.1496786e-01
   3.6789298e-01   1.1480500e-01
   3.7123746e-01   1.1463703e-01
   3.7458194e-01   1.1446400e-01
   3.7792642e-01   1.1428599e-01
   3.8127090e-01   1.1410303e-01
   3.8461538e-01   1.1391519e-01
   3.8795987e-01   1.1372252e-01
   3.9130435e-01   1.1352507e-01
   3.9464883e-01   1.1332289e-01
   3.9799331e-01   1.1311602e-01
   4.0133779e-01   1.1290450e-01
   4.0468227e-01   1.1268838e-01
   4.0802676e-01   1.1246769e-01
   4.1137124e-01   1.1224247e-01
   4.1471572e-01   1.1201276e-01
   4.1806020e-01   1.1177859e-01
   4.2140468e-01   1.1153999e-01
   4.2474916e-01   1.1129699e-01
   4.2809365e-01   1.1104962e-01
   4.3143813e-01   1.1079791e-01
   4.3478261e-01   1.1054187e-01
   4.3812709e-01   1.1028154e-01
   4.4147157e-01   1.1001693e-01
   4.4481605e-01   1.0974807e-01
   4.4816054e-01   1.0947497e-01
   4.5150502e-01   1.0919765e-01
   4.5484950e-01   1.0891613e-01
   4.5819398e-01   1.0863041e-01
   4.6153846e-01   1.0834052e-01
   4.6488294e-01   1.0804647e-01
   4.6822742e-01   1.0774826e-01
   4.7157191e-01   1.0744591e-01
   4.7491639e-01   1.0713942e-01
   4.7826087e-01   1.0682881e-01
   4.8160535e-01   1.0651407e-01
   4.8494983e-01   1.0619521e-01
   4.8829431e-01   1.0587224e-01
   4.9163880e-01   1.0554516e-01
   4.9498328e-01   1.0521398e-01
   4.9832776e-01   1.0487868e-01
   5.0167224e-01   1.0453928e-01
   5.0501672e-01   1.0419577e-01
   5.0836120e-01   1.0384814e-01
   5.1170569e-01   1.0349641e-01
   5.1505017e-01   1.0314056e-01
   5.1839465e-01   1.0278059e-01
   5.2173913e-01   1.0241649e-01
   5.2508361e-01   1.0204826e-01
   5.2842809e-01   1.0167590e-01
   5.3177258e-01   1.0129939e-01
   5.3511706e-01   1.0091873e-01
   5.3846154e-01   1.0053390e-01
   5.4180602e-01   1.0014491e-01
   5.4515050e-01   9.9751737e-02
   5.4849498e-01   9.9354372e-02
   5.5183946e-01   9.8952806e-02
   5.5518395e-01   9.8547027e-02
   5.5852843e-01   9.8137022e-02
   5.6187291e-01   9.7722779e-02
   5.6521739e-01   9.7304284e-02
   5.6856187e-01   9.6881525e-02
   5.7190635e-01   9.6454487e-02
   5.7525084e-01   9.6023155e-02
   5.7859532e-01   9.5587514e-02
   5.8193980e-01   9.5147549e-02
   5.8528428e-01   9.4703244e-02
   5.8862876e-01   9.4254583e-02
   5.9197324e-01   9.3801549e-02
   5.9531773e-01   9.3344125e-02
   5.9866221e-01   9.2882294e-02
   6.0200669e-01   9.2416038e-02
   6.0535117e-01   9.1945339e-02
   6.0869565e-01   9.1470180e-02
   6.1204013e-01   9.0990540e-02
   6.1538462e-01   9.0506403e-02
   6.1872910e-01   9.0017748e-02
   6.2207358e-01   8.9524556e-02
   6.2541806e-01   8.9026808e-02
   6.2876254e-01   8.8524485e-02
   6.3210702e-01   8.8017565e-02
   6.3545151e-01   8.7506030e-02
   6.3879599e-01   8.6989859e-02
   6.4214047e-01   8.6469031e-02
   6.4548495e-01   8.5943527e-02
   6.4882943e-01   8.5413324e-02
   6.5217391e-01   8.4878403e-02
   6.5551839e-01   8.4338743e-02
   6.5886288e-01   8.3794323e-02
   6.6220736e-01   8.3245121e-02
   6.6555184e-01   8.2691116e-02
   6.6889632e-01   8.2132287e-02
   6.7224080e-01   8.1568614e-02
   6.7558528e-01   8.1000074e-02
   6.7892977e-01   8.0426647e-02
   6.8227425e-01   7.9848311e-02
   6.8561873e-01   7.9265044e-02
   6.8896321e-01   7.8676826e-02
   6.9230769e-01   7.8083635e-02
   6.9565217e-01   7.7485450e-02
   6.9899666e-01   7.6882249e-02
   7.0234114e-01   7.6274012e-02
   7.0568562e-01   7.5660718e-02
   7.0903010e-01   7.5042345e-02
   7.1237458e-01   7.4418872e-02
   7.1571906e-01   7.3790279e-02
   7.1906355e-01   7.3156544e-02
   7.2240803e-01   7.2517648e-02
   7.2575251e-01   7.1873569e-02
   7.2909699e-01   7.1224288e-02
   7.3244147e-01   7.0569783e-02
   7.3578595e-01   6.9910035e-02
   7.3913043e-01   6.9245025e-02
   7.4247492e-01   6.8574731e-02
   7.4581940e-01   6.7899134e-02
   7.4916388e-01   6.7218216e-02
   7.5250836e-01   6.6531957e-02
   7.5585284e-01   6.5840337e-02
   7.5919732e-01   6.5143338e-02
   7.6254181e-01   6.4440942e-02
   7.6588629e-01   6.3733129e-02
   7.6923077e-01   6.3019883e-02
   7.7257525e-01   6.2301184e-02
   7.7591973e-01   6.1577015e-02
   7.7926421e-01   6.0847360e-02
   7.8260870e-01   6.0112200e-02
   7.8595318e-01   5.9371519e-02
   7.8929766e-01   5.8625300e-02
   7.9264214e-01   5.7873528e-02
   7.9598662e-01   5.7116185e-02
   7.9933110e-01   5.6353257e-02
   8.0267559e-01   5.5584728e-02
   8.0602007e-01   5.4810583e-02
   8.0936455e-01   5.4030807e-02
   8.1270903e-01   5.3245386e-02
   8.1605351e-01   5.2454307e-02
   8.1939799e-01   5.1657554e-02
   8.2274247e-01   5.0855116e-02
   8.2608696e-01   5.0046978e-02
   8.2943144e-01   4.9233130e-02
   8.3277592e-01   4.8413557e-02
   8.3612040e-01   4.7588249e-02
   8.3946488e-01   4.6757194e-02
   8.4280936e-01   4.5920381e-02
   8.4615385e-01   4.5077799e-02
   8.4949833e-01   4.4229439e-02
   8.5284281e-01   4.3375291e-02
   8.5618729e-01   4.2515344e-02
   8.5953177e-01   4.1649591e-02
   8.6287625e-01   4.0778023e-02
   8.6622074e-01   3.9900632e-02
   8.6956522e-01   3.9017410e-02
   8.7290970e-01   3.8128350e-02
   8.7625418e-01   3.7233445e-02
   8.7959866e-01   3.6332690e-02
   8.8294314e-01   3.5426079e-02
   8.8628763e-01   3.4513606e-02
   8.8963211e-01   3.3595268e-02
   8.9297659e-01   3.2671058e-02
   8.9632107e-01   3.1740975e-02
   8.9966555e-01   3.0805015e-02
   9.0301003e-01   2.9863174e-02
   9.0635452e-01   2.8915452e-02
   9.0969900e-01   2.7961846e-02
   9.1304348e-01   2.7002355e-02
   9.1638796e-01   2.6036979e-02
   9.1973244e-01   2.5065717e-02
   9.2307692e-01   2.4088571e-02
   9.2642140e-01   2.3105541e-02
   9.2976589e-01   2.2116630e-02
   9.3311037e-01   2.1121838e-02
   9.3645485e-01   2.0121170e-02
   9.3979933e-01   1.9114628e-02
   9.4314381e-01   1.8102217e-02
   9.4648829e-01   1.7083940e-02
   9.4983278e-01   1.6059804e-02
   9.5317726e-01   1.5029814e-02
   9.5652174e-01   1.3993977e-02
   9.5986622e-01   1.2952299e-02
   9.6321070e-01   1.1904787e-02
   9.6655518e-01   1.0851451e-02
   9.6989967e-01   9.7922996e-03
   9.7324415e-01   8.7273414e-03
   9.7658863e-01   7.6565869e-03
   9.7993311e-01   6.5800471e-03
   9.8327759e-01   5.4977332e-03
   9.8662207e-01   4.4096574e-03
   9.8996656e-01   3.3158324e-03
   9.9331104e-01   2.2162717e-03
   9.9665552e-01   1.1109893e-03
   1.0000000e+00   0.0000000e+00
   1.0000000e+00   0.0000000e+00
   9.9665552e-01   1.9642852e-04
   9.9331104e-01   3.8700853e-04
   9.8996656e-01   5.7181274e-04
   9.8662207e-01   7.5091361e-04
   9.8327759e-01   9.2438333e-04
   9.7993311e-01   1.0922939e-03
   9.7658863e-01   1.2547169e-03
   9.7324415e-01   1.4117238e-03
   9.6989967e-01   1.5633858e-03
   9.6655518e-01   1.7097737e-03
   9.6321070e-01   1.8509583e-03
   9.5986622e-01   1.9870099e-03
   9.5652174e-01   2.1179986e-03
   9.5317726e-01   2.2439944e-03
   9.4983278e-01   2.3650667e-03
   9.4648829e-01   2.4812849e-03
   9.4314381e-01   2.5927182e-03
   9.3979933e-01   2.6994352e-03
   9.3645485e-01   2.8015045e-03
   9.3311037e-01   2.8989944e-03
   9.2976589e-01   2.9919729e-03
   9.2642140e-01   3.0805078e-03
   9.2307692e-01   3.1646664e-03
   9.1973244e-01   3.2445159e-03
   9.1638796e-01   3.3201234e-03
   9.1304348e-01   3.3915553e-03
   9.0969900e-01   3.4588782e-03
   9.0635452e-01   3.5221581e-03
   9.0301003e-01   3.5814608e-03
   8.9966555e-01   3.6368518e-03
   8.9632107e-01   3.6883966e-03
   8.9297659e-01   3.7361599e-03
   8.8963211e-01   3.7802066e-03
   8.8628763e-01   3.8206011e-03
   8.8294314e-01   3.8574075e-03
   8.7959866e-01   3.8906897e-03
   8.7625418e-01   3.9205114e-03
   8.7290970e-01   3.9469357e-03
   8.6956522e-01   3.9700259e-03
   8.6622074e-01   3.9898445e-03
   8.6287625e-01   4.0064540e-03
   8.5953177e-01   4.0199167e-03
   8.5618729e-01   4.0302944e-03
   8.5284281e-01   4.0376487e-03
   8.4949833e-01   4.0420409e-03
   8.4615385e-01   4.0435319e-03
   8.4280936e-01   4.0421827e-03
   8.3946488e-01   4.0380535e-03
   8.3612040e-01   4.0312044e-03
   8.3277592e-01   4.0216955e-03
   8.2943144e-01   4.0095861e-03
   8.2608696e-01   3.9949355e-03
   8.2274247e-01   3.9778028e-03
   8.1939799e-01   3.9582464e-03
   8.1605351e-01   3.9363249e-03
   8.1270903e-01   3.9120962e-03
   8.0936455e-01   3.8856181e-03
   8.0602007e-01   3.8569480e-03
   8.0267559e-01   3.8261431e-03
   7.9933110e-01   3.7932601e-03
   7.9598662e-01   3.7583557e-03
   7.9264214e-01   3.7214861e-03
   7.8929766e-01   3.6827071e-03
   7.8595318e-01   3.6420743e-03
   7.8260870e-01   3.5996431e-03
   7.7926421e-01   3.5554684e-03
   7.7591973e-01   3.5096049e-03
   7.7257525e-01   3.4621069e-03
   7.6923077e-01   3.4130284e-03
   7.6588629e-01   3.3624232e-03
   7.6254181e-01   3.3103446e-03
   7.5919732e-01   3.2568457e-03
   7.5585284e-01   3.2019792e-03
   7.5250836e-01   3.1457977e-03
   7.4916388e-01   3.0883530e-03
   7.4581940e-01   3.0296971e-03
   7.4247492e-01   2.9698814e-03
   7.3913043e-01   2.9089569e-03
   7.3578595e-01   2.8469745e-03
   7.3244147e-01   2.7839847e-03
   7.2909699e-01   2.7200374e-03
   7.2575251e-01   2.6551825e-03
   7.2240803e-01   2.5894695e-03
   7.1906355e-01   2.5229475e-03
   7.1571906e-01   2.4556651e-03
   7.1237458e-01   2.3876709e-03
   7.0903010e-01   2.3190129e-03
   7.0568562e-01   2.2497388e-03
   7.0234114e-01   2.1798961e-03
   6.9899666e-01   2.1095317e-03
   6.9565217e-01   2.0386924e-03
   6.9230769e-01   1.9674245e-03
   6.8896321e-01   1.8957740e-03
   6.8561873e-01   1.8237865e-03
   6.8227425e-01   1.7515072e-03
   6.7892977e-01   1.6789811e-03
   6.7558528e-01   1.6062528e-03
   6.7224080e-01   1.5333664e-03
   6.6889632e-01   1.4603658e-03
   6.6555184e-01   1.3872944e-03
   6.6220736e-01   1.3141952e-03
   6.5886288e-01   1.2411111e-03
   6.5551839e-01   1.1680844e-03
   6.5217391e-01   1.0951569e-03
   6.4882943e-01   1.0223704e-03
   6.4548495e-01   9.4976609e-04
   6.4214047e-01   8.7738473e-04
   6.3879599e-01   8.0526679e-04
   6.3545151e-01   7.3345236e-04
   6.3210702e-01   6.6198110e-04
   6.2876254e-01   5.9089232e-04
   6.2541806e-01   5.2022489e-04
   6.2207358e-01   4.5001734e-04
   6.1872910e-01   3.8030776e-04
   6.1538462e-01   3.1113386e-04
   6.1204013e-01   2.4253295e-04
   6.0869565e-01   1.7454192e-04
   6.0535117e-01   1.0719728e-04
   6.0200669e-01   4.0535103e-05
   5.9866221e-01  -2.5408936e-05
   5.9531773e-01  -9.0599578e-05
   5.9197324e-01  -1.5500198e-04
   5.8862876e-01  -2.1858173e-04
   5.8528428e-01  -2.8130482e-04
   5.8193980e-01  -3.4313768e-04
   5.7859532e-01  -4.0404718e-04
   5.7525084e-01  -4.6400059e-04
   5.7190635e-01  -5.2296564e-04
   5.6856187e-01  -5.8091049e-04
   5.6521739e-01  -6.3780375e-04
   5.6187291e-01  -6.9361446e-04
   5.5852843e-01  -7.4831211e-04
   5.5518395e-01  -8.0186665e-04
   5.5183946e-01  -8.5424848e-04
   5.4849498e-01  -9.0542844e-04
   5.4515050e-01  -9.5537786e-04
   5.4180602e-01  -1.0040685e-03
   5.3846154e-01  -1.0514726e-03
   5.3511706e-01  -1.0975630e-03
   5.3177258e-01  -1.1423127e-03
   5.2842809e-01  -1.1856955e-03
   5.2508361e-01  -1.2276855e-03
   5.2173913e-01  -1.2682574e-03
   5.1839465e-01  -1.3073864e-03
   5.1505017e-01  -1.3450479e-03
   5.1170569e-01  -1.3812182e-03
   5.0836120e-01  -1.4158739e-03
   5.0501672e-01  -1.4489921e-03
   5.0167224e-01  -1.4805506e-03
   4.9832776e-01  -1.5105274e-03
   4.9498328e-01  -1.5389012e-03
   4.9163880e-01  -1.5656514e-03
   4.8829431e-01  -1.5907575e-03
   4.8494983e-01  -1.6142000e-03
   4.8160535e-01  -1.6359596e-03
   4.7826087e-01  -1.6560177e-03
   4.7491639e-01  -1.6743562e-03
   4.7157191e-01  -1.6909577e-03
   4.6822742e-01  -1.7058051e-03
   4.6488294e-01  -1.7188821e-03
   4.6153846e-01  -1.7301729e-03
   4.5819398e-01  -1.7396623e-03
   4.5484950e-01  -1.7473355e-03
   4.5150502e-01  -1.7531786e-03
   4.4816054e-01  -1.7571780e-03
   4.4481605e-01  -1.7593211e-03
   4.4147157e-01  -1.7595954e-03
   4.3812709e-01  -1.7579894e-03
   4.3478261e-01  -1.7544922e-03
   4.3143813e-01  -1.7490933e-03
   4.2809365e-01  -1.7417830e-03
   4.2474916e-01  -1.7325523e-03
   4.2140468e-01  -1.7213928e-03
   4.1806020e-01  -1.7082967e-03
   4.1471572e-01  -1.6932569e-03
   4.1137124e-01  -1.6762671e-03
   4.0802676e-01  -1.6573214e-03
   4.0468227e-01  -1.6364151e-03
   4.0133779e-01  -1.6135436e-03
   3.9799331e-01  -1.5887035e-03
   3.9464883e-01  -1.5618919e-03
   3.9130435e-01  -1.5331067e-03
   3.8795987e-01  -1.5023464e-03
   3.8461538e-01  -1.4696106e-03
   3.8127090e-01  -1.4348992e-03
   3.7792642e-01  -1.3982134e-03
   3.7458194e-01  -1.3595547e-03
   3.7123746e-01  -1.3189256e-03
   3.6789298e-01  -1.2763297e-03
   3.6454849e-01  -1.2317709e-03
   3.6120401e-01  -1.1852543e-03
   3.5785953e-01  -1.1367858e-03
   3.5451505e-01  -1.0863720e-03
   3.5117057e-01  -1.0340206e-03
   3.4782609e-01  -9.7974010e-04
   3.4448161e-01  -9.2353987e-04
   3.4113712e-01  -8.6543027e-04
   3.3779264e-01  -8.0542256e-04
   3.3444816e-01  -7.4352900e-04
   3.3110368e-01  -6.7976280e-04
   3.2775920e-01  -6.1413817e-04
   3.2441472e-01  -5.4667034e-04
   3.2107023e-01  -4.7737557e-04
   3.1772575e-01  -4.0627118e-04
   3.1438127e-01  -3.3337554e-04
   3.1103679e-01  -2.5870816e-04
   3.0769231e-01  -1.8228962e-04
   3.0434783e-01  -1.0414169e-04
   3.0100334e-01  -2.4287257e-05
   2.9765886e-01   5.7249561e-05
   2.9431438e-01   1.4044345e-04
   2.9096990e-01   2.2526783e-04
   2.8762542e-01   3.1169488e-04
   2.8428094e-01   3.9969544e-04
   2.8093645e-01   4.8923905e-04
   2.7759197e-01   5.8029384e-04
   2.7424749e-01   6.7282659e-04
   2.7090301e-01   7.6680260e-04
   2.6755853e-01   8.6218573e-04
   2.6421405e-01   9.5893830e-04
   2.6086957e-01   1.0570211e-03
   2.5752508e-01   1.1563933e-03
   2.5418060e-01   1.2570125e-03
   2.5083612e-01   1.3588345e-03
   2.4749164e-01   1.4618135e-03
   2.4414716e-01   1.5659018e-03
   2.4080268e-01   1.6710499e-03
   2.3745819e-01   1.7772064e-03
   2.3411371e-01   1.8843180e-03
   2.3076923e-01   1.9923293e-03
   2.2742475e-01   2.1011828e-03
   2.2408027e-01   2.2108189e-03
   2.2073579e-01   2.3211759e-03
   2.1739130e-01   2.4321894e-03
   2.1404682e-01   2.5437931e-03
   2.1070234e-01   2.6559178e-03
   2.0735786e-01   2.7684920e-03
   2.0401338e-01   2.8814413e-03
   2.0066890e-01   2.9946888e-03
   1.9732441e-01   3.1081543e-03
   1.9397993e-01   3.2217551e-03
   1.9063545e-01   3.3354048e-03
   1.8729097e-01   3.4490142e-03
   1.8394649e-01   3.5624905e-03
   1.8060201e-01   3.6757371e-03
   1.7725753e-01   3.7886539e-03
   1.7391304e-01   3.9011368e-03
   1.7056856e-01   4.0130775e-03
   1.6722408e-01   4.1243635e-03
   1.6387960e-01   4.2348775e-03
   1.6053512e-01   4.3444976e-03
   1.5719064e-01   4.4530967e-03
   1.5384615e-01   4.5605422e-03
   1.5050167e-01   4.6666961e-03
   1.4715719e-01   4.7714142e-03
   1.4381271e-01   4.8745457e-03
   1.4046823e-01   4.9759332e-03
   1.3712375e-01   5.0754121e-03
   1.3377926e-01   5.1728096e-03
   1.3043478e-01   5.2679451e-03
   1.2709030e-01   5.3606286e-03
   1.2374582e-01   5.4506608e-03
   1.2040134e-01   5.5378319e-03
   1.1705686e-01   5.6219209e-03
   1.1371237e-01   5.7026946e-03
   1.1036789e-01   5.7799069e-03
   1.0702341e-01   5.8532970e-03
   1.0367893e-01   5.9225886e-03
   1.0033445e-01   5.9874881e-03
   9.6989967e-02   6.0476830e-03
   9.3645485e-02   6.1028399e-03
   9.0301003e-02   6.1526019e-03
   8.6956522e-02   6.1965866e-03
   8.3612040e-02   6.2343824e-03
   8.0267559e-02   6.2655453e-03
   7.6923077e-02   6.2895943e-03
   7.3578595e-02   6.3060067e-03
   7.0234114e-02   6.3142119e-03
   6.6889632e-02   6.3135839e-03
   6.3545151e-02   6.3034329e-03
   6.0200669e-02   6.2829939e-03
   5.6856187e-02   6.2514137e-03
   5.3511706e-02   6.2077333e-03
   5.0167224e-02   6.1508668e-03
   4.6822742e-02   6.0795725e-03
   4.3478261e-02   5.9924168e-03
   4.0133779e-02   5.8877241e-03
   3.6789298e-02   5.7635086e-03
   3.3444816e-02   5.6173786e-03
   3.0100334e-02   5.4463975e-03
   2.6755853e-02   5.2468740e-03
   2.3411371e-02   5.0140337e-03
   2.0066890e-02   4.7414723e-03
   1.6722408e-02   4.4201852e-03
   1.3377926e-02   4.0366721e-03
   1.0033445e-02   3.5687315e-03
   6.6889632e-03   2.9740710e-03
   3.3444816e-03   2.1460716e-03
   0.0000000e+00   0.0000000e+00
