   0.0000000e+00   0.0000000e+00
   3.3444816e-03   1.0079463e-02
   6.6889632e-03   1.4208791e-02
   1.0033445e-02   1.7345917e-02
   1.3377926e-02   1.9964153e-02
   1.6722408e-02   2.2247433e-02
   2.0066890e-02   2.4290381e-02
   2.3411371e-02   2.6149374e-02
   2.6755853e-02   2.7861254e-02
   3.0100334e-02   2.9451683e-02
   3.3444816e-02   3.0939400e-02
   3.6789298e-02   3.2338591e-02
   4.0133779e-02   3.3660308e-02
   4.3478261e-02   3.4913365e-02
   4.6822742e-02   3.6104928e-02
   5.0167224e-02   3.7240921e-02
   5.3511706e-02   3.8326306e-02
   5.6856187e-02   3.9365296e-02
   6.0200669e-02   4.0361500e-02
   6.3545151e-02   4.1318042e-02
   6.6889632e-02   4.2237648e-02
   7.0234114e-02   4.3122715e-02
   7.3578595e-02   4.3975362e-02
   7.6923077e-02   4.4797478e-02
   8.0267559e-02   4.5590752e-02
   8.3612040e-02   4.6356705e-02
   8.6956522e-02   4.7096711e-02
   9.0301003e-02   4.7812019e-02
   9.3645485e-02   4.8503764e-02
   9.6989967e-02   4.9172987e-02
   1.0033445e-01   4.9820643e-02
   1.0367893e-01   5.0447609e-02
   1.0702341e-01   5.1054698e-02
   1.1036789e-01   5.1642661e-02
   1.1371237e-01   5.2212195e-02
   1.1705686e-01   5.2763949e-02
   1.2040134e-01   5.3298530e-02
   1.2374582e-01   5.3816503e-02
   1.2709030e-01   5.4318399e-02
   1.3043478e-01   5.4804716e-02
   1.3377926e-01   5.5275922e-02
   1.3712375e-01   5.5732459e-02
   1.4046823e-01   5.6174742e-02
   1.4381271e-01   5.6603167e-02
   1.4715719e-01   5.7018105e-02
   1.5050167e-01   5.7419909e-02
   1.5384615e-01   5.7808917e-02
   1.5719064e-01   5.8185445e-02
   1.6053512e-01   5.8549799e-02
   1.6387960e-01   5.8902268e-02
   1.6722408e-01   5.9243128e-02
   1.7056856e-01   5.9572644e-02
   1.7391304e-01   5.9891067e-02
   1.7725753e-01   6.0198641e-02
   1.8060201e-01   6.0495596e-02
   1.8394649e-01   6.0782156e-02
   1.8729097e-01   6.1058534e-02
   1.9063545e-01   6.1324936e-02
   1.9397993e-01   6.1581559e-02
   1.9732441e-01   6.1828594e-02
   2.0066890e-01   6.2066225e-02
   2.0401338e-01   6.2294628e-02
   2.0735786e-01   6.2513974e-02
   2.1070234e-01   6.2724430e-02
   2.1404682e-01   6.2926153e-02
   2.1739130e-01   6.3119299e-02
   2.2073579e-01   6.3304018e-02
   2.2408027e-01   6.3480454e-02
   2.2742475e-01   6.3648748e-02
   2.3076923e-01   6.3809037e-02
   2.3411371e-01   6.3961452e-02
   2.3745819e-01   6.4106122e-02
   2.4080268e-01   6.4243172e-02
   2.4414716e-01   6.4372723e-02
   2.4749164e-01   6.4494894e-02
   2.5083612e-01   6.4609800e-02
   2.5418060e-01   6.4717552e-02
   2.5752508e-01   6.4818260e-02
   2.6086957e-01   6.4912030e-02
   2.6421405e-01   6.4998966e-02
   2.6755853e-01   6.5079168e-02
   2.7090301e-01   6.5152736e-02
   2.7424749e-01   6.5219767e-02
   2.7759197e-01   6.5280353e-02
   2.8093645e-01   6.5334588e-02
   2.8428094e-01   6.5382562e-02
   2.8762542e-01   6.5424361e-02
   2.9096990e-01   6.5460074e-02
   2.9431438e-01   6.5489783e-02
   2.9765886e-01   6.5513571e-02
   3.0100334e-01   6.5531519e-02
   3.0434783e-01   6.5543707e-02
   3.0769231e-01   6.5550211e-02
   3.1103679e-01   6.5551108e-02
   3.1438127e-01   6.5546472e-02
   3.1772575e-01   6.5536376e-02
   3.2107023e-01   6.5520892e-02
   3.2441472e-01   6.5500090e-02
   3.2775920e-01   6.5474039e-02
   3.3110368e-01   6.5442807e-02
   3.3444816e-01   6.5406461e-02
   3.3779264e-01   6.5365065e-02
   3.4113712e-01   6.5318684e-02
   3.4448161e-01   6.5267381e-02
   3.4782609e-01   6.5211218e-02
   3.5117057e-01   6.5150255e-02
   3.5451505e-01   6.5084553e-02
   3.5785953e-01   6.5014170e-02
   3.6120401e-01   6.4939164e-02
   3.6454849e-01   6.4859592e-02
   3.6789298e-01   6.4775509e-02
   3.7123746e-01   6.4686971e-02
   3.7458194e-01   6.4594033e-02
   3.7792642e-01   6.4496746e-02
   3.8127090e-01   6.4395164e-02
   3.8461538e-01   6.4289338e-02
   3.8795987e-01   6.4179319e-02
   3.9130435e-01   6.4065157e-02
   3.9464883e-01   6.3946901e-02
   3.9799331e-01   6.3824599e-02
   4.0133779e-01   6.3698300e-02
   4.0468227e-01   6.3568049e-02
   4.0802676e-01   6.3433894e-02
   4.1137124e-01   6.3295879e-02
   4.1471572e-01   6.3154050e-02
   4.1806020e-01   6.3008450e-02
   4.2140468e-01   6.2859124e-02
   4.2474916e-01   6.2706114e-02
   4.2809365e-01   6.2549462e-02
   4.3143813e-01   6.2389209e-02
   4.3478261e-01   6.2225397e-02
   4.3812709e-01   6.2058066e-02
   4.4147157e-01   6.1887256e-02
   4.4481605e-01   6.1713005e-02
   4.4816054e-01   6.1535352e-02
   4.5150502e-01   6.1354336e-02
   4.5484950e-01   6.1169992e-02
   4.5819398e-01   6.0982359e-02
   4.6153846e-01   6.0791473e-02
   4.6488294e-01   6.0597368e-02
   4.6822742e-01   6.0400081e-02
   4.7157191e-01   6.0199646e-02
   4.7491639e-01   5.9996096e-02
   4.7826087e-01   5.9789466e-02
   4.8160535e-01   5.9579788e-02
   4.8494983e-01   5.9367095e-02
   4.8829431e-01   5.9151419e-02
   4.9163880e-01   5.8932792e-02
   4.9498328e-01   5.8711244e-02
   4.9832776e-01   5.8486806e-02
   5.0167224e-01   5.8259507e-02
   5.0501672e-01   5.8029378e-02
   5.0836120e-01   5.7796448e-02
   5.1170569e-01   5.7560744e-02
   5.1505017e-01   5.7322296e-02
   5.1839465e-01   5.7081130e-02
   5.2173913e-01   5.6837275e-02
   5.2508361e-01   5.6590755e-02
   5.2842809e-01   5.6341599e-02
   5.3177258e-01   5.6089831e-02
   5.3511706e-01   5.5835476e-02
   5.3846154e-01   5.5578560e-02
   5.4180602e-01   5.5319108e-02
   5.4515050e-01   5.5057142e-02
   5.4849498e-01   5.4792687e-02
   5.5183946e-01   5.4525765e-02
   5.5518395e-01   5.4256400e-02
   5.5852843e-01   5.3984613e-02
   5.6187291e-01   5.3710426e-02
   5.6521739e-01   5.3433860e-02
   5.6856187e-01   5.3154937e-02
   5.7190635e-01   5.2873676e-02
   5.7525084e-01   5.2590098e-02
   5.7859532e-01   5.2304223e-02
   5.8193980e-01   5.2016069e-02
   5.8528428e-01   5.1725656e-02
   5.8862876e-01   5.1433000e-02
   5.9197324e-01   5.1138122e-02
   5.9531773e-01   5.0841037e-02
   5.9866221e-01   5.0541763e-02
   6.0200669e-01   5.0240317e-02
   6.0535117e-01   4.9936715e-02
   6.0869565e-01   4.9630972e-02
   6.1204013e-01   4.9323105e-02
   6.1538462e-01   4.9013127e-02
   6.1872910e-01   4.8701054e-02
   6.2207358e-01   4.8386899e-02
   6.2541806e-01   4.8070676e-02
   6.2876254e-01   4.7752400e-02
   6.3210702e-01   4.7432082e-02
   6.3545151e-01   4.7109734e-02
   6.3879599e-01   4.6785370e-02
   6.4214047e-01   4.6459001e-02
   6.4548495e-01   4.6130637e-02
   6.4882943e-01   4.5800290e-02
   6.5217391e-01   4.5467971e-02
   6.5551839e-01   4.5133688e-02
   6.5886288e-01   4.4797452e-02
   6.6220736e-01   4.4459273e-02
   6.6555184e-01   4.4119158e-02
   6.6889632e-01   4.3777116e-02
   6.7224080e-01   4.3433155e-02
   6.7558528e-01   4.3087283e-02
   6.7892977e-01   4.2739507e-02
   6.8227425e-01   4.2389833e-02
   6.8561873e-01   4.2038268e-02
   6.8896321e-01   4.1684817e-02
   6.9230769e-01   4.1329487e-02
   6.9565217e-01   4.0972282e-02
   6.9899666e-01   4.0613207e-02
   7.0234114e-01   4.0252266e-02
   7.0568562e-01   3.9889464e-02
   7.0903010e-01   3.9524802e-02
   7.1237458e-01   3.9158286e-02
   7.1571906e-01   3.8789916e-02
   7.1906355e-01   3.8419696e-02
   7.2240803e-01   3.8047627e-02
   7.2575251e-01   3.7673710e-02
   7.2909699e-01   3.7297947e-02
   7.3244147e-01   3.6920338e-02
   7.3578595e-01   3.6540883e-02
   7.3913043e-01   3.6159582e-02
   7.4247492e-01   3.5776434e-02
   7.4581940e-01   3.5391438e-02
   7.4916388e-01   3.5004593e-02
   7.5250836e-01   3.4615897e-02
   7.5585284e-01   3.4225346e-02
   7.5919732e-01   3.3832940e-02
   7.6254181e-01   3.3438673e-02
   7.6588629e-01   3.3042543e-02
   7.6923077e-01   3.2644546e-02
   7.7257525e-01   3.2244677e-02
   7.7591973e-01   3.1842931e-02
   7.7926421e-01   3.1439303e-02
   7.8260870e-01   3.1033787e-02
   7.8595318e-01   3.0626378e-02
   7.8929766e-01   3.0217068e-02
   7.9264214e-01   2.9805851e-02
   7.9598662e-01   2.9392719e-02
   7.9933110e-01   2.8977664e-02
   8.0267559e-01   2.8560678e-02
   8.0602007e-01   2.8141753e-02
   8.0936455e-01   2.7720879e-02
   8.1270903e-01   2.7298046e-02
   8.1605351e-01   2.6873245e-02
   8.1939799e-01   2.6446466e-02
   8.2274247e-01   2.6017697e-02
   8.2608696e-01   2.5586928e-02
   8.2943144e-01   2.5154145e-02
   8.3277592e-01   2.4719339e-02
   8.3612040e-01   2.4282495e-02
   8.3946488e-01   2.3843600e-02
   8.4280936e-01   2.3402642e-02
   8.4615385e-01   2.2959607e-02
   8.4949833e-01   2.2514480e-02
   8.5284281e-01   2.2067246e-02
   8.5618729e-01   2.1617891e-02
   8.5953177e-01   2.1166398e-02
   8.6287625e-01   2.0712752e-02
   8.6622074e-01   2.0256935e-02
   8.6956522e-01   1.9798932e-02
   8.7290970e-01   1.9338725e-02
   8.7625418e-01   1.8876295e-02
   8.7959866e-01   1.8411625e-02
   8.8294314e-01   1.7944696e-02
   8.8628763e-01   1.7475488e-02
   8.8963211e-01   1.7003983e-02
   8.9297659e-01   1.6530160e-02
   8.9632107e-01   1.6053998e-02
   8.9966555e-01   1.5575476e-02
   9.0301003e-01   1.5094574e-02
   9.0635452e-01   1.4611269e-02
   9.0969900e-01   1.4125539e-02
   9.1304348e-01   1.3637361e-02
   9.1638796e-01   1.3146712e-02
   9.1973244e-01   1.2653568e-02
   9.2307692e-01   1.2157905e-02
   9.2642140e-01   1.1659698e-02
   9.2976589e-01   1.1158923e-02
   9.3311037e-01   1.0655554e-02
   9.3645485e-01   1.0149565e-02
   9.3979933e-01   9.6409289e-03
   9.4314381e-01   9.1296197e-03
   9.4648829e-01   8.6156097e-03
   9.4983278e-01   8.0988710e-03
   9.5317726e-01   7.5793754e-03
   9.5652174e-01   7.0570941e-03
   9.5986622e-01   6.5319979e-03
   9.6321070e-01   6.0040571e-03
   9.6655518e-01   5.4732415e-03
   9.6989967e-01   4.9395205e-03
   9.7324415e-01   4.4028630e-03
   9.7658863e-01   3.8632375e-03
   9.7993311e-01   3.3206117e-03
   9.8327759e-01   2.7749534e-03
   9.8662207e-01   2.2262293e-03
   9.8996656e-01   1.6744062e-03
   9.9331104e-01   1.1194499e-03
   9.9665552e-01   5.6132616e-04
   1.0000000e+00   0.0000000e+00
   1.0000000e+00   0.0000000e+00
   9.9665552e-01  -4.2378602e-04
   9.9331104e-01  -8.4718384e-04
   9.8996656e-01  -1.2701526e-03
   9.8662207e-01  -1.6926520e-03
   9.8327759e-01  -2.1146420e-03
   9.7993311e-01  -2.5360830e-03
   9.7658863e-01  -2.9569362e-03
   9.7324415e-01  -3.3771627e-03
   9.6989967e-01  -3.7967244e-03
   9.6655518e-01  -4.2155835e-03
   9.6321070e-01  -4.6337027e-03
   9.5986622e-01  -5.0510450e-03
   9.5652174e-01  -5.4675741e-03
   9.5317726e-01  -5.8832538e-03
   9.4983278e-01  -6.2980484e-03
   9.4648829e-01  -6.7119229e-03
   9.4314381e-01  -7.1248423e-03
   9.3979933e-01  -7.5367724e-03
   9.3645485e-01  -7.9476791e-03
   9.3311037e-01  -8.3575289e-03
   9.2976589e-01  -8.7662886e-03
   9.2642140e-01  -9.1739257e-03
   9.2307692e-01  -9.5804076e-03
   9.1973244e-01  -9.9857026e-03
   9.1638796e-01  -1.0389779e-02
   9.1304348e-01  -1.0792606e-02
   9.0969900e-01  -1.1194153e-02
   9.0635452e-01  -1.1594389e-02
   9.0301003e-01  -1.1993284e-02
   8.9966555e-01  -1.2390810e-02
   8.9632107e-01  -1.2786937e-02
   8.9297659e-01  -1.3181635e-02
   8.8963211e-01  -1.3574878e-02
   8.8628763e-01  -1.3966636e-02
   8.8294314e-01  -1.4356883e-02
   8.7959866e-01  -1.4745591e-02
   8.7625418e-01  -1.5132733e-02
   8.7290970e-01  -1.5518283e-02
   8.6956522e-01  -1.5902214e-02
   8.6622074e-01  -1.6284502e-02
   8.6287625e-01  -1.6665121e-02
   8.5953177e-01  -1.7044046e-02
   8.5618729e-01  -1.7421252e-02
   8.5284281e-01  -1.7796715e-02
   8.4949833e-01  -1.8170412e-02
   8.4615385e-01  -1.8542318e-02
   8.4280936e-01  -1.8912411e-02
   8.3946488e-01  -1.9280668e-02
   8.3612040e-01  -1.9647066e-02
   8.3277592e-01  -2.0011584e-02
   8.2943144e-01  -2.0374200e-02
   8.2608696e-01  -2.0734892e-02
   8.2274247e-01  -2.1093639e-02
   8.1939799e-01  -2.1450421e-02
   8.1605351e-01  -2.1805218e-02
   8.1270903e-01  -2.2158009e-02
   8.0936455e-01  -2.2508774e-02
   8.0602007e-01  -2.2857495e-02
   8.0267559e-01  -2.3204153e-02
   7.9933110e-01  -2.3548728e-02
   7.9598662e-01  -2.3891203e-02
   7.9264214e-01  -2.4231558e-02
   7.8929766e-01  -2.4569778e-02
   7.8595318e-01  -2.4905844e-02
   7.8260870e-01  -2.5239739e-02
   7.7926421e-01  -2.5571447e-02
   7.7591973e-01  -2.5900950e-02
   7.7257525e-01  -2.6228234e-02
   7.6923077e-01  -2.6553282e-02
   7.6588629e-01  -2.6876078e-02
   7.6254181e-01  -2.7196608e-02
   7.5919732e-01  -2.7514856e-02
   7.5585284e-01  -2.7830808e-02
   7.5250836e-01  -2.8144450e-02
   7.4916388e-01  -2.8455767e-02
   7.4581940e-01  -2.8764745e-02
   7.4247492e-01  -2.9071372e-02
   7.3913043e-01  -2.9375634e-02
   7.3578595e-01  -2.9677518e-02
   7.3244147e-01  -2.9977012e-02
   7.2909699e-01  -3.0274103e-02
   7.2575251e-01  -3.0568779e-02
   7.2240803e-01  -3.0861028e-02
   7.1906355e-01  -3.1150839e-02
   7.1571906e-01  -3.1438200e-02
   7.1237458e-01  -3.1723101e-02
   7.0903010e-01  -3.2005530e-02
   7.0568562e-01  -3.2285477e-02
   7.0234114e-01  -3.2562932e-02
   6.9899666e-01  -3.2837885e-02
   6.9565217e-01  -3.3110326e-02
   6.9230769e-01  -3.3380245e-02
   6.8896321e-01  -3.3647633e-02
   6.8561873e-01  -3.3912482e-02
   6.8227425e-01  -3.4174781e-02
   6.7892977e-01  -3.4434523e-02
   6.7558528e-01  -3.4691699e-02
   6.7224080e-01  -3.4946301e-02
   6.6889632e-01  -3.5198322e-02
   6.6555184e-01  -3.5447752e-02
   6.6220736e-01  -3.5694585e-02
   6.5886288e-01  -3.5938813e-02
   6.5551839e-01  -3.6180430e-02
   6.5217391e-01  -3.6419428e-02
   6.4882943e-01  -3.6655801e-02
   6.4548495e-01  -3.6889542e-02
   6.4214047e-01  -3.7120644e-02
   6.3879599e-01  -3.7349102e-02
   6.3545151e-01  -3.7574909e-02
   6.3210702e-01  -3.7798061e-02
   6.2876254e-01  -3.8018550e-02
   6.2541806e-01  -3.8236372e-02
   6.2207358e-01  -3.8451521e-02
   6.1872910e-01  -3.8663992e-02
   6.1538462e-01  -3.8873781e-02
   6.1204013e-01  -3.9080882e-02
   6.0869565e-01  -3.9285290e-02
   6.0535117e-01  -3.9487002e-02
   6.0200669e-01  -3.9686012e-02
   5.9866221e-01  -3.9882317e-02
   5.9531773e-01  -4.0075912e-02
   5.9197324e-01  -4.0266793e-02
   5.8862876e-01  -4.0454956e-02
   5.8528428e-01  -4.0640399e-02
   5.8193980e-01  -4.0823116e-02
   5.7859532e-01  -4.1003104e-02
   5.7525084e-01  -4.1180360e-02
   5.7190635e-01  -4.1354881e-02
   5.6856187e-01  -4.1526663e-02
   5.6521739e-01  -4.1695703e-02
   5.6187291e-01  -4.1861999e-02
   5.5852843e-01  -4.2025546e-02
   5.5518395e-01  -4.2186342e-02
   5.5183946e-01  -4.2344384e-02
   5.4849498e-01  -4.2499669e-02
   5.4515050e-01  -4.2652196e-02
   5.4180602e-01  -4.2801959e-02
   5.3846154e-01  -4.2948958e-02
   5.3511706e-01  -4.3093190e-02
   5.3177258e-01  -4.3234651e-02
   5.2842809e-01  -4.3373339e-02
   5.2508361e-01  -4.3509253e-02
   5.2173913e-01  -4.3642388e-02
   5.1839465e-01  -4.3772743e-02
   5.1505017e-01  -4.3900315e-02
   5.1170569e-01  -4.4025101e-02
   5.0836120e-01  -4.4147099e-02
   5.0501672e-01  -4.4266307e-02
   5.0167224e-01  -4.4382721e-02
   4.9832776e-01  -4.4496339e-02
   4.9498328e-01  -4.4607158e-02
   4.9163880e-01  -4.4715176e-02
   4.8829431e-01  -4.4820390e-02
   4.8494983e-01  -4.4922796e-02
   4.8160535e-01  -4.5022392e-02
   4.7826087e-01  -4.5119175e-02
   4.7491639e-01  -4.5213142e-02
   4.7157191e-01  -4.5304289e-02
   4.6822742e-01  -4.5392613e-02
   4.6488294e-01  -4.5478110e-02
   4.6153846e-01  -4.5560778e-02
   4.5819398e-01  -4.5640612e-02
   4.5484950e-01  -4.5717608e-02
   4.5150502e-01  -4.5791762e-02
   4.4816054e-01  -4.5863070e-02
   4.4481605e-01  -4.5931529e-02
   4.4147157e-01  -4.5997132e-02
   4.3812709e-01  -4.6059875e-02
   4.3478261e-01  -4.6119754e-02
   4.3143813e-01  -4.6176764e-02
   4.2809365e-01  -4.6230897e-02
   4.2474916e-01  -4.6282150e-02
   4.2140468e-01  -4.6330516e-02
   4.1806020e-01  -4.6375989e-02
   4.1471572e-01  -4.6418562e-02
   4.1137124e-01  -4.6458228e-02
   4.0802676e-01  -4.6494981e-02
   4.0468227e-01  -4.6528813e-02
   4.0133779e-01  -4.6559716e-02
   3.9799331e-01  -4.6587682e-02
   3.9464883e-01  -4.6612702e-02
   3.9130435e-01  -4.6634768e-02
   3.8795987e-01  -4.6653871e-02
   3.8461538e-01  -4.6669999e-02
   3.8127090e-01  -4.6683144e-02
   3.7792642e-01  -4.6693295e-02
   3.7458194e-01  -4.6700441e-02
   3.7123746e-01  -4.6704569e-02
   3.6789298e-01  -4.6705668e-02
   3.6454849e-01  -4.6703725e-02
   3.6120401e-01  -4.6698728e-02
   3.5785953e-01  -4.6690661e-02
   3.5451505e-01  -4.6679511e-02
   3.5117057e-01  -4.6665263e-02
   3.4782609e-01  -4.6647900e-02
   3.4448161e-01  -4.6627407e-02
   3.4113712e-01  -4.6603767e-02
   3.3779264e-01  -4.6576961e-02
   3.3444816e-01  -4.6546971e-02
   3.3110368e-01  -4.6513778e-02
   3.2775920e-01  -4.6477361e-02
   3.2441472e-01  -4.6437700e-02
   3.2107023e-01  -4.6394772e-02
   3.1772575e-01  -4.6348554e-02
   3.1438127e-01  -4.6299024e-02
   3.1103679e-01  -4.6246155e-02
   3.0769231e-01  -4.6189922e-02
   3.0434783e-01  -4.6130298e-02
   3.0100334e-01  -4.6067255e-02
   2.9765886e-01  -4.6000764e-02
   2.9431438e-01  -4.5930794e-02
   2.9096990e-01  -4.5857314e-02
   2.8762542e-01  -4.5780290e-02
   2.8428094e-01  -4.5699688e-02
   2.8093645e-01  -4.5615473e-02
   2.7759197e-01  -4.5527606e-02
   2.7424749e-01  -4.5436049e-02
   2.7090301e-01  -4.5340762e-02
   2.6755853e-01  -4.5241703e-02
   2.6421405e-01  -4.5138827e-02
   2.6086957e-01  -4.5032089e-02
   2.5752508e-01  -4.4921441e-02
   2.5418060e-01  -4.4806833e-02
   2.5083612e-01  -4.4688214e-02
   2.4749164e-01  -4.4565531e-02
   2.4414716e-01  -4.4438726e-02
   2.4080268e-01  -4.4307741e-02
   2.3745819e-01  -4.4172516e-02
   2.3411371e-01  -4.4032986e-02
   2.3076923e-01  -4.3889085e-02
   2.2742475e-01  -4.3740745e-02
   2.2408027e-01  -4.3587892e-02
   2.2073579e-01  -4.3430453e-02
   2.1739130e-01  -4.3268347e-02
   2.1404682e-01  -4.3101492e-02
   2.1070234e-01  -4.2929804e-02
   2.0735786e-01  -4.2753193e-02
   2.0401338e-01  -4.2571564e-02
   2.0066890e-01  -4.2384819e-02
   1.9732441e-01  -4.2192858e-02
   1.9397993e-01  -4.1995571e-02
   1.9063545e-01  -4.1792847e-02
   1.8729097e-01  -4.1584569e-02
   1.8394649e-01  -4.1370613e-02
   1.8060201e-01  -4.1150850e-02
   1.7725753e-01  -4.0925145e-02
   1.7391304e-01  -4.0693355e-02
   1.7056856e-01  -4.0455331e-02
   1.6722408e-01  -4.0210916e-02
   1.6387960e-01  -3.9959945e-02
   1.6053512e-01  -3.9702243e-02
   1.5719064e-01  -3.9437629e-02
   1.5384615e-01  -3.9165909e-02
   1.5050167e-01  -3.8886878e-02
   1.4715719e-01  -3.8600323e-02
   1.4381271e-01  -3.8306015e-02
   1.4046823e-01  -3.8003713e-02
   1.3712375e-01  -3.7693163e-02
   1.3377926e-01  -3.7374094e-02
   1.3043478e-01  -3.7046219e-02
   1.2709030e-01  -3.6709231e-02
   1.2374582e-01  -3.6362805e-02
   1.2040134e-01  -3.6006594e-02
   1.1705686e-01  -3.5640227e-02
   1.1371237e-01  -3.5263307e-02
   1.1036789e-01  -3.4875408e-02
   1.0702341e-01  -3.4476073e-02
   1.0367893e-01  -3.4064810e-02
   1.0033445e-01  -3.3641088e-02
   9.6989967e-02  -3.3204333e-02
   9.3645485e-02  -3.2753924e-02
   9.0301003e-02  -3.2289183e-02
   8.6956522e-02  -3.1809375e-02
   8.3612040e-02  -3.1313692e-02
   8.0267559e-02  -3.0801250e-02
   7.6923077e-02  -3.0271075e-02
   7.3578595e-02  -2.9722089e-02
   7.0234114e-02  -2.9153095e-02
   6.6889632e-02  -2.8562757e-02
   6.3545151e-02  -2.7949575e-02
   6.0200669e-02  -2.7311857e-02
   5.6856187e-02  -2.6647679e-02
   5.3511706e-02  -2.5954840e-02
   5.0167224e-02  -2.5230800e-02
   4.6822742e-02  -2.4472601e-02
   4.3478261e-02  -2.3676762e-02
   4.0133779e-02  -2.2839135e-02
   3.6789298e-02  -2.1954712e-02
   3.3444816e-02  -2.1017345e-02
   3.0100334e-02  -2.0019340e-02
   2.6755853e-02  -1.8950837e-02
   2.3411371e-02  -1.7798839e-02
   2.0066890e-02  -1.6545580e-02
   1.6722408e-02  -1.5165601e-02
   1.3377926e-02  -1.3620012e-02
   1.0033445e-02  -1.1843654e-02
   6.6889632e-03  -9.7100729e-03
   3.3444816e-03  -6.8943730e-03
   0.0000000e+00  -0.0000000e+00
