   0.0000000e+00   0.0000000e+00
   3.3444816e-03   1.2145871e-02
   6.6889632e-03   1.7281418e-02
   1.0033445e-02   2.1289248e-02
   1.3377926e-02   2.4721068e-02
   1.6722408e-02   2.7788461e-02
   2.0066890e-02   3.0598811e-02
   2.3411371e-02   3.3215196e-02
   2.6755853e-02   3.5678233e-02
   3.0100334e-02   3.8015784e-02
   3.3444816e-02   4.0247870e-02
   3.6789298e-02   4.2389398e-02
   4.0133779e-02   4.4451787e-02
   4.3478261e-02   4.6443986e-02
   4.6822742e-02   4.8373141e-02
   5.0167224e-02   5.0245052e-02
   5.3511706e-02   5.2064489e-02
   5.6856187e-02   5.3835426e-02
   6.0200669e-02   5.5561202e-02
   6.3545151e-02   5.7244655e-02
   6.6889632e-02   5.8888213e-02
   7.0234114e-02   6.0493969e-02
   7.3578595e-02   6.2063742e-02
   7.6923077e-02   6.3599121e-02
   8.0267559e-02   6.5101500e-02
   8.3612040e-02   6.6572114e-02
   8.6956522e-02   6.8012057e-02
   9.0301003e-02   6.9422307e-02
   9.3645485e-02   7.0803738e-02
   9.6989967e-02   7.2157141e-02
   1.0033445e-01   7.3483227e-02
   1.0367893e-01   7.4782643e-02
   1.0702341e-01   7.6055980e-02
   1.1036789e-01   7.7303776e-02
   1.1371237e-01   7.8526527e-02
   1.1705686e-01   7.9724691e-02
   1.2040134e-01   8.0898689e-02
   1.2374582e-01   8.2048914e-02
   1.2709030e-01   8.3175732e-02
   1.3043478e-01   8.4279485e-02
   1.3377926e-01   8.5360494e-02
   1.3712375e-01   8.6419061e-02
   1.4046823e-01   8.7455472e-02
   1.4381271e-01   8.8469999e-02
   1.4715719e-01   8.9462897e-02
   1.5050167e-01   9.0434413e-02
   1.5384615e-01   9.1384783e-02
   1.5719064e-01   9.2314231e-02
   1.6053512e-01   9.3222975e-02
   1.6387960e-01   9.4111225e-02
   1.6722408e-01   9.4979183e-02
   1.7056856e-01   9.5827047e-02
   1.7391304e-01   9.6655007e-02
   1.7725753e-01   9.7463250e-02
   1.8060201e-01   9.8251959e-02
   1.8394649e-01   9.9021312e-02
   1.8729097e-01   9.9771484e-02
   1.9063545e-01   1.0050265e-01
   1.9397993e-01   1.0121497e-01
   1.9732441e-01   1.0190862e-01
   2.0066890e-01   1.0258376e-01
   2.0401338e-01   1.0324055e-01
   2.0735786e-01   1.0387916e-01
   2.1070234e-01   1.0449975e-01
   2.1404682e-01   1.0510246e-01
   2.1739130e-01   1.0568747e-01
   2.2073579e-01   1.0625492e-01
   2.2408027e-01   1.0680498e-01
   2.2742475e-01   1.0733779e-01
   2.3076923e-01   1.0785351e-01
   2.3411371e-01   1.0835230e-01
   2.3745819e-01   1.0883430e-01
   2.4080268e-01   1.0929967e-01
   2.4414716e-01   1.0974856e-01
   2.4749164e-01   1.1018113e-01
   2.5083612e-01   1.1059752e-01
   2.5418060e-01   1.1099789e-01
   2.5752508e-01   1.1138238e-01
   2.6086957e-01   1.1175116e-01
   2.6421405e-01   1.1210436e-01
   2.6755853e-01   1.1244215e-01
   2.7090301e-01   1.1276467e-01
   2.7424749e-01   1.1307208e-01
   2.7759197e-01   1.1336452e-01
   2.8093645e-01   1.1364215e-01
   2.8428094e-01   1.1390512e-01
   2.8762542e-01   1.1415357e-01
   2.9096990e-01   1.1438767e-01
   2.9431438e-01   1.1460756e-01
   2.9765886e-01   1.1481339e-01
   3.0100334e-01   1.1500531e-01
   3.0434783e-01   1.1518348e-01
   3.0769231e-01   1.1534805e-01
   3.1103679e-01   1.1549916e-01
   3.1438127e-01   1.1563697e-01
   3.1772575e-01   1.1576163e-01
   3.2107023e-01   1.1587329e-01
   3.2441472e-01   1.1597210e-01
   3.2775920e-01   1.1605821e-01
   3.3110368e-01   1.1613177e-01
   3.3444816e-01   1.1619294e-01
   3.3779264e-01   1.1624185e-01
   3.4113712e-01   1.1627867e-01
   3.4448161e-01   1.1630354e-01
   3.4782609e-01   1.1631661e-01
   3.5117057e-01   1.1631802e-01
   3.5451505e-01   1.1630794e-01
   3.5785953e-01   1.1628650e-01
   3.6120401e-01   1.1625386e-01
   3.6454849e-01   1.1621016e-01
   3.6789298e-01   1.1615554e-01
   3.7123746e-01   1.1609017e-01
   3.7458194e-01   1.1601417e-01
   3.7792642e-01   1.1592771e-01
   3.8127090e-01   1.1583092e-01
   3.8461538e-01   1.1572394e-01
   3.8795987e-01   1.1560693e-01
   3.9130435e-01   1.1548002e-01
   3.9464883e-01   1.1534337e-01
   3.9799331e-01   1.1519710e-01
   4.0133779e-01   1.1504137e-01
   4.0468227e-01   1.1487631e-01
   4.0802676e-01   1.1470206e-01
   4.1137124e-01   1.1451877e-01
   4.1471572e-01   1.1432656e-01
   4.1806020e-01   1.1412559e-01
   4.2140468e-01   1.1391599e-01
   4.2474916e-01   1.1369788e-01
   4.2809365e-01   1.1347141e-01
   4.3143813e-01   1.1323672e-01
   4.3478261e-01   1.1299393e-01
   4.3812709e-01   1.1274317e-01
   4.4147157e-01   1.1248459e-01
   4.4481605e-01   1.1221830e-01
   4.4816054e-01   1.1194444e-01
   4.5150502e-01   1.1166314e-01
   4.5484950e-01   1.1137452e-01
   4.5819398e-01   1.1107870e-01
   4.6153846e-01   1.1077582e-01
   4.6488294e-01   1.1046599e-01
   4.6822742e-01   1.1014935e-01
   4.7157191e-01   1.0982600e-01
   4.7491639e-01   1.0949606e-01
   4.7826087e-01   1.0915967e-01
   4.8160535e-01   1.0881693e-01
   4.8494983e-01   1.0846795e-01
   4.8829431e-01   1.0811286e-01
   4.9163880e-01   1.0775176e-01
   4.9498328e-01   1.0738477e-01
   4.9832776e-01   1.0701200e-01
   5.0167224e-01   1.0663355e-01
   5.0501672e-01   1.0624953e-01
   5.0836120e-01   1.0586004e-01
   5.1170569e-01   1.0546520e-01
   5.1505017e-01   1.0506510e-01
   5.1839465e-01   1.0465983e-01
   5.2173913e-01   1.0424951e-01
   5.2508361e-01   1.0383423e-01
   5.2842809e-01   1.0341407e-01
   5.3177258e-01   1.0298915e-01
   5.3511706e-01   1.0255954e-01
   5.3846154e-01   1.0212533e-01
   5.4180602e-01   1.0168663e-01
   5.4515050e-01   1.0124350e-01
   5.4849498e-01   1.0079604e-01
   5.5183946e-01   1.0034433e-01
   5.5518395e-01   9.9888445e-02
   5.5852843e-01   9.9428469e-02
   5.6187291e-01   9.8964477e-02
   5.6521739e-01   9.8496544e-02
   5.6856187e-01   9.8024743e-02
   5.7190635e-01   9.7549143e-02
   5.7525084e-01   9.7069815e-02
   5.7859532e-01   9.6586823e-02
   5.8193980e-01   9.6100233e-02
   5.8528428e-01   9.5610107e-02
   5.8862876e-01   9.5116505e-02
   5.9197324e-01   9.4619485e-02
   5.9531773e-01   9.4119102e-02
   5.9866221e-01   9.3615411e-02
   6.0200669e-01   9.3108461e-02
   6.0535117e-01   9.2598304e-02
   6.0869565e-01   9.2084984e-02
   6.1204013e-01   9.1568546e-02
   6.1538462e-01   9.1049034e-02
   6.1872910e-01   9.0526485e-02
   6.2207358e-01   9.0000938e-02
   6.2541806e-01   8.9472427e-02
   6.2876254e-01   8.8940985e-02
   6.3210702e-01   8.8406643e-02
   6.3545151e-01   8.7869426e-02
   6.3879599e-01   8.7329362e-02
   6.4214047e-01   8.6786471e-02
   6.4548495e-01   8.6240774e-02
   6.4882943e-01   8.5692290e-02
   6.5217391e-01   8.5141031e-02
   6.5551839e-01   8.4587012e-02
   6.5886288e-01   8.4030241e-02
   6.6220736e-01   8.3470725e-02
   6.6555184e-01   8.2908469e-02
   6.6889632e-01   8.2343475e-02
   6.7224080e-01   8.1775741e-02
   6.7558528e-01   8.1205264e-02
   6.7892977e-01   8.0632037e-02
   6.8227425e-01   8.0056051e-02
   6.8561873e-01   7.9477294e-02
   6.8896321e-01   7.8895750e-02
   6.9230769e-01   7.8311403e-02
   6.9565217e-01   7.7724232e-02
   6.9899666e-01   7.7134213e-02
   7.0234114e-01   7.6541320e-02
   7.0568562e-01   7.5945524e-02
   7.0903010e-01   7.5346792e-02
   7.1237458e-01   7.4745090e-02
   7.1571906e-01   7.4140379e-02
   7.1906355e-01   7.3532619e-02
   7.2240803e-01   7.2921764e-02
   7.2575251e-01   7.2307769e-02
   7.2909699e-01   7.1690583e-02
   7.3244147e-01   7.1070152e-02
   7.3578595e-01   7.0446421e-02
   7.3913043e-01   6.9819330e-02
   7.4247492e-01   6.9188816e-02
   7.4581940e-01   6.8554814e-02
   7.4916388e-01   6.7917255e-02
   7.5250836e-01   6.7276067e-02
   7.5585284e-01   6.6631174e-02
   7.5919732e-01   6.5982498e-02
   7.6254181e-01   6.5329957e-02
   7.6588629e-01   6.4673467e-02
   7.6923077e-01   6.4012939e-02
   7.7257525e-01   6.3348282e-02
   7.7591973e-01   6.2679400e-02
   7.7926421e-01   6.2006196e-02
   7.8260870e-01   6.1328567e-02
   7.8595318e-01   6.0646410e-02
   7.8929766e-01   5.9959615e-02
   7.9264214e-01   5.9268071e-02
   7.9598662e-01   5.8571663e-02
   7.9933110e-01   5.7870273e-02
   8.0267559e-01   5.7163777e-02
   8.0602007e-01   5.6452052e-02
   8.0936455e-01   5.5734967e-02
   8.1270903e-01   5.5012389e-02
   8.1605351e-01   5.4284184e-02
   8.1939799e-01   5.3550212e-02
   8.2274247e-01   5.2810329e-02
   8.2608696e-01   5.2064388e-02
   8.2943144e-01   5.1312239e-02
   8.3277592e-01   5.0553728e-02
   8.3612040e-01   4.9788698e-02
   8.3946488e-01   4.9016986e-02
   8.4280936e-01   4.8238429e-02
   8.4615385e-01   4.7452858e-02
   8.4949833e-01   4.6660100e-02
   8.5284281e-01   4.5859979e-02
   8.5618729e-01   4.5052315e-02
   8.5953177e-01   4.4236925e-02
   8.6287625e-01   4.3413621e-02
   8.6622074e-01   4.2582212e-02
   8.6956522e-01   4.1742504e-02
   8.7290970e-01   4.0894297e-02
   8.7625418e-01   4.0037389e-02
   8.7959866e-01   3.9171574e-02
   8.8294314e-01   3.8296641e-02
   8.8628763e-01   3.7412375e-02
   8.8963211e-01   3.6518559e-02
   8.9297659e-01   3.5614971e-02
   8.9632107e-01   3.4701385e-02
   8.9966555e-01   3.3777570e-02
   9.0301003e-01   3.2843293e-02
   9.0635452e-01   3.1898315e-02
   9.0969900e-01   3.0942396e-02
   9.1304348e-01   2.9975288e-02
   9.1638796e-01   2.8996743e-02
   9.1973244e-01   2.8006505e-02
   9.2307692e-01   2.7004317e-02
   9.2642140e-01   2.5989917e-02
   9.2976589e-01   2.4963038e-02
   9.3311037e-01   2.3923410e-02
   9.3645485e-01   2.2870758e-02
   9.3979933e-01   2.1804804e-02
   9.4314381e-01   2.0725265e-02
   9.4648829e-01   1.9631854e-02
   9.4983278e-01   1.8524279e-02
   9.5317726e-01   1.7402245e-02
   9.5652174e-01   1.6265453e-02
   9.5986622e-01   1.5113598e-02
   9.6321070e-01   1.3946373e-02
   9.6655518e-01   1.2763465e-02
   9.6989967e-01   1.1564557e-02
   9.7324415e-01   1.0349329e-02
   9.7658863e-01   9.1174542e-03
   9.7993311e-01   7.8686038e-03
   9.8327759e-01   6.6024437e-03
   9.8662207e-01   5.3186354e-03
   9.8996656e-01   4.0168363e-03
   9.9331104e-01   2.6966991e-03
   9.9665552e-01   1.3578723e-03
   1.0000000e+00   0.0000000e+00
   1.0000000e+00   0.0000000e+00
   9.9665552e-01   2.7503659e-04
   9.9331104e-01   5.5067074e-04
   9.8996656e-01   8.2639887e-04
   9.8662207e-01   1.1017262e-03
   9.8327759e-01   1.3761666e-03
   9.7993311e-01   1.6492425e-03
   9.7658863e-01   1.9204853e-03
   9.7324415e-01   2.1894348e-03
   9.6989967e-01   2.4556393e-03
   9.6655518e-01   2.7186557e-03
   9.6321070e-01   2.9780495e-03
   9.5986622e-01   3.2333946e-03
   9.5652174e-01   3.4842734e-03
   9.5317726e-01   3.7302766e-03
   9.4983278e-01   3.9710034e-03
   9.4648829e-01   4.2060613e-03
   9.4314381e-01   4.4350661e-03
   9.3979933e-01   4.6576419e-03
   9.3645485e-01   4.8734209e-03
   9.3311037e-01   5.0820438e-03
   9.2976589e-01   5.2831592e-03
   9.2642140e-01   5.4764240e-03
   9.2307692e-01   5.6615031e-03
   9.1973244e-01   5.8380696e-03
   9.1638796e-01   6.0058044e-03
   9.1304348e-01   6.1643968e-03
   9.0969900e-01   6.3135436e-03
   9.0635452e-01   6.4529500e-03
   9.0301003e-01   6.5823287e-03
   8.9966555e-01   6.7014004e-03
   8.9632107e-01   6.8098937e-03
   8.9297659e-01   6.9075451e-03
   8.8963211e-01   6.9940985e-03
   8.8628763e-01   7.0693058e-03
   8.8294314e-01   7.1329265e-03
   8.7959866e-01   7.1847278e-03
   8.7625418e-01   7.2244844e-03
   8.7290970e-01   7.2519787e-03
   8.6956522e-01   7.2670007e-03
   8.6622074e-01   7.2693476e-03
   8.6287625e-01   7.2588245e-03
   8.5953177e-01   7.2352435e-03
   8.5618729e-01   7.1984244e-03
   8.5284281e-01   7.1481943e-03
   8.4949833e-01   7.0843875e-03
   8.4615385e-01   7.0068458e-03
   8.4280936e-01   6.9154179e-03
   8.3946488e-01   6.8099601e-03
   8.3612040e-01   6.6903357e-03
   8.3277592e-01   6.5564151e-03
   8.2943144e-01   6.4080758e-03
   8.2608696e-01   6.2452025e-03
   8.2274247e-01   6.0676867e-03
   8.1939799e-01   5.8754270e-03
   8.1605351e-01   5.6683291e-03
   8.1270903e-01   5.4463053e-03
   8.0936455e-01   5.2092750e-03
   8.0602007e-01   4.9571643e-03
   8.0267559e-01   4.6899062e-03
   7.9933110e-01   4.4074403e-03
   7.9598662e-01   4.1097132e-03
   7.9264214e-01   3.7966778e-03
   7.8929766e-01   3.4682939e-03
   7.8595318e-01   3.1245277e-03
   7.8260870e-01   2.7653522e-03
   7.7926421e-01   2.3907467e-03
   7.7591973e-01   2.0006970e-03
   7.7257525e-01   1.5951955e-03
   7.6923077e-01   1.1742409e-03
   7.6588629e-01   7.3783800e-04
   7.6254181e-01   2.8599832e-04
   7.5919732e-01  -1.8126058e-04
   7.5585284e-01  -6.6391488e-04
   7.5250836e-01  -1.1619345e-03
   7.4916388e-01  -1.6752834e-03
   7.4581940e-01  -2.2039192e-03
   7.4247492e-01  -2.7477936e-03
   7.3913043e-01  -3.3068523e-03
   7.3578595e-01  -3.8810348e-03
   7.3244147e-01  -4.4702751e-03
   7.2909699e-01  -5.0745008e-03
   7.2575251e-01  -5.6936340e-03
   7.2240803e-01  -6.3275909e-03
   7.1906355e-01  -6.9762820e-03
   7.1571906e-01  -7.6396118e-03
   7.1237458e-01  -8.3174795e-03
   7.0903010e-01  -9.0097785e-03
   7.0568562e-01  -9.7163965e-03
   7.0234114e-01  -1.0437216e-02
   6.9899666e-01  -1.1172113e-02
   6.9565217e-01  -1.1920960e-02
   6.9230769e-01  -1.2683622e-02
   6.8896321e-01  -1.3459960e-02
   6.8561873e-01  -1.4249830e-02
   6.8227425e-01  -1.5053080e-02
   6.7892977e-01  -1.5869556e-02
   6.7558528e-01  -1.6699097e-02
   6.7224080e-01  -1.7541538e-02
   6.6889632e-01  -1.8396708e-02
   6.6555184e-01  -1.9264431e-02
   6.6220736e-01  -2.0144527e-02
   6.5886288e-01  -2.1036810e-02
   6.5551839e-01  -2.1941089e-02
   6.5217391e-01  -2.2857169e-02
   6.4882943e-01  -2.3784849e-02
   6.4548495e-01  -2.4723926e-02
   6.4214047e-01  -2.5674188e-02
   6.3879599e-01  -2.6635422e-02
   6.3545151e-01  -2.7607409e-02
   6.3210702e-01  -2.8589925e-02
   6.2876254e-01  -2.9582742e-02
   6.2541806e-01  -3.0585628e-02
   6.2207358e-01  -3.1598346e-02
   6.1872910e-01  -3.2620654e-02
   6.1538462e-01  -3.3652307e-02
   6.1204013e-01  -3.4693055e-02
   6.0869565e-01  -3.5742644e-02
   6.0535117e-01  -3.6800816e-02
   6.0200669e-01  -3.7867308e-02
   5.9866221e-01  -3.8941855e-02
   5.9531773e-01  -4.0024185e-02
   5.9197324e-01  -4.1114024e-02
   5.8862876e-01  -4.2211095e-02
   5.8528428e-01  -4.3315115e-02
   5.8193980e-01  -4.4425798e-02
   5.7859532e-01  -4.5542855e-02
   5.7525084e-01  -4.6665993e-02
   5.7190635e-01  -4.7794913e-02
   5.6856187e-01  -4.8929317e-02
   5.6521739e-01  -5.0068900e-02
   5.6187291e-01  -5.1213355e-02
   5.5852843e-01  -5.2362371e-02
   5.5518395e-01  -5.3515633e-02
   5.5183946e-01  -5.4672824e-02
   5.4849498e-01  -5.5833623e-02
   5.4515050e-01  -5.6997707e-02
   5.4180602e-01  -5.8164748e-02
   5.3846154e-01  -5.9334417e-02
   5.3511706e-01  -6.0506379e-02
   5.3177258e-01  -6.1680300e-02
   5.2842809e-01  -6.2855840e-02
   5.2508361e-01  -6.4032657e-02
   5.2173913e-01  -6.5210408e-02
   5.1839465e-01  -6.6388744e-02
   5.1505017e-01  -6.7567315e-02
   5.1170569e-01  -6.8745770e-02
   5.0836120e-01  -6.9923753e-02
   5.0501672e-01  -7.1100907e-02
   5.0167224e-01  -7.2276872e-02
   4.9832776e-01  -7.3451286e-02
   4.9498328e-01  -7.4623784e-02
   4.9163880e-01  -7.5793999e-02
   4.8829431e-01  -7.6961563e-02
   4.8494983e-01  -7.8126105e-02
   4.8160535e-01  -7.9287251e-02
   4.7826087e-01  -8.0444628e-02
   4.7491639e-01  -8.1597858e-02
   4.7157191e-01  -8.2746562e-02
   4.6822742e-01  -8.3890360e-02
   4.6488294e-01  -8.5028871e-02
   4.6153846e-01  -8.6161710e-02
   4.5819398e-01  -8.7288493e-02
   4.5484950e-01  -8.8408832e-02
   4.5150502e-01  -8.9522339e-02
   4.4816054e-01  -9.0628625e-02
   4.4481605e-01  -9.1727300e-02
   4.4147157e-01  -9.2817972e-02
   4.3812709e-01  -9.3900246e-02
   4.3478261e-01  -9.4973730e-02
   4.3143813e-01  -9.6038028e-02
   4.2809365e-01  -9.7092744e-02
   4.2474916e-01  -9.8137481e-02
   4.2140468e-01  -9.9171842e-02
   4.1806020e-01  -1.0019543e-01
   4.1471572e-01  -1.0120784e-01
   4.1137124e-01  -1.0220868e-01
   4.0802676e-01  -1.0319755e-01
   4.0468227e-01  -1.0417404e-01
   4.0133779e-01  -1.0513776e-01
   3.9799331e-01  -1.0608831e-01
   3.9464883e-01  -1.0702528e-01
   3.9130435e-01  -1.0794827e-01
   3.8795987e-01  -1.0885688e-01
   3.8461538e-01  -1.0975072e-01
   3.8127090e-01  -1.1062937e-01
   3.7792642e-01  -1.1149245e-01
   3.7458194e-01  -1.1233954e-01
   3.7123746e-01  -1.1317026e-01
   3.6789298e-01  -1.1398419e-01
   3.6454849e-01  -1.1478095e-01
   3.6120401e-01  -1.1556013e-01
   3.5785953e-01  -1.1632134e-01
   3.5451505e-01  -1.1706417e-01
   3.5117057e-01  -1.1778824e-01
   3.4782609e-01  -1.1849315e-01
   3.4448161e-01  -1.1917850e-01
   3.4113712e-01  -1.1984391e-01
   3.3779264e-01  -1.2048898e-01
   3.3444816e-01  -1.2111332e-01
   3.3110368e-01  -1.2171655e-01
   3.2775920e-01  -1.2229827e-01
   3.2441472e-01  -1.2285811e-01
   3.2107023e-01  -1.2339567e-01
   3.1772575e-01  -1.2391059e-01
   3.1438127e-01  -1.2440247e-01
   3.1103679e-01  -1.2487094e-01
   3.0769231e-01  -1.2531562e-01
   3.0434783e-01  -1.2573615e-01
   3.0100334e-01  -1.2613214e-01
   2.9765886e-01  -1.2650324e-01
   2.9431438e-01  -1.2684907e-01
   2.9096990e-01  -1.2716927e-01
   2.8762542e-01  -1.2746348e-01
   2.8428094e-01  -1.2773134e-01
   2.8093645e-01  -1.2797249e-01
   2.7759197e-01  -1.2818659e-01
   2.7424749e-01  -1.2837328e-01
   2.7090301e-01  -1.2853221e-01
   2.6755853e-01  -1.2866304e-01
   2.6421405e-01  -1.2876543e-01
   2.6086957e-01  -1.2883905e-01
   2.5752508e-01  -1.2888355e-01
   2.5418060e-01  -1.2889862e-01
   2.5083612e-01  -1.2888391e-01
   2.4749164e-01  -1.2883912e-01
   2.4414716e-01  -1.2876391e-01
   2.4080268e-01  -1.2865798e-01
   2.3745819e-01  -1.2852101e-01
   2.3411371e-01  -1.2835269e-01
   2.3076923e-01  -1.2815273e-01
   2.2742475e-01  -1.2792081e-01
   2.2408027e-01  -1.2765664e-01
   2.2073579e-01  -1.2735994e-01
   2.1739130e-01  -1.2703041e-01
   2.1404682e-01  -1.2666777e-01
   2.1070234e-01  -1.2627174e-01
   2.0735786e-01  -1.2584205e-01
   2.0401338e-01  -1.2537841e-01
   2.0066890e-01  -1.2488058e-01
   1.9732441e-01  -1.2434827e-01
   1.9397993e-01  -1.2378124e-01
   1.9063545e-01  -1.2317923e-01
   1.8729097e-01  -1.2254198e-01
   1.8394649e-01  -1.2186926e-01
   1.8060201e-01  -1.2116080e-01
   1.7725753e-01  -1.2041638e-01
   1.7391304e-01  -1.1963575e-01
   1.7056856e-01  -1.1881869e-01
   1.6722408e-01  -1.1796495e-01
   1.6387960e-01  -1.1707431e-01
   1.6053512e-01  -1.1614653e-01
   1.5719064e-01  -1.1518140e-01
   1.5384615e-01  -1.1417868e-01
   1.5050167e-01  -1.1313816e-01
   1.4715719e-01  -1.1205959e-01
   1.4381271e-01  -1.1094276e-01
   1.4046823e-01  -1.0978743e-01
   1.3712375e-01  -1.0859338e-01
   1.3377926e-01  -1.0736035e-01
   1.3043478e-01  -1.0608811e-01
   1.2709030e-01  -1.0477641e-01
   1.2374582e-01  -1.0342497e-01
   1.2040134e-01  -1.0203354e-01
   1.1705686e-01  -1.0060182e-01
   1.1371237e-01  -9.9129496e-02
   1.1036789e-01  -9.7616253e-02
   1.0702341e-01  -9.6061735e-02
   1.0367893e-01  -9.4465563e-02
   1.0033445e-01  -9.2827321e-02
   9.6989967e-02  -9.1146551e-02
   9.3645485e-02  -8.9422749e-02
   9.0301003e-02  -8.7655353e-02
   8.6956522e-02  -8.5843732e-02
   8.3612040e-02  -8.3987176e-02
   8.0267559e-02  -8.2084878e-02
   7.6923077e-02  -8.0135920e-02
   7.3578595e-02  -7.8139247e-02
   7.0234114e-02  -7.6093643e-02
   6.6889632e-02  -7.3997697e-02
   6.3545151e-02  -7.1849762e-02
   6.0200669e-02  -6.9647903e-02
   5.6856187e-02  -6.7389832e-02
   5.3511706e-02  -6.5072827e-02
   5.0167224e-02  -6.2693619e-02
   4.6822742e-02  -6.0248252e-02
   4.3478261e-02  -5.7731888e-02
   4.0133779e-02  -5.5138550e-02
   3.6789298e-02  -5.2460752e-02
   3.3444816e-02  -4.9688973e-02
   3.0100334e-02  -4.6810888e-02
   2.6755853e-02  -4.3810183e-02
   2.3411371e-02  -4.0664663e-02
   2.0066890e-02  -3.7343069e-02
   1.6722408e-02  -3.3799315e-02
   1.3377926e-02  -2.9961084e-02
   1.0033445e-02  -2.5704094e-02
   6.6889632e-03  -2.0781331e-02
   3.3444816e-03  -1.4543540e-02
   0.0000000e+00  -0.0000000e+00
