   0.0000000e+00   0.0000000e+00
   3.3444816e-03   9.4398592e-03
   6.6889632e-03   1.3305504e-02
   1.0033445e-02   1.6241043e-02
   1.3377926e-02   1.8689874e-02
   1.6722408e-02   2.0824308e-02
   2.0066890e-02   2.2732988e-02
   2.3411371e-02   2.4468728e-02
   2.6755853e-02   2.6066033e-02
   3.0100334e-02   2.7548942e-02
   3.3444816e-02   2.8935001e-02
   3.6789298e-02   3.0237494e-02
   4.0133779e-02   3.1466769e-02
   4.3478261e-02   3.2631075e-02
   4.6822742e-02   3.3737120e-02
   5.0167224e-02   3.4790446e-02
   5.3511706e-02   3.5795696e-02
   5.6856187e-02   3.6756811e-02
   6.0200669e-02   3.7677166e-02
   6.3545151e-02   3.8559683e-02
   6.6889632e-02   3.9406909e-02
   7.0234114e-02   4.0221084e-02
   7.3578595e-02   4.1004190e-02
   7.6923077e-02   4.1757991e-02
   8.0267559e-02   4.2484066e-02
   8.3612040e-02   4.3183835e-02
   8.6956522e-02   4.3858582e-02
   9.0301003e-02   4.4509472e-02
   9.3645485e-02   4.5137568e-02
   9.6989967e-02   4.5743840e-02
   1.0033445e-01   4.6329180e-02
   1.0367893e-01   4.6894408e-02
   1.0702341e-01   4.7440283e-02
   1.1036789e-01   4.7967506e-02
   1.1371237e-01   4.8476729e-02
   1.1705686e-01   4.8968559e-02
   1.2040134e-01   4.9443561e-02
   1.2374582e-01   4.9902266e-02
   1.2709030e-01   5.0345169e-02
   1.3043478e-01   5.0772737e-02
   1.3377926e-01   5.1185407e-02
   1.3712375e-01   5.1583593e-02
   1.4046823e-01   5.1967686e-02
   1.4381271e-01   5.2338053e-02
   1.4715719e-01   5.2695046e-02
   1.5050167e-01   5.3038996e-02
   1.5384615e-01   5.3370217e-02
   1.5719064e-01   5.3689011e-02
   1.6053512e-01   5.3995664e-02
   1.6387960e-01   5.4290447e-02
   1.6722408e-01   5.4573622e-02
   1.7056856e-01   5.4845438e-02
   1.7391304e-01   5.5106135e-02
   1.7725753e-01   5.5355940e-02
   1.8060201e-01   5.5595074e-02
   1.8394649e-01   5.5823749e-02
   1.8729097e-01   5.6042167e-02
   1.9063545e-01   5.6250524e-02
   1.9397993e-01   5.6449009e-02
   1.9732441e-01   5.6637803e-02
   2.0066890e-01   5.6817083e-02
   2.0401338e-01   5.6987018e-02
   2.0735786e-01   5.7147773e-02
   2.1070234e-01   5.7299506e-02
   2.1404682e-01   5.7442372e-02
   2.1739130e-01   5.7576520e-02
   2.2073579e-01   5.7702096e-02
   2.2408027e-01   5.7819239e-02
   2.2742475e-01   5.7928087e-02
   2.3076923e-01   5.8028773e-02
   2.3411371e-01   5.8121426e-02
   2.3745819e-01   5.8206173e-02
   2.4080268e-01   5.8283137e-02
   2.4414716e-01   5.8352437e-02
   2.4749164e-01   5.8414191e-02
   2.5083612e-01   5.8468513e-02
   2.5418060e-01   5.8515514e-02
   2.5752508e-01   5.8555303e-02
   2.6086957e-01   5.8587987e-02
   2.6421405e-01   5.8613671e-02
   2.6755853e-01   5.8632455e-02
   2.7090301e-01   5.8644442e-02
   2.7424749e-01   5.8649728e-02
   2.7759197e-01   5.8648409e-02
   2.8093645e-01   5.8640581e-02
   2.8428094e-01   5.8626335e-02
   2.8762542e-01   5.8605762e-02
   2.9096990e-01   5.8578951e-02
   2.9431438e-01   5.8545991e-02
   2.9765886e-01   5.8506967e-02
   3.0100334e-01   5.8461964e-02
   3.0434783e-01   5.8411065e-02
   3.0769231e-01   5.8354352e-02
   3.1103679e-01   5.8291907e-02
   3.1438127e-01   5.8223808e-02
   3.1772575e-01   5.8150134e-02
   3.2107023e-01   5.8070962e-02
   3.2441472e-01   5.7986367e-02
   3.2775920e-01   5.7896426e-02
   3.3110368e-01   5.7801212e-02
   3.3444816e-01   5.7700798e-02
   3.3779264e-01   5.7595256e-02
   3.4113712e-01   5.7484657e-02
   3.4448161e-01   5.7369071e-02
   3.4782609e-01   5.7248568e-02
   3.5117057e-01   5.7123217e-02
   3.5451505e-01   5.6993084e-02
   3.5785953e-01   5.6858237e-02
   3.6120401e-01   5.6718742e-02
   3.6454849e-01   5.6574664e-02
   3.6789298e-01   5.6426068e-02
   3.7123746e-01   5.6273019e-02
   3.7458194e-01   5.6115578e-02
   3.7792642e-01   5.5953810e-02
   3.8127090e-01   5.5787776e-02
   3.8461538e-01   5.5617537e-02
   3.8795987e-01   5.5443155e-02
   3.9130435e-01   5.5264689e-02
   3.9464883e-01   5.5082199e-02
   3.9799331e-01   5.4895744e-02
   4.0133779e-01   5.4705384e-02
   4.0468227e-01   5.4511175e-02
   4.0802676e-01   5.4313175e-02
   4.1137124e-01   5.4111442e-02
   4.1471572e-01   5.3906031e-02
   4.1806020e-01   5.3697000e-02
   4.2140468e-01   5.3484403e-02
   4.2474916e-01   5.3268296e-02
   4.2809365e-01   5.3048733e-02
   4.3143813e-01   5.2825768e-02
   4.3478261e-01   5.2599456e-02
   4.3812709e-01   5.2369849e-02
   4.4147157e-01   5.2137001e-02
   4.4481605e-01   5.1900964e-02
   4.4816054e-01   5.1661790e-02
   4.5150502e-01   5.1419532e-02
   4.5484950e-01   5.1174240e-02
   4.5819398e-01   5.0925966e-02
   4.6153846e-01   5.0674761e-02
   4.6488294e-01   5.0420673e-02
   4.6822742e-01   5.0163755e-02
   4.7157191e-01   4.9904054e-02
   4.7491639e-01   4.9641621e-02
   4.7826087e-01   4.9376504e-02
   4.8160535e-01   4.9108753e-02
   4.8494983e-01   4.8838414e-02
   4.8829431e-01   4.8565537e-02
   4.9163880e-01   4.8290168e-02
   4.9498328e-01   4.8012356e-02
   4.9832776e-01   4.7732147e-02
   5.0167224e-01   4.7449587e-02
   5.0501672e-01   4.7164725e-02
   5.0836120e-01   4.6877604e-02
   5.1170569e-01   4.6588272e-02
   5.1505017e-01   4.6296773e-02
   5.1839465e-01   4.6003154e-02
   5.2173913e-01   4.5707459e-02
   5.2508361e-01   4.5409732e-02
   5.2842809e-01   4.5110018e-02
   5.3177258e-01   4.4808362e-02
   5.3511706e-01   4.4504807e-02
   5.3846154e-01   4.4199397e-02
   5.4180602e-01   4.3892175e-02
   5.4515050e-01   4.3583183e-02
   5.4849498e-01   4.3272466e-02
   5.5183946e-01   4.2960066e-02
   5.5518395e-01   4.2646024e-02
   5.5852843e-01   4.2330384e-02
   5.6187291e-01   4.2013185e-02
   5.6521739e-01   4.1694472e-02
   5.6856187e-01   4.1374283e-02
   5.7190635e-01   4.1052661e-02
   5.7525084e-01   4.0729647e-02
   5.7859532e-01   4.0405280e-02
   5.8193980e-01   4.0079602e-02
   5.8528428e-01   3.9752652e-02
   5.8862876e-01   3.9424470e-02
   5.9197324e-01   3.9095096e-02
   5.9531773e-01   3.8764569e-02
   5.9866221e-01   3.8432927e-02
   6.0200669e-01   3.8100211e-02
   6.0535117e-01   3.7766459e-02
   6.0869565e-01   3.7431709e-02
   6.1204013e-01   3.7095998e-02
   6.1538462e-01   3.6759366e-02
   6.1872910e-01   3.6421850e-02
   6.2207358e-01   3.6083487e-02
   6.2541806e-01   3.5744315e-02
   6.2876254e-01   3.5404370e-02
   6.3210702e-01   3.5063690e-02
   6.3545151e-01   3.4722310e-02
   6.3879599e-01   3.4380268e-02
   6.4214047e-01   3.4037599e-02
   6.4548495e-01   3.3694339e-02
   6.4882943e-01   3.3350524e-02
   6.5217391e-01   3.3006189e-02
   6.5551839e-01   3.2661370e-02
   6.5886288e-01   3.2316101e-02
   6.6220736e-01   3.1970417e-02
   6.6555184e-01   3.1624352e-02
   6.6889632e-01   3.1277942e-02
   6.7224080e-01   3.0931219e-02
   6.7558528e-01   3.0584218e-02
   6.7892977e-01   3.0236972e-02
   6.8227425e-01   2.9889515e-02
   6.8561873e-01   2.9541880e-02
   6.8896321e-01   2.9194099e-02
   6.9230769e-01   2.8846206e-02
   6.9565217e-01   2.8498233e-02
   6.9899666e-01   2.8150212e-02
   7.0234114e-01   2.7802175e-02
   7.0568562e-01   2.7454154e-02
   7.0903010e-01   2.7106181e-02
   7.1237458e-01   2.6758286e-02
   7.1571906e-01   2.6410501e-02
   7.1906355e-01   2.6062857e-02
   7.2240803e-01   2.5715384e-02
   7.2575251e-01   2.5368114e-02
   7.2909699e-01   2.5021075e-02
   7.3244147e-01   2.4674298e-02
   7.3578595e-01   2.4327813e-02
   7.3913043e-01   2.3981649e-02
   7.4247492e-01   2.3635836e-02
   7.4581940e-01   2.3290402e-02
   7.4916388e-01   2.2945377e-02
   7.5250836e-01   2.2600789e-02
   7.5585284e-01   2.2256666e-02
   7.5919732e-01   2.1913036e-02
   7.6254181e-01   2.1569928e-02
   7.6588629e-01   2.1227368e-02
   7.6923077e-01   2.0885385e-02
   7.7257525e-01   2.0544006e-02
   7.7591973e-01   2.0203257e-02
   7.7926421e-01   1.9863166e-02
   7.8260870e-01   1.9523758e-02
   7.8595318e-01   1.9185060e-02
   7.8929766e-01   1.8847098e-02
   7.9264214e-01   1.8509899e-02
   7.9598662e-01   1.8173486e-02
   7.9933110e-01   1.7837886e-02
   8.0267559e-01   1.7503124e-02
   8.0602007e-01   1.7169225e-02
   8.0936455e-01   1.6836212e-02
   8.1270903e-01   1.6504111e-02
   8.1605351e-01   1.6172946e-02
   8.1939799e-01   1.5842740e-02
   8.2274247e-01   1.5513518e-02
   8.2608696e-01   1.5185302e-02
   8.2943144e-01   1.4858115e-02
   8.3277592e-01   1.4531981e-02
   8.3612040e-01   1.4206923e-02
   8.3946488e-01   1.3882962e-02
   8.4280936e-01   1.3560120e-02
   8.4615385e-01   1.3238421e-02
   8.4949833e-01   1.2917885e-02
   8.5284281e-01   1.2598533e-02
   8.5618729e-01   1.2280388e-02
   8.5953177e-01   1.1963470e-02
   8.6287625e-01   1.1647799e-02
   8.6622074e-01   1.1333396e-02
   8.6956522e-01   1.1020282e-02
   8.7290970e-01   1.0708476e-02
   8.7625418e-01   1.0397997e-02
   8.7959866e-01   1.0088866e-02
   8.8294314e-01   9.7811010e-03
   8.8628763e-01   9.4747215e-03
   8.8963211e-01   9.1697460e-03
   8.9297659e-01   8.8661930e-03
   8.9632107e-01   8.5640805e-03
   8.9966555e-01   8.2634265e-03
   9.0301003e-01   7.9642486e-03
   9.0635452e-01   7.6665641e-03
   9.0969900e-01   7.3703902e-03
   9.1304348e-01   7.0757437e-03
   9.1638796e-01   6.7826413e-03
   9.1973244e-01   6.4910993e-03
   9.2307692e-01   6.2011337e-03
   9.2642140e-01   5.9127603e-03
   9.2976589e-01   5.6259947e-03
   9.3311037e-01   5.3408522e-03
   9.3645485e-01   5.0573478e-03
   9.3979933e-01   4.7754962e-03
   9.4314381e-01   4.4953119e-03
   9.4648829e-01   4.2168092e-03
   9.4983278e-01   3.9400019e-03
   9.5317726e-01   3.6649037e-03
   9.5652174e-01   3.3915281e-03
   9.5986622e-01   3.1198882e-03
   9.6321070e-01   2.8499969e-03
   9.6655518e-01   2.5818666e-03
   9.6989967e-01   2.3155098e-03
   9.7324415e-01   2.0509386e-03
   9.7658863e-01   1.7881645e-03
   9.7993311e-01   1.5271993e-03
   9.8327759e-01   1.2680539e-03
   9.8662207e-01   1.0107395e-03
   9.8996656e-01   7.5526671e-04
   9.9331104e-01   5.0164582e-04
   9.9665552e-01   2.4988697e-04
   1.0000000e+00   0.0000000e+00
   1.0000000e+00   0.0000000e+00
   9.9665552e-01  -2.3449771e-04
   9.9331104e-01  -4.6873817e-04
   9.8996656e-01  -7.0270273e-04
   9.8662207e-01  -9.3637300e-04
   9.8327759e-01  -1.1697309e-03
   9.7993311e-01  -1.4027585e-03
   9.7658863e-01  -1.6354383e-03
   9.7324415e-01  -1.8677531e-03
   9.6989967e-01  -2.0996856e-03
   9.6655518e-01  -2.3312192e-03
   9.6321070e-01  -2.5623373e-03
   9.5986622e-01  -2.7930237e-03
   9.5652174e-01  -3.0232624e-03
   9.5317726e-01  -3.2530377e-03
   9.4983278e-01  -3.4823340e-03
   9.4648829e-01  -3.7111361e-03
   9.4314381e-01  -3.9394290e-03
   9.3979933e-01  -4.1671981e-03
   9.3645485e-01  -4.3944288e-03
   9.3311037e-01  -4.6211069e-03
   9.2976589e-01  -4.8472184e-03
   9.2642140e-01  -5.0727495e-03
   9.2307692e-01  -5.2976869e-03
   9.1973244e-01  -5.5220171e-03
   9.1638796e-01  -5.7457272e-03
   9.1304348e-01  -5.9688044e-03
   9.0969900e-01  -6.1912362e-03
   9.0635452e-01  -6.4130102e-03
   9.0301003e-01  -6.6341143e-03
   8.9966555e-01  -6.8545368e-03
   8.9632107e-01  -7.0742659e-03
   8.9297659e-01  -7.2932903e-03
   8.8963211e-01  -7.5115988e-03
   8.8628763e-01  -7.7291804e-03
   8.8294314e-01  -7.9460245e-03
   8.7959866e-01  -8.1621205e-03
   8.7625418e-01  -8.3774581e-03
   8.7290970e-01  -8.5920273e-03
   8.6956522e-01  -8.8058181e-03
   8.6622074e-01  -9.0188210e-03
   8.6287625e-01  -9.2310266e-03
   8.5953177e-01  -9.4424255e-03
   8.5618729e-01  -9.6530087e-03
   8.5284281e-01  -9.8627675e-03
   8.4949833e-01  -1.0071693e-02
   8.4615385e-01  -1.0279778e-02
   8.4280936e-01  -1.0487012e-02
   8.3946488e-01  -1.0693389e-02
   8.3612040e-01  -1.0898900e-02
   8.3277592e-01  -1.1103538e-02
   8.2943144e-01  -1.1307296e-02
   8.2608696e-01  -1.1510165e-02
   8.2274247e-01  -1.1712140e-02
   8.1939799e-01  -1.1913213e-02
   8.1605351e-01  -1.2113377e-02
   8.1270903e-01  -1.2312627e-02
   8.0936455e-01  -1.2510955e-02
   8.0602007e-01  -1.2708356e-02
   8.0267559e-01  -1.2904823e-02
   7.9933110e-01  -1.3100350e-02
   7.9598662e-01  -1.3294933e-02
   7.9264214e-01  -1.3488566e-02
   7.8929766e-01  -1.3681242e-02
   7.8595318e-01  -1.3872958e-02
   7.8260870e-01  -1.4063708e-02
   7.7926421e-01  -1.4253488e-02
   7.7591973e-01  -1.4442292e-02
   7.7257525e-01  -1.4630116e-02
   7.6923077e-01  -1.4816956e-02
   7.6588629e-01  -1.5002807e-02
   7.6254181e-01  -1.5187666e-02
   7.5919732e-01  -1.5371529e-02
   7.5585284e-01  -1.5554391e-02
   7.5250836e-01  -1.5736250e-02
   7.4916388e-01  -1.5917101e-02
   7.4581940e-01  -1.6096941e-02
   7.4247492e-01  -1.6275768e-02
   7.3913043e-01  -1.6453578e-02
   7.3578595e-01  -1.6630367e-02
   7.3244147e-01  -1.6806134e-02
   7.2909699e-01  -1.6980876e-02
   7.2575251e-01  -1.7154589e-02
   7.2240803e-01  -1.7327271e-02
   7.1906355e-01  -1.7498921e-02
   7.1571906e-01  -1.7669535e-02
   7.1237458e-01  -1.7839112e-02
   7.0903010e-01  -1.8007650e-02
   7.0568562e-01  -1.8175146e-02
   7.0234114e-01  -1.8341599e-02
   6.9899666e-01  -1.8507007e-02
   6.9565217e-01  -1.8671368e-02
   6.9230769e-01  -1.8834681e-02
   6.8896321e-01  -1.8996945e-02
   6.8561873e-01  -1.9158157e-02
   6.8227425e-01  -1.9318318e-02
   6.7892977e-01  -1.9477425e-02
   6.7558528e-01  -1.9635477e-02
   6.7224080e-01  -1.9792474e-02
   6.6889632e-01  -1.9948414e-02
   6.6555184e-01  -2.0103296e-02
   6.6220736e-01  -2.0257121e-02
   6.5886288e-01  -2.0409885e-02
   6.5551839e-01  -2.0561591e-02
   6.5217391e-01  -2.0712235e-02
   6.4882943e-01  -2.0861818e-02
   6.4548495e-01  -2.1010340e-02
   6.4214047e-01  -2.1157799e-02
   6.3879599e-01  -2.1304196e-02
   6.3545151e-01  -2.1449529e-02
   6.3210702e-01  -2.1593799e-02
   6.2876254e-01  -2.1737004e-02
   6.2541806e-01  -2.1879145e-02
   6.2207358e-01  -2.2020222e-02
   6.1872910e-01  -2.2160234e-02
   6.1538462e-01  -2.2299180e-02
   6.1204013e-01  -2.2437061e-02
   6.0869565e-01  -2.2573876e-02
   6.0535117e-01  -2.2709625e-02
   6.0200669e-01  -2.2844307e-02
   5.9866221e-01  -2.2977923e-02
   5.9531773e-01  -2.3110472e-02
   5.9197324e-01  -2.3241954e-02
   5.8862876e-01  -2.3372369e-02
   5.8528428e-01  -2.3501715e-02
   5.8193980e-01  -2.3629994e-02
   5.7859532e-01  -2.3757204e-02
   5.7525084e-01  -2.3883345e-02
   5.7190635e-01  -2.4008416e-02
   5.6856187e-01  -2.4132418e-02
   5.6521739e-01  -2.4255350e-02
   5.6187291e-01  -2.4377210e-02
   5.5852843e-01  -2.4497999e-02
   5.5518395e-01  -2.4617715e-02
   5.5183946e-01  -2.4736358e-02
   5.4849498e-01  -2.4853928e-02
   5.4515050e-01  -2.4970422e-02
   5.4180602e-01  -2.5085840e-02
   5.3846154e-01  -2.5200182e-02
   5.3511706e-01  -2.5313445e-02
   5.3177258e-01  -2.5425628e-02
   5.2842809e-01  -2.5536731e-02
   5.2508361e-01  -2.5646751e-02
   5.2173913e-01  -2.5755687e-02
   5.1839465e-01  -2.5863538e-02
   5.1505017e-01  -2.5970301e-02
   5.1170569e-01  -2.6075973e-02
   5.0836120e-01  -2.6180555e-02
   5.0501672e-01  -2.6284041e-02
   5.0167224e-01  -2.6386432e-02
   4.9832776e-01  -2.6487722e-02
   4.9498328e-01  -2.6587911e-02
   4.9163880e-01  -2.6686995e-02
   4.8829431e-01  -2.6784971e-02
   4.8494983e-01  -2.6881835e-02
   4.8160535e-01  -2.6977583e-02
   4.7826087e-01  -2.7072214e-02
   4.7491639e-01  -2.7165721e-02
   4.7157191e-01  -2.7258101e-02
   4.6822742e-01  -2.7349350e-02
   4.6488294e-01  -2.7439462e-02
   4.6153846e-01  -2.7528434e-02
   4.5819398e-01  -2.7616259e-02
   4.5484950e-01  -2.7702933e-02
   4.5150502e-01  -2.7788449e-02
   4.4816054e-01  -2.7872802e-02
   4.4481605e-01  -2.7955986e-02
   4.4147157e-01  -2.8037993e-02
   4.3812709e-01  -2.8118818e-02
   4.3478261e-01  -2.8198452e-02
   4.3143813e-01  -2.8276888e-02
   4.2809365e-01  -2.8354118e-02
   4.2474916e-01  -2.8430134e-02
   4.2140468e-01  -2.8504928e-02
   4.1806020e-01  -2.8578490e-02
   4.1471572e-01  -2.8650811e-02
   4.1137124e-01  -2.8721880e-02
   4.0802676e-01  -2.8791689e-02
   4.0468227e-01  -2.8860226e-02
   4.0133779e-01  -2.8927480e-02
   3.9799331e-01  -2.8993439e-02
   3.9464883e-01  -2.9058091e-02
   3.9130435e-01  -2.9121425e-02
   3.8795987e-01  -2.9183426e-02
   3.8461538e-01  -2.9244082e-02
   3.8127090e-01  -2.9303377e-02
   3.7792642e-01  -2.9361298e-02
   3.7458194e-01  -2.9417830e-02
   3.7123746e-01  -2.9472955e-02
   3.6789298e-01  -2.9526659e-02
   3.6454849e-01  -2.9578923e-02
   3.6120401e-01  -2.9629731e-02
   3.5785953e-01  -2.9679063e-02
   3.5451505e-01  -2.9726901e-02
   3.5117057e-01  -2.9773225e-02
   3.4782609e-01  -2.9818015e-02
   3.4448161e-01  -2.9861248e-02
   3.4113712e-01  -2.9902904e-02
   3.3779264e-01  -2.9942958e-02
   3.3444816e-01  -2.9981389e-02
   3.3110368e-01  -3.0018170e-02
   3.2775920e-01  -3.0053276e-02
   3.2441472e-01  -3.0086682e-02
   3.2107023e-01  -3.0118359e-02
   3.1772575e-01  -3.0148280e-02
   3.1438127e-01  -3.0176415e-02
   3.1103679e-01  -3.0202733e-02
   3.0769231e-01  -3.0227204e-02
   3.0434783e-01  -3.0249794e-02
   3.0100334e-01  -3.0270470e-02
   2.9765886e-01  -3.0289197e-02
   2.9431438e-01  -3.0305939e-02
   2.9096990e-01  -3.0320658e-02
   2.8762542e-01  -3.0333316e-02
   2.8428094e-01  -3.0343871e-02
   2.8093645e-01  -3.0352283e-02
   2.7759197e-01  -3.0358509e-02
   2.7424749e-01  -3.0362503e-02
   2.7090301e-01  -3.0364219e-02
   2.6755853e-01  -3.0363610e-02
   2.6421405e-01  -3.0360626e-02
   2.6086957e-01  -3.0355214e-02
   2.5752508e-01  -3.0347323e-02
   2.5418060e-01  -3.0336896e-02
   2.5083612e-01  -3.0323876e-02
   2.4749164e-01  -3.0308203e-02
   2.4414716e-01  -3.0289817e-02
   2.4080268e-01  -3.0268653e-02
   2.3745819e-01  -3.0244644e-02
   2.3411371e-01  -3.0217722e-02
   2.3076923e-01  -3.0187816e-02
   2.2742475e-01  -3.0154851e-02
   2.2408027e-01  -3.0118751e-02
   2.2073579e-01  -3.0079435e-02
   2.1739130e-01  -3.0036820e-02
   2.1404682e-01  -2.9990819e-02
   2.1070234e-01  -2.9941344e-02
   2.0735786e-01  -2.9888301e-02
   2.0401338e-01  -2.9831592e-02
   2.0066890e-01  -2.9771116e-02
   1.9732441e-01  -2.9706768e-02
   1.9397993e-01  -2.9638439e-02
   1.9063545e-01  -2.9566013e-02
   1.8729097e-01  -2.9489373e-02
   1.8394649e-01  -2.9408392e-02
   1.8060201e-01  -2.9322942e-02
   1.7725753e-01  -2.9232887e-02
   1.7391304e-01  -2.9138085e-02
   1.7056856e-01  -2.9038388e-02
   1.6722408e-01  -2.8933639e-02
   1.6387960e-01  -2.8823678e-02
   1.6053512e-01  -2.8708334e-02
   1.5719064e-01  -2.8587427e-02
   1.5384615e-01  -2.8460770e-02
   1.5050167e-01  -2.8328166e-02
   1.4715719e-01  -2.8189408e-02
   1.4381271e-01  -2.8044276e-02
   1.4046823e-01  -2.7892542e-02
   1.3712375e-01  -2.7733961e-02
   1.3377926e-01  -2.7568278e-02
   1.3043478e-01  -2.7395221e-02
   1.2709030e-01  -2.7214502e-02
   1.2374582e-01  -2.7025816e-02
   1.2040134e-01  -2.6828839e-02
   1.1705686e-01  -2.6623227e-02
   1.1371237e-01  -2.6408611e-02
   1.1036789e-01  -2.6184600e-02
   1.0702341e-01  -2.5950774e-02
   1.0367893e-01  -2.5706682e-02
   1.0033445e-01  -2.5451840e-02
   9.6989967e-02  -2.5185729e-02
   9.3645485e-02  -2.4907785e-02
   9.0301003e-02  -2.4617400e-02
   8.6956522e-02  -2.4313911e-02
   8.3612040e-02  -2.3996599e-02
   8.0267559e-02  -2.3664676e-02
   7.6923077e-02  -2.3317278e-02
   7.3578595e-02  -2.2953453e-02
   7.0234114e-02  -2.2572146e-02
   6.6889632e-02  -2.2172186e-02
   6.3545151e-02  -2.1752263e-02
   6.0200669e-02  -2.1310904e-02
   5.6856187e-02  -2.0846439e-02
   5.3511706e-02  -2.0356968e-02
   5.0167224e-02  -1.9840302e-02
   4.6822742e-02  -1.9293904e-02
   4.3478261e-02  -1.8714796e-02
   4.0133779e-02  -1.8099446e-02
   3.6789298e-02  -1.7443601e-02
   3.3444816e-02  -1.6742060e-02
   3.0100334e-02  -1.5988332e-02
   2.6755853e-02  -1.5174131e-02
   2.3411371e-02  -1.4288569e-02
   2.0066890e-02  -1.3316808e-02
   1.6722408e-02  -1.2237657e-02
   1.3377926e-02  -1.1018842e-02
   1.0033445e-02  -9.6064566e-03
   6.6889632e-03  -7.8962005e-03
   3.3444816e-03  -5.6209235e-03
   0.0000000e+00  -0.0000000e+00
