   0.0000000e+00   0.0000000e+00
   3.3444816e-03   9.8159194e-03
   6.6889632e-03   1.3857546e-02
   1.0033445e-02   1.6941907e-02
   1.3377926e-02   1.9527742e-02
   1.6722408e-02   2.1793020e-02
   2.0066890e-02   2.3829146e-02
   2.3411371e-02   2.5690489e-02
   2.6755853e-02   2.7412516e-02
   3.0100334e-02   2.9019892e-02
   3.3444816e-02   3.0530594e-02
   3.6789298e-02   3.1958208e-02
   4.0133779e-02   3.3313296e-02
   4.3478261e-02   3.4604269e-02
   4.6822742e-02   3.5837950e-02
   5.0167224e-02   3.7019966e-02
   5.3511706e-02   3.8155026e-02
   5.6856187e-02   3.9247114e-02
   6.0200669e-02   4.0299639e-02
   6.3545151e-02   4.1315544e-02
   6.6889632e-02   4.2297391e-02
   7.0234114e-02   4.3247426e-02
   7.3578595e-02   4.4167635e-02
   7.6923077e-02   4.5059776e-02
   8.0267559e-02   4.5925425e-02
   8.3612040e-02   4.6765992e-02
   8.6956522e-02   4.7582750e-02
   9.0301003e-02   4.8376850e-02
   9.3645485e-02   4.9149339e-02
   9.6989967e-02   4.9901172e-02
   1.0033445e-01   5.0633223e-02
   1.0367893e-01   5.1346293e-02
   1.0702341e-01   5.2041120e-02
   1.1036789e-01   5.2718386e-02
   1.1371237e-01   5.3378722e-02
   1.1705686e-01   5.4022711e-02
   1.2040134e-01   5.4650900e-02
   1.2374582e-01   5.5263793e-02
   1.2709030e-01   5.5861864e-02
   1.3043478e-01   5.6445556e-02
   1.3377926e-01   5.7015283e-02
   1.3712375e-01   5.7571436e-02
   1.4046823e-01   5.8114379e-02
   1.4381271e-01   5.8644458e-02
   1.4715719e-01   5.9161997e-02
   1.5050167e-01   5.9667305e-02
   1.5384615e-01   6.0160672e-02
   1.5719064e-01   6.0642372e-02
   1.6053512e-01   6.1112667e-02
   1.6387960e-01   6.1571805e-02
   1.6722408e-01   6.2020020e-02
   1.7056856e-01   6.2457537e-02
   1.7391304e-01   6.2884570e-02
   1.7725753e-01   6.3301322e-02
   1.8060201e-01   6.3707987e-02
   1.8394649e-01   6.4104751e-02
   1.8729097e-01   6.4491792e-02
   1.9063545e-01   6.4869279e-02
   1.9397993e-01   6.5237376e-02
   1.9732441e-01   6.5596238e-02
   2.0066890e-01   6.5946015e-02
   2.0401338e-01   6.6286852e-02
   2.0735786e-01   6.6618886e-02
   2.1070234e-01   6.6942251e-02
   2.1404682e-01   6.7257074e-02
   2.1739130e-01   6.7563480e-02
   2.2073579e-01   6.7861587e-02
   2.2408027e-01   6.8151509e-02
   2.2742475e-01   6.8433358e-02
   2.3076923e-01   6.8707241e-02
   2.3411371e-01   6.8973260e-02
   2.3745819e-01   6.9231516e-02
   2.4080268e-01   6.9482105e-02
   2.4414716e-01   6.9725121e-02
   2.4749164e-01   6.9960654e-02
   2.5083612e-01   7.0188793e-02
   2.5418060e-01   7.0409623e-02
   2.5752508e-01   7.0623225e-02
   2.6086957e-01   7.0829681e-02
   2.6421405e-01   7.1029067e-02
   2.6755853e-01   7.1221461e-02
   2.7090301e-01   7.1406935e-02
   2.7424749e-01   7.1585560e-02
   2.7759197e-01   7.1757407e-02
   2.8093645e-01   7.1922543e-02
   2.8428094e-01   7.2081033e-02
   2.8762542e-01   7.2232943e-02
   2.9096990e-01   7.2378333e-02
   2.9431438e-01   7.2517267e-02
   2.9765886e-01   7.2649802e-02
   3.0100334e-01   7.2775996e-02
   3.0434783e-01   7.2895907e-02
   3.0769231e-01   7.3009589e-02
   3.1103679e-01   7.3117097e-02
   3.1438127e-01   7.3218483e-02
   3.1772575e-01   7.3313798e-02
   3.2107023e-01   7.3403092e-02
   3.2441472e-01   7.3486415e-02
   3.2775920e-01   7.3563816e-02
   3.3110368e-01   7.3635339e-02
   3.3444816e-01   7.3701033e-02
   3.3779264e-01   7.3760942e-02
   3.4113712e-01   7.3815109e-02
   3.4448161e-01   7.3863578e-02
   3.4782609e-01   7.3906392e-02
   3.5117057e-01   7.3943591e-02
   3.5451505e-01   7.3975216e-02
   3.5785953e-01   7.4001308e-02
   3.6120401e-01   7.4021904e-02
   3.6454849e-01   7.4037044e-02
   3.6789298e-01   7.4046764e-02
   3.7123746e-01   7.4051102e-02
   3.7458194e-01   7.4050093e-02
   3.7792642e-01   7.4043773e-02
   3.8127090e-01   7.4032177e-02
   3.8461538e-01   7.4015339e-02
   3.8795987e-01   7.3993292e-02
   3.9130435e-01   7.3966070e-02
   3.9464883e-01   7.3933704e-02
   3.9799331e-01   7.3896226e-02
   4.0133779e-01   7.3853668e-02
   4.0468227e-01   7.3806059e-02
   4.0802676e-01   7.3753431e-02
   4.1137124e-01   7.3695813e-02
   4.1471572e-01   7.3633234e-02
   4.1806020e-01   7.3565722e-02
   4.2140468e-01   7.3493306e-02
   4.2474916e-01   7.3416013e-02
   4.2809365e-01   7.3333870e-02
   4.3143813e-01   7.3246904e-02
   4.3478261e-01   7.3155142e-02
   4.3812709e-01   7.3058609e-02
   4.4147157e-01   7.2957331e-02
   4.4481605e-01   7.2851333e-02
   4.4816054e-01   7.2740639e-02
   4.5150502e-01   7.2625273e-02
   4.5484950e-01   7.2505260e-02
   4.5819398e-01   7.2380623e-02
   4.6153846e-01   7.2251384e-02
   4.6488294e-01   7.2117568e-02
   4.6822742e-01   7.1979195e-02
   4.7157191e-01   7.1836288e-02
   4.7491639e-01   7.1688869e-02
   4.7826087e-01   7.1536958e-02
   4.8160535e-01   7.1380578e-02
   4.8494983e-01   7.1219748e-02
   4.8829431e-01   7.1054488e-02
   4.9163880e-01   7.0884820e-02
   4.9498328e-01   7.0710761e-02
   4.9832776e-01   7.0532333e-02
   5.0167224e-01   7.0349553e-02
   5.0501672e-01   7.0162441e-02
   5.0836120e-01   6.9971015e-02
   5.1170569e-01   6.9775293e-02
   5.1505017e-01   6.9575293e-02
   5.1839465e-01   6.9371032e-02
   5.2173913e-01   6.9162528e-02
   5.2508361e-01   6.8949798e-02
   5.2842809e-01   6.8732858e-02
   5.3177258e-01   6.8511726e-02
   5.3511706e-01   6.8286416e-02
   5.3846154e-01   6.8056946e-02
   5.4180602e-01   6.7823330e-02
   5.4515050e-01   6.7585584e-02
   5.4849498e-01   6.7343723e-02
   5.5183946e-01   6.7097762e-02
   5.5518395e-01   6.6847716e-02
   5.5852843e-01   6.6593599e-02
   5.6187291e-01   6.6335425e-02
   5.6521739e-01   6.6073208e-02
   5.6856187e-01   6.5806961e-02
   5.7190635e-01   6.5536698e-02
   5.7525084e-01   6.5262432e-02
   5.7859532e-01   6.4984176e-02
   5.8193980e-01   6.4701943e-02
   5.8528428e-01   6.4415744e-02
   5.8862876e-01   6.4125593e-02
   5.9197324e-01   6.3831501e-02
   5.9531773e-01   6.3533479e-02
   5.9866221e-01   6.3231540e-02
   6.0200669e-01   6.2925694e-02
   6.0535117e-01   6.2615952e-02
   6.0869565e-01   6.2302326e-02
   6.1204013e-01   6.1984826e-02
   6.1538462e-01   6.1663461e-02
   6.1872910e-01   6.1338244e-02
   6.2207358e-01   6.1009182e-02
   6.2541806e-01   6.0676286e-02
   6.2876254e-01   6.0339565e-02
   6.3210702e-01   5.9999029e-02
   6.3545151e-01   5.9654687e-02
   6.3879599e-01   5.9306547e-02
   6.4214047e-01   5.8954618e-02
   6.4548495e-01   5.8598908e-02
   6.4882943e-01   5.8239426e-02
   6.5217391e-01   5.7876179e-02
   6.5551839e-01   5.7509175e-02
   6.5886288e-01   5.7138422e-02
   6.6220736e-01   5.6763927e-02
   6.6555184e-01   5.6385697e-02
   6.6889632e-01   5.6003739e-02
   6.7224080e-01   5.5618060e-02
   6.7558528e-01   5.5228666e-02
   6.7892977e-01   5.4835563e-02
   6.8227425e-01   5.4438757e-02
   6.8561873e-01   5.4038255e-02
   6.8896321e-01   5.3634061e-02
   6.9230769e-01   5.3226182e-02
   6.9565217e-01   5.2814622e-02
   6.9899666e-01   5.2399386e-02
   7.0234114e-01   5.1980480e-02
   7.0568562e-01   5.1557908e-02
   7.0903010e-01   5.1131674e-02
   7.1237458e-01   5.0701782e-02
   7.1571906e-01   5.0268236e-02
   7.1906355e-01   4.9831041e-02
   7.2240803e-01   4.9390199e-02
   7.2575251e-01   4.8945715e-02
   7.2909699e-01   4.8497590e-02
   7.3244147e-01   4.8045829e-02
   7.3578595e-01   4.7590433e-02
   7.3913043e-01   4.7131406e-02
   7.4247492e-01   4.6668749e-02
   7.4581940e-01   4.6202465e-02
   7.4916388e-01   4.5732556e-02
   7.5250836e-01   4.5259024e-02
   7.5585284e-01   4.4781869e-02
   7.5919732e-01   4.4301093e-02
   7.6254181e-01   4.3816697e-02
   7.6588629e-01   4.3328683e-02
   7.6923077e-01   4.2837051e-02
   7.7257525e-01   4.2341800e-02
   7.7591973e-01   4.1842933e-02
   7.7926421e-01   4.1340448e-02
   7.8260870e-01   4.0834345e-02
   7.8595318e-01   4.0324624e-02
   7.8929766e-01   3.9811285e-02
   7.9264214e-01   3.9294327e-02
   7.9598662e-01   3.8773749e-02
   7.9933110e-01   3.8249549e-02
   8.0267559e-01   3.7721726e-02
   8.0602007e-01   3.7190279e-02
   8.0936455e-01   3.6655206e-02
   8.1270903e-01   3.6116504e-02
   8.1605351e-01   3.5574172e-02
   8.1939799e-01   3.5028207e-02
   8.2274247e-01   3.4478607e-02
   8.2608696e-01   3.3925368e-02
   8.2943144e-01   3.3368488e-02
   8.3277592e-01   3.2807963e-02
   8.3612040e-01   3.2243790e-02
   8.3946488e-01   3.1675965e-02
   8.4280936e-01   3.1104484e-02
   8.4615385e-01   3.0529343e-02
   8.4949833e-01   2.9950538e-02
   8.5284281e-01   2.9368064e-02
   8.5618729e-01   2.8781917e-02
   8.5953177e-01   2.8192092e-02
   8.6287625e-01   2.7598582e-02
   8.6622074e-01   2.7001384e-02
   8.6956522e-01   2.6400491e-02
   8.7290970e-01   2.5795898e-02
   8.7625418e-01   2.5187598e-02
   8.7959866e-01   2.4575586e-02
   8.8294314e-01   2.3959854e-02
   8.8628763e-01   2.3340397e-02
   8.8963211e-01   2.2717207e-02
   8.9297659e-01   2.2090277e-02
   8.9632107e-01   2.1459600e-02
   8.9966555e-01   2.0825169e-02
   9.0301003e-01   2.0186975e-02
   9.0635452e-01   1.9545011e-02
   9.0969900e-01   1.8899268e-02
   9.1304348e-01   1.8249739e-02
   9.1638796e-01   1.7596414e-02
   9.1973244e-01   1.6939284e-02
   9.2307692e-01   1.6278341e-02
   9.2642140e-01   1.5613575e-02
   9.2976589e-01   1.4944978e-02
   9.3311037e-01   1.4272538e-02
   9.3645485e-01   1.3596246e-02
   9.3979933e-01   1.2916093e-02
   9.4314381e-01   1.2232067e-02
   9.4648829e-01   1.1544157e-02
   9.4983278e-01   1.0852355e-02
   9.5317726e-01   1.0156647e-02
   9.5652174e-01   9.4570228e-03
   9.5986622e-01   8.7534712e-03
   9.6321070e-01   8.0459802e-03
   9.6655518e-01   7.3345378e-03
   9.6989967e-01   6.6191319e-03
   9.7324415e-01   5.8997502e-03
   9.7658863e-01   5.1763799e-03
   9.7993311e-01   4.4490081e-03
   9.8327759e-01   3.7176220e-03
   9.8662207e-01   2.9822080e-03
   9.8996656e-01   2.2427527e-03
   9.9331104e-01   1.4992423e-03
   9.9665552e-01   7.5166280e-04
   1.0000000e+00   0.0000000e+00
   1.0000000e+00   0.0000000e+00
   9.9665552e-01   2.3133783e-04
   9.9331104e-01   4.5313580e-04
   9.8996656e-01   6.6556072e-04
   9.8662207e-01   8.6877772e-04
   9.8327759e-01   1.0629502e-03
   9.7993311e-01   1.2482400e-03
   9.7658863e-01   1.4248072e-03
   9.7324415e-01   1.5928103e-03
   9.6989967e-01   1.7524059e-03
   9.6655518e-01   1.9037493e-03
   9.6321070e-01   2.0469939e-03
   9.5986622e-01   2.1822917e-03
   9.5652174e-01   2.3097927e-03
   9.5317726e-01   2.4296457e-03
   9.4983278e-01   2.5419977e-03
   9.4648829e-01   2.6469939e-03
   9.4314381e-01   2.7447781e-03
   9.3979933e-01   2.8354926e-03
   9.3645485e-01   2.9192778e-03
   9.3311037e-01   2.9962728e-03
   9.2976589e-01   3.0666149e-03
   9.2642140e-01   3.1304400e-03
   9.2307692e-01   3.1878823e-03
   9.1973244e-01   3.2390745e-03
   9.1638796e-01   3.2841478e-03
   9.1304348e-01   3.3232316e-03
   9.0969900e-01   3.3564542e-03
   9.0635452e-01   3.3839419e-03
   9.0301003e-01   3.4058197e-03
   8.9966555e-01   3.4222111e-03
   8.9632107e-01   3.4332379e-03
   8.9297659e-01   3.4390207e-03
   8.8963211e-01   3.4396782e-03
   8.8628763e-01   3.4353280e-03
   8.8294314e-01   3.4260859e-03
   8.7959866e-01   3.4120664e-03
   8.7625418e-01   3.3933823e-03
   8.7290970e-01   3.3701453e-03
   8.6956522e-01   3.3424652e-03
   8.6622074e-01   3.3104507e-03
   8.6287625e-01   3.2742088e-03
   8.5953177e-01   3.2338452e-03
   8.5618729e-01   3.1894641e-03
   8.5284281e-01   3.1411683e-03
   8.4949833e-01   3.0890592e-03
   8.4615385e-01   3.0332367e-03
   8.4280936e-01   2.9737993e-03
   8.3946488e-01   2.9108441e-03
   8.3612040e-01   2.8444669e-03
   8.3277592e-01   2.7747620e-03
   8.2943144e-01   2.7018223e-03
   8.2608696e-01   2.6257395e-03
   8.2274247e-01   2.5466038e-03
   8.1939799e-01   2.4645039e-03
   8.1605351e-01   2.3795274e-03
   8.1270903e-01   2.2917605e-03
   8.0936455e-01   2.2012878e-03
   8.0602007e-01   2.1081930e-03
   8.0267559e-01   2.0125581e-03
   7.9933110e-01   1.9144640e-03
   7.9598662e-01   1.8139902e-03
   7.9264214e-01   1.7112149e-03
   7.8929766e-01   1.6062150e-03
   7.8595318e-01   1.4990661e-03
   7.8260870e-01   1.3898426e-03
   7.7926421e-01   1.2786176e-03
   7.7591973e-01   1.1654629e-03
   7.7257525e-01   1.0504490e-03
   7.6923077e-01   9.3364527e-04
   7.6588629e-01   8.1511970e-04
   7.6254181e-01   6.9493915e-04
   7.5919732e-01   5.7316922e-04
   7.5585284e-01   4.4987428e-04
   7.5250836e-01   3.2511751e-04
   7.4916388e-01   1.9896086e-04
   7.4581940e-01   7.1465120e-05
   7.4247492e-01  -5.7310134e-05
   7.3913043e-01  -1.8730649e-04
   7.3578595e-01  -3.1846672e-04
   7.3244147e-01  -4.5073474e-04
   7.2909699e-01  -5.8405563e-04
   7.2575251e-01  -7.1837562e-04
   7.2240803e-01  -8.5364207e-04
   7.1906355e-01  -9.8980346e-04
   7.1571906e-01  -1.1268094e-03
   7.1237458e-01  -1.2646106e-03
   7.0903010e-01  -1.4031590e-03
   7.0568562e-01  -1.5424073e-03
   7.0234114e-01  -1.6823096e-03
   6.9899666e-01  -1.8228211e-03
   6.9565217e-01  -1.9638978e-03
   6.9230769e-01  -2.1054970e-03
   6.8896321e-01  -2.2475768e-03
   6.8561873e-01  -2.3900967e-03
   6.8227425e-01  -2.5330169e-03
   6.7892977e-01  -2.6762987e-03
   6.7558528e-01  -2.8199046e-03
   6.7224080e-01  -2.9637979e-03
   6.6889632e-01  -3.1079430e-03
   6.6555184e-01  -3.2523053e-03
   6.6220736e-01  -3.3968509e-03
   6.5886288e-01  -3.5415473e-03
   6.5551839e-01  -3.6863626e-03
   6.5217391e-01  -3.8312662e-03
   6.4882943e-01  -3.9762280e-03
   6.4548495e-01  -4.1212192e-03
   6.4214047e-01  -4.2662117e-03
   6.3879599e-01  -4.4111784e-03
   6.3545151e-01  -4.5560930e-03
   6.3210702e-01  -4.7009304e-03
   6.2876254e-01  -4.8456659e-03
   6.2541806e-01  -4.9902760e-03
   6.2207358e-01  -5.1347379e-03
   6.1872910e-01  -5.2790298e-03
   6.1538462e-01  -5.4231306e-03
   6.1204013e-01  -5.5670201e-03
   6.0869565e-01  -5.7106787e-03
   6.0535117e-01  -5.8540880e-03
   6.0200669e-01  -5.9972301e-03
   5.9866221e-01  -6.1400879e-03
   5.9531773e-01  -6.2826452e-03
   5.9197324e-01  -6.4248864e-03
   5.8862876e-01  -6.5667967e-03
   5.8528428e-01  -6.7083621e-03
   5.8193980e-01  -6.8495693e-03
   5.7859532e-01  -6.9904056e-03
   5.7525084e-01  -7.1308592e-03
   5.7190635e-01  -7.2709187e-03
   5.6856187e-01  -7.4105737e-03
   5.6521739e-01  -7.5498143e-03
   5.6187291e-01  -7.6886312e-03
   5.5852843e-01  -7.8270158e-03
   5.5518395e-01  -7.9649601e-03
   5.5183946e-01  -8.1024567e-03
   5.4849498e-01  -8.2394990e-03
   5.4515050e-01  -8.3760806e-03
   5.4180602e-01  -8.5121960e-03
   5.3846154e-01  -8.6478400e-03
   5.3511706e-01  -8.7830083e-03
   5.3177258e-01  -8.9176968e-03
   5.2842809e-01  -9.0519021e-03
   5.2508361e-01  -9.1856211e-03
   5.2173913e-01  -9.3188515e-03
   5.1839465e-01  -9.4515911e-03
   5.1505017e-01  -9.5838386e-03
   5.1170569e-01  -9.7155927e-03
   5.0836120e-01  -9.8468528e-03
   5.0501672e-01  -9.9776187e-03
   5.0167224e-01  -1.0107891e-02
   4.9832776e-01  -1.0237669e-02
   4.9498328e-01  -1.0366954e-02
   4.9163880e-01  -1.0495749e-02
   4.8829431e-01  -1.0624053e-02
   4.8494983e-01  -1.0751869e-02
   4.8160535e-01  -1.0879200e-02
   4.7826087e-01  -1.1006047e-02
   4.7491639e-01  -1.1132415e-02
   4.7157191e-01  -1.1258304e-02
   4.6822742e-01  -1.1383719e-02
   4.6488294e-01  -1.1508664e-02
   4.6153846e-01  -1.1633141e-02
   4.5819398e-01  -1.1757156e-02
   4.5484950e-01  -1.1880710e-02
   4.5150502e-01  -1.2003810e-02
   4.4816054e-01  -1.2126459e-02
   4.4481605e-01  -1.2248661e-02
   4.4147157e-01  -1.2370421e-02
   4.3812709e-01  -1.2491743e-02
   4.3478261e-01  -1.2612632e-02
   4.3143813e-01  -1.2733092e-02
   4.2809365e-01  -1.2853128e-02
   4.2474916e-01  -1.2972745e-02
   4.2140468e-01  -1.3091946e-02
   4.1806020e-01  -1.3210736e-02
   4.1471572e-01  -1.3329120e-02
   4.1137124e-01  -1.3447101e-02
   4.0802676e-01  -1.3564683e-02
   4.0468227e-01  -1.3681871e-02
   4.0133779e-01  -1.3798668e-02
   3.9799331e-01  -1.3915078e-02
   3.9464883e-01  -1.4031102e-02
   3.9130435e-01  -1.4146745e-02
   3.8795987e-01  -1.4262009e-02
   3.8461538e-01  -1.4376896e-02
   3.8127090e-01  -1.4491408e-02
   3.7792642e-01  -1.4605547e-02
   3.7458194e-01  -1.4719312e-02
   3.7123746e-01  -1.4832706e-02
   3.6789298e-01  -1.4945728e-02
   3.6454849e-01  -1.5058378e-02
   3.6120401e-01  -1.5170654e-02
   3.5785953e-01  -1.5282556e-02
   3.5451505e-01  -1.5394080e-02
   3.5117057e-01  -1.5505225e-02
   3.4782609e-01  -1.5615986e-02
   3.4448161e-01  -1.5726359e-02
   3.4113712e-01  -1.5836339e-02
   3.3779264e-01  -1.5945920e-02
   3.3444816e-01  -1.6055095e-02
   3.3110368e-01  -1.6163857e-02
   3.2775920e-01  -1.6272197e-02
   3.2441472e-01  -1.6380106e-02
   3.2107023e-01  -1.6487572e-02
   3.1772575e-01  -1.6594584e-02
   3.1438127e-01  -1.6701129e-02
   3.1103679e-01  -1.6807193e-02
   3.0769231e-01  -1.6912761e-02
   3.0434783e-01  -1.7017815e-02
   3.0100334e-01  -1.7122338e-02
   2.9765886e-01  -1.7226310e-02
   2.9431438e-01  -1.7329711e-02
   2.9096990e-01  -1.7432517e-02
   2.8762542e-01  -1.7534705e-02
   2.8428094e-01  -1.7636249e-02
   2.8093645e-01  -1.7737121e-02
   2.7759197e-01  -1.7837292e-02
   2.7424749e-01  -1.7936730e-02
   2.7090301e-01  -1.8035402e-02
   2.6755853e-01  -1.8133273e-02
   2.6421405e-01  -1.8230305e-02
   2.6086957e-01  -1.8326458e-02
   2.5752508e-01  -1.8421690e-02
   2.5418060e-01  -1.8515956e-02
   2.5083612e-01  -1.8609208e-02
   2.4749164e-01  -1.8701398e-02
   2.4414716e-01  -1.8792472e-02
   2.4080268e-01  -1.8882375e-02
   2.3745819e-01  -1.8971047e-02
   2.3411371e-01  -1.9058427e-02
   2.3076923e-01  -1.9144450e-02
   2.2742475e-01  -1.9229047e-02
   2.2408027e-01  -1.9312146e-02
   2.2073579e-01  -1.9393670e-02
   2.1739130e-01  -1.9473540e-02
   2.1404682e-01  -1.9551671e-02
   2.1070234e-01  -1.9627975e-02
   2.0735786e-01  -1.9702358e-02
   2.0401338e-01  -1.9774723e-02
   2.0066890e-01  -1.9844966e-02
   1.9732441e-01  -1.9912980e-02
   1.9397993e-01  -1.9978651e-02
   1.9063545e-01  -2.0041859e-02
   1.8729097e-01  -2.0102478e-02
   1.8394649e-01  -2.0160377e-02
   1.8060201e-01  -2.0215416e-02
   1.7725753e-01  -2.0267450e-02
   1.7391304e-01  -2.0316325e-02
   1.7056856e-01  -2.0361880e-02
   1.6722408e-01  -2.0403943e-02
   1.6387960e-01  -2.0442338e-02
   1.6053512e-01  -2.0476873e-02
   1.5719064e-01  -2.0507353e-02
   1.5384615e-01  -2.0533566e-02
   1.5050167e-01  -2.0555293e-02
   1.4715719e-01  -2.0572300e-02
   1.4381271e-01  -2.0584341e-02
   1.4046823e-01  -2.0591157e-02
   1.3712375e-01  -2.0592474e-02
   1.3377926e-01  -2.0587999e-02
   1.3043478e-01  -2.0577426e-02
   1.2709030e-01  -2.0560427e-02
   1.2374582e-01  -2.0536657e-02
   1.2040134e-01  -2.0505746e-02
   1.1705686e-01  -2.0467304e-02
   1.1371237e-01  -2.0420911e-02
   1.1036789e-01  -2.0366124e-02
   1.0702341e-01  -2.0302465e-02
   1.0367893e-01  -2.0229424e-02
   1.0033445e-01  -2.0146456e-02
   9.6989967e-02  -2.0052972e-02
   9.3645485e-02  -1.9948338e-02
   9.0301003e-02  -1.9831873e-02
   8.6956522e-02  -1.9702835e-02
   8.3612040e-02  -1.9560420e-02
   8.0267559e-02  -1.9403754e-02
   7.6923077e-02  -1.9231880e-02
   7.3578595e-02  -1.9043749e-02
   7.0234114e-02  -1.8838204e-02
   6.6889632e-02  -1.8613967e-02
   6.3545151e-02  -1.8369615e-02
   6.0200669e-02  -1.8103556e-02
   5.6856187e-02  -1.7814000e-02
   5.3511706e-02  -1.7498915e-02
   5.0167224e-02  -1.7155981e-02
   4.6822742e-02  -1.6782525e-02
   4.3478261e-02  -1.6375428e-02
   4.0133779e-02  -1.5931019e-02
   3.6789298e-02  -1.5444907e-02
   3.3444816e-02  -1.4911761e-02
   3.0100334e-02  -1.4324976e-02
   2.6755853e-02  -1.3676187e-02
   2.3411371e-02  -1.2954477e-02
   2.0066890e-02  -1.2145087e-02
   1.6722408e-02  -1.1227093e-02
   1.3377926e-02  -1.0168868e-02
   1.0033445e-02  -8.9179782e-03
   6.6889632e-03  -7.3737194e-03
   3.3444816e-03  -5.2800734e-03
   0.0000000e+00  -0.0000000e+00
