   0.0000000e+00   0.0000000e+00
   3.3444816e-03   1.1864299e-02
   6.6889632e-03   1.6701546e-02
   1.0033445e-02   2.0361719e-02
   1.3377926e-02   2.3404982e-02
   1.6722408e-02   2.6049539e-02
   2.0066890e-02   2.8407920e-02
   2.3411371e-02   3.0547347e-02
   2.6755853e-02   3.2511864e-02
   3.0100334e-02   3.4332236e-02
   3.3444816e-02   3.6030990e-02
   3.6789298e-02   3.7625226e-02
   4.0133779e-02   3.9128304e-02
   4.3478261e-02   4.0550907e-02
   4.6822742e-02   4.1901744e-02
   5.0167224e-02   4.3188032e-02
   5.3511706e-02   4.4415831e-02
   5.6856187e-02   4.5590295e-02
   6.0200669e-02   4.6715854e-02
   6.3545151e-02   4.7796344e-02
   6.6889632e-02   4.8835120e-02
   7.0234114e-02   4.9835137e-02
   7.3578595e-02   5.0799010e-02
   7.6923077e-02   5.1729070e-02
   8.0267559e-02   5.2627406e-02
   8.3612040e-02   5.3495897e-02
   8.6956522e-02   5.4336242e-02
   9.0301003e-02   5.5149983e-02
   9.3645485e-02   5.5938522e-02
   9.6989967e-02   5.6703143e-02
   1.0033445e-01   5.7445021e-02
   1.0367893e-01   5.8165236e-02
   1.0702341e-01   5.8864782e-02
   1.1036789e-01   5.9544579e-02
   1.1371237e-01   6.0205478e-02
   1.1705686e-01   6.0848267e-02
   1.2040134e-01   6.1473680e-02
   1.2374582e-01   6.2082398e-02
   1.2709030e-01   6.2675057e-02
   1.3043478e-01   6.3252252e-02
   1.3377926e-01   6.3814538e-02
   1.3712375e-01   6.4362434e-02
   1.4046823e-01   6.4896428e-02
   1.4381271e-01   6.5416978e-02
   1.4715719e-01   6.5924512e-02
   1.5050167e-01   6.6419435e-02
   1.5384615e-01   6.6902127e-02
   1.5719064e-01   6.7372946e-02
   1.6053512e-01   6.7832229e-02
   1.6387960e-01   6.8280295e-02
   1.6722408e-01   6.8717445e-02
   1.7056856e-01   6.9143961e-02
   1.7391304e-01   6.9560113e-02
   1.7725753e-01   6.9966154e-02
   1.8060201e-01   7.0362323e-02
   1.8394649e-01   7.0748848e-02
   1.8729097e-01   7.1125943e-02
   1.9063545e-01   7.1493812e-02
   1.9397993e-01   7.1852647e-02
   1.9732441e-01   7.2202630e-02
   2.0066890e-01   7.2543936e-02
   2.0401338e-01   7.2876726e-02
   2.0735786e-01   7.3201157e-02
   2.1070234e-01   7.3517375e-02
   2.1404682e-01   7.3825521e-02
   2.1739130e-01   7.4125725e-02
   2.2073579e-01   7.4418114e-02
   2.2408027e-01   7.4702806e-02
   2.2742475e-01   7.4979913e-02
   2.3076923e-01   7.5249543e-02
   2.3411371e-01   7.5511795e-02
   2.3745819e-01   7.5766766e-02
   2.4080268e-01   7.6014546e-02
   2.4414716e-01   7.6255220e-02
   2.4749164e-01   7.6488871e-02
   2.5083612e-01   7.6715573e-02
   2.5418060e-01   7.6935401e-02
   2.5752508e-01   7.7148421e-02
   2.6086957e-01   7.7354699e-02
   2.6421405e-01   7.7554296e-02
   2.6755853e-01   7.7747270e-02
   2.7090301e-01   7.7933674e-02
   2.7424749e-01   7.8113560e-02
   2.7759197e-01   7.8286976e-02
   2.8093645e-01   7.8453967e-02
   2.8428094e-01   7.8614575e-02
   2.8762542e-01   7.8768841e-02
   2.9096990e-01   7.8916802e-02
   2.9431438e-01   7.9058493e-02
   2.9765886e-01   7.9193946e-02
   3.0100334e-01   7.9323193e-02
   3.0434783e-01   7.9446261e-02
   3.0769231e-01   7.9563178e-02
   3.1103679e-01   7.9673968e-02
   3.1438127e-01   7.9778654e-02
   3.1772575e-01   7.9877257e-02
   3.2107023e-01   7.9969796e-02
   3.2441472e-01   8.0056291e-02
   3.2775920e-01   8.0136757e-02
   3.3110368e-01   8.0211209e-02
   3.3444816e-01   8.0279663e-02
   3.3779264e-01   8.0342129e-02
   3.4113712e-01   8.0398621e-02
   3.4448161e-01   8.0449148e-02
   3.4782609e-01   8.0493719e-02
   3.5117057e-01   8.0532343e-02
   3.5451505e-01   8.0565028e-02
   3.5785953e-01   8.0591779e-02
   3.6120401e-01   8.0612603e-02
   3.6454849e-01   8.0627505e-02
   3.6789298e-01   8.0636488e-02
   3.7123746e-01   8.0639556e-02
   3.7458194e-01   8.0636712e-02
   3.7792642e-01   8.0627959e-02
   3.8127090e-01   8.0613298e-02
   3.8461538e-01   8.0592731e-02
   3.8795987e-01   8.0566258e-02
   3.9130435e-01   8.0533880e-02
   3.9464883e-01   8.0495596e-02
   3.9799331e-01   8.0451408e-02
   4.0133779e-01   8.0401313e-02
   4.0468227e-01   8.0345312e-02
   4.0802676e-01   8.0283403e-02
   4.1137124e-01   8.0215586e-02
   4.1471572e-01   8.0141858e-02
   4.1806020e-01   8.0062218e-02
   4.2140468e-01   7.9976666e-02
   4.2474916e-01   7.9885198e-02
   4.2809365e-01   7.9787814e-02
   4.3143813e-01   7.9684513e-02
   4.3478261e-01   7.9575291e-02
   4.3812709e-01   7.9460149e-02
   4.4147157e-01   7.9339085e-02
   4.4481605e-01   7.9212097e-02
   4.4816054e-01   7.9079184e-02
   4.5150502e-01   7.8940346e-02
   4.5484950e-01   7.8795581e-02
   4.5819398e-01   7.8644890e-02
   4.6153846e-01   7.8488272e-02
   4.6488294e-01   7.8325727e-02
   4.6822742e-01   7.8157255e-02
   4.7157191e-01   7.7982858e-02
   4.7491639e-01   7.7802537e-02
   4.7826087e-01   7.7616292e-02
   4.8160535e-01   7.7424126e-02
   4.8494983e-01   7.7226041e-02
   4.8829431e-01   7.7022040e-02
   4.9163880e-01   7.6812125e-02
   4.9498328e-01   7.6596301e-02
   4.9832776e-01   7.6374572e-02
   5.0167224e-01   7.6146943e-02
   5.0501672e-01   7.5913418e-02
   5.0836120e-01   7.5674004e-02
   5.1170569e-01   7.5428707e-02
   5.1505017e-01   7.5177534e-02
   5.1839465e-01   7.4920492e-02
   5.2173913e-01   7.4657591e-02
   5.2508361e-01   7.4388838e-02
   5.2842809e-01   7.4114245e-02
   5.3177258e-01   7.3833819e-02
   5.3511706e-01   7.3547574e-02
   5.3846154e-01   7.3255521e-02
   5.4180602e-01   7.2957671e-02
   5.4515050e-01   7.2654040e-02
   5.4849498e-01   7.2344639e-02
   5.5183946e-01   7.2029485e-02
   5.5518395e-01   7.1708593e-02
   5.5852843e-01   7.1381980e-02
   5.6187291e-01   7.1049662e-02
   5.6521739e-01   7.0711659e-02
   5.6856187e-01   7.0367988e-02
   5.7190635e-01   7.0018671e-02
   5.7525084e-01   6.9663728e-02
   5.7859532e-01   6.9303180e-02
   5.8193980e-01   6.8937051e-02
   5.8528428e-01   6.8565363e-02
   5.8862876e-01   6.8188143e-02
   5.9197324e-01   6.7805415e-02
   5.9531773e-01   6.7417205e-02
   5.9866221e-01   6.7023543e-02
   6.0200669e-01   6.6624455e-02
   6.0535117e-01   6.6219972e-02
   6.0869565e-01   6.5810124e-02
   6.1204013e-01   6.5394943e-02
   6.1538462e-01   6.4974463e-02
   6.1872910e-01   6.4548716e-02
   6.2207358e-01   6.4117737e-02
   6.2541806e-01   6.3681564e-02
   6.2876254e-01   6.3240232e-02
   6.3210702e-01   6.2793781e-02
   6.3545151e-01   6.2342250e-02
   6.3879599e-01   6.1885679e-02
   6.4214047e-01   6.1424110e-02
   6.4548495e-01   6.0957587e-02
   6.4882943e-01   6.0486153e-02
   6.5217391e-01   6.0009853e-02
   6.5551839e-01   5.9528735e-02
   6.5886288e-01   5.9042846e-02
   6.6220736e-01   5.8552235e-02
   6.6555184e-01   5.8056952e-02
   6.6889632e-01   5.7557050e-02
   6.7224080e-01   5.7052580e-02
   6.7558528e-01   5.6543597e-02
   6.7892977e-01   5.6030156e-02
   6.8227425e-01   5.5512315e-02
   6.8561873e-01   5.4990130e-02
   6.8896321e-01   5.4463662e-02
   6.9230769e-01   5.3932970e-02
   6.9565217e-01   5.3398118e-02
   6.9899666e-01   5.2859167e-02
   7.0234114e-01   5.2316184e-02
   7.0568562e-01   5.1769234e-02
   7.0903010e-01   5.1218385e-02
   7.1237458e-01   5.0663705e-02
   7.1571906e-01   5.0105265e-02
   7.1906355e-01   4.9543136e-02
   7.2240803e-01   4.8977393e-02
   7.2575251e-01   4.8408108e-02
   7.2909699e-01   4.7835358e-02
   7.3244147e-01   4.7259222e-02
   7.3578595e-01   4.6679777e-02
   7.3913043e-01   4.6097104e-02
   7.4247492e-01   4.5511284e-02
   7.4581940e-01   4.4922403e-02
   7.4916388e-01   4.4330543e-02
   7.5250836e-01   4.3735792e-02
   7.5585284e-01   4.3138237e-02
   7.5919732e-01   4.2537968e-02
   7.6254181e-01   4.1935076e-02
   7.6588629e-01   4.1329654e-02
   7.6923077e-01   4.0721795e-02
   7.7257525e-01   4.0111595e-02
   7.7591973e-01   3.9499152e-02
   7.7926421e-01   3.8884564e-02
   7.8260870e-01   3.8267931e-02
   7.8595318e-01   3.7649356e-02
   7.8929766e-01   3.7028942e-02
   7.9264214e-01   3.6406795e-02
   7.9598662e-01   3.5783020e-02
   7.9933110e-01   3.5157728e-02
   8.0267559e-01   3.4531027e-02
   8.0602007e-01   3.3903030e-02
   8.0936455e-01   3.3273850e-02
   8.1270903e-01   3.2643603e-02
   8.1605351e-01   3.2012404e-02
   8.1939799e-01   3.1380373e-02
   8.2274247e-01   3.0747629e-02
   8.2608696e-01   3.0114295e-02
   8.2943144e-01   2.9480494e-02
   8.3277592e-01   2.8846351e-02
   8.3612040e-01   2.8211994e-02
   8.3946488e-01   2.7577551e-02
   8.4280936e-01   2.6943152e-02
   8.4615385e-01   2.6308930e-02
   8.4949833e-01   2.5675020e-02
   8.5284281e-01   2.5041555e-02
   8.5618729e-01   2.4408675e-02
   8.5953177e-01   2.3776519e-02
   8.6287625e-01   2.3145227e-02
   8.6622074e-01   2.2514942e-02
   8.6956522e-01   2.1885810e-02
   8.7290970e-01   2.1257976e-02
   8.7625418e-01   2.0631590e-02
   8.7959866e-01   2.0006800e-02
   8.8294314e-01   1.9383760e-02
   8.8628763e-01   1.8762623e-02
   8.8963211e-01   1.8143545e-02
   8.9297659e-01   1.7526683e-02
   8.9632107e-01   1.6912197e-02
   8.9966555e-01   1.6300247e-02
   9.0301003e-01   1.5690998e-02
   9.0635452e-01   1.5084614e-02
   9.0969900e-01   1.4481263e-02
   9.1304348e-01   1.3881112e-02
   9.1638796e-01   1.3284333e-02
   9.1973244e-01   1.2691098e-02
   9.2307692e-01   1.2101582e-02
   9.2642140e-01   1.1515962e-02
   9.2976589e-01   1.0934415e-02
   9.3311037e-01   1.0357123e-02
   9.3645485e-01   9.7842680e-03
   9.3979933e-01   9.2160337e-03
   9.4314381e-01   8.6526065e-03
   9.4648829e-01   8.0941748e-03
   9.4983278e-01   7.5409288e-03
   9.5317726e-01   6.9930607e-03
   9.5652174e-01   6.4507646e-03
   9.5986622e-01   5.9142368e-03
   9.6321070e-01   5.3836755e-03
   9.6655518e-01   4.8592809e-03
   9.6989967e-01   4.3412551e-03
   9.7324415e-01   3.8298026e-03
   9.7658863e-01   3.3251294e-03
   9.7993311e-01   2.8274441e-03
   9.8327759e-01   2.3369568e-03
   9.8662207e-01   1.8538802e-03
   9.8996656e-01   1.3784286e-03
   9.9331104e-01   9.1081859e-04
   9.9665552e-01   4.5126882e-04
   1.0000000e+00   0.0000000e+00
   1.0000000e+00   0.0000000e+00
   9.9665552e-01  -1.2990983e-04
   9.9331104e-01  -2.6603623e-04
   9.8996656e-01  -4.0824038e-04
   9.8662207e-01  -5.5638480e-04
   9.8327759e-01  -7.1033334e-04
   9.7993311e-01  -8.6995114e-04
   9.7658863e-01  -1.0351047e-03
   9.7324415e-01  -1.2056617e-03
   9.6989967e-01  -1.3814913e-03
   9.6655518e-01  -1.5624638e-03
   9.6321070e-01  -1.7484508e-03
   9.5986622e-01  -1.9393255e-03
   9.5652174e-01  -2.1349618e-03
   9.5317726e-01  -2.3352355e-03
   9.4983278e-01  -2.5400231e-03
   9.4648829e-01  -2.7492029e-03
   9.4314381e-01  -2.9626541e-03
   9.3979933e-01  -3.1802573e-03
   9.3645485e-01  -3.4018944e-03
   9.3311037e-01  -3.6274483e-03
   9.2976589e-01  -3.8568036e-03
   9.2642140e-01  -4.0898456e-03
   9.2307692e-01  -4.3264613e-03
   9.1973244e-01  -4.5665387e-03
   9.1638796e-01  -4.8099671e-03
   9.1304348e-01  -5.0566369e-03
   9.0969900e-01  -5.3064400e-03
   9.0635452e-01  -5.5592691e-03
   9.0301003e-01  -5.8150186e-03
   8.9966555e-01  -6.0735836e-03
   8.9632107e-01  -6.3348609e-03
   8.9297659e-01  -6.5987480e-03
   8.8963211e-01  -6.8651441e-03
   8.8628763e-01  -7.1339490e-03
   8.8294314e-01  -7.4050643e-03
   8.7959866e-01  -7.6783923e-03
   8.7625418e-01  -7.9538368e-03
   8.7290970e-01  -8.2313024e-03
   8.6956522e-01  -8.5106952e-03
   8.6622074e-01  -8.7919224e-03
   8.6287625e-01  -9.0748922e-03
   8.5953177e-01  -9.3595140e-03
   8.5618729e-01  -9.6456984e-03
   8.5284281e-01  -9.9333571e-03
   8.4949833e-01  -1.0222403e-02
   8.4615385e-01  -1.0512750e-02
   8.4280936e-01  -1.0804313e-02
   8.3946488e-01  -1.1097009e-02
   8.3612040e-01  -1.1390754e-02
   8.3277592e-01  -1.1685468e-02
   8.2943144e-01  -1.1981069e-02
   8.2608696e-01  -1.2277478e-02
   8.2274247e-01  -1.2574617e-02
   8.1939799e-01  -1.2872410e-02
   8.1605351e-01  -1.3170778e-02
   8.1270903e-01  -1.3469648e-02
   8.0936455e-01  -1.3768946e-02
   8.0602007e-01  -1.4068598e-02
   8.0267559e-01  -1.4368533e-02
   7.9933110e-01  -1.4668680e-02
   7.9598662e-01  -1.4968969e-02
   7.9264214e-01  -1.5269332e-02
   7.8929766e-01  -1.5569700e-02
   7.8595318e-01  -1.5870007e-02
   7.8260870e-01  -1.6170187e-02
   7.7926421e-01  -1.6470177e-02
   7.7591973e-01  -1.6769911e-02
   7.7257525e-01  -1.7069327e-02
   7.6923077e-01  -1.7368365e-02
   7.6588629e-01  -1.7666963e-02
   7.6254181e-01  -1.7965061e-02
   7.5919732e-01  -1.8262602e-02
   7.5585284e-01  -1.8559526e-02
   7.5250836e-01  -1.8855778e-02
   7.4916388e-01  -1.9151303e-02
   7.4581940e-01  -1.9446044e-02
   7.4247492e-01  -1.9739948e-02
   7.3913043e-01  -2.0032963e-02
   7.3578595e-01  -2.0325036e-02
   7.3244147e-01  -2.0616117e-02
   7.2909699e-01  -2.0906155e-02
   7.2575251e-01  -2.1195102e-02
   7.2240803e-01  -2.1482908e-02
   7.1906355e-01  -2.1769527e-02
   7.1571906e-01  -2.2054913e-02
   7.1237458e-01  -2.2339019e-02
   7.0903010e-01  -2.2621801e-02
   7.0568562e-01  -2.2903216e-02
   7.0234114e-01  -2.3183220e-02
   6.9899666e-01  -2.3461772e-02
   6.9565217e-01  -2.3738830e-02
   6.9230769e-01  -2.4014355e-02
   6.8896321e-01  -2.4288306e-02
   6.8561873e-01  -2.4560645e-02
   6.8227425e-01  -2.4831334e-02
   6.7892977e-01  -2.5100338e-02
   6.7558528e-01  -2.5367618e-02
   6.7224080e-01  -2.5633141e-02
   6.6889632e-01  -2.5896871e-02
   6.6555184e-01  -2.6158775e-02
   6.6220736e-01  -2.6418821e-02
   6.5886288e-01  -2.6676975e-02
   6.5551839e-01  -2.6933208e-02
   6.5217391e-01  -2.7187487e-02
   6.4882943e-01  -2.7439784e-02
   6.4548495e-01  -2.7690070e-02
   6.4214047e-01  -2.7938315e-02
   6.3879599e-01  -2.8184494e-02
   6.3545151e-01  -2.8428579e-02
   6.3210702e-01  -2.8670543e-02
   6.2876254e-01  -2.8910362e-02
   6.2541806e-01  -2.9148011e-02
   6.2207358e-01  -2.9383467e-02
   6.1872910e-01  -2.9616705e-02
   6.1538462e-01  -2.9847703e-02
   6.1204013e-01  -3.0076440e-02
   6.0869565e-01  -3.0302895e-02
   6.0535117e-01  -3.0527046e-02
   6.0200669e-01  -3.0748875e-02
   5.9866221e-01  -3.0968361e-02
   5.9531773e-01  -3.1185486e-02
   5.9197324e-01  -3.1400233e-02
   5.8862876e-01  -3.1612584e-02
   5.8528428e-01  -3.1822522e-02
   5.8193980e-01  -3.2030031e-02
   5.7859532e-01  -3.2235096e-02
   5.7525084e-01  -3.2437702e-02
   5.7190635e-01  -3.2637834e-02
   5.6856187e-01  -3.2835478e-02
   5.6521739e-01  -3.3030622e-02
   5.6187291e-01  -3.3223253e-02
   5.5852843e-01  -3.3413358e-02
   5.5518395e-01  -3.3600926e-02
   5.5183946e-01  -3.3785946e-02
   5.4849498e-01  -3.3968407e-02
   5.4515050e-01  -3.4148299e-02
   5.4180602e-01  -3.4325613e-02
   5.3846154e-01  -3.4500339e-02
   5.3511706e-01  -3.4672468e-02
   5.3177258e-01  -3.4841994e-02
   5.2842809e-01  -3.5008906e-02
   5.2508361e-01  -3.5173199e-02
   5.2173913e-01  -3.5334866e-02
   5.1839465e-01  -3.5493899e-02
   5.1505017e-01  -3.5650293e-02
   5.1170569e-01  -3.5804042e-02
   5.0836120e-01  -3.5955141e-02
   5.0501672e-01  -3.6103584e-02
   5.0167224e-01  -3.6249367e-02
   4.9832776e-01  -3.6392486e-02
   4.9498328e-01  -3.6532937e-02
   4.9163880e-01  -3.6670716e-02
   4.8829431e-01  -3.6805819e-02
   4.8494983e-01  -3.6938244e-02
   4.8160535e-01  -3.7067988e-02
   4.7826087e-01  -3.7195048e-02
   4.7491639e-01  -3.7319422e-02
   4.7157191e-01  -3.7441108e-02
   4.6822742e-01  -3.7560104e-02
   4.6488294e-01  -3.7676408e-02
   4.6153846e-01  -3.7790018e-02
   4.5819398e-01  -3.7900935e-02
   4.5484950e-01  -3.8009156e-02
   4.5150502e-01  -3.8114680e-02
   4.4816054e-01  -3.8217506e-02
   4.4481605e-01  -3.8317635e-02
   4.4147157e-01  -3.8415064e-02
   4.3812709e-01  -3.8509794e-02
   4.3478261e-01  -3.8601824e-02
   4.3143813e-01  -3.8691154e-02
   4.2809365e-01  -3.8777782e-02
   4.2474916e-01  -3.8861709e-02
   4.2140468e-01  -3.8942933e-02
   4.1806020e-01  -3.9021455e-02
   4.1471572e-01  -3.9097274e-02
   4.1137124e-01  -3.9170389e-02
   4.0802676e-01  -3.9240800e-02
   4.0468227e-01  -3.9308505e-02
   4.0133779e-01  -3.9373503e-02
   3.9799331e-01  -3.9435794e-02
   3.9464883e-01  -3.9495376e-02
   3.9130435e-01  -3.9552248e-02
   3.8795987e-01  -3.9606407e-02
   3.8461538e-01  -3.9657852e-02
   3.8127090e-01  -3.9706580e-02
   3.7792642e-01  -3.9752588e-02
   3.7458194e-01  -3.9795875e-02
   3.7123746e-01  -3.9836435e-02
   3.6789298e-01  -3.9874267e-02
   3.6454849e-01  -3.9909365e-02
   3.6120401e-01  -3.9941725e-02
   3.5785953e-01  -3.9971341e-02
   3.5451505e-01  -3.9998210e-02
   3.5117057e-01  -4.0022323e-02
   3.4782609e-01  -4.0043675e-02
   3.4448161e-01  -4.0062259e-02
   3.4113712e-01  -4.0078066e-02
   3.3779264e-01  -4.0091087e-02
   3.3444816e-01  -4.0101315e-02
   3.3110368e-01  -4.0108737e-02
   3.2775920e-01  -4.0113345e-02
   3.2441472e-01  -4.0115125e-02
   3.2107023e-01  -4.0114065e-02
   3.1772575e-01  -4.0110153e-02
   3.1438127e-01  -4.0103373e-02
   3.1103679e-01  -4.0093709e-02
   3.0769231e-01  -4.0081146e-02
   3.0434783e-01  -4.0065666e-02
   3.0100334e-01  -4.0047249e-02
   2.9765886e-01  -4.0025876e-02
   2.9431438e-01  -4.0001525e-02
   2.9096990e-01  -3.9974174e-02
   2.8762542e-01  -3.9943798e-02
   2.8428094e-01  -3.9910372e-02
   2.8093645e-01  -3.9873868e-02
   2.7759197e-01  -3.9834258e-02
   2.7424749e-01  -3.9791512e-02
   2.7090301e-01  -3.9745596e-02
   2.6755853e-01  -3.9696478e-02
   2.6421405e-01  -3.9644120e-02
   2.6086957e-01  -3.9588485e-02
   2.5752508e-01  -3.9529533e-02
   2.5418060e-01  -3.9467221e-02
   2.5083612e-01  -3.9401505e-02
   2.4749164e-01  -3.9332336e-02
   2.4414716e-01  -3.9259667e-02
   2.4080268e-01  -3.9183443e-02
   2.3745819e-01  -3.9103610e-02
   2.3411371e-01  -3.9020110e-02
   2.3076923e-01  -3.8932882e-02
   2.2742475e-01  -3.8841861e-02
   2.2408027e-01  -3.8746979e-02
   2.2073579e-01  -3.8648166e-02
   2.1739130e-01  -3.8545345e-02
   2.1404682e-01  -3.8438439e-02
   2.1070234e-01  -3.8327363e-02
   2.0735786e-01  -3.8212030e-02
   2.0401338e-01  -3.8092349e-02
   2.0066890e-01  -3.7968223e-02
   1.9732441e-01  -3.7839549e-02
   1.9397993e-01  -3.7706221e-02
   1.9063545e-01  -3.7568126e-02
   1.8729097e-01  -3.7425144e-02
   1.8394649e-01  -3.7277152e-02
   1.8060201e-01  -3.7124016e-02
   1.7725753e-01  -3.6965598e-02
   1.7391304e-01  -3.6801752e-02
   1.7056856e-01  -3.6632324e-02
   1.6722408e-01  -3.6457150e-02
   1.6387960e-01  -3.6276060e-02
   1.6053512e-01  -3.6088871e-02
   1.5719064e-01  -3.5895392e-02
   1.5384615e-01  -3.5695421e-02
   1.5050167e-01  -3.5488743e-02
   1.4715719e-01  -3.5275131e-02
   1.4381271e-01  -3.5054346e-02
   1.4046823e-01  -3.4826133e-02
   1.3712375e-01  -3.4590220e-02
   1.3377926e-01  -3.4346323e-02
   1.3043478e-01  -3.4094134e-02
   1.2709030e-01  -3.3833330e-02
   1.2374582e-01  -3.3563563e-02
   1.2040134e-01  -3.3284464e-02
   1.1705686e-01  -3.2995639e-02
   1.1371237e-01  -3.2696664e-02
   1.1036789e-01  -3.2387087e-02
   1.0702341e-01  -3.2066420e-02
   1.0367893e-01  -3.1734140e-02
   1.0033445e-01  -3.1389683e-02
   9.6989967e-02  -3.1032439e-02
   9.3645485e-02  -3.0661747e-02
   9.0301003e-02  -3.0276890e-02
   8.6956522e-02  -2.9877087e-02
   8.3612040e-02  -2.9461486e-02
   8.0267559e-02  -2.9029152e-02
   7.6923077e-02  -2.8579059e-02
   7.3578595e-02  -2.8110071e-02
   7.0234114e-02  -2.7620931e-02
   6.6889632e-02  -2.7110240e-02
   6.3545151e-02  -2.6576429e-02
   6.0200669e-02  -2.6017732e-02
   5.6856187e-02  -2.5432148e-02
   5.3511706e-02  -2.4817391e-02
   5.0167224e-02  -2.4170832e-02
   4.6822742e-02  -2.3489417e-02
   4.3478261e-02  -2.2769561e-02
   4.0133779e-02  -2.2007009e-02
   3.6789298e-02  -2.1196633e-02
   3.3444816e-02  -2.0332162e-02
   3.0100334e-02  -1.9405765e-02
   2.6755853e-02  -1.8407445e-02
   2.3411371e-02  -1.7324060e-02
   2.0066890e-02  -1.6137701e-02
   1.6722408e-02  -1.4822783e-02
   1.3377926e-02  -1.3340338e-02
   1.0033445e-02  -1.1625269e-02
   6.6889632e-03  -9.5516082e-03
   3.3444816e-03  -6.7966393e-03
   0.0000000e+00  -0.0000000e+00
