   0.0000000e+00   0.0000000e+00
   3.3444816e-03   1.2332161e-02
   6.6889632e-03   1.7412535e-02
   1.0033445e-02   2.1291330e-02
   1.3377926e-02   2.4544524e-02
   1.6722408e-02   2.7395509e-02
   2.0066890e-02   2.9958980e-02
   2.3411371e-02   3.2303138e-02
   2.6755853e-02   3.4472456e-02
   3.0100334e-02   3.6497848e-02
   3.3444816e-02   3.8401837e-02
   3.6789298e-02   4.0201432e-02
   4.0133779e-02   4.1909857e-02
   4.3478261e-02   4.3537627e-02
   4.6822742e-02   4.5093273e-02
   5.0167224e-02   4.6583826e-02
   5.3511706e-02   4.8015162e-02
   5.6856187e-02   4.9392251e-02
   6.0200669e-02   5.0719342e-02
   6.3545151e-02   5.2000101e-02
   6.6889632e-02   5.3237716e-02
   7.0234114e-02   5.4434981e-02
   7.3578595e-02   5.5594358e-02
   7.6923077e-02   5.6718035e-02
   8.0267559e-02   5.7807961e-02
   8.3612040e-02   5.8865884e-02
   8.6956522e-02   5.9893378e-02
   9.0301003e-02   6.0891867e-02
   9.3645485e-02   6.1862643e-02
   9.6989967e-02   6.2806883e-02
   1.0033445e-01   6.3725663e-02
   1.0367893e-01   6.4619970e-02
   1.0702341e-01   6.5490711e-02
   1.1036789e-01   6.6338721e-02
   1.1371237e-01   6.7164774e-02
   1.1705686e-01   6.7969587e-02
   1.2040134e-01   6.8753823e-02
   1.2374582e-01   6.9518103e-02
   1.2709030e-01   7.0263003e-02
   1.3043478e-01   7.0989063e-02
   1.3377926e-01   7.1696787e-02
   1.3712375e-01   7.2386649e-02
   1.4046823e-01   7.3059093e-02
   1.4381271e-01   7.3714538e-02
   1.4715719e-01   7.4353376e-02
   1.5050167e-01   7.4975981e-02
   1.5384615e-01   7.5582703e-02
   1.5719064e-01   7.6173874e-02
   1.6053512e-01   7.6749809e-02
   1.6387960e-01   7.7310807e-02
   1.6722408e-01   7.7857152e-02
   1.7056856e-01   7.8389112e-02
   1.7391304e-01   7.8906946e-02
   1.7725753e-01   7.9410896e-02
   1.8060201e-01   7.9901197e-02
   1.8394649e-01   8.0378072e-02
   1.8729097e-01   8.0841733e-02
   1.9063545e-01   8.1292384e-02
   1.9397993e-01   8.1730221e-02
   1.9732441e-01   8.2155431e-02
   2.0066890e-01   8.2568193e-02
   2.0401338e-01   8.2968680e-02
   2.0735786e-01   8.3357058e-02
   2.1070234e-01   8.3733487e-02
   2.1404682e-01   8.4098121e-02
   2.1739130e-01   8.4451106e-02
   2.2073579e-01   8.4792588e-02
   2.2408027e-01   8.5122702e-02
   2.2742475e-01   8.5441584e-02
   2.3076923e-01   8.5749361e-02
   2.3411371e-01   8.6046159e-02
   2.3745819e-01   8.6332098e-02
   2.4080268e-01   8.6607296e-02
   2.4414716e-01   8.6871866e-02
   2.4749164e-01   8.7125918e-02
   2.5083612e-01   8.7369560e-02
   2.5418060e-01   8.7602895e-02
   2.5752508e-01   8.7826025e-02
   2.6086957e-01   8.8039048e-02
   2.6421405e-01   8.8242061e-02
   2.6755853e-01   8.8435156e-02
   2.7090301e-01   8.8618426e-02
   2.7424749e-01   8.8791958e-02
   2.7759197e-01   8.8955841e-02
   2.8093645e-01   8.9110159e-02
   2.8428094e-01   8.9254995e-02
   2.8762542e-01   8.9390431e-02
   2.9096990e-01   8.9516546e-02
   2.9431438e-01   8.9633419e-02
   2.9765886e-01   8.9741125e-02
   3.0100334e-01   8.9839739e-02
   3.0434783e-01   8.9929336e-02
   3.0769231e-01   9.0009988e-02
   3.1103679e-01   9.0081766e-02
   3.1438127e-01   9.0144739e-02
   3.1772575e-01   9.0198976e-02
   3.2107023e-01   9.0244545e-02
   3.2441472e-01   9.0281512e-02
   3.2775920e-01   9.0309944e-02
   3.3110368e-01   9.0329904e-02
   3.3444816e-01   9.0341456e-02
   3.3779264e-01   9.0344664e-02
   3.4113712e-01   9.0339590e-02
   3.4448161e-01   9.0326294e-02
   3.4782609e-01   9.0304838e-02
   3.5117057e-01   9.0275281e-02
   3.5451505e-01   9.0237684e-02
   3.5785953e-01   9.0192104e-02
   3.6120401e-01   9.0138599e-02
   3.6454849e-01   9.0077228e-02
   3.6789298e-01   9.0008047e-02
   3.7123746e-01   8.9931113e-02
   3.7458194e-01   8.9846481e-02
   3.7792642e-01   8.9754208e-02
   3.8127090e-01   8.9654349e-02
   3.8461538e-01   8.9546958e-02
   3.8795987e-01   8.9432091e-02
   3.9130435e-01   8.9309800e-02
   3.9464883e-01   8.9180140e-02
   3.9799331e-01   8.9043165e-02
   4.0133779e-01   8.8898927e-02
   4.0468227e-01   8.8747479e-02
   4.0802676e-01   8.8588874e-02
   4.1137124e-01   8.8423165e-02
   4.1471572e-01   8.8250404e-02
   4.1806020e-01   8.8070642e-02
   4.2140468e-01   8.7883932e-02
   4.2474916e-01   8.7690325e-02
   4.2809365e-01   8.7489873e-02
   4.3143813e-01   8.7282627e-02
   4.3478261e-01   8.7068638e-02
   4.3812709e-01   8.6847958e-02
   4.4147157e-01   8.6620637e-02
   4.4481605e-01   8.6386727e-02
   4.4816054e-01   8.6146278e-02
   4.5150502e-01   8.5899342e-02
   4.5484950e-01   8.5645968e-02
   4.5819398e-01   8.5386209e-02
   4.6153846e-01   8.5120113e-02
   4.6488294e-01   8.4847733e-02
   4.6822742e-01   8.4569119e-02
   4.7157191e-01   8.4284321e-02
   4.7491639e-01   8.3993390e-02
   4.7826087e-01   8.3696377e-02
   4.8160535e-01   8.3393332e-02
   4.8494983e-01   8.3084307e-02
   4.8829431e-01   8.2769352e-02
   4.9163880e-01   8.2448518e-02
   4.9498328e-01   8.2121856e-02
   4.9832776e-01   8.1789417e-02
   5.0167224e-01   8.1451251e-02
   5.0501672e-01   8.1107411e-02
   5.0836120e-01   8.0757946e-02
   5.1170569e-01   8.0402910e-02
   5.1505017e-01   8.0042352e-02
   5.1839465e-01   7.9676324e-02
   5.2173913e-01   7.9304879e-02
   5.2508361e-01   7.8928067e-02
   5.2842809e-01   7.8545941e-02
   5.3177258e-01   7.8158552e-02
   5.3511706e-01   7.7765953e-02
   5.3846154e-01   7.7368196e-02
   5.4180602e-01   7.6965333e-02
   5.4515050e-01   7.6557417e-02
   5.4849498e-01   7.6144501e-02
   5.5183946e-01   7.5726637e-02
   5.5518395e-01   7.5303879e-02
   5.5852843e-01   7.4876279e-02
   5.6187291e-01   7.4443891e-02
   5.6521739e-01   7.4006769e-02
   5.6856187e-01   7.3564966e-02
   5.7190635e-01   7.3118536e-02
   5.7525084e-01   7.2667533e-02
   5.7859532e-01   7.2212012e-02
   5.8193980e-01   7.1752026e-02
   5.8528428e-01   7.1287631e-02
   5.8862876e-01   7.0818881e-02
   5.9197324e-01   7.0345832e-02
   5.9531773e-01   6.9868539e-02
   5.9866221e-01   6.9387057e-02
   6.0200669e-01   6.8901442e-02
   6.0535117e-01   6.8411750e-02
   6.0869565e-01   6.7918036e-02
   6.1204013e-01   6.7420358e-02
   6.1538462e-01   6.6918773e-02
   6.1872910e-01   6.6413335e-02
   6.2207358e-01   6.5904104e-02
   6.2541806e-01   6.5391136e-02
   6.2876254e-01   6.4874489e-02
   6.3210702e-01   6.4354220e-02
   6.3545151e-01   6.3830387e-02
   6.3879599e-01   6.3303049e-02
   6.4214047e-01   6.2772264e-02
   6.4548495e-01   6.2238092e-02
   6.4882943e-01   6.1700590e-02
   6.5217391e-01   6.1159818e-02
   6.5551839e-01   6.0615837e-02
   6.5886288e-01   6.0068704e-02
   6.6220736e-01   5.9518482e-02
   6.6555184e-01   5.8965229e-02
   6.6889632e-01   5.8409006e-02
   6.7224080e-01   5.7849875e-02
   6.7558528e-01   5.7287896e-02
   6.7892977e-01   5.6723131e-02
   6.8227425e-01   5.6155642e-02
   6.8561873e-01   5.5585489e-02
   6.8896321e-01   5.5012737e-02
   6.9230769e-01   5.4437446e-02
   6.9565217e-01   5.3859680e-02
   6.9899666e-01   5.3279502e-02
   7.0234114e-01   5.2696975e-02
   7.0568562e-01   5.2112162e-02
   7.0903010e-01   5.1525129e-02
   7.1237458e-01   5.0935938e-02
   7.1571906e-01   5.0344654e-02
   7.1906355e-01   4.9751343e-02
   7.2240803e-01   4.9156069e-02
   7.2575251e-01   4.8558897e-02
   7.2909699e-01   4.7959894e-02
   7.3244147e-01   4.7359124e-02
   7.3578595e-01   4.6756655e-02
   7.3913043e-01   4.6152553e-02
   7.4247492e-01   4.5546885e-02
   7.4581940e-01   4.4939717e-02
   7.4916388e-01   4.4331118e-02
   7.5250836e-01   4.3721156e-02
   7.5585284e-01   4.3109897e-02
   7.5919732e-01   4.2497411e-02
   7.6254181e-01   4.1883766e-02
   7.6588629e-01   4.1269032e-02
   7.6923077e-01   4.0653278e-02
   7.7257525e-01   4.0036572e-02
   7.7591973e-01   3.9418986e-02
   7.7926421e-01   3.8800590e-02
   7.8260870e-01   3.8181453e-02
   7.8595318e-01   3.7561647e-02
   7.8929766e-01   3.6941244e-02
   7.9264214e-01   3.6320314e-02
   7.9598662e-01   3.5698930e-02
   7.9933110e-01   3.5077164e-02
   8.0267559e-01   3.4455087e-02
   8.0602007e-01   3.3832774e-02
   8.0936455e-01   3.3210297e-02
   8.1270903e-01   3.2587730e-02
   8.1605351e-01   3.1965146e-02
   8.1939799e-01   3.1342620e-02
   8.2274247e-01   3.0720226e-02
   8.2608696e-01   3.0098038e-02
   8.2943144e-01   2.9476133e-02
   8.3277592e-01   2.8854585e-02
   8.3612040e-01   2.8233470e-02
   8.3946488e-01   2.7612864e-02
   8.4280936e-01   2.6992845e-02
   8.4615385e-01   2.6373487e-02
   8.4949833e-01   2.5754870e-02
   8.5284281e-01   2.5137069e-02
   8.5618729e-01   2.4520164e-02
   8.5953177e-01   2.3904231e-02
   8.6287625e-01   2.3289350e-02
   8.6622074e-01   2.2675600e-02
   8.6956522e-01   2.2063059e-02
   8.7290970e-01   2.1451806e-02
   8.7625418e-01   2.0841923e-02
   8.7959866e-01   2.0233489e-02
   8.8294314e-01   1.9626584e-02
   8.8628763e-01   1.9021290e-02
   8.8963211e-01   1.8417687e-02
   8.9297659e-01   1.7815857e-02
   8.9632107e-01   1.7215882e-02
   8.9966555e-01   1.6617845e-02
   9.0301003e-01   1.6021828e-02
   9.0635452e-01   1.5427914e-02
   9.0969900e-01   1.4836185e-02
   9.1304348e-01   1.4246727e-02
   9.1638796e-01   1.3659623e-02
   9.1973244e-01   1.3074956e-02
   9.2307692e-01   1.2492813e-02
   9.2642140e-01   1.1913278e-02
   9.2976589e-01   1.1336436e-02
   9.3311037e-01   1.0762373e-02
   9.3645485e-01   1.0191176e-02
   9.3979933e-01   9.6229302e-03
   9.4314381e-01   9.0577232e-03
   9.4648829e-01   8.4956420e-03
   9.4983278e-01   7.9367742e-03
   9.5317726e-01   7.3812077e-03
   9.5652174e-01   6.8290307e-03
   9.5986622e-01   6.2803320e-03
   9.6321070e-01   5.7352004e-03
   9.6655518e-01   5.1937253e-03
   9.6989967e-01   4.6559965e-03
   9.7324415e-01   4.1221040e-03
   9.7658863e-01   3.5921383e-03
   9.7993311e-01   3.0661901e-03
   9.8327759e-01   2.5443506e-03
   9.8662207e-01   2.0267113e-03
   9.8996656e-01   1.5133642e-03
   9.9331104e-01   1.0044015e-03
   9.9665552e-01   4.9991573e-04
   1.0000000e+00   0.0000000e+00
   1.0000000e+00   0.0000000e+00
   9.9665552e-01   1.6647961e-04
   9.9331104e-01   3.2735991e-04
   9.8996656e-01   4.8272924e-04
   9.8662207e-01   6.3267494e-04
   9.8327759e-01   7.7728335e-04
   9.7993311e-01   9.1663985e-04
   9.7658863e-01   1.0508288e-03
   9.7324415e-01   1.1799337e-03
   9.6989967e-01   1.3040369e-03
   9.6655518e-01   1.4232199e-03
   9.6321070e-01   1.5375632e-03
   9.5986622e-01   1.6471464e-03
   9.5652174e-01   1.7520481e-03
   9.5317726e-01   1.8523459e-03
   9.4983278e-01   1.9481166e-03
   9.4648829e-01   2.0394359e-03
   9.4314381e-01   2.1263786e-03
   9.3979933e-01   2.2090186e-03
   9.3645485e-01   2.2874289e-03
   9.3311037e-01   2.3616816e-03
   9.2976589e-01   2.4318478e-03
   9.2642140e-01   2.4979976e-03
   9.2307692e-01   2.5602005e-03
   9.1973244e-01   2.6185247e-03
   9.1638796e-01   2.6730378e-03
   9.1304348e-01   2.7238065e-03
   9.0969900e-01   2.7708963e-03
   9.0635452e-01   2.8143721e-03
   9.0301003e-01   2.8542979e-03
   8.9966555e-01   2.8907367e-03
   8.9632107e-01   2.9237507e-03
   8.9297659e-01   2.9534013e-03
   8.8963211e-01   2.9797489e-03
   8.8628763e-01   3.0028530e-03
   8.8294314e-01   3.0227725e-03
   8.7959866e-01   3.0395652e-03
   8.7625418e-01   3.0532881e-03
   8.7290970e-01   3.0639976e-03
   8.6956522e-01   3.0717489e-03
   8.6622074e-01   3.0765966e-03
   8.6287625e-01   3.0785944e-03
   8.5953177e-01   3.0777952e-03
   8.5618729e-01   3.0742511e-03
   8.5284281e-01   3.0680134e-03
   8.4949833e-01   3.0591325e-03
   8.4615385e-01   3.0476581e-03
   8.4280936e-01   3.0336391e-03
   8.3946488e-01   3.0171236e-03
   8.3612040e-01   2.9981588e-03
   8.3277592e-01   2.9767912e-03
   8.2943144e-01   2.9530667e-03
   8.2608696e-01   2.9270301e-03
   8.2274247e-01   2.8987257e-03
   8.1939799e-01   2.8681969e-03
   8.1605351e-01   2.8354864e-03
   8.1270903e-01   2.8006362e-03
   8.0936455e-01   2.7636874e-03
   8.0602007e-01   2.7246806e-03
   8.0267559e-01   2.6836554e-03
   7.9933110e-01   2.6406508e-03
   7.9598662e-01   2.5957052e-03
   7.9264214e-01   2.5488561e-03
   7.8929766e-01   2.5001403e-03
   7.8595318e-01   2.4495941e-03
   7.8260870e-01   2.3972528e-03
   7.7926421e-01   2.3431511e-03
   7.7591973e-01   2.2873233e-03
   7.7257525e-01   2.2298026e-03
   7.6923077e-01   2.1706218e-03
   7.6588629e-01   2.1098129e-03
   7.6254181e-01   2.0474072e-03
   7.5919732e-01   1.9834356e-03
   7.5585284e-01   1.9179280e-03
   7.5250836e-01   1.8509138e-03
   7.4916388e-01   1.7824219e-03
   7.4581940e-01   1.7124803e-03
   7.4247492e-01   1.6411167e-03
   7.3913043e-01   1.5683578e-03
   7.3578595e-01   1.4942299e-03
   7.3244147e-01   1.4187587e-03
   7.2909699e-01   1.3419692e-03
   7.2575251e-01   1.2638859e-03
   7.2240803e-01   1.1845327e-03
   7.1906355e-01   1.1039328e-03
   7.1571906e-01   1.0221089e-03
   7.1237458e-01   9.3908314e-04
   7.0903010e-01   8.5487710e-04
   7.0568562e-01   7.6951176e-04
   7.0234114e-01   6.8300757e-04
   6.9899666e-01   5.9538442e-04
   6.9565217e-01   5.0666168e-04
   6.9230769e-01   4.1685817e-04
   6.8896321e-01   3.2599221e-04
   6.8561873e-01   2.3408156e-04
   6.8227425e-01   1.4114350e-04
   6.7892977e-01   4.7194797e-05
   6.7558528e-01  -4.7748280e-05
   6.7224080e-01  -1.4366995e-04
   6.6889632e-01  -2.4055493e-04
   6.6555184e-01  -3.3838839e-04
   6.6220736e-01  -4.3715598e-04
   6.5886288e-01  -5.3684382e-04
   6.5551839e-01  -6.3743848e-04
   6.5217391e-01  -7.3892695e-04
   6.4882943e-01  -8.4129671e-04
   6.4548495e-01  -9.4453562e-04
   6.4214047e-01  -1.0486320e-03
   6.3879599e-01  -1.1535746e-03
   6.3545151e-01  -1.2593524e-03
   6.3210702e-01  -1.3659552e-03
   6.2876254e-01  -1.4733726e-03
   6.2541806e-01  -1.5815952e-03
   6.2207358e-01  -1.6906135e-03
   6.1872910e-01  -1.8004186e-03
   6.1538462e-01  -1.9110018e-03
   6.1204013e-01  -2.0223551e-03
   6.0869565e-01  -2.1344704e-03
   6.0535117e-01  -2.2473401e-03
   6.0200669e-01  -2.3609571e-03
   5.9866221e-01  -2.4753144e-03
   5.9531773e-01  -2.5904053e-03
   5.9197324e-01  -2.7062236e-03
   5.8862876e-01  -2.8227632e-03
   5.8528428e-01  -2.9400183e-03
   5.8193980e-01  -3.0579835e-03
   5.7859532e-01  -3.1766535e-03
   5.7525084e-01  -3.2960233e-03
   5.7190635e-01  -3.4160882e-03
   5.6856187e-01  -3.5368437e-03
   5.6521739e-01  -3.6582856e-03
   5.6187291e-01  -3.7804096e-03
   5.5852843e-01  -3.9032119e-03
   5.5518395e-01  -4.0266890e-03
   5.5183946e-01  -4.1508371e-03
   5.4849498e-01  -4.2756531e-03
   5.4515050e-01  -4.4011337e-03
   5.4180602e-01  -4.5272759e-03
   5.3846154e-01  -4.6540768e-03
   5.3511706e-01  -4.7815337e-03
   5.3177258e-01  -4.9096438e-03
   5.2842809e-01  -5.0384046e-03
   5.2508361e-01  -5.1678138e-03
   5.2173913e-01  -5.2978688e-03
   5.1839465e-01  -5.4285673e-03
   5.1505017e-01  -5.5599072e-03
   5.1170569e-01  -5.6918862e-03
   5.0836120e-01  -5.8245020e-03
   5.0501672e-01  -5.9577526e-03
   5.0167224e-01  -6.0916358e-03
   4.9832776e-01  -6.2261494e-03
   4.9498328e-01  -6.3612911e-03
   4.9163880e-01  -6.4970588e-03
   4.8829431e-01  -6.6334503e-03
   4.8494983e-01  -6.7704630e-03
   4.8160535e-01  -6.9080946e-03
   4.7826087e-01  -7.0463427e-03
   4.7491639e-01  -7.1852045e-03
   4.7157191e-01  -7.3246774e-03
   4.6822742e-01  -7.4647584e-03
   4.6488294e-01  -7.6054445e-03
   4.6153846e-01  -7.7467325e-03
   4.5819398e-01  -7.8886190e-03
   4.5484950e-01  -8.0311004e-03
   4.5150502e-01  -8.1741730e-03
   4.4816054e-01  -8.3178326e-03
   4.4481605e-01  -8.4620750e-03
   4.4147157e-01  -8.6068956e-03
   4.3812709e-01  -8.7522895e-03
   4.3478261e-01  -8.8982517e-03
   4.3143813e-01  -9.0447765e-03
   4.2809365e-01  -9.1918581e-03
   4.2474916e-01  -9.3394904e-03
   4.2140468e-01  -9.4876667e-03
   4.1806020e-01  -9.6363801e-03
   4.1471572e-01  -9.7856232e-03
   4.1137124e-01  -9.9353880e-03
   4.0802676e-01  -1.0085666e-02
   4.0468227e-01  -1.0236449e-02
   4.0133779e-01  -1.0387727e-02
   3.9799331e-01  -1.0539490e-02
   3.9464883e-01  -1.0691729e-02
   3.9130435e-01  -1.0844431e-02
   3.8795987e-01  -1.0997585e-02
   3.8461538e-01  -1.1151179e-02
   3.8127090e-01  -1.1305201e-02
   3.7792642e-01  -1.1459635e-02
   3.7458194e-01  -1.1614468e-02
   3.7123746e-01  -1.1769685e-02
   3.6789298e-01  -1.1925270e-02
   3.6454849e-01  -1.2081206e-02
   3.6120401e-01  -1.2237475e-02
   3.5785953e-01  -1.2394059e-02
   3.5451505e-01  -1.2550939e-02
   3.5117057e-01  -1.2708095e-02
   3.4782609e-01  -1.2865504e-02
   3.4448161e-01  -1.3023145e-02
   3.4113712e-01  -1.3180995e-02
   3.3779264e-01  -1.3339029e-02
   3.3444816e-01  -1.3497221e-02
   3.3110368e-01  -1.3655544e-02
   3.2775920e-01  -1.3813972e-02
   3.2441472e-01  -1.3972473e-02
   3.2107023e-01  -1.4131019e-02
   3.1772575e-01  -1.4289577e-02
   3.1438127e-01  -1.4448113e-02
   3.1103679e-01  -1.4606593e-02
   3.0769231e-01  -1.4764981e-02
   3.0434783e-01  -1.4923239e-02
   3.0100334e-01  -1.5081328e-02
   2.9765886e-01  -1.5239206e-02
   2.9431438e-01  -1.5396830e-02
   2.9096990e-01  -1.5554156e-02
   2.8762542e-01  -1.5711138e-02
   2.8428094e-01  -1.5867727e-02
   2.8093645e-01  -1.6023872e-02
   2.7759197e-01  -1.6179521e-02
   2.7424749e-01  -1.6334620e-02
   2.7090301e-01  -1.6489111e-02
   2.6755853e-01  -1.6642936e-02
   2.6421405e-01  -1.6796032e-02
   2.6086957e-01  -1.6948336e-02
   2.5752508e-01  -1.7099780e-02
   2.5418060e-01  -1.7250296e-02
   2.5083612e-01  -1.7399811e-02
   2.4749164e-01  -1.7548250e-02
   2.4414716e-01  -1.7695534e-02
   2.4080268e-01  -1.7841584e-02
   2.3745819e-01  -1.7986312e-02
   2.3411371e-01  -1.8129633e-02
   2.3076923e-01  -1.8271453e-02
   2.2742475e-01  -1.8411679e-02
   2.2408027e-01  -1.8550210e-02
   2.2073579e-01  -1.8686943e-02
   2.1739130e-01  -1.8821771e-02
   2.1404682e-01  -1.8954582e-02
   2.1070234e-01  -1.9085259e-02
   2.0735786e-01  -1.9213681e-02
   2.0401338e-01  -1.9339721e-02
   2.0066890e-01  -1.9463249e-02
   1.9732441e-01  -1.9584126e-02
   1.9397993e-01  -1.9702209e-02
   1.9063545e-01  -1.9817350e-02
   1.8729097e-01  -1.9929392e-02
   1.8394649e-01  -2.0038173e-02
   1.8060201e-01  -2.0143523e-02
   1.7725753e-01  -2.0245266e-02
   1.7391304e-01  -2.0343216e-02
   1.7056856e-01  -2.0437180e-02
   1.6722408e-01  -2.0526955e-02
   1.6387960e-01  -2.0612330e-02
   1.6053512e-01  -2.0693082e-02
   1.5719064e-01  -2.0768981e-02
   1.5384615e-01  -2.0839781e-02
   1.5050167e-01  -2.0905228e-02
   1.4715719e-01  -2.0965053e-02
   1.4381271e-01  -2.1018974e-02
   1.4046823e-01  -2.1066695e-02
   1.3712375e-01  -2.1107902e-02
   1.3377926e-01  -2.1142268e-02
   1.3043478e-01  -2.1169443e-02
   1.2709030e-01  -2.1189063e-02
   1.2374582e-01  -2.1200738e-02
   1.2040134e-01  -2.1204058e-02
   1.1705686e-01  -2.1198587e-02
   1.1371237e-01  -2.1183862e-02
   1.1036789e-01  -2.1159390e-02
   1.0702341e-01  -2.1124648e-02
   1.0367893e-01  -2.1079074e-02
   1.0033445e-01  -2.1022070e-02
   9.6989967e-02  -2.0952993e-02
   9.3645485e-02  -2.0871151e-02
   9.0301003e-02  -2.0775801e-02
   8.6956522e-02  -2.0666139e-02
   8.3612040e-02  -2.0541292e-02
   8.0267559e-02  -2.0400314e-02
   7.6923077e-02  -2.0242169e-02
   7.3578595e-02  -2.0065727e-02
   7.0234114e-02  -1.9869741e-02
   6.6889632e-02  -1.9652832e-02
   6.3545151e-02  -1.9413473e-02
   6.0200669e-02  -1.9149952e-02
   5.6856187e-02  -1.8860346e-02
   5.3511706e-02  -1.8542479e-02
   5.0167224e-02  -1.8193861e-02
   4.6822742e-02  -1.7811629e-02
   4.3478261e-02  -1.7392445e-02
   4.0133779e-02  -1.6932376e-02
   3.6789298e-02  -1.6426725e-02
   3.3444816e-02  -1.5869786e-02
   3.0100334e-02  -1.5254496e-02
   2.6755853e-02  -1.4571904e-02
   2.3411371e-02  -1.3810335e-02
   2.0066890e-02  -1.2954001e-02
   1.6722408e-02  -1.1980520e-02
   1.3377926e-02  -1.0856061e-02
   1.0033445e-02  -9.5245369e-03
   6.6889632e-03  -7.8782278e-03
   3.3444816e-03  -5.6433008e-03
   0.0000000e+00  -0.0000000e+00
