   0.0000000e+00   0.0000000e+00
   3.3444816e-03   1.0069428e-02
   6.6889632e-03   1.4318017e-02
   1.0033445e-02   1.7628096e-02
   1.3377926e-02   2.0458209e-02
   1.6722408e-02   2.2984410e-02
   2.0066890e-02   2.5296157e-02
   2.3411371e-02   2.7446072e-02
   2.6755853e-02   2.9468084e-02
   3.0100334e-02   3.1385502e-02
   3.3444816e-02   3.3215100e-02
   3.6789298e-02   3.4969391e-02
   4.0133779e-02   3.6657975e-02
   4.3478261e-02   3.8288388e-02
   4.6822742e-02   3.9866658e-02
   5.0167224e-02   4.1397687e-02
   5.3511706e-02   4.2885516e-02
   5.6856187e-02   4.4333513e-02
   6.0200669e-02   4.5744519e-02
   6.3545151e-02   4.7120947e-02
   6.6889632e-02   4.8464869e-02
   7.0234114e-02   4.9778074e-02
   7.3578595e-02   5.1062118e-02
   7.6923077e-02   5.2318361e-02
   8.0267559e-02   5.3548001e-02
   8.3612040e-02   5.4752098e-02
   8.6956522e-02   5.5931595e-02
   9.0301003e-02   5.7087332e-02
   9.3645485e-02   5.8220063e-02
   9.6989967e-02   5.9330469e-02
   1.0033445e-01   6.0419164e-02
   1.0367893e-01   6.1486706e-02
   1.0702341e-01   6.2533602e-02
   1.1036789e-01   6.3560319e-02
   1.1371237e-01   6.4567281e-02
   1.1705686e-01   6.5554881e-02
   1.2040134e-01   6.6523483e-02
   1.2374582e-01   6.7473421e-02
   1.2709030e-01   6.8405008e-02
   1.3043478e-01   6.9318536e-02
   1.3377926e-01   7.0214277e-02
   1.3712375e-01   7.1092486e-02
   1.4046823e-01   7.1953405e-02
   1.4381271e-01   7.2797260e-02
   1.4715719e-01   7.3624266e-02
   1.5050167e-01   7.4434628e-02
   1.5384615e-01   7.5228540e-02
   1.5719064e-01   7.6006187e-02
   1.6053512e-01   7.6767747e-02
   1.6387960e-01   7.7513390e-02
   1.6722408e-01   7.8243281e-02
   1.7056856e-01   7.8957577e-02
   1.7391304e-01   7.9656432e-02
   1.7725753e-01   8.0339993e-02
   1.8060201e-01   8.1008403e-02
   1.8394649e-01   8.1661804e-02
   1.8729097e-01   8.2300331e-02
   1.9063545e-01   8.2924117e-02
   1.9397993e-01   8.3533293e-02
   1.9732441e-01   8.4127986e-02
   2.0066890e-01   8.4708321e-02
   2.0401338e-01   8.5274422e-02
   2.0735786e-01   8.5826410e-02
   2.1070234e-01   8.6364404e-02
   2.1404682e-01   8.6888523e-02
   2.1739130e-01   8.7398882e-02
   2.2073579e-01   8.7895598e-02
   2.2408027e-01   8.8378784e-02
   2.2742475e-01   8.8848553e-02
   2.3076923e-01   8.9305018e-02
   2.3411371e-01   8.9748290e-02
   2.3745819e-01   9.0178480e-02
   2.4080268e-01   9.0595697e-02
   2.4414716e-01   9.1000050e-02
   2.4749164e-01   9.1391650e-02
   2.5083612e-01   9.1770603e-02
   2.5418060e-01   9.2137018e-02
   2.5752508e-01   9.2491002e-02
   2.6086957e-01   9.2832662e-02
   2.6421405e-01   9.3162106e-02
   2.6755853e-01   9.3479439e-02
   2.7090301e-01   9.3784769e-02
   2.7424749e-01   9.4078200e-02
   2.7759197e-01   9.4359839e-02
   2.8093645e-01   9.4629791e-02
   2.8428094e-01   9.4888162e-02
   2.8762542e-01   9.5135058e-02
   2.9096990e-01   9.5370582e-02
   2.9431438e-01   9.5594841e-02
   2.9765886e-01   9.5807939e-02
   3.0100334e-01   9.6009980e-02
   3.0434783e-01   9.6201070e-02
   3.0769231e-01   9.6381312e-02
   3.1103679e-01   9.6550810e-02
   3.1438127e-01   9.6709670e-02
   3.1772575e-01   9.6857994e-02
   3.2107023e-01   9.6995887e-02
   3.2441472e-01   9.7123451e-02
   3.2775920e-01   9.7240792e-02
   3.3110368e-01   9.7348011e-02
   3.3444816e-01   9.7445212e-02
   3.3779264e-01   9.7532498e-02
   3.4113712e-01   9.7609971e-02
   3.4448161e-01   9.7677734e-02
   3.4782609e-01   9.7735890e-02
   3.5117057e-01   9.7784540e-02
   3.5451505e-01   9.7823785e-02
   3.5785953e-01   9.7853728e-02
   3.6120401e-01   9.7874470e-02
   3.6454849e-01   9.7886111e-02
   3.6789298e-01   9.7888752e-02
   3.7123746e-01   9.7882494e-02
   3.7458194e-01   9.7867436e-02
   3.7792642e-01   9.7843678e-02
   3.8127090e-01   9.7811319e-02
   3.8461538e-01   9.7770459e-02
   3.8795987e-01   9.7721194e-02
   3.9130435e-01   9.7663625e-02
   3.9464883e-01   9.7597847e-02
   3.9799331e-01   9.7523959e-02
   4.0133779e-01   9.7442056e-02
   4.0468227e-01   9.7352236e-02
   4.0802676e-01   9.7254594e-02
   4.1137124e-01   9.7149224e-02
   4.1471572e-01   9.7036223e-02
   4.1806020e-01   9.6915683e-02
   4.2140468e-01   9.6787698e-02
   4.2474916e-01   9.6652362e-02
   4.2809365e-01   9.6509766e-02
   4.3143813e-01   9.6360002e-02
   4.3478261e-01   9.6203162e-02
   4.3812709e-01   9.6039336e-02
   4.4147157e-01   9.5868613e-02
   4.4481605e-01   9.5691083e-02
   4.4816054e-01   9.5506834e-02
   4.5150502e-01   9.5315954e-02
   4.5484950e-01   9.5118529e-02
   4.5819398e-01   9.4914646e-02
   4.6153846e-01   9.4704390e-02
   4.6488294e-01   9.4487845e-02
   4.6822742e-01   9.4265095e-02
   4.7157191e-01   9.4036224e-02
   4.7491639e-01   9.3801313e-02
   4.7826087e-01   9.3560443e-02
   4.8160535e-01   9.3313695e-02
   4.8494983e-01   9.3061148e-02
   4.8829431e-01   9.2802881e-02
   4.9163880e-01   9.2538970e-02
   4.9498328e-01   9.2269494e-02
   4.9832776e-01   9.1994526e-02
   5.0167224e-01   9.1714143e-02
   5.0501672e-01   9.1428417e-02
   5.0836120e-01   9.1137421e-02
   5.1170569e-01   9.0841227e-02
   5.1505017e-01   9.0539905e-02
   5.1839465e-01   9.0233525e-02
   5.2173913e-01   8.9922155e-02
   5.2508361e-01   8.9605862e-02
   5.2842809e-01   8.9284712e-02
   5.3177258e-01   8.8958771e-02
   5.3511706e-01   8.8628101e-02
   5.3846154e-01   8.8292766e-02
   5.4180602e-01   8.7952828e-02
   5.4515050e-01   8.7608346e-02
   5.4849498e-01   8.7259379e-02
   5.5183946e-01   8.6905986e-02
   5.5518395e-01   8.6548222e-02
   5.5852843e-01   8.6186143e-02
   5.6187291e-01   8.5819803e-02
   5.6521739e-01   8.5449254e-02
   5.6856187e-01   8.5074549e-02
   5.7190635e-01   8.4695736e-02
   5.7525084e-01   8.4312864e-02
   5.7859532e-01   8.3925982e-02
   5.8193980e-01   8.3535134e-02
   5.8528428e-01   8.3140365e-02
   5.8862876e-01   8.2741719e-02
   5.9197324e-01   8.2339236e-02
   5.9531773e-01   8.1932958e-02
   5.9866221e-01   8.1522922e-02
   6.0200669e-01   8.1109166e-02
   6.0535117e-01   8.0691726e-02
   6.0869565e-01   8.0270636e-02
   6.1204013e-01   7.9845929e-02
   6.1538462e-01   7.9417636e-02
   6.1872910e-01   7.8985786e-02
   6.2207358e-01   7.8550408e-02
   6.2541806e-01   7.8111528e-02
   6.2876254e-01   7.7669172e-02
   6.3210702e-01   7.7223361e-02
   6.3545151e-01   7.6774119e-02
   6.3879599e-01   7.6321465e-02
   6.4214047e-01   7.5865416e-02
   6.4548495e-01   7.5405991e-02
   6.4882943e-01   7.4943204e-02
   6.5217391e-01   7.4477069e-02
   6.5551839e-01   7.4007596e-02
   6.5886288e-01   7.3534795e-02
   6.6220736e-01   7.3058676e-02
   6.6555184e-01   7.2579244e-02
   6.6889632e-01   7.2096503e-02
   6.7224080e-01   7.1610457e-02
   6.7558528e-01   7.1121106e-02
   6.7892977e-01   7.0628451e-02
   6.8227425e-01   7.0132487e-02
   6.8561873e-01   6.9633210e-02
   6.8896321e-01   6.9130615e-02
   6.9230769e-01   6.8624692e-02
   6.9565217e-01   6.8115433e-02
   6.9899666e-01   6.7602824e-02
   7.0234114e-01   6.7086852e-02
   7.0568562e-01   6.6567501e-02
   7.0903010e-01   6.6044753e-02
   7.1237458e-01   6.5518589e-02
   7.1571906e-01   6.4988987e-02
   7.1906355e-01   6.4455923e-02
   7.2240803e-01   6.3919371e-02
   7.2575251e-01   6.3379304e-02
   7.2909699e-01   6.2835692e-02
   7.3244147e-01   6.2288504e-02
   7.3578595e-01   6.1737705e-02
   7.3913043e-01   6.1183260e-02
   7.4247492e-01   6.0625132e-02
   7.4581940e-01   6.0063279e-02
   7.4916388e-01   5.9497660e-02
   7.5250836e-01   5.8928230e-02
   7.5585284e-01   5.8354945e-02
   7.5919732e-01   5.7777754e-02
   7.6254181e-01   5.7196607e-02
   7.6588629e-01   5.6611453e-02
   7.6923077e-01   5.6022235e-02
   7.7257525e-01   5.5428897e-02
   7.7591973e-01   5.4831379e-02
   7.7926421e-01   5.4229620e-02
   7.8260870e-01   5.3623557e-02
   7.8595318e-01   5.3013122e-02
   7.8929766e-01   5.2398249e-02
   7.9264214e-01   5.1778867e-02
   7.9598662e-01   5.1154902e-02
   7.9933110e-01   5.0526280e-02
   8.0267559e-01   4.9892924e-02
   8.0602007e-01   4.9254753e-02
   8.0936455e-01   4.8611687e-02
   8.1270903e-01   4.7963640e-02
   8.1605351e-01   4.7310527e-02
   8.1939799e-01   4.6652257e-02
   8.2274247e-01   4.5988741e-02
   8.2608696e-01   4.5319884e-02
   8.2943144e-01   4.4645589e-02
   8.3277592e-01   4.3965759e-02
   8.3612040e-01   4.3280293e-02
   8.3946488e-01   4.2589087e-02
   8.4280936e-01   4.1892036e-02
   8.4615385e-01   4.1189031e-02
   8.4949833e-01   4.0479961e-02
   8.5284281e-01   3.9764714e-02
   8.5618729e-01   3.9043174e-02
   8.5953177e-01   3.8315222e-02
   8.6287625e-01   3.7580738e-02
   8.6622074e-01   3.6839599e-02
   8.6956522e-01   3.6091679e-02
   8.7290970e-01   3.5336850e-02
   8.7625418e-01   3.4574981e-02
   8.7959866e-01   3.3805939e-02
   8.8294314e-01   3.3029588e-02
   8.8628763e-01   3.2245788e-02
   8.8963211e-01   3.1454401e-02
   8.9297659e-01   3.0655280e-02
   8.9632107e-01   2.9848281e-02
   8.9966555e-01   2.9033253e-02
   9.0301003e-01   2.8210047e-02
   9.0635452e-01   2.7378506e-02
   9.0969900e-01   2.6538475e-02
   9.1304348e-01   2.5689794e-02
   9.1638796e-01   2.4832301e-02
   9.1973244e-01   2.3965829e-02
   9.2307692e-01   2.3090213e-02
   9.2642140e-01   2.2205281e-02
   9.2976589e-01   2.1310861e-02
   9.3311037e-01   2.0406776e-02
   9.3645485e-01   1.9492848e-02
   9.3979933e-01   1.8568895e-02
   9.4314381e-01   1.7634733e-02
   9.4648829e-01   1.6690176e-02
   9.4983278e-01   1.5735034e-02
   9.5317726e-01   1.4769114e-02
   9.5652174e-01   1.3792221e-02
   9.5986622e-01   1.2804157e-02
   9.6321070e-01   1.1804720e-02
   9.6655518e-01   1.0793707e-02
   9.6989967e-01   9.7709116e-03
   9.7324415e-01   8.7361238e-03
   9.7658863e-01   7.6891312e-03
   9.7993311e-01   6.6297187e-03
   9.8327759e-01   5.5576679e-03
   9.8662207e-01   4.4727578e-03
   9.8996656e-01   3.3747644e-03
   9.9331104e-01   2.2634607e-03
   9.9665552e-01   1.1386168e-03
   1.0000000e+00   0.0000000e+00
   1.0000000e+00   0.0000000e+00
   9.9665552e-01  -4.4981728e-04
   9.9331104e-01  -8.8558697e-04
   9.8996656e-01  -1.3076021e-03
   9.8662207e-01  -1.7161529e-03
   9.8327759e-01  -2.1115268e-03
   9.7993311e-01  -2.4940087e-03
   9.7658863e-01  -2.8638803e-03
   9.7324415e-01  -3.2214210e-03
   9.6989967e-01  -3.5669072e-03
   9.6655518e-01  -3.9006127e-03
   9.6321070e-01  -4.2228084e-03
   9.5986622e-01  -4.5337627e-03
   9.5652174e-01  -4.8337412e-03
   9.5317726e-01  -5.1230066e-03
   9.4983278e-01  -5.4018193e-03
   9.4648829e-01  -5.6704366e-03
   9.4314381e-01  -5.9291133e-03
   9.3979933e-01  -6.1781016e-03
   9.3645485e-01  -6.4176509e-03
   9.3311037e-01  -6.6480080e-03
   9.2976589e-01  -6.8694169e-03
   9.2642140e-01  -7.0821191e-03
   9.2307692e-01  -7.2863535e-03
   9.1973244e-01  -7.4823561e-03
   9.1638796e-01  -7.6703606e-03
   9.1304348e-01  -7.8505978e-03
   9.0969900e-01  -8.0232960e-03
   9.0635452e-01  -8.1886809e-03
   9.0301003e-01  -8.3469756e-03
   8.9966555e-01  -8.4984005e-03
   8.9632107e-01  -8.6431735e-03
   8.9297659e-01  -8.7815099e-03
   8.8963211e-01  -8.9136224e-03
   8.8628763e-01  -9.0397212e-03
   8.8294314e-01  -9.1600138e-03
   8.7959866e-01  -9.2747052e-03
   8.7625418e-01  -9.3839980e-03
   8.7290970e-01  -9.4880920e-03
   8.6956522e-01  -9.5871847e-03
   8.6622074e-01  -9.6814708e-03
   8.6287625e-01  -9.7711428e-03
   8.5953177e-01  -9.8563905e-03
   8.5618729e-01  -9.9374010e-03
   8.5284281e-01  -1.0014359e-02
   8.4949833e-01  -1.0087448e-02
   8.4615385e-01  -1.0156846e-02
   8.4280936e-01  -1.0222732e-02
   8.3946488e-01  -1.0285279e-02
   8.3612040e-01  -1.0344662e-02
   8.3277592e-01  -1.0401048e-02
   8.2943144e-01  -1.0454607e-02
   8.2608696e-01  -1.0505503e-02
   8.2274247e-01  -1.0553898e-02
   8.1939799e-01  -1.0599953e-02
   8.1605351e-01  -1.0643826e-02
   8.1270903e-01  -1.0685671e-02
   8.0936455e-01  -1.0725643e-02
   8.0602007e-01  -1.0763890e-02
   8.0267559e-01  -1.0800562e-02
   7.9933110e-01  -1.0835804e-02
   7.9598662e-01  -1.0869760e-02
   7.9264214e-01  -1.0902571e-02
   7.8929766e-01  -1.0934374e-02
   7.8595318e-01  -1.0965307e-02
   7.8260870e-01  -1.0995503e-02
   7.7926421e-01  -1.1025094e-02
   7.7591973e-01  -1.1054209e-02
   7.7257525e-01  -1.1082975e-02
   7.6923077e-01  -1.1111517e-02
   7.6588629e-01  -1.1139956e-02
   7.6254181e-01  -1.1168413e-02
   7.5919732e-01  -1.1197005e-02
   7.5585284e-01  -1.1225848e-02
   7.5250836e-01  -1.1255055e-02
   7.4916388e-01  -1.1284736e-02
   7.4581940e-01  -1.1315000e-02
   7.4247492e-01  -1.1345954e-02
   7.3913043e-01  -1.1377700e-02
   7.3578595e-01  -1.1410342e-02
   7.3244147e-01  -1.1443978e-02
   7.2909699e-01  -1.1478706e-02
   7.2575251e-01  -1.1514620e-02
   7.2240803e-01  -1.1551814e-02
   7.1906355e-01  -1.1590377e-02
   7.1571906e-01  -1.1630400e-02
   7.1237458e-01  -1.1671966e-02
   7.0903010e-01  -1.1715162e-02
   7.0568562e-01  -1.1760067e-02
   7.0234114e-01  -1.1806763e-02
   6.9899666e-01  -1.1855326e-02
   6.9565217e-01  -1.1905832e-02
   6.9230769e-01  -1.1958353e-02
   6.8896321e-01  -1.2012962e-02
   6.8561873e-01  -1.2069726e-02
   6.8227425e-01  -1.2128712e-02
   6.7892977e-01  -1.2189985e-02
   6.7558528e-01  -1.2253608e-02
   6.7224080e-01  -1.2319640e-02
   6.6889632e-01  -1.2388140e-02
   6.6555184e-01  -1.2459164e-02
   6.6220736e-01  -1.2532766e-02
   6.5886288e-01  -1.2608999e-02
   6.5551839e-01  -1.2687911e-02
   6.5217391e-01  -1.2769551e-02
   6.4882943e-01  -1.2853965e-02
   6.4548495e-01  -1.2941195e-02
   6.4214047e-01  -1.3031285e-02
   6.3879599e-01  -1.3124274e-02
   6.3545151e-01  -1.3220198e-02
   6.3210702e-01  -1.3319094e-02
   6.2876254e-01  -1.3420996e-02
   6.2541806e-01  -1.3525934e-02
   6.2207358e-01  -1.3633938e-02
   6.1872910e-01  -1.3745037e-02
   6.1538462e-01  -1.3859255e-02
   6.1204013e-01  -1.3976615e-02
   6.0869565e-01  -1.4097141e-02
   6.0535117e-01  -1.4220850e-02
   6.0200669e-01  -1.4347762e-02
   5.9866221e-01  -1.4477891e-02
   5.9531773e-01  -1.4611251e-02
   5.9197324e-01  -1.4747855e-02
   5.8862876e-01  -1.4887711e-02
   5.8528428e-01  -1.5030829e-02
   5.8193980e-01  -1.5177214e-02
   5.7859532e-01  -1.5326869e-02
   5.7525084e-01  -1.5479799e-02
   5.7190635e-01  -1.5636002e-02
   5.6856187e-01  -1.5795478e-02
   5.6521739e-01  -1.5958222e-02
   5.6187291e-01  -1.6124230e-02
   5.5852843e-01  -1.6293494e-02
   5.5518395e-01  -1.6466005e-02
   5.5183946e-01  -1.6641753e-02
   5.4849498e-01  -1.6820724e-02
   5.4515050e-01  -1.7002904e-02
   5.4180602e-01  -1.7188277e-02
   5.3846154e-01  -1.7376824e-02
   5.3511706e-01  -1.7568526e-02
   5.3177258e-01  -1.7763359e-02
   5.2842809e-01  -1.7961301e-02
   5.2508361e-01  -1.8162326e-02
   5.2173913e-01  -1.8366407e-02
   5.1839465e-01  -1.8573514e-02
   5.1505017e-01  -1.8783616e-02
   5.1170569e-01  -1.8996682e-02
   5.0836120e-01  -1.9212676e-02
   5.0501672e-01  -1.9431561e-02
   5.0167224e-01  -1.9653301e-02
   4.9832776e-01  -1.9877855e-02
   4.9498328e-01  -2.0105182e-02
   4.9163880e-01  -2.0335238e-02
   4.8829431e-01  -2.0567979e-02
   4.8494983e-01  -2.0803356e-02
   4.8160535e-01  -2.1041323e-02
   4.7826087e-01  -2.1281829e-02
   4.7491639e-01  -2.1524821e-02
   4.7157191e-01  -2.1770246e-02
   4.6822742e-01  -2.2018049e-02
   4.6488294e-01  -2.2268172e-02
   4.6153846e-01  -2.2520557e-02
   4.5819398e-01  -2.2775142e-02
   4.5484950e-01  -2.3031866e-02
   4.5150502e-01  -2.3290665e-02
   4.4816054e-01  -2.3551472e-02
   4.4481605e-01  -2.3814221e-02
   4.4147157e-01  -2.4078842e-02
   4.3812709e-01  -2.4345265e-02
   4.3478261e-01  -2.4613417e-02
   4.3143813e-01  -2.4883224e-02
   4.2809365e-01  -2.5154611e-02
   4.2474916e-01  -2.5427498e-02
   4.2140468e-01  -2.5701808e-02
   4.1806020e-01  -2.5977460e-02
   4.1471572e-01  -2.6254370e-02
   4.1137124e-01  -2.6532455e-02
   4.0802676e-01  -2.6811628e-02
   4.0468227e-01  -2.7091802e-02
   4.0133779e-01  -2.7372888e-02
   3.9799331e-01  -2.7654794e-02
   3.9464883e-01  -2.7937427e-02
   3.9130435e-01  -2.8220694e-02
   3.8795987e-01  -2.8504498e-02
   3.8461538e-01  -2.8788742e-02
   3.8127090e-01  -2.9073325e-02
   3.7792642e-01  -2.9358146e-02
   3.7458194e-01  -2.9643103e-02
   3.7123746e-01  -2.9928090e-02
   3.6789298e-01  -3.0213002e-02
   3.6454849e-01  -3.0497729e-02
   3.6120401e-01  -3.0782163e-02
   3.5785953e-01  -3.1066191e-02
   3.5451505e-01  -3.1349700e-02
   3.5117057e-01  -3.1632574e-02
   3.4782609e-01  -3.1914696e-02
   3.4448161e-01  -3.2195949e-02
   3.4113712e-01  -3.2476209e-02
   3.3779264e-01  -3.2755357e-02
   3.3444816e-01  -3.3033266e-02
   3.3110368e-01  -3.3309811e-02
   3.2775920e-01  -3.3584863e-02
   3.2441472e-01  -3.3858292e-02
   3.2107023e-01  -3.4129967e-02
   3.1772575e-01  -3.4399753e-02
   3.1438127e-01  -3.4667514e-02
   3.1103679e-01  -3.4933113e-02
   3.0769231e-01  -3.5196409e-02
   3.0434783e-01  -3.5457260e-02
   3.0100334e-01  -3.5715522e-02
   2.9765886e-01  -3.5971049e-02
   2.9431438e-01  -3.6223691e-02
   2.9096990e-01  -3.6473299e-02
   2.8762542e-01  -3.6719719e-02
   2.8428094e-01  -3.6962796e-02
   2.8093645e-01  -3.7202372e-02
   2.7759197e-01  -3.7438287e-02
   2.7424749e-01  -3.7670378e-02
   2.7090301e-01  -3.7898481e-02
   2.6755853e-01  -3.8122427e-02
   2.6421405e-01  -3.8342045e-02
   2.6086957e-01  -3.8557164e-02
   2.5752508e-01  -3.8767607e-02
   2.5418060e-01  -3.8973194e-02
   2.5083612e-01  -3.9173745e-02
   2.4749164e-01  -3.9369073e-02
   2.4414716e-01  -3.9558992e-02
   2.4080268e-01  -3.9743309e-02
   2.3745819e-01  -3.9921830e-02
   2.3411371e-01  -4.0094356e-02
   2.3076923e-01  -4.0260685e-02
   2.2742475e-01  -4.0420611e-02
   2.2408027e-01  -4.0573925e-02
   2.2073579e-01  -4.0720412e-02
   2.1739130e-01  -4.0859853e-02
   2.1404682e-01  -4.0992027e-02
   2.1070234e-01  -4.1116705e-02
   2.0735786e-01  -4.1233655e-02
   2.0401338e-01  -4.1342639e-02
   2.0066890e-01  -4.1443414e-02
   1.9732441e-01  -4.1535732e-02
   1.9397993e-01  -4.1619337e-02
   1.9063545e-01  -4.1693968e-02
   1.8729097e-01  -4.1759358e-02
   1.8394649e-01  -4.1815232e-02
   1.8060201e-01  -4.1861306e-02
   1.7725753e-01  -4.1897292e-02
   1.7391304e-01  -4.1922890e-02
   1.7056856e-01  -4.1937793e-02
   1.6722408e-01  -4.1941683e-02
   1.6387960e-01  -4.1934234e-02
   1.6053512e-01  -4.1915107e-02
   1.5719064e-01  -4.1883954e-02
   1.5384615e-01  -4.1840411e-02
   1.5050167e-01  -4.1784104e-02
   1.4715719e-01  -4.1714644e-02
   1.4381271e-01  -4.1631624e-02
   1.4046823e-01  -4.1534625e-02
   1.3712375e-01  -4.1423205e-02
   1.3377926e-01  -4.1296907e-02
   1.3043478e-01  -4.1155251e-02
   1.2709030e-01  -4.0997732e-02
   1.2374582e-01  -4.0823824e-02
   1.2040134e-01  -4.0632971e-02
   1.1705686e-01  -4.0424587e-02
   1.1371237e-01  -4.0198053e-02
   1.1036789e-01  -3.9952716e-02
   1.0702341e-01  -3.9687880e-02
   1.0367893e-01  -3.9402806e-02
   1.0033445e-01  -3.9096704e-02
   9.6989967e-02  -3.8768731e-02
   9.3645485e-02  -3.8417981e-02
   9.0301003e-02  -3.8043479e-02
   8.6956522e-02  -3.7644170e-02
   8.3612040e-02  -3.7218912e-02
   8.0267559e-02  -3.6766462e-02
   7.6923077e-02  -3.6285458e-02
   7.3578595e-02  -3.5774407e-02
   7.0234114e-02  -3.5231661e-02
   6.6889632e-02  -3.4655391e-02
   6.3545151e-02  -3.4043554e-02
   6.0200669e-02  -3.3393859e-02
   5.6856187e-02  -3.2703712e-02
   5.3511706e-02  -3.1970158e-02
   5.0167224e-02  -3.1189801e-02
   4.6822742e-02  -3.0358698e-02
   4.3478261e-02  -2.9472225e-02
   4.0133779e-02  -2.8524888e-02
   3.6789298e-02  -2.7510071e-02
   3.3444816e-02  -2.6419668e-02
   3.0100334e-02  -2.5243557e-02
   2.6755853e-02  -2.3968791e-02
   2.3411371e-02  -2.2578336e-02
   2.0066890e-02  -2.1048938e-02
   1.6722408e-02  -1.9347333e-02
   1.3377926e-02  -1.7422781e-02
   1.0033445e-02  -1.5190404e-02
   6.6889632e-03  -1.2485752e-02
   3.3444816e-03  -8.8871094e-03
   0.0000000e+00  -0.0000000e+00
