   0.0000000e+00   0.0000000e+00
   3.3444816e-03   1.0084322e-02
   6.6889632e-03   1.4328487e-02
   1.0033445e-02   1.7629206e-02
   1.3377926e-02   2.0447389e-02
   1.6722408e-02   2.2960345e-02
   2.0066890e-02   2.5258361e-02
   2.3411371e-02   2.7394669e-02
   2.6755853e-02   2.9403675e-02
   3.0100334e-02   3.1309079e-02
   3.3444816e-02   3.3127982e-02
   3.6789298e-02   3.4873174e-02
   4.0133779e-02   3.6554493e-02
   4.3478261e-02   3.8179685e-02
   4.6822742e-02   3.9754959e-02
   5.0167224e-02   4.1285380e-02
   5.3511706e-02   4.2775128e-02
   5.6856187e-02   4.4227697e-02
   6.0200669e-02   4.5646036e-02
   6.3545151e-02   4.7032659e-02
   6.6889632e-02   4.8389720e-02
   7.0234114e-02   4.9719084e-02
   7.3578595e-02   5.1022370e-02
   7.6923077e-02   5.2300996e-02
   8.0267559e-02   5.3556207e-02
   8.3612040e-02   5.4789102e-02
   8.6956522e-02   5.6000656e-02
   9.0301003e-02   5.7191737e-02
   9.3645485e-02   5.8363119e-02
   9.6989967e-02   5.9515494e-02
   1.0033445e-01   6.0649488e-02
   1.0367893e-01   6.1765660e-02
   1.0702341e-01   6.2864517e-02
   1.1036789e-01   6.3946519e-02
   1.1371237e-01   6.5012081e-02
   1.1705686e-01   6.6061581e-02
   1.2040134e-01   6.7095363e-02
   1.2374582e-01   6.8113742e-02
   1.2709030e-01   6.9117004e-02
   1.3043478e-01   7.0105411e-02
   1.3377926e-01   7.1079205e-02
   1.3712375e-01   7.2038605e-02
   1.4046823e-01   7.2983815e-02
   1.4381271e-01   7.3915021e-02
   1.4715719e-01   7.4832394e-02
   1.5050167e-01   7.5736094e-02
   1.5384615e-01   7.6626266e-02
   1.5719064e-01   7.7503046e-02
   1.6053512e-01   7.8366558e-02
   1.6387960e-01   7.9216919e-02
   1.6722408e-01   8.0054236e-02
   1.7056856e-01   8.0878608e-02
   1.7391304e-01   8.1690129e-02
   1.7725753e-01   8.2488884e-02
   1.8060201e-01   8.3274955e-02
   1.8394649e-01   8.4048414e-02
   1.8729097e-01   8.4809334e-02
   1.9063545e-01   8.5557778e-02
   1.9397993e-01   8.6293809e-02
   1.9732441e-01   8.7017482e-02
   2.0066890e-01   8.7728853e-02
   2.0401338e-01   8.8427971e-02
   2.0735786e-01   8.9114885e-02
   2.1070234e-01   8.9789638e-02
   2.1404682e-01   9.0452274e-02
   2.1739130e-01   9.1102833e-02
   2.2073579e-01   9.1741351e-02
   2.2408027e-01   9.2367867e-02
   2.2742475e-01   9.2982413e-02
   2.3076923e-01   9.3585023e-02
   2.3411371e-01   9.4175727e-02
   2.3745819e-01   9.4754557e-02
   2.4080268e-01   9.5321541e-02
   2.4414716e-01   9.5876706e-02
   2.4749164e-01   9.6420080e-02
   2.5083612e-01   9.6951688e-02
   2.5418060e-01   9.7471556e-02
   2.5752508e-01   9.7979707e-02
   2.6086957e-01   9.8476167e-02
   2.6421405e-01   9.8960958e-02
   2.6755853e-01   9.9434104e-02
   2.7090301e-01   9.9895626e-02
   2.7424749e-01   1.0034555e-01
   2.7759197e-01   1.0078389e-01
   2.8093645e-01   1.0121068e-01
   2.8428094e-01   1.0162593e-01
   2.8762542e-01   1.0202966e-01
   2.9096990e-01   1.0242190e-01
   2.9431438e-01   1.0280268e-01
   2.9765886e-01   1.0317200e-01
   3.0100334e-01   1.0352989e-01
   3.0434783e-01   1.0387638e-01
   3.0769231e-01   1.0421148e-01
   3.1103679e-01   1.0453522e-01
   3.1438127e-01   1.0484761e-01
   3.1772575e-01   1.0514869e-01
   3.2107023e-01   1.0543847e-01
   3.2441472e-01   1.0571697e-01
   3.2775920e-01   1.0598422e-01
   3.3110368e-01   1.0624025e-01
   3.3444816e-01   1.0648507e-01
   3.3779264e-01   1.0671871e-01
   3.4113712e-01   1.0694119e-01
   3.4448161e-01   1.0715254e-01
   3.4782609e-01   1.0735278e-01
   3.5117057e-01   1.0754194e-01
   3.5451505e-01   1.0772005e-01
   3.5785953e-01   1.0788713e-01
   3.6120401e-01   1.0804320e-01
   3.6454849e-01   1.0818829e-01
   3.6789298e-01   1.0832244e-01
   3.7123746e-01   1.0844567e-01
   3.7458194e-01   1.0855800e-01
   3.7792642e-01   1.0865947e-01
   3.8127090e-01   1.0875011e-01
   3.8461538e-01   1.0882994e-01
   3.8795987e-01   1.0889901e-01
   3.9130435e-01   1.0895732e-01
   3.9464883e-01   1.0900493e-01
   3.9799331e-01   1.0904186e-01
   4.0133779e-01   1.0906815e-01
   4.0468227e-01   1.0908382e-01
   4.0802676e-01   1.0908891e-01
   4.1137124e-01   1.0908346e-01
   4.1471572e-01   1.0906749e-01
   4.1806020e-01   1.0904106e-01
   4.2140468e-01   1.0900418e-01
   4.2474916e-01   1.0895690e-01
   4.2809365e-01   1.0889926e-01
   4.3143813e-01   1.0883129e-01
   4.3478261e-01   1.0875303e-01
   4.3812709e-01   1.0866452e-01
   4.4147157e-01   1.0856580e-01
   4.4481605e-01   1.0845691e-01
   4.4816054e-01   1.0833788e-01
   4.5150502e-01   1.0820877e-01
   4.5484950e-01   1.0806962e-01
   4.5819398e-01   1.0792045e-01
   4.6153846e-01   1.0776133e-01
   4.6488294e-01   1.0759229e-01
   4.6822742e-01   1.0741337e-01
   4.7157191e-01   1.0722462e-01
   4.7491639e-01   1.0702609e-01
   4.7826087e-01   1.0681783e-01
   4.8160535e-01   1.0659987e-01
   4.8494983e-01   1.0637226e-01
   4.8829431e-01   1.0613506e-01
   4.9163880e-01   1.0588832e-01
   4.9498328e-01   1.0563207e-01
   4.9832776e-01   1.0536638e-01
   5.0167224e-01   1.0509128e-01
   5.0501672e-01   1.0480684e-01
   5.0836120e-01   1.0451310e-01
   5.1170569e-01   1.0421012e-01
   5.1505017e-01   1.0389794e-01
   5.1839465e-01   1.0357663e-01
   5.2173913e-01   1.0324623e-01
   5.2508361e-01   1.0290680e-01
   5.2842809e-01   1.0255840e-01
   5.3177258e-01   1.0220107e-01
   5.3511706e-01   1.0183489e-01
   5.3846154e-01   1.0145989e-01
   5.4180602e-01   1.0107615e-01
   5.4515050e-01   1.0068372e-01
   5.4849498e-01   1.0028266e-01
   5.5183946e-01   9.9873023e-02
   5.5518395e-01   9.9454876e-02
   5.5852843e-01   9.9028277e-02
   5.6187291e-01   9.8593287e-02
   5.6521739e-01   9.8149968e-02
   5.6856187e-01   9.7698383e-02
   5.7190635e-01   9.7238594e-02
   5.7525084e-01   9.6770666e-02
   5.7859532e-01   9.6294662e-02
   5.8193980e-01   9.5810648e-02
   5.8528428e-01   9.5318687e-02
   5.8862876e-01   9.4818848e-02
   5.9197324e-01   9.4311196e-02
   5.9531773e-01   9.3795797e-02
   5.9866221e-01   9.3272722e-02
   6.0200669e-01   9.2742036e-02
   6.0535117e-01   9.2203810e-02
   6.0869565e-01   9.1658114e-02
   6.1204013e-01   9.1105016e-02
   6.1538462e-01   9.0544589e-02
   6.1872910e-01   8.9976902e-02
   6.2207358e-01   8.9402030e-02
   6.2541806e-01   8.8820043e-02
   6.2876254e-01   8.8231015e-02
   6.3210702e-01   8.7635019e-02
   6.3545151e-01   8.7032131e-02
   6.3879599e-01   8.6422425e-02
   6.4214047e-01   8.5805976e-02
   6.4548495e-01   8.5182860e-02
   6.4882943e-01   8.4553155e-02
   6.5217391e-01   8.3916937e-02
   6.5551839e-01   8.3274283e-02
   6.5886288e-01   8.2625274e-02
   6.6220736e-01   8.1969987e-02
   6.6555184e-01   8.1308502e-02
   6.6889632e-01   8.0640899e-02
   6.7224080e-01   7.9967259e-02
   6.7558528e-01   7.9287663e-02
   6.7892977e-01   7.8602193e-02
   6.8227425e-01   7.7910932e-02
   6.8561873e-01   7.7213962e-02
   6.8896321e-01   7.6511368e-02
   6.9230769e-01   7.5803232e-02
   6.9565217e-01   7.5089641e-02
   6.9899666e-01   7.4370679e-02
   7.0234114e-01   7.3646432e-02
   7.0568562e-01   7.2916986e-02
   7.0903010e-01   7.2182429e-02
   7.1237458e-01   7.1442849e-02
   7.1571906e-01   7.0698332e-02
   7.1906355e-01   6.9948969e-02
   7.2240803e-01   6.9194848e-02
   7.2575251e-01   6.8436059e-02
   7.2909699e-01   6.7672692e-02
   7.3244147e-01   6.6904839e-02
   7.3578595e-01   6.6132591e-02
   7.3913043e-01   6.5356040e-02
   7.4247492e-01   6.4575279e-02
   7.4581940e-01   6.3790401e-02
   7.4916388e-01   6.3001499e-02
   7.5250836e-01   6.2208668e-02
   7.5585284e-01   6.1412003e-02
   7.5919732e-01   6.0611599e-02
   7.6254181e-01   5.9807553e-02
   7.6588629e-01   5.8999960e-02
   7.6923077e-01   5.8188918e-02
   7.7257525e-01   5.7374524e-02
   7.7591973e-01   5.6556877e-02
   7.7926421e-01   5.5736075e-02
   7.8260870e-01   5.4912218e-02
   7.8595318e-01   5.4085404e-02
   7.8929766e-01   5.3255736e-02
   7.9264214e-01   5.2423313e-02
   7.9598662e-01   5.1588238e-02
   7.9933110e-01   5.0750611e-02
   8.0267559e-01   4.9910536e-02
   8.0602007e-01   4.9068116e-02
   8.0936455e-01   4.8223454e-02
   8.1270903e-01   4.7376655e-02
   8.1605351e-01   4.6527822e-02
   8.1939799e-01   4.5677063e-02
   8.2274247e-01   4.4824481e-02
   8.2608696e-01   4.3970184e-02
   8.2943144e-01   4.3114278e-02
   8.3277592e-01   4.2256871e-02
   8.3612040e-01   4.1398070e-02
   8.3946488e-01   4.0537985e-02
   8.4280936e-01   3.9676723e-02
   8.4615385e-01   3.8814396e-02
   8.4949833e-01   3.7951112e-02
   8.5284281e-01   3.7086982e-02
   8.5618729e-01   3.6222117e-02
   8.5953177e-01   3.5356630e-02
   8.6287625e-01   3.4490632e-02
   8.6622074e-01   3.3624235e-02
   8.6956522e-01   3.2757554e-02
   8.7290970e-01   3.1890701e-02
   8.7625418e-01   3.1023792e-02
   8.7959866e-01   3.0156940e-02
   8.8294314e-01   2.9290262e-02
   8.8628763e-01   2.8423873e-02
   8.8963211e-01   2.7557889e-02
   8.9297659e-01   2.6692428e-02
   8.9632107e-01   2.5827606e-02
   8.9966555e-01   2.4963542e-02
   9.0301003e-01   2.4100355e-02
   9.0635452e-01   2.3238162e-02
   9.0969900e-01   2.2377084e-02
   9.1304348e-01   2.1517240e-02
   9.1638796e-01   2.0658752e-02
   9.1973244e-01   1.9801740e-02
   9.2307692e-01   1.8946326e-02
   9.2642140e-01   1.8092631e-02
   9.2976589e-01   1.7240779e-02
   9.3311037e-01   1.6390892e-02
   9.3645485e-01   1.5543094e-02
   9.3979933e-01   1.4697510e-02
   9.4314381e-01   1.3854263e-02
   9.4648829e-01   1.3013480e-02
   9.4983278e-01   1.2175285e-02
   9.5317726e-01   1.1339805e-02
   9.5652174e-01   1.0507166e-02
   9.5986622e-01   9.6774963e-03
   9.6321070e-01   8.8509228e-03
   9.6655518e-01   8.0275738e-03
   9.6989967e-01   7.2075781e-03
   9.7324415e-01   6.3910649e-03
   9.7658863e-01   5.5781639e-03
   9.7993311e-01   4.7690053e-03
   9.8327759e-01   3.9637198e-03
   9.8662207e-01   3.1624387e-03
   9.8996656e-01   2.3652937e-03
   9.9331104e-01   1.5724170e-03
   9.9665552e-01   7.8394135e-04
   1.0000000e+00   0.0000000e+00
   1.0000000e+00   0.0000000e+00
   9.9665552e-01   3.7666710e-04
   9.9331104e-01   7.2608311e-04
   9.8996656e-01   1.0487987e-03
   9.8662207e-01   1.3453593e-03
   9.8327759e-01   1.6163051e-03
   9.7993311e-01   1.8621707e-03
   9.7658863e-01   2.0834857e-03
   9.7324415e-01   2.2807745e-03
   9.6989967e-01   2.4545561e-03
   9.6655518e-01   2.6053443e-03
   9.6321070e-01   2.7336478e-03
   9.5986622e-01   2.8399701e-03
   9.5652174e-01   2.9248093e-03
   9.5317726e-01   2.9886587e-03
   9.4983278e-01   3.0320062e-03
   9.4648829e-01   3.0553348e-03
   9.4314381e-01   3.0591221e-03
   9.3979933e-01   3.0438409e-03
   9.3645485e-01   3.0099587e-03
   9.3311037e-01   2.9579382e-03
   9.2976589e-01   2.8882369e-03
   9.2642140e-01   2.8013072e-03
   9.2307692e-01   2.6975966e-03
   9.1973244e-01   2.5775477e-03
   9.1638796e-01   2.4415979e-03
   9.1304348e-01   2.2901799e-03
   9.0969900e-01   2.1237213e-03
   9.0635452e-01   1.9426448e-03
   9.0301003e-01   1.7473683e-03
   8.9966555e-01   1.5383046e-03
   8.9632107e-01   1.3158619e-03
   8.9297659e-01   1.0804433e-03
   8.8963211e-01   8.3244724e-04
   8.8628763e-01   5.7226727e-04
   8.8294314e-01   3.0029216e-04
   8.7959866e-01   1.6905871e-05
   8.7625418e-01  -2.7751237e-04
   8.7290970e-01  -5.8258809e-04
   8.6956522e-01  -8.9795156e-04
   8.6622074e-01  -1.2232378e-03
   8.6287625e-01  -1.5580863e-03
   8.5953177e-01  -1.9021416e-03
   8.5618729e-01  -2.2550527e-03
   8.5284281e-01  -2.6164731e-03
   8.4949833e-01  -2.9860611e-03
   8.4615385e-01  -3.3634796e-03
   8.4280936e-01  -3.7483961e-03
   8.3946488e-01  -4.1404826e-03
   8.3612040e-01  -4.5394156e-03
   8.3277592e-01  -4.9448762e-03
   8.2943144e-01  -5.3565501e-03
   8.2608696e-01  -5.7741274e-03
   8.2274247e-01  -6.1973026e-03
   8.1939799e-01  -6.6257748e-03
   8.1605351e-01  -7.0592474e-03
   8.1270903e-01  -7.4974285e-03
   8.0936455e-01  -7.9400301e-03
   8.0602007e-01  -8.3867691e-03
   8.0267559e-01  -8.8373665e-03
   7.9933110e-01  -9.2915477e-03
   7.9598662e-01  -9.7490423e-03
   7.9264214e-01  -1.0209584e-02
   7.8929766e-01  -1.0672912e-02
   7.8595318e-01  -1.1138768e-02
   7.8260870e-01  -1.1606900e-02
   7.7926421e-01  -1.2077057e-02
   7.7591973e-01  -1.2548996e-02
   7.7257525e-01  -1.3022476e-02
   7.6923077e-01  -1.3497261e-02
   7.6588629e-01  -1.3973117e-02
   7.6254181e-01  -1.4449818e-02
   7.5919732e-01  -1.4927138e-02
   7.5585284e-01  -1.5404859e-02
   7.5250836e-01  -1.5882764e-02
   7.4916388e-01  -1.6360642e-02
   7.4581940e-01  -1.6838284e-02
   7.4247492e-01  -1.7315487e-02
   7.3913043e-01  -1.7792052e-02
   7.3578595e-01  -1.8267781e-02
   7.3244147e-01  -1.8742484e-02
   7.2909699e-01  -1.9215972e-02
   7.2575251e-01  -1.9688062e-02
   7.2240803e-01  -2.0158572e-02
   7.1906355e-01  -2.0627328e-02
   7.1571906e-01  -2.1094155e-02
   7.1237458e-01  -2.1558887e-02
   7.0903010e-01  -2.2021357e-02
   7.0568562e-01  -2.2481404e-02
   7.0234114e-01  -2.2938872e-02
   6.9899666e-01  -2.3393607e-02
   6.9565217e-01  -2.3845458e-02
   6.9230769e-01  -2.4294280e-02
   6.8896321e-01  -2.4739930e-02
   6.8561873e-01  -2.5182268e-02
   6.8227425e-01  -2.5621160e-02
   6.7892977e-01  -2.6056474e-02
   6.7558528e-01  -2.6488082e-02
   6.7224080e-01  -2.6915859e-02
   6.6889632e-01  -2.7339684e-02
   6.6555184e-01  -2.7759439e-02
   6.6220736e-01  -2.8175011e-02
   6.5886288e-01  -2.8586289e-02
   6.5551839e-01  -2.8993164e-02
   6.5217391e-01  -2.9395535e-02
   6.4882943e-01  -2.9793300e-02
   6.4548495e-01  -3.0186362e-02
   6.4214047e-01  -3.0574627e-02
   6.3879599e-01  -3.0958006e-02
   6.3545151e-01  -3.1336410e-02
   6.3210702e-01  -3.1709756e-02
   6.2876254e-01  -3.2077964e-02
   6.2541806e-01  -3.2440956e-02
   6.2207358e-01  -3.2798658e-02
   6.1872910e-01  -3.3150998e-02
   6.1538462e-01  -3.3497909e-02
   6.1204013e-01  -3.3839326e-02
   6.0869565e-01  -3.4175187e-02
   6.0535117e-01  -3.4505434e-02
   6.0200669e-01  -3.4830011e-02
   5.9866221e-01  -3.5148865e-02
   5.9531773e-01  -3.5461947e-02
   5.9197324e-01  -3.5769209e-02
   5.8862876e-01  -3.6070609e-02
   5.8528428e-01  -3.6366105e-02
   5.8193980e-01  -3.6655659e-02
   5.7859532e-01  -3.6939236e-02
   5.7525084e-01  -3.7216805e-02
   5.7190635e-01  -3.7488334e-02
   5.6856187e-01  -3.7753798e-02
   5.6521739e-01  -3.8013172e-02
   5.6187291e-01  -3.8266435e-02
   5.5852843e-01  -3.8513569e-02
   5.5518395e-01  -3.8754556e-02
   5.5183946e-01  -3.8989385e-02
   5.4849498e-01  -3.9218044e-02
   5.4515050e-01  -3.9440524e-02
   5.4180602e-01  -3.9656821e-02
   5.3846154e-01  -3.9866930e-02
   5.3511706e-01  -4.0070851e-02
   5.3177258e-01  -4.0268586e-02
   5.2842809e-01  -4.0460138e-02
   5.2508361e-01  -4.0645515e-02
   5.2173913e-01  -4.0824724e-02
   5.1839465e-01  -4.0997777e-02
   5.1505017e-01  -4.1164688e-02
   5.1170569e-01  -4.1325471e-02
   5.0836120e-01  -4.1480145e-02
   5.0501672e-01  -4.1628729e-02
   5.0167224e-01  -4.1771246e-02
   4.9832776e-01  -4.1907720e-02
   4.9498328e-01  -4.2038178e-02
   4.9163880e-01  -4.2162646e-02
   4.8829431e-01  -4.2281157e-02
   4.8494983e-01  -4.2393741e-02
   4.8160535e-01  -4.2500434e-02
   4.7826087e-01  -4.2601272e-02
   4.7491639e-01  -4.2696291e-02
   4.7157191e-01  -4.2785533e-02
   4.6822742e-01  -4.2869039e-02
   4.6488294e-01  -4.2946853e-02
   4.6153846e-01  -4.3019018e-02
   4.5819398e-01  -4.3085582e-02
   4.5484950e-01  -4.3146594e-02
   4.5150502e-01  -4.3202102e-02
   4.4816054e-01  -4.3252159e-02
   4.4481605e-01  -4.3296818e-02
   4.4147157e-01  -4.3336133e-02
   4.3812709e-01  -4.3370160e-02
   4.3478261e-01  -4.3398955e-02
   4.3143813e-01  -4.3422579e-02
   4.2809365e-01  -4.3441090e-02
   4.2474916e-01  -4.3454549e-02
   4.2140468e-01  -4.3463020e-02
   4.1806020e-01  -4.3466564e-02
   4.1471572e-01  -4.3465248e-02
   4.1137124e-01  -4.3459136e-02
   4.0802676e-01  -4.3448296e-02
   4.0468227e-01  -4.3432794e-02
   4.0133779e-01  -4.3412700e-02
   3.9799331e-01  -4.3388082e-02
   3.9464883e-01  -4.3359011e-02
   3.9130435e-01  -4.3325558e-02
   3.8795987e-01  -4.3287794e-02
   3.8461538e-01  -4.3245792e-02
   3.8127090e-01  -4.3199624e-02
   3.7792642e-01  -4.3149365e-02
   3.7458194e-01  -4.3095087e-02
   3.7123746e-01  -4.3036866e-02
   3.6789298e-01  -4.2974775e-02
   3.6454849e-01  -4.2908890e-02
   3.6120401e-01  -4.2839287e-02
   3.5785953e-01  -4.2766040e-02
   3.5451505e-01  -4.2689225e-02
   3.5117057e-01  -4.2608917e-02
   3.4782609e-01  -4.2525192e-02
   3.4448161e-01  -4.2438126e-02
   3.4113712e-01  -4.2347793e-02
   3.3779264e-01  -4.2254270e-02
   3.3444816e-01  -4.2157629e-02
   3.3110368e-01  -4.2057946e-02
   3.2775920e-01  -4.1955295e-02
   3.2441472e-01  -4.1849749e-02
   3.2107023e-01  -4.1741380e-02
   3.1772575e-01  -4.1630261e-02
   3.1438127e-01  -4.1516462e-02
   3.1103679e-01  -4.1400055e-02
   3.0769231e-01  -4.1281107e-02
   3.0434783e-01  -4.1159688e-02
   3.0100334e-01  -4.1035864e-02
   2.9765886e-01  -4.0909702e-02
   2.9431438e-01  -4.0781265e-02
   2.9096990e-01  -4.0650616e-02
   2.8762542e-01  -4.0517818e-02
   2.8428094e-01  -4.0382928e-02
   2.8093645e-01  -4.0246006e-02
   2.7759197e-01  -4.0107106e-02
   2.7424749e-01  -3.9966284e-02
   2.7090301e-01  -3.9823590e-02
   2.6755853e-01  -3.9679073e-02
   2.6421405e-01  -3.9532780e-02
   2.6086957e-01  -3.9384756e-02
   2.5752508e-01  -3.9235042e-02
   2.5418060e-01  -3.9083676e-02
   2.5083612e-01  -3.8930694e-02
   2.4749164e-01  -3.8776127e-02
   2.4414716e-01  -3.8620005e-02
   2.4080268e-01  -3.8462353e-02
   2.3745819e-01  -3.8303191e-02
   2.3411371e-01  -3.8142536e-02
   2.3076923e-01  -3.7980403e-02
   2.2742475e-01  -3.7816799e-02
   2.2408027e-01  -3.7651729e-02
   2.2073579e-01  -3.7485191e-02
   2.1739130e-01  -3.7317179e-02
   2.1404682e-01  -3.7147681e-02
   2.1070234e-01  -3.6976680e-02
   2.0735786e-01  -3.6804152e-02
   2.0401338e-01  -3.6630069e-02
   2.0066890e-01  -3.6454392e-02
   1.9732441e-01  -3.6277079e-02
   1.9397993e-01  -3.6098079e-02
   1.9063545e-01  -3.5917333e-02
   1.8729097e-01  -3.5734774e-02
   1.8394649e-01  -3.5550325e-02
   1.8060201e-01  -3.5363903e-02
   1.7725753e-01  -3.5175413e-02
   1.7391304e-01  -3.4984749e-02
   1.7056856e-01  -3.4791797e-02
   1.6722408e-01  -3.4596428e-02
   1.6387960e-01  -3.4398504e-02
   1.6053512e-01  -3.4197871e-02
   1.5719064e-01  -3.3994365e-02
   1.5384615e-01  -3.3787803e-02
   1.5050167e-01  -3.3577991e-02
   1.4715719e-01  -3.3364715e-02
   1.4381271e-01  -3.3147745e-02
   1.4046823e-01  -3.2926831e-02
   1.3712375e-01  -3.2701704e-02
   1.3377926e-01  -3.2472072e-02
   1.3043478e-01  -3.2237621e-02
   1.2709030e-01  -3.1998010e-02
   1.2374582e-01  -3.1752874e-02
   1.2040134e-01  -3.1501815e-02
   1.1705686e-01  -3.1244405e-02
   1.1371237e-01  -3.0980181e-02
   1.1036789e-01  -3.0708645e-02
   1.0702341e-01  -3.0429253e-02
   1.0367893e-01  -3.0141421e-02
   1.0033445e-01  -2.9844511e-02
   9.6989967e-02  -2.9537833e-02
   9.3645485e-02  -2.9220637e-02
   9.0301003e-02  -2.8892104e-02
   8.6956522e-02  -2.8551341e-02
   8.3612040e-02  -2.8197371e-02
   8.0267559e-02  -2.7829121e-02
   7.6923077e-02  -2.7445411e-02
   7.3578595e-02  -2.7044940e-02
   7.0234114e-02  -2.6626265e-02
   6.6889632e-02  -2.6187781e-02
   6.3545151e-02  -2.5727693e-02
   6.0200669e-02  -2.5243988e-02
   5.6856187e-02  -2.4734388e-02
   5.3511706e-02  -2.4196302e-02
   5.0167224e-02  -2.3626761e-02
   4.6822742e-02  -2.3022331e-02
   4.3478261e-02  -2.2379002e-02
   4.0133779e-02  -2.1692035e-02
   3.6789298e-02  -2.0955757e-02
   3.3444816e-02  -2.0163263e-02
   3.0100334e-02  -1.9305990e-02
   2.6755853e-02  -1.8373072e-02
   2.3411371e-02  -1.7350314e-02
   2.0066890e-02  -1.6218503e-02
   1.6722408e-02  -1.4950366e-02
   1.3377926e-02  -1.3504639e-02
   1.0033445e-02  -1.1812826e-02
   6.6889632e-03  -9.7432072e-03
   3.3444816e-03  -6.9603933e-03
   0.0000000e+00  -0.0000000e+00
