   0.0000000e+00   0.0000000e+00
   3.3444816e-03   8.1896101e-03
   6.6889632e-03   1.1573351e-02
   1.0033445e-02   1.4163323e-02
   1.3377926e-02   1.6340848e-02
   1.6722408e-02   1.8253641e-02
   2.0066890e-02   1.9977449e-02
   2.3411371e-02   2.1557253e-02
   2.6755853e-02   2.3022350e-02
   3.0100334e-02   2.4393077e-02
   3.3444816e-02   2.5684228e-02
   3.6789298e-02   2.6906965e-02
   4.0133779e-02   2.8069950e-02
   4.3478261e-02   2.9180066e-02
   4.6822742e-02   3.0242885e-02
   5.0167224e-02   3.1262996e-02
   5.3511706e-02   3.2244230e-02
   5.6856187e-02   3.3189823e-02
   6.0200669e-02   3.4102537e-02
   6.3545151e-02   3.4984754e-02
   6.6889632e-02   3.5838541e-02
   7.0234114e-02   3.6665712e-02
   7.3578595e-02   3.7467861e-02
   7.6923077e-02   3.8246403e-02
   8.0267559e-02   3.9002599e-02
   8.3612040e-02   3.9737581e-02
   8.6956522e-02   4.0452365e-02
   9.0301003e-02   4.1147870e-02
   9.3645485e-02   4.1824931e-02
   9.6989967e-02   4.2484309e-02
   1.0033445e-01   4.3126698e-02
   1.0367893e-01   4.3752735e-02
   1.0702341e-01   4.4363007e-02
   1.1036789e-01   4.4958055e-02
   1.1371237e-01   4.5538378e-02
   1.1705686e-01   4.6104440e-02
   1.2040134e-01   4.6656673e-02
   1.2374582e-01   4.7195477e-02
   1.2709030e-01   4.7721228e-02
   1.3043478e-01   4.8234277e-02
   1.3377926e-01   4.8734952e-02
   1.3712375e-01   4.9223563e-02
   1.4046823e-01   4.9700399e-02
   1.4381271e-01   5.0165736e-02
   1.4715719e-01   5.0619831e-02
   1.5050167e-01   5.1062930e-02
   1.5384615e-01   5.1495264e-02
   1.5719064e-01   5.1917053e-02
   1.6053512e-01   5.2328506e-02
   1.6387960e-01   5.2729823e-02
   1.6722408e-01   5.3121192e-02
   1.7056856e-01   5.3502793e-02
   1.7391304e-01   5.3874801e-02
   1.7725753e-01   5.4237379e-02
   1.8060201e-01   5.4590685e-02
   1.8394649e-01   5.4934872e-02
   1.8729097e-01   5.5270085e-02
   1.9063545e-01   5.5596463e-02
   1.9397993e-01   5.5914140e-02
   1.9732441e-01   5.6223247e-02
   2.0066890e-01   5.6523907e-02
   2.0401338e-01   5.6816242e-02
   2.0735786e-01   5.7100367e-02
   2.1070234e-01   5.7376394e-02
   2.1404682e-01   5.7644432e-02
   2.1739130e-01   5.7904587e-02
   2.2073579e-01   5.8156960e-02
   2.2408027e-01   5.8401651e-02
   2.2742475e-01   5.8638754e-02
   2.3076923e-01   5.8868364e-02
   2.3411371e-01   5.9090570e-02
   2.3745819e-01   5.9305462e-02
   2.4080268e-01   5.9513125e-02
   2.4414716e-01   5.9713643e-02
   2.4749164e-01   5.9907096e-02
   2.5083612e-01   6.0093565e-02
   2.5418060e-01   6.0273128e-02
   2.5752508e-01   6.0445860e-02
   2.6086957e-01   6.0611835e-02
   2.6421405e-01   6.0771125e-02
   2.6755853e-01   6.0923803e-02
   2.7090301e-01   6.1069937e-02
   2.7424749e-01   6.1209594e-02
   2.7759197e-01   6.1342843e-02
   2.8093645e-01   6.1469748e-02
   2.8428094e-01   6.1590373e-02
   2.8762542e-01   6.1704781e-02
   2.9096990e-01   6.1813034e-02
   2.9431438e-01   6.1915193e-02
   2.9765886e-01   6.2011317e-02
   3.0100334e-01   6.2101464e-02
   3.0434783e-01   6.2185693e-02
   3.0769231e-01   6.2264061e-02
   3.1103679e-01   6.2336622e-02
   3.1438127e-01   6.2403432e-02
   3.1772575e-01   6.2464545e-02
   3.2107023e-01   6.2520014e-02
   3.2441472e-01   6.2569892e-02
   3.2775920e-01   6.2614230e-02
   3.3110368e-01   6.2653080e-02
   3.3444816e-01   6.2686492e-02
   3.3779264e-01   6.2714515e-02
   3.4113712e-01   6.2737198e-02
   3.4448161e-01   6.2754590e-02
   3.4782609e-01   6.2766739e-02
   3.5117057e-01   6.2773691e-02
   3.5451505e-01   6.2775493e-02
   3.5785953e-01   6.2772191e-02
   3.6120401e-01   6.2763830e-02
   3.6454849e-01   6.2750456e-02
   3.6789298e-01   6.2732112e-02
   3.7123746e-01   6.2708842e-02
   3.7458194e-01   6.2680690e-02
   3.7792642e-01   6.2647698e-02
   3.8127090e-01   6.2609909e-02
   3.8461538e-01   6.2567364e-02
   3.8795987e-01   6.2520105e-02
   3.9130435e-01   6.2468173e-02
   3.9464883e-01   6.2411608e-02
   3.9799331e-01   6.2350451e-02
   4.0133779e-01   6.2284740e-02
   4.0468227e-01   6.2214516e-02
   4.0802676e-01   6.2139817e-02
   4.1137124e-01   6.2060681e-02
   4.1471572e-01   6.1977146e-02
   4.1806020e-01   6.1889250e-02
   4.2140468e-01   6.1797031e-02
   4.2474916e-01   6.1700524e-02
   4.2809365e-01   6.1599767e-02
   4.3143813e-01   6.1494795e-02
   4.3478261e-01   6.1385645e-02
   4.3812709e-01   6.1272350e-02
   4.4147157e-01   6.1154948e-02
   4.4481605e-01   6.1033471e-02
   4.4816054e-01   6.0907955e-02
   4.5150502e-01   6.0778433e-02
   4.5484950e-01   6.0644939e-02
   4.5819398e-01   6.0507506e-02
   4.6153846e-01   6.0366167e-02
   4.6488294e-01   6.0220954e-02
   4.6822742e-01   6.0071900e-02
   4.7157191e-01   5.9919036e-02
   4.7491639e-01   5.9762394e-02
   4.7826087e-01   5.9602006e-02
   4.8160535e-01   5.9437901e-02
   4.8494983e-01   5.9270111e-02
   4.8829431e-01   5.9098666e-02
   4.9163880e-01   5.8923595e-02
   4.9498328e-01   5.8744929e-02
   4.9832776e-01   5.8562696e-02
   5.0167224e-01   5.8376925e-02
   5.0501672e-01   5.8187645e-02
   5.0836120e-01   5.7994884e-02
   5.1170569e-01   5.7798670e-02
   5.1505017e-01   5.7599030e-02
   5.1839465e-01   5.7395992e-02
   5.2173913e-01   5.7189583e-02
   5.2508361e-01   5.6979830e-02
   5.2842809e-01   5.6766758e-02
   5.3177258e-01   5.6550394e-02
   5.3511706e-01   5.6330763e-02
   5.3846154e-01   5.6107891e-02
   5.4180602e-01   5.5881802e-02
   5.4515050e-01   5.5652522e-02
   5.4849498e-01   5.5420074e-02
   5.5183946e-01   5.5184483e-02
   5.5518395e-01   5.4945772e-02
   5.5852843e-01   5.4703966e-02
   5.6187291e-01   5.4459086e-02
   5.6521739e-01   5.4211155e-02
   5.6856187e-01   5.3960197e-02
   5.7190635e-01   5.3706232e-02
   5.7525084e-01   5.3449284e-02
   5.7859532e-01   5.3189372e-02
   5.8193980e-01   5.2926519e-02
   5.8528428e-01   5.2660745e-02
   5.8862876e-01   5.2392070e-02
   5.9197324e-01   5.2120515e-02
   5.9531773e-01   5.1846098e-02
   5.9866221e-01   5.1568841e-02
   6.0200669e-01   5.1288761e-02
   6.0535117e-01   5.1005877e-02
   6.0869565e-01   5.0720209e-02
   6.1204013e-01   5.0431773e-02
   6.1538462e-01   5.0140587e-02
   6.1872910e-01   4.9846670e-02
   6.2207358e-01   4.9550037e-02
   6.2541806e-01   4.9250706e-02
   6.2876254e-01   4.8948692e-02
   6.3210702e-01   4.8644013e-02
   6.3545151e-01   4.8336682e-02
   6.3879599e-01   4.8026717e-02
   6.4214047e-01   4.7714131e-02
   6.4548495e-01   4.7398939e-02
   6.4882943e-01   4.7081156e-02
   6.5217391e-01   4.6760794e-02
   6.5551839e-01   4.6437869e-02
   6.5886288e-01   4.6112392e-02
   6.6220736e-01   4.5784376e-02
   6.6555184e-01   4.5453834e-02
   6.6889632e-01   4.5120779e-02
   6.7224080e-01   4.4785220e-02
   6.7558528e-01   4.4447171e-02
   6.7892977e-01   4.4106641e-02
   6.8227425e-01   4.3763642e-02
   6.8561873e-01   4.3418183e-02
   6.8896321e-01   4.3070274e-02
   6.9230769e-01   4.2719925e-02
   6.9565217e-01   4.2367145e-02
   6.9899666e-01   4.2011942e-02
   7.0234114e-01   4.1654324e-02
   7.0568562e-01   4.1294300e-02
   7.0903010e-01   4.0931877e-02
   7.1237458e-01   4.0567062e-02
   7.1571906e-01   4.0199861e-02
   7.1906355e-01   3.9830282e-02
   7.2240803e-01   3.9458330e-02
   7.2575251e-01   3.9084010e-02
   7.2909699e-01   3.8707328e-02
   7.3244147e-01   3.8328289e-02
   7.3578595e-01   3.7946897e-02
   7.3913043e-01   3.7563155e-02
   7.4247492e-01   3.7177067e-02
   7.4581940e-01   3.6788637e-02
   7.4916388e-01   3.6397867e-02
   7.5250836e-01   3.6004760e-02
   7.5585284e-01   3.5609317e-02
   7.5919732e-01   3.5211540e-02
   7.6254181e-01   3.4811430e-02
   7.6588629e-01   3.4408987e-02
   7.6923077e-01   3.4004212e-02
   7.7257525e-01   3.3597106e-02
   7.7591973e-01   3.3187666e-02
   7.7926421e-01   3.2775892e-02
   7.8260870e-01   3.2361783e-02
   7.8595318e-01   3.1945337e-02
   7.8929766e-01   3.1526551e-02
   7.9264214e-01   3.1105423e-02
   7.9598662e-01   3.0681950e-02
   7.9933110e-01   3.0256128e-02
   8.0267559e-01   2.9827952e-02
   8.0602007e-01   2.9397420e-02
   8.0936455e-01   2.8964524e-02
   8.1270903e-01   2.8529262e-02
   8.1605351e-01   2.8091625e-02
   8.1939799e-01   2.7651609e-02
   8.2274247e-01   2.7209207e-02
   8.2608696e-01   2.6764411e-02
   8.2943144e-01   2.6317213e-02
   8.3277592e-01   2.5867607e-02
   8.3612040e-01   2.5415583e-02
   8.3946488e-01   2.4961132e-02
   8.4280936e-01   2.4504246e-02
   8.4615385e-01   2.4044913e-02
   8.4949833e-01   2.3583125e-02
   8.5284281e-01   2.3118869e-02
   8.5618729e-01   2.2652135e-02
   8.5953177e-01   2.2182912e-02
   8.6287625e-01   2.1711186e-02
   8.6622074e-01   2.1236945e-02
   8.6956522e-01   2.0760177e-02
   8.7290970e-01   2.0280867e-02
   8.7625418e-01   1.9799002e-02
   8.7959866e-01   1.9314566e-02
   8.8294314e-01   1.8827545e-02
   8.8628763e-01   1.8337924e-02
   8.8963211e-01   1.7845686e-02
   8.9297659e-01   1.7350815e-02
   8.9632107e-01   1.6853294e-02
   8.9966555e-01   1.6353105e-02
   9.0301003e-01   1.5850231e-02
   9.0635452e-01   1.5344653e-02
   9.0969900e-01   1.4836352e-02
   9.1304348e-01   1.4325309e-02
   9.1638796e-01   1.3811504e-02
   9.1973244e-01   1.3294916e-02
   9.2307692e-01   1.2775524e-02
   9.2642140e-01   1.2253308e-02
   9.2976589e-01   1.1728244e-02
   9.3311037e-01   1.1200312e-02
   9.3645485e-01   1.0669487e-02
   9.3979933e-01   1.0135746e-02
   9.4314381e-01   9.5990660e-03
   9.4648829e-01   9.0594216e-03
   9.4983278e-01   8.5167880e-03
   9.5317726e-01   7.9711399e-03
   9.5652174e-01   7.4224510e-03
   9.5986622e-01   6.8706950e-03
   9.6321070e-01   6.3158446e-03
   9.6655518e-01   5.7578724e-03
   9.6989967e-01   5.1967502e-03
   9.7324415e-01   4.6324494e-03
   9.7658863e-01   4.0649408e-03
   9.7993311e-01   3.4941947e-03
   9.8327759e-01   2.9201809e-03
   9.8662207e-01   2.3428685e-03
   9.8996656e-01   1.7622264e-03
   9.9331104e-01   1.1782226e-03
   9.9665552e-01   5.9082477e-04
   1.0000000e+00   0.0000000e+00
   1.0000000e+00   0.0000000e+00
   9.9665552e-01   5.4444370e-04
   9.9331104e-01   1.0873991e-03
   9.8996656e-01   1.6288643e-03
   9.8662207e-01   2.1688364e-03
   9.8327759e-01   2.7073115e-03
   9.7993311e-01   3.2442848e-03
   9.7658863e-01   3.7797505e-03
   9.7324415e-01   4.3137019e-03
   9.6989967e-01   4.8461315e-03
   9.6655518e-01   5.3770306e-03
   9.6321070e-01   5.9063898e-03
   9.5986622e-01   6.4341988e-03
   9.5652174e-01   6.9604463e-03
   9.5317726e-01   7.4851202e-03
   9.4983278e-01   8.0082074e-03
   9.4648829e-01   8.5296940e-03
   9.4314381e-01   9.0495653e-03
   9.3979933e-01   9.5678056e-03
   9.3645485e-01   1.0084398e-02
   9.3311037e-01   1.0599327e-02
   9.2976589e-01   1.1112572e-02
   9.2642140e-01   1.1624115e-02
   9.2307692e-01   1.2133936e-02
   9.1973244e-01   1.2642015e-02
   9.1638796e-01   1.3148331e-02
   9.1304348e-01   1.3652860e-02
   9.0969900e-01   1.4155580e-02
   9.0635452e-01   1.4656467e-02
   9.0301003e-01   1.5155497e-02
   8.9966555e-01   1.5652644e-02
   8.9632107e-01   1.6147881e-02
   8.9297659e-01   1.6641183e-02
   8.8963211e-01   1.7132522e-02
   8.8628763e-01   1.7621869e-02
   8.8294314e-01   1.8109195e-02
   8.7959866e-01   1.8594471e-02
   8.7625418e-01   1.9077665e-02
   8.7290970e-01   1.9558747e-02
   8.6956522e-01   2.0037685e-02
   8.6622074e-01   2.0514446e-02
   8.6287625e-01   2.0988997e-02
   8.5953177e-01   2.1461305e-02
   8.5618729e-01   2.1931334e-02
   8.5284281e-01   2.2399049e-02
   8.4949833e-01   2.2864415e-02
   8.4615385e-01   2.3327394e-02
   8.4280936e-01   2.3787951e-02
   8.3946488e-01   2.4246046e-02
   8.3612040e-01   2.4701643e-02
   8.3277592e-01   2.5154701e-02
   8.2943144e-01   2.5605181e-02
   8.2608696e-01   2.6053044e-02
   8.2274247e-01   2.6498248e-02
   8.1939799e-01   2.6940753e-02
   8.1605351e-01   2.7380516e-02
   8.1270903e-01   2.7817496e-02
   8.0936455e-01   2.8251649e-02
   8.0602007e-01   2.8682931e-02
   8.0267559e-01   2.9111300e-02
   7.9933110e-01   2.9536711e-02
   7.9598662e-01   2.9959118e-02
   7.9264214e-01   3.0378477e-02
   7.8929766e-01   3.0794742e-02
   7.8595318e-01   3.1207865e-02
   7.8260870e-01   3.1617802e-02
   7.7926421e-01   3.2024503e-02
   7.7591973e-01   3.2427922e-02
   7.7257525e-01   3.2828011e-02
   7.6923077e-01   3.3224721e-02
   7.6588629e-01   3.3618003e-02
   7.6254181e-01   3.4007808e-02
   7.5919732e-01   3.4394087e-02
   7.5585284e-01   3.4776788e-02
   7.5250836e-01   3.5155863e-02
   7.4916388e-01   3.5531259e-02
   7.4581940e-01   3.5902927e-02
   7.4247492e-01   3.6270814e-02
   7.3913043e-01   3.6634869e-02
   7.3578595e-01   3.6995039e-02
   7.3244147e-01   3.7351273e-02
   7.2909699e-01   3.7703518e-02
   7.2575251e-01   3.8051720e-02
   7.2240803e-01   3.8395827e-02
   7.1906355e-01   3.8735786e-02
   7.1571906e-01   3.9071542e-02
   7.1237458e-01   3.9403042e-02
   7.0903010e-01   3.9730231e-02
   7.0568562e-01   4.0053055e-02
   7.0234114e-01   4.0371460e-02
   6.9899666e-01   4.0685392e-02
   6.9565217e-01   4.0994794e-02
   6.9230769e-01   4.1299612e-02
   6.8896321e-01   4.1599792e-02
   6.8561873e-01   4.1895277e-02
   6.8227425e-01   4.2186012e-02
   6.7892977e-01   4.2471942e-02
   6.7558528e-01   4.2753011e-02
   6.7224080e-01   4.3029163e-02
   6.6889632e-01   4.3300343e-02
   6.6555184e-01   4.3566495e-02
   6.6220736e-01   4.3827562e-02
   6.5886288e-01   4.4083490e-02
   6.5551839e-01   4.4334221e-02
   6.5217391e-01   4.4579701e-02
   6.4882943e-01   4.4819873e-02
   6.4548495e-01   4.5054681e-02
   6.4214047e-01   4.5284069e-02
   6.3879599e-01   4.5507983e-02
   6.3545151e-01   4.5726365e-02
   6.3210702e-01   4.5939160e-02
   6.2876254e-01   4.6146314e-02
   6.2541806e-01   4.6347769e-02
   6.2207358e-01   4.6543472e-02
   6.1872910e-01   4.6733366e-02
   6.1538462e-01   4.6917397e-02
   6.1204013e-01   4.7095510e-02
   6.0869565e-01   4.7267651e-02
   6.0535117e-01   4.7433764e-02
   6.0200669e-01   4.7593796e-02
   5.9866221e-01   4.7747692e-02
   5.9531773e-01   4.7895400e-02
   5.9197324e-01   4.8036865e-02
   5.8862876e-01   4.8172034e-02
   5.8528428e-01   4.8300854e-02
   5.8193980e-01   4.8423273e-02
   5.7859532e-01   4.8539239e-02
   5.7525084e-01   4.8648699e-02
   5.7190635e-01   4.8751603e-02
   5.6856187e-01   4.8847898e-02
   5.6521739e-01   4.8937535e-02
   5.6187291e-01   4.9020463e-02
   5.5852843e-01   4.9096632e-02
   5.5518395e-01   4.9165993e-02
   5.5183946e-01   4.9228497e-02
   5.4849498e-01   4.9284095e-02
   5.4515050e-01   4.9332740e-02
   5.4180602e-01   4.9374384e-02
   5.3846154e-01   4.9408980e-02
   5.3511706e-01   4.9436483e-02
   5.3177258e-01   4.9456846e-02
   5.2842809e-01   4.9470026e-02
   5.2508361e-01   4.9475976e-02
   5.2173913e-01   4.9474655e-02
   5.1839465e-01   4.9466018e-02
   5.1505017e-01   4.9450023e-02
   5.1170569e-01   4.9426630e-02
   5.0836120e-01   4.9395796e-02
   5.0501672e-01   4.9357483e-02
   5.0167224e-01   4.9311651e-02
   4.9832776e-01   4.9258261e-02
   4.9498328e-01   4.9197276e-02
   4.9163880e-01   4.9128660e-02
   4.8829431e-01   4.9052377e-02
   4.8494983e-01   4.8968391e-02
   4.8160535e-01   4.8876669e-02
   4.7826087e-01   4.8777178e-02
   4.7491639e-01   4.8669886e-02
   4.7157191e-01   4.8554763e-02
   4.6822742e-01   4.8431778e-02
   4.6488294e-01   4.8300903e-02
   4.6153846e-01   4.8162110e-02
   4.5819398e-01   4.8015373e-02
   4.5484950e-01   4.7860666e-02
   4.5150502e-01   4.7697966e-02
   4.4816054e-01   4.7527249e-02
   4.4481605e-01   4.7348494e-02
   4.4147157e-01   4.7161681e-02
   4.3812709e-01   4.6966790e-02
   4.3478261e-01   4.6763805e-02
   4.3143813e-01   4.6552709e-02
   4.2809365e-01   4.6333487e-02
   4.2474916e-01   4.6106126e-02
   4.2140468e-01   4.5870615e-02
   4.1806020e-01   4.5626942e-02
   4.1471572e-01   4.5375100e-02
   4.1137124e-01   4.5115082e-02
   4.0802676e-01   4.4846881e-02
   4.0468227e-01   4.4570495e-02
   4.0133779e-01   4.4285922e-02
   3.9799331e-01   4.3993161e-02
   3.9464883e-01   4.3692214e-02
   3.9130435e-01   4.3383085e-02
   3.8795987e-01   4.3065778e-02
   3.8461538e-01   4.2740303e-02
   3.8127090e-01   4.2406668e-02
   3.7792642e-01   4.2064884e-02
   3.7458194e-01   4.1714965e-02
   3.7123746e-01   4.1356928e-02
   3.6789298e-01   4.0990789e-02
   3.6454849e-01   4.0616570e-02
   3.6120401e-01   4.0234292e-02
   3.5785953e-01   3.9843981e-02
   3.5451505e-01   3.9445664e-02
   3.5117057e-01   3.9039371e-02
   3.4782609e-01   3.8625135e-02
   3.4448161e-01   3.8202990e-02
   3.4113712e-01   3.7772974e-02
   3.3779264e-01   3.7335128e-02
   3.3444816e-01   3.6889494e-02
   3.3110368e-01   3.6436120e-02
   3.2775920e-01   3.5975054e-02
   3.2441472e-01   3.5506348e-02
   3.2107023e-01   3.5030058e-02
   3.1772575e-01   3.4546242e-02
   3.1438127e-01   3.4054962e-02
   3.1103679e-01   3.3556282e-02
   3.0769231e-01   3.3050272e-02
   3.0434783e-01   3.2537004e-02
   3.0100334e-01   3.2016553e-02
   2.9765886e-01   3.1488999e-02
   2.9431438e-01   3.0954425e-02
   2.9096990e-01   3.0412919e-02
   2.8762542e-01   2.9864571e-02
   2.8428094e-01   2.9309477e-02
   2.8093645e-01   2.8747736e-02
   2.7759197e-01   2.8179454e-02
   2.7424749e-01   2.7604738e-02
   2.7090301e-01   2.7023702e-02
   2.6755853e-01   2.6436463e-02
   2.6421405e-01   2.5843146e-02
   2.6086957e-01   2.5243878e-02
   2.5752508e-01   2.4638792e-02
   2.5418060e-01   2.4028027e-02
   2.5083612e-01   2.3411727e-02
   2.4749164e-01   2.2790043e-02
   2.4414716e-01   2.2163130e-02
   2.4080268e-01   2.1531151e-02
   2.3745819e-01   2.0894273e-02
   2.3411371e-01   2.0252673e-02
   2.3076923e-01   1.9606531e-02
   2.2742475e-01   1.8956036e-02
   2.2408027e-01   1.8301385e-02
   2.2073579e-01   1.7642780e-02
   2.1739130e-01   1.6980433e-02
   2.1404682e-01   1.6314563e-02
   2.1070234e-01   1.5645397e-02
   2.0735786e-01   1.4973173e-02
   2.0401338e-01   1.4298135e-02
   2.0066890e-01   1.3620538e-02
   1.9732441e-01   1.2940647e-02
   1.9397993e-01   1.2258735e-02
   1.9063545e-01   1.1575089e-02
   1.8729097e-01   1.0890004e-02
   1.8394649e-01   1.0203789e-02
   1.8060201e-01   9.5167624e-03
   1.7725753e-01   8.8292575e-03
   1.7391304e-01   8.1416197e-03
   1.7056856e-01   7.4542086e-03
   1.6722408e-01   6.7673982e-03
   1.6387960e-01   6.0815777e-03
   1.6053512e-01   5.3971525e-03
   1.5719064e-01   4.7145447e-03
   1.5384615e-01   4.0341946e-03
   1.5050167e-01   3.3565610e-03
   1.4715719e-01   2.6821228e-03
   1.4381271e-01   2.0113799e-03
   1.4046823e-01   1.3448546e-03
   1.3712375e-01   6.8309315e-04
   1.3377926e-01   2.6667030e-05
   1.3043478e-01  -6.2382519e-04
   1.2709030e-01  -1.2677560e-03
   1.2374582e-01  -1.9044670e-03
   1.2040134e-01  -2.5332665e-03
   1.1705686e-01  -3.1534270e-03
   1.1371237e-01  -3.7641823e-03
   1.1036789e-01  -4.3647246e-03
   1.0702341e-01  -4.9542007e-03
   1.0367893e-01  -5.5317081e-03
   1.0033445e-01  -6.0962905e-03
   9.6989967e-02  -6.6469327e-03
   9.3645485e-02  -7.1825546e-03
   9.0301003e-02  -7.7020049e-03
   8.6956522e-02  -8.2040527e-03
   8.3612040e-02  -8.6873793e-03
   8.0267559e-02  -9.1505673e-03
   7.6923077e-02  -9.5920883e-03
   7.3578595e-02  -1.0010289e-02
   7.0234114e-02  -1.0403373e-02
   6.6889632e-02  -1.0769380e-02
   6.3545151e-02  -1.1106164e-02
   6.0200669e-02  -1.1411358e-02
   5.6856187e-02  -1.1682337e-02
   5.3511706e-02  -1.1916173e-02
   5.0167224e-02  -1.2109574e-02
   4.6822742e-02  -1.2258804e-02
   4.3478261e-02  -1.2359583e-02
   4.0133779e-02  -1.2406952e-02
   3.6789298e-02  -1.2395083e-02
   3.3444816e-02  -1.2317026e-02
   3.0100334e-02  -1.2164326e-02
   2.6755853e-02  -1.1926464e-02
   2.3411371e-02  -1.1589980e-02
   2.0066890e-02  -1.1137012e-02
   1.6722408e-02  -1.0542733e-02
   1.3377926e-02  -9.7703546e-03
   1.0033445e-02  -8.7601118e-03
   6.6889632e-03  -7.3995830e-03
   3.3444816e-03  -5.4091197e-03
   0.0000000e+00  -0.0000000e+00
