   0.0000000e+00   0.0000000e+00
   3.3444816e-03   7.9852704e-03
   6.6889632e-03   1.1326754e-02
   1.0033445e-02   1.3912362e-02
   1.3377926e-02   1.6109040e-02
   1.6722408e-02   1.8058202e-02
   2.0066890e-02   1.9831983e-02
   2.3411371e-02   2.1472984e-02
   2.6755853e-02   2.3008791e-02
   3.0100334e-02   2.4458437e-02
   3.3444816e-02   2.5835683e-02
   3.6789298e-02   2.7150841e-02
   4.0133779e-02   2.8411859e-02
   4.3478261e-02   2.9625008e-02
   4.6822742e-02   3.0795328e-02
   5.0167224e-02   3.1926939e-02
   5.3511706e-02   3.3023251e-02
   5.6856187e-02   3.4087121e-02
   6.0200669e-02   3.5120972e-02
   6.3545151e-02   3.6126870e-02
   6.6889632e-02   3.7106598e-02
   7.0234114e-02   3.8061700e-02
   7.3578595e-02   3.8993527e-02
   7.6923077e-02   3.9903263e-02
   8.0267559e-02   4.0791956e-02
   8.3612040e-02   4.1660535e-02
   8.6956522e-02   4.2509828e-02
   9.0301003e-02   4.3340577e-02
   9.3645485e-02   4.4153447e-02
   9.6989967e-02   4.4949040e-02
   1.0033445e-01   4.5727900e-02
   1.0367893e-01   4.6490520e-02
   1.0702341e-01   4.7237351e-02
   1.1036789e-01   4.7968804e-02
   1.1371237e-01   4.8685254e-02
   1.1705686e-01   4.9387047e-02
   1.2040134e-01   5.0074501e-02
   1.2374582e-01   5.0747910e-02
   1.2709030e-01   5.1407546e-02
   1.3043478e-01   5.2053660e-02
   1.3377926e-01   5.2686486e-02
   1.3712375e-01   5.3306242e-02
   1.4046823e-01   5.3913133e-02
   1.4381271e-01   5.4507347e-02
   1.4715719e-01   5.5089064e-02
   1.5050167e-01   5.5658451e-02
   1.5384615e-01   5.6215665e-02
   1.5719064e-01   5.6760856e-02
   1.6053512e-01   5.7294164e-02
   1.6387960e-01   5.7815722e-02
   1.6722408e-01   5.8325656e-02
   1.7056856e-01   5.8824086e-02
   1.7391304e-01   5.9311126e-02
   1.7725753e-01   5.9786886e-02
   1.8060201e-01   6.0251469e-02
   1.8394649e-01   6.0704975e-02
   1.8729097e-01   6.1147500e-02
   1.9063545e-01   6.1579136e-02
   1.9397993e-01   6.1999971e-02
   1.9732441e-01   6.2410091e-02
   2.0066890e-01   6.2809579e-02
   2.0401338e-01   6.3198515e-02
   2.0735786e-01   6.3576975e-02
   2.1070234e-01   6.3945036e-02
   2.1404682e-01   6.4302770e-02
   2.1739130e-01   6.4650249e-02
   2.2073579e-01   6.4987543e-02
   2.2408027e-01   6.5314720e-02
   2.2742475e-01   6.5631846e-02
   2.3076923e-01   6.5938987e-02
   2.3411371e-01   6.6236206e-02
   2.3745819e-01   6.6523568e-02
   2.4080268e-01   6.6801133e-02
   2.4414716e-01   6.7068964e-02
   2.4749164e-01   6.7327119e-02
   2.5083612e-01   6.7575660e-02
   2.5418060e-01   6.7814644e-02
   2.5752508e-01   6.8044130e-02
   2.6086957e-01   6.8264176e-02
   2.6421405e-01   6.8474839e-02
   2.6755853e-01   6.8676176e-02
   2.7090301e-01   6.8868242e-02
   2.7424749e-01   6.9051095e-02
   2.7759197e-01   6.9224790e-02
   2.8093645e-01   6.9389382e-02
   2.8428094e-01   6.9544927e-02
   2.8762542e-01   6.9691480e-02
   2.9096990e-01   6.9829096e-02
   2.9431438e-01   6.9957830e-02
   2.9765886e-01   7.0077737e-02
   3.0100334e-01   7.0188871e-02
   3.0434783e-01   7.0291288e-02
   3.0769231e-01   7.0385041e-02
   3.1103679e-01   7.0470186e-02
   3.1438127e-01   7.0546777e-02
   3.1772575e-01   7.0614870e-02
   3.2107023e-01   7.0674519e-02
   3.2441472e-01   7.0725779e-02
   3.2775920e-01   7.0768705e-02
   3.3110368e-01   7.0803353e-02
   3.3444816e-01   7.0829778e-02
   3.3779264e-01   7.0848034e-02
   3.4113712e-01   7.0858179e-02
   3.4448161e-01   7.0860268e-02
   3.4782609e-01   7.0854356e-02
   3.5117057e-01   7.0840500e-02
   3.5451505e-01   7.0818757e-02
   3.5785953e-01   7.0789182e-02
   3.6120401e-01   7.0751832e-02
   3.6454849e-01   7.0706766e-02
   3.6789298e-01   7.0654039e-02
   3.7123746e-01   7.0593709e-02
   3.7458194e-01   7.0525833e-02
   3.7792642e-01   7.0450471e-02
   3.8127090e-01   7.0367679e-02
   3.8461538e-01   7.0277516e-02
   3.8795987e-01   7.0180042e-02
   3.9130435e-01   7.0075313e-02
   3.9464883e-01   6.9963391e-02
   3.9799331e-01   6.9844333e-02
   4.0133779e-01   6.9718200e-02
   4.0468227e-01   6.9585051e-02
   4.0802676e-01   6.9444947e-02
   4.1137124e-01   6.9297949e-02
   4.1471572e-01   6.9144115e-02
   4.1806020e-01   6.8983508e-02
   4.2140468e-01   6.8816189e-02
   4.2474916e-01   6.8642219e-02
   4.2809365e-01   6.8461660e-02
   4.3143813e-01   6.8274574e-02
   4.3478261e-01   6.8081022e-02
   4.3812709e-01   6.7881068e-02
   4.4147157e-01   6.7674774e-02
   4.4481605e-01   6.7462202e-02
   4.4816054e-01   6.7243418e-02
   4.5150502e-01   6.7018482e-02
   4.5484950e-01   6.6787461e-02
   4.5819398e-01   6.6550417e-02
   4.6153846e-01   6.6307415e-02
   4.6488294e-01   6.6058518e-02
   4.6822742e-01   6.5803793e-02
   4.7157191e-01   6.5543304e-02
   4.7491639e-01   6.5277117e-02
   4.7826087e-01   6.5005296e-02
   4.8160535e-01   6.4727907e-02
   4.8494983e-01   6.4445017e-02
   4.8829431e-01   6.4156692e-02
   4.9163880e-01   6.3862998e-02
   4.9498328e-01   6.3564001e-02
   4.9832776e-01   6.3259769e-02
   5.0167224e-01   6.2950369e-02
   5.0501672e-01   6.2635869e-02
   5.0836120e-01   6.2316335e-02
   5.1170569e-01   6.1991836e-02
   5.1505017e-01   6.1662439e-02
   5.1839465e-01   6.1328214e-02
   5.2173913e-01   6.0989228e-02
   5.2508361e-01   6.0645550e-02
   5.2842809e-01   6.0297249e-02
   5.3177258e-01   5.9944394e-02
   5.3511706e-01   5.9587054e-02
   5.3846154e-01   5.9225300e-02
   5.4180602e-01   5.8859200e-02
   5.4515050e-01   5.8488825e-02
   5.4849498e-01   5.8114244e-02
   5.5183946e-01   5.7735528e-02
   5.5518395e-01   5.7352748e-02
   5.5852843e-01   5.6965974e-02
   5.6187291e-01   5.6575277e-02
   5.6521739e-01   5.6180727e-02
   5.6856187e-01   5.5782397e-02
   5.7190635e-01   5.5380358e-02
   5.7525084e-01   5.4974681e-02
   5.7859532e-01   5.4565437e-02
   5.8193980e-01   5.4152700e-02
   5.8528428e-01   5.3736540e-02
   5.8862876e-01   5.3317030e-02
   5.9197324e-01   5.2894243e-02
   5.9531773e-01   5.2468250e-02
   5.9866221e-01   5.2039125e-02
   6.0200669e-01   5.1606941e-02
   6.0535117e-01   5.1171770e-02
   6.0869565e-01   5.0733685e-02
   6.1204013e-01   5.0292761e-02
   6.1538462e-01   4.9849069e-02
   6.1872910e-01   4.9402684e-02
   6.2207358e-01   4.8953680e-02
   6.2541806e-01   4.8502130e-02
   6.2876254e-01   4.8048108e-02
   6.3210702e-01   4.7591687e-02
   6.3545151e-01   4.7132944e-02
   6.3879599e-01   4.6671950e-02
   6.4214047e-01   4.6208782e-02
   6.4548495e-01   4.5743513e-02
   6.4882943e-01   4.5276218e-02
   6.5217391e-01   4.4806972e-02
   6.5551839e-01   4.4335849e-02
   6.5886288e-01   4.3862925e-02
   6.6220736e-01   4.3388274e-02
   6.6555184e-01   4.2911972e-02
   6.6889632e-01   4.2434093e-02
   6.7224080e-01   4.1954714e-02
   6.7558528e-01   4.1473909e-02
   6.7892977e-01   4.0991754e-02
   6.8227425e-01   4.0508324e-02
   6.8561873e-01   4.0023695e-02
   6.8896321e-01   3.9537943e-02
   6.9230769e-01   3.9051143e-02
   6.9565217e-01   3.8563372e-02
   6.9899666e-01   3.8074704e-02
   7.0234114e-01   3.7585217e-02
   7.0568562e-01   3.7094986e-02
   7.0903010e-01   3.6604087e-02
   7.1237458e-01   3.6112596e-02
   7.1571906e-01   3.5620590e-02
   7.1906355e-01   3.5128144e-02
   7.2240803e-01   3.4635335e-02
   7.2575251e-01   3.4142240e-02
   7.2909699e-01   3.3648934e-02
   7.3244147e-01   3.3155494e-02
   7.3578595e-01   3.2661996e-02
   7.3913043e-01   3.2168517e-02
   7.4247492e-01   3.1675133e-02
   7.4581940e-01   3.1181922e-02
   7.4916388e-01   3.0688958e-02
   7.5250836e-01   3.0196320e-02
   7.5585284e-01   2.9704083e-02
   7.5919732e-01   2.9212324e-02
   7.6254181e-01   2.8721120e-02
   7.6588629e-01   2.8230547e-02
   7.6923077e-01   2.7740682e-02
   7.7257525e-01   2.7251602e-02
   7.7591973e-01   2.6763383e-02
   7.7926421e-01   2.6276101e-02
   7.8260870e-01   2.5789834e-02
   7.8595318e-01   2.5304659e-02
   7.8929766e-01   2.4820651e-02
   7.9264214e-01   2.4337887e-02
   7.9598662e-01   2.3856444e-02
   7.9933110e-01   2.3376399e-02
   8.0267559e-01   2.2897828e-02
   8.0602007e-01   2.2420807e-02
   8.0936455e-01   2.1945414e-02
   8.1270903e-01   2.1471724e-02
   8.1605351e-01   2.0999814e-02
   8.1939799e-01   2.0529761e-02
   8.2274247e-01   2.0061641e-02
   8.2608696e-01   1.9595530e-02
   8.2943144e-01   1.9131505e-02
   8.3277592e-01   1.8669642e-02
   8.3612040e-01   1.8210018e-02
   8.3946488e-01   1.7752707e-02
   8.4280936e-01   1.7297788e-02
   8.4615385e-01   1.6845335e-02
   8.4949833e-01   1.6395425e-02
   8.5284281e-01   1.5948133e-02
   8.5618729e-01   1.5503537e-02
   8.5953177e-01   1.5061711e-02
   8.6287625e-01   1.4622731e-02
   8.6622074e-01   1.4186674e-02
   8.6956522e-01   1.3753615e-02
   8.7290970e-01   1.3323629e-02
   8.7625418e-01   1.2896793e-02
   8.7959866e-01   1.2473181e-02
   8.8294314e-01   1.2052869e-02
   8.8628763e-01   1.1635932e-02
   8.8963211e-01   1.1222446e-02
   8.9297659e-01   1.0812486e-02
   8.9632107e-01   1.0406127e-02
   8.9966555e-01   1.0003444e-02
   9.0301003e-01   9.6045111e-03
   9.0635452e-01   9.2094041e-03
   9.0969900e-01   8.8181974e-03
   9.1304348e-01   8.4309657e-03
   9.1638796e-01   8.0477834e-03
   9.1973244e-01   7.6687250e-03
   9.2307692e-01   7.2938647e-03
   9.2642140e-01   6.9232770e-03
   9.2976589e-01   6.5570357e-03
   9.3311037e-01   6.1952149e-03
   9.3645485e-01   5.8378886e-03
   9.3979933e-01   5.4851305e-03
   9.4314381e-01   5.1370141e-03
   9.4648829e-01   4.7936132e-03
   9.4983278e-01   4.4550010e-03
   9.5317726e-01   4.1212510e-03
   9.5652174e-01   3.7924361e-03
   9.5986622e-01   3.4686296e-03
   9.6321070e-01   3.1499042e-03
   9.6655518e-01   2.8363328e-03
   9.6989967e-01   2.5279881e-03
   9.7324415e-01   2.2249424e-03
   9.7658863e-01   1.9272683e-03
   9.7993311e-01   1.6350378e-03
   9.8327759e-01   1.3483232e-03
   9.8662207e-01   1.0671963e-03
   9.8996656e-01   7.9172900e-04
   9.9331104e-01   5.2199286e-04
   9.9665552e-01   2.5805941e-04
   1.0000000e+00   0.0000000e+00
   1.0000000e+00   0.0000000e+00
   9.9665552e-01  -3.9637262e-05
   9.9331104e-01  -8.0349903e-05
   9.8996656e-01  -1.2211591e-04
   9.8662207e-01  -1.6491360e-04
   9.8327759e-01  -2.0872163e-04
   9.7993311e-01  -2.5351899e-04
   9.7658863e-01  -2.9928499e-04
   9.7324415e-01  -3.4599928e-04
   9.6989967e-01  -3.9364182e-04
   9.6655518e-01  -4.4219290e-04
   9.6321070e-01  -4.9163315e-04
   9.5986622e-01  -5.4194348e-04
   9.5652174e-01  -5.9310516e-04
   9.5317726e-01  -6.4509974e-04
   9.4983278e-01  -6.9790911e-04
   9.4648829e-01  -7.5151546e-04
   9.4314381e-01  -8.0590129e-04
   9.3979933e-01  -8.6104942e-04
   9.3645485e-01  -9.1694294e-04
   9.3311037e-01  -9.7356529e-04
   9.2976589e-01  -1.0309002e-03
   9.2642140e-01  -1.0889316e-03
   9.2307692e-01  -1.1476440e-03
   9.1973244e-01  -1.2070218e-03
   9.1638796e-01  -1.2670500e-03
   9.1304348e-01  -1.3277138e-03
   9.0969900e-01  -1.3889987e-03
   9.0635452e-01  -1.4508904e-03
   9.0301003e-01  -1.5133750e-03
   8.9966555e-01  -1.5764389e-03
   8.9632107e-01  -1.6400686e-03
   8.9297659e-01  -1.7042511e-03
   8.8963211e-01  -1.7689735e-03
   8.8628763e-01  -1.8342233e-03
   8.8294314e-01  -1.8999882e-03
   8.7959866e-01  -1.9662561e-03
   8.7625418e-01  -2.0330154e-03
   8.7290970e-01  -2.1002546e-03
   8.6956522e-01  -2.1679624e-03
   8.6622074e-01  -2.2361279e-03
   8.6287625e-01  -2.3047404e-03
   8.5953177e-01  -2.3737895e-03
   8.5618729e-01  -2.4432649e-03
   8.5284281e-01  -2.5131566e-03
   8.4949833e-01  -2.5834552e-03
   8.4615385e-01  -2.6541510e-03
   8.4280936e-01  -2.7252348e-03
   8.3946488e-01  -2.7966978e-03
   8.3612040e-01  -2.8685312e-03
   8.3277592e-01  -2.9407265e-03
   8.2943144e-01  -3.0132755e-03
   8.2608696e-01  -3.0861701e-03
   8.2274247e-01  -3.1594026e-03
   8.1939799e-01  -3.2329653e-03
   8.1605351e-01  -3.3068510e-03
   8.1270903e-01  -3.3810526e-03
   8.0936455e-01  -3.4555631e-03
   8.0602007e-01  -3.5303758e-03
   8.0267559e-01  -3.6054844e-03
   7.9933110e-01  -3.6808825e-03
   7.9598662e-01  -3.7565640e-03
   7.9264214e-01  -3.8325233e-03
   7.8929766e-01  -3.9087545e-03
   7.8595318e-01  -3.9852523e-03
   7.8260870e-01  -4.0620114e-03
   7.7926421e-01  -4.1390268e-03
   7.7591973e-01  -4.2162937e-03
   7.7257525e-01  -4.2938073e-03
   7.6923077e-01  -4.3715633e-03
   7.6588629e-01  -4.4495572e-03
   7.6254181e-01  -4.5277850e-03
   7.5919732e-01  -4.6062428e-03
   7.5585284e-01  -4.6849268e-03
   7.5250836e-01  -4.7638334e-03
   7.4916388e-01  -4.8429592e-03
   7.4581940e-01  -4.9223010e-03
   7.4247492e-01  -5.0018556e-03
   7.3913043e-01  -5.0816202e-03
   7.3578595e-01  -5.1615920e-03
   7.3244147e-01  -5.2417683e-03
   7.2909699e-01  -5.3221468e-03
   7.2575251e-01  -5.4027250e-03
   7.2240803e-01  -5.4835009e-03
   7.1906355e-01  -5.5644723e-03
   7.1571906e-01  -5.6456375e-03
   7.1237458e-01  -5.7269947e-03
   7.0903010e-01  -5.8085422e-03
   7.0568562e-01  -5.8902785e-03
   7.0234114e-01  -5.9722024e-03
   6.9899666e-01  -6.0543124e-03
   6.9565217e-01  -6.1366076e-03
   6.9230769e-01  -6.2190870e-03
   6.8896321e-01  -6.3017495e-03
   6.8561873e-01  -6.3845945e-03
   6.8227425e-01  -6.4676212e-03
   6.7892977e-01  -6.5508291e-03
   6.7558528e-01  -6.6342177e-03
   6.7224080e-01  -6.7177866e-03
   6.6889632e-01  -6.8015355e-03
   6.6555184e-01  -6.8854641e-03
   6.6220736e-01  -6.9695724e-03
   6.5886288e-01  -7.0538604e-03
   6.5551839e-01  -7.1383280e-03
   6.5217391e-01  -7.2229753e-03
   6.4882943e-01  -7.3078024e-03
   6.4548495e-01  -7.3928098e-03
   6.4214047e-01  -7.4779975e-03
   6.3879599e-01  -7.5633660e-03
   6.3545151e-01  -7.6489157e-03
   6.3210702e-01  -7.7346469e-03
   6.2876254e-01  -7.8205602e-03
   6.2541806e-01  -7.9066562e-03
   6.2207358e-01  -7.9929353e-03
   6.1872910e-01  -8.0793981e-03
   6.1538462e-01  -8.1660453e-03
   6.1204013e-01  -8.2528776e-03
   6.0869565e-01  -8.3398954e-03
   6.0535117e-01  -8.4270996e-03
   6.0200669e-01  -8.5144909e-03
   5.9866221e-01  -8.6020697e-03
   5.9531773e-01  -8.6898370e-03
   5.9197324e-01  -8.7777932e-03
   5.8862876e-01  -8.8659391e-03
   5.8528428e-01  -8.9542753e-03
   5.8193980e-01  -9.0428024e-03
   5.7859532e-01  -9.1315211e-03
   5.7525084e-01  -9.2204318e-03
   5.7190635e-01  -9.3095351e-03
   5.6856187e-01  -9.3988315e-03
   5.6521739e-01  -9.4883214e-03
   5.6187291e-01  -9.5780051e-03
   5.5852843e-01  -9.6678831e-03
   5.5518395e-01  -9.7579555e-03
   5.5183946e-01  -9.8482225e-03
   5.4849498e-01  -9.9386843e-03
   5.4515050e-01  -1.0029341e-02
   5.4180602e-01  -1.0120192e-02
   5.3846154e-01  -1.0211238e-02
   5.3511706e-01  -1.0302478e-02
   5.3177258e-01  -1.0393912e-02
   5.2842809e-01  -1.0485539e-02
   5.2508361e-01  -1.0577360e-02
   5.2173913e-01  -1.0669372e-02
   5.1839465e-01  -1.0761576e-02
   5.1505017e-01  -1.0853970e-02
   5.1170569e-01  -1.0946553e-02
   5.0836120e-01  -1.1039324e-02
   5.0501672e-01  -1.1132281e-02
   5.0167224e-01  -1.1225423e-02
   4.9832776e-01  -1.1318748e-02
   4.9498328e-01  -1.1412254e-02
   4.9163880e-01  -1.1505939e-02
   4.8829431e-01  -1.1599800e-02
   4.8494983e-01  -1.1693835e-02
   4.8160535e-01  -1.1788041e-02
   4.7826087e-01  -1.1882414e-02
   4.7491639e-01  -1.1976953e-02
   4.7157191e-01  -1.2071653e-02
   4.6822742e-01  -1.2166510e-02
   4.6488294e-01  -1.2261521e-02
   4.6153846e-01  -1.2356681e-02
   4.5819398e-01  -1.2451985e-02
   4.5484950e-01  -1.2547429e-02
   4.5150502e-01  -1.2643008e-02
   4.4816054e-01  -1.2738716e-02
   4.4481605e-01  -1.2834547e-02
   4.4147157e-01  -1.2930496e-02
   4.3812709e-01  -1.3026555e-02
   4.3478261e-01  -1.3122719e-02
   4.3143813e-01  -1.3218979e-02
   4.2809365e-01  -1.3315329e-02
   4.2474916e-01  -1.3411760e-02
   4.2140468e-01  -1.3508264e-02
   4.1806020e-01  -1.3604832e-02
   4.1471572e-01  -1.3701455e-02
   4.1137124e-01  -1.3798125e-02
   4.0802676e-01  -1.3894829e-02
   4.0468227e-01  -1.3991559e-02
   4.0133779e-01  -1.4088303e-02
   3.9799331e-01  -1.4185049e-02
   3.9464883e-01  -1.4281786e-02
   3.9130435e-01  -1.4378500e-02
   3.8795987e-01  -1.4475180e-02
   3.8461538e-01  -1.4571811e-02
   3.8127090e-01  -1.4668379e-02
   3.7792642e-01  -1.4764869e-02
   3.7458194e-01  -1.4861267e-02
   3.7123746e-01  -1.4957555e-02
   3.6789298e-01  -1.5053717e-02
   3.6454849e-01  -1.5149737e-02
   3.6120401e-01  -1.5245595e-02
   3.5785953e-01  -1.5341273e-02
   3.5451505e-01  -1.5436752e-02
   3.5117057e-01  -1.5532011e-02
   3.4782609e-01  -1.5627030e-02
   3.4448161e-01  -1.5721786e-02
   3.4113712e-01  -1.5816257e-02
   3.3779264e-01  -1.5910420e-02
   3.3444816e-01  -1.6004250e-02
   3.3110368e-01  -1.6097722e-02
   3.2775920e-01  -1.6190810e-02
   3.2441472e-01  -1.6283486e-02
   3.2107023e-01  -1.6375723e-02
   3.1772575e-01  -1.6467491e-02
   3.1438127e-01  -1.6558760e-02
   3.1103679e-01  -1.6649500e-02
   3.0769231e-01  -1.6739676e-02
   3.0434783e-01  -1.6829257e-02
   3.0100334e-01  -1.6918206e-02
   2.9765886e-01  -1.7006489e-02
   2.9431438e-01  -1.7094068e-02
   2.9096990e-01  -1.7180903e-02
   2.8762542e-01  -1.7266956e-02
   2.8428094e-01  -1.7352185e-02
   2.8093645e-01  -1.7436547e-02
   2.7759197e-01  -1.7519997e-02
   2.7424749e-01  -1.7602490e-02
   2.7090301e-01  -1.7683978e-02
   2.6755853e-01  -1.7764411e-02
   2.6421405e-01  -1.7843740e-02
   2.6086957e-01  -1.7921910e-02
   2.5752508e-01  -1.7998868e-02
   2.5418060e-01  -1.8074556e-02
   2.5083612e-01  -1.8148916e-02
   2.4749164e-01  -1.8221888e-02
   2.4414716e-01  -1.8293407e-02
   2.4080268e-01  -1.8363410e-02
   2.3745819e-01  -1.8431828e-02
   2.3411371e-01  -1.8498591e-02
   2.3076923e-01  -1.8563627e-02
   2.2742475e-01  -1.8626860e-02
   2.2408027e-01  -1.8688213e-02
   2.2073579e-01  -1.8747604e-02
   2.1739130e-01  -1.8804949e-02
   2.1404682e-01  -1.8860161e-02
   2.1070234e-01  -1.8913149e-02
   2.0735786e-01  -1.8963820e-02
   2.0401338e-01  -1.9012075e-02
   2.0066890e-01  -1.9057813e-02
   1.9732441e-01  -1.9100929e-02
   1.9397993e-01  -1.9141313e-02
   1.9063545e-01  -1.9178850e-02
   1.8729097e-01  -1.9213422e-02
   1.8394649e-01  -1.9244904e-02
   1.8060201e-01  -1.9273169e-02
   1.7725753e-01  -1.9298081e-02
   1.7391304e-01  -1.9319501e-02
   1.7056856e-01  -1.9337282e-02
   1.6722408e-01  -1.9351271e-02
   1.6387960e-01  -1.9361308e-02
   1.6053512e-01  -1.9367227e-02
   1.5719064e-01  -1.9368852e-02
   1.5384615e-01  -1.9366002e-02
   1.5050167e-01  -1.9358483e-02
   1.4715719e-01  -1.9346095e-02
   1.4381271e-01  -1.9328625e-02
   1.4046823e-01  -1.9305853e-02
   1.3712375e-01  -1.9277544e-02
   1.3377926e-01  -1.9243452e-02
   1.3043478e-01  -1.9203317e-02
   1.2709030e-01  -1.9156864e-02
   1.2374582e-01  -1.9103803e-02
   1.2040134e-01  -1.9043828e-02
   1.1705686e-01  -1.8976612e-02
   1.1371237e-01  -1.8901808e-02
   1.1036789e-01  -1.8819048e-02
   1.0702341e-01  -1.8727939e-02
   1.0367893e-01  -1.8628061e-02
   1.0033445e-01  -1.8518965e-02
   9.6989967e-02  -1.8400167e-02
   9.3645485e-02  -1.8271150e-02
   9.0301003e-02  -1.8131351e-02
   8.6956522e-02  -1.7980167e-02
   8.3612040e-02  -1.7816938e-02
   8.0267559e-02  -1.7640950e-02
   7.6923077e-02  -1.7451419e-02
   7.3578595e-02  -1.7247487e-02
   7.0234114e-02  -1.7028207e-02
   6.6889632e-02  -1.6792532e-02
   6.3545151e-02  -1.6539293e-02
   6.0200669e-02  -1.6267184e-02
   5.6856187e-02  -1.5974731e-02
   5.3511706e-02  -1.5660262e-02
   5.0167224e-02  -1.5321860e-02
   4.6822742e-02  -1.4957314e-02
   4.3478261e-02  -1.4564039e-02
   4.0133779e-02  -1.4138983e-02
   3.6789298e-02  -1.3678486e-02
   3.3444816e-02  -1.3178093e-02
   3.0100334e-02  -1.2632270e-02
   2.6755853e-02  -1.2033982e-02
   2.3411371e-02  -1.1374027e-02
   2.0066890e-02  -1.0639918e-02
   1.6722408e-02  -9.8139005e-03
   1.3377926e-02  -8.8690508e-03
   1.0033445e-02  -7.7605903e-03
   6.6889632e-03  -6.4022488e-03
   3.3444816e-03  -4.5740128e-03
   0.0000000e+00  -0.0000000e+00
