   0.0000000e+00   0.0000000e+00
   3.3444816e-03   1.1323106e-02
   6.6889632e-03   1.6061618e-02
   1.0033445e-02   1.9728745e-02
   1.3377926e-02   2.2844933e-02
   1.6722408e-02   2.5610799e-02
   2.0066890e-02   2.8128710e-02
   2.3411371e-02   3.0459148e-02
   2.6755853e-02   3.2641293e-02
   3.0100334e-02   3.4702192e-02
   3.3444816e-02   3.6661415e-02
   3.6789298e-02   3.8533633e-02
   4.0133779e-02   4.0330165e-02
   4.3478261e-02   4.2059948e-02
   4.6822742e-02   4.3730171e-02
   5.0167224e-02   4.5346715e-02
   5.3511706e-02   4.6914454e-02
   5.6856187e-02   4.8437476e-02
   6.0200669e-02   4.9919248e-02
   6.3545151e-02   5.1362736e-02
   6.6889632e-02   5.2770495e-02
   7.0234114e-02   5.4144748e-02
   7.3578595e-02   5.5487436e-02
   7.6923077e-02   5.6800267e-02
   8.0267559e-02   5.8084751e-02
   8.3612040e-02   5.9342231e-02
   8.6956522e-02   6.0573904e-02
   9.0301003e-02   6.1780845e-02
   9.3645485e-02   6.2964019e-02
   9.6989967e-02   6.4124298e-02
   1.0033445e-01   6.5262475e-02
   1.0367893e-01   6.6379268e-02
   1.0702341e-01   6.7475332e-02
   1.1036789e-01   6.8551267e-02
   1.1371237e-01   6.9607622e-02
   1.1705686e-01   7.0644902e-02
   1.2040134e-01   7.1663574e-02
   1.2374582e-01   7.2664066e-02
   1.2709030e-01   7.3646778e-02
   1.3043478e-01   7.4612077e-02
   1.3377926e-01   7.5560308e-02
   1.3712375e-01   7.6491790e-02
   1.4046823e-01   7.7406822e-02
   1.4381271e-01   7.8305683e-02
   1.4715719e-01   7.9188634e-02
   1.5050167e-01   8.0055922e-02
   1.5384615e-01   8.0907775e-02
   1.5719064e-01   8.1744414e-02
   1.6053512e-01   8.2566042e-02
   1.6387960e-01   8.3372853e-02
   1.6722408e-01   8.4165031e-02
   1.7056856e-01   8.4942751e-02
   1.7391304e-01   8.5706178e-02
   1.7725753e-01   8.6455469e-02
   1.8060201e-01   8.7190775e-02
   1.8394649e-01   8.7912237e-02
   1.8729097e-01   8.8619994e-02
   1.9063545e-01   8.9314177e-02
   1.9397993e-01   8.9994910e-02
   1.9732441e-01   9.0662314e-02
   2.0066890e-01   9.1316506e-02
   2.0401338e-01   9.1957597e-02
   2.0735786e-01   9.2585694e-02
   2.1070234e-01   9.3200902e-02
   2.1404682e-01   9.3803320e-02
   2.1739130e-01   9.4393047e-02
   2.2073579e-01   9.4970176e-02
   2.2408027e-01   9.5534799e-02
   2.2742475e-01   9.6087004e-02
   2.3076923e-01   9.6626878e-02
   2.3411371e-01   9.7154506e-02
   2.3745819e-01   9.7669969e-02
   2.4080268e-01   9.8173348e-02
   2.4414716e-01   9.8664720e-02
   2.4749164e-01   9.9144163e-02
   2.5083612e-01   9.9611751e-02
   2.5418060e-01   1.0006756e-01
   2.5752508e-01   1.0051166e-01
   2.6086957e-01   1.0094412e-01
   2.6421405e-01   1.0136501e-01
   2.6755853e-01   1.0177440e-01
   2.7090301e-01   1.0217236e-01
   2.7424749e-01   1.0255895e-01
   2.7759197e-01   1.0293424e-01
   2.8093645e-01   1.0329830e-01
   2.8428094e-01   1.0365118e-01
   2.8762542e-01   1.0399296e-01
   2.9096990e-01   1.0432369e-01
   2.9431438e-01   1.0464343e-01
   2.9765886e-01   1.0495225e-01
   3.0100334e-01   1.0525020e-01
   3.0434783e-01   1.0553735e-01
   3.0769231e-01   1.0581376e-01
   3.1103679e-01   1.0607948e-01
   3.1438127e-01   1.0633457e-01
   3.1772575e-01   1.0657909e-01
   3.2107023e-01   1.0681310e-01
   3.2441472e-01   1.0703666e-01
   3.2775920e-01   1.0724981e-01
   3.3110368e-01   1.0745263e-01
   3.3444816e-01   1.0764516e-01
   3.3779264e-01   1.0782746e-01
   3.4113712e-01   1.0799958e-01
   3.4448161e-01   1.0816159e-01
   3.4782609e-01   1.0831353e-01
   3.5117057e-01   1.0845546e-01
   3.5451505e-01   1.0858744e-01
   3.5785953e-01   1.0870952e-01
   3.6120401e-01   1.0882175e-01
   3.6454849e-01   1.0892418e-01
   3.6789298e-01   1.0901688e-01
   3.7123746e-01   1.0909989e-01
   3.7458194e-01   1.0917327e-01
   3.7792642e-01   1.0923706e-01
   3.8127090e-01   1.0929133e-01
   3.8461538e-01   1.0933613e-01
   3.8795987e-01   1.0937150e-01
   3.9130435e-01   1.0939751e-01
   3.9464883e-01   1.0941419e-01
   3.9799331e-01   1.0942161e-01
   4.0133779e-01   1.0941982e-01
   4.0468227e-01   1.0940887e-01
   4.0802676e-01   1.0938880e-01
   4.1137124e-01   1.0935968e-01
   4.1471572e-01   1.0932155e-01
   4.1806020e-01   1.0927446e-01
   4.2140468e-01   1.0921847e-01
   4.2474916e-01   1.0915362e-01
   4.2809365e-01   1.0907997e-01
   4.3143813e-01   1.0899756e-01
   4.3478261e-01   1.0890645e-01
   4.3812709e-01   1.0880669e-01
   4.4147157e-01   1.0869833e-01
   4.4481605e-01   1.0858141e-01
   4.4816054e-01   1.0845599e-01
   4.5150502e-01   1.0832212e-01
   4.5484950e-01   1.0817984e-01
   4.5819398e-01   1.0802921e-01
   4.6153846e-01   1.0787027e-01
   4.6488294e-01   1.0770307e-01
   4.6822742e-01   1.0752767e-01
   4.7157191e-01   1.0734411e-01
   4.7491639e-01   1.0715244e-01
   4.7826087e-01   1.0695270e-01
   4.8160535e-01   1.0674495e-01
   4.8494983e-01   1.0652923e-01
   4.8829431e-01   1.0630560e-01
   4.9163880e-01   1.0607409e-01
   4.9498328e-01   1.0583476e-01
   4.9832776e-01   1.0558765e-01
   5.0167224e-01   1.0533281e-01
   5.0501672e-01   1.0507029e-01
   5.0836120e-01   1.0480013e-01
   5.1170569e-01   1.0452237e-01
   5.1505017e-01   1.0423708e-01
   5.1839465e-01   1.0394428e-01
   5.2173913e-01   1.0364404e-01
   5.2508361e-01   1.0333638e-01
   5.2842809e-01   1.0302136e-01
   5.3177258e-01   1.0269903e-01
   5.3511706e-01   1.0236942e-01
   5.3846154e-01   1.0203258e-01
   5.4180602e-01   1.0168855e-01
   5.4515050e-01   1.0133739e-01
   5.4849498e-01   1.0097913e-01
   5.5183946e-01   1.0061381e-01
   5.5518395e-01   1.0024148e-01
   5.5852843e-01   9.9862186e-02
   5.6187291e-01   9.9475965e-02
   5.6521739e-01   9.9082860e-02
   5.6856187e-01   9.8682914e-02
   5.7190635e-01   9.8276168e-02
   5.7525084e-01   9.7862663e-02
   5.7859532e-01   9.7442440e-02
   5.8193980e-01   9.7015541e-02
   5.8528428e-01   9.6582005e-02
   5.8862876e-01   9.6141872e-02
   5.9197324e-01   9.5695183e-02
   5.9531773e-01   9.5241977e-02
   5.9866221e-01   9.4782292e-02
   6.0200669e-01   9.4316168e-02
   6.0535117e-01   9.3843643e-02
   6.0869565e-01   9.3364755e-02
   6.1204013e-01   9.2879541e-02
   6.1538462e-01   9.2388039e-02
   6.1872910e-01   9.1890287e-02
   6.2207358e-01   9.1386319e-02
   6.2541806e-01   9.0876174e-02
   6.2876254e-01   9.0359886e-02
   6.3210702e-01   8.9837491e-02
   6.3545151e-01   8.9309024e-02
   6.3879599e-01   8.8774520e-02
   6.4214047e-01   8.8234013e-02
   6.4548495e-01   8.7687537e-02
   6.4882943e-01   8.7135125e-02
   6.5217391e-01   8.6576811e-02
   6.5551839e-01   8.6012627e-02
   6.5886288e-01   8.5442605e-02
   6.6220736e-01   8.4866777e-02
   6.6555184e-01   8.4285174e-02
   6.6889632e-01   8.3697827e-02
   6.7224080e-01   8.3104768e-02
   6.7558528e-01   8.2506025e-02
   6.7892977e-01   8.1901628e-02
   6.8227425e-01   8.1291607e-02
   6.8561873e-01   8.0675990e-02
   6.8896321e-01   8.0054805e-02
   6.9230769e-01   7.9428080e-02
   6.9565217e-01   7.8795842e-02
   6.9899666e-01   7.8158118e-02
   7.0234114e-01   7.7514934e-02
   7.0568562e-01   7.6866317e-02
   7.0903010e-01   7.6212290e-02
   7.1237458e-01   7.5552880e-02
   7.1571906e-01   7.4888110e-02
   7.1906355e-01   7.4218003e-02
   7.2240803e-01   7.3542585e-02
   7.2575251e-01   7.2861876e-02
   7.2909699e-01   7.2175899e-02
   7.3244147e-01   7.1484677e-02
   7.3578595e-01   7.0788229e-02
   7.3913043e-01   7.0086577e-02
   7.4247492e-01   6.9379741e-02
   7.4581940e-01   6.8667740e-02
   7.4916388e-01   6.7950594e-02
   7.5250836e-01   6.7228320e-02
   7.5585284e-01   6.6500936e-02
   7.5919732e-01   6.5768460e-02
   7.6254181e-01   6.5030909e-02
   7.6588629e-01   6.4288299e-02
   7.6923077e-01   6.3540644e-02
   7.7257525e-01   6.2787961e-02
   7.7591973e-01   6.2030264e-02
   7.7926421e-01   6.1267565e-02
   7.8260870e-01   6.0499880e-02
   7.8595318e-01   5.9727219e-02
   7.8929766e-01   5.8949596e-02
   7.9264214e-01   5.8167022e-02
   7.9598662e-01   5.7379506e-02
   7.9933110e-01   5.6587061e-02
   8.0267559e-01   5.5789694e-02
   8.0602007e-01   5.4987415e-02
   8.0936455e-01   5.4180233e-02
   8.1270903e-01   5.3368154e-02
   8.1605351e-01   5.2551186e-02
   8.1939799e-01   5.1729335e-02
   8.2274247e-01   5.0902607e-02
   8.2608696e-01   5.0071007e-02
   8.2943144e-01   4.9234540e-02
   8.3277592e-01   4.8393208e-02
   8.3612040e-01   4.7547016e-02
   8.3946488e-01   4.6695965e-02
   8.4280936e-01   4.5840057e-02
   8.4615385e-01   4.4979293e-02
   8.4949833e-01   4.4113674e-02
   8.5284281e-01   4.3243199e-02
   8.5618729e-01   4.2367867e-02
   8.5953177e-01   4.1487677e-02
   8.6287625e-01   4.0602626e-02
   8.6622074e-01   3.9712710e-02
   8.6956522e-01   3.8817927e-02
   8.7290970e-01   3.7918271e-02
   8.7625418e-01   3.7013737e-02
   8.7959866e-01   3.6104320e-02
   8.8294314e-01   3.5190011e-02
   8.8628763e-01   3.4270805e-02
   8.8963211e-01   3.3346693e-02
   8.9297659e-01   3.2417665e-02
   8.9632107e-01   3.1483713e-02
   8.9966555e-01   3.0544826e-02
   9.0301003e-01   2.9600992e-02
   9.0635452e-01   2.8652199e-02
   9.0969900e-01   2.7698436e-02
   9.1304348e-01   2.6739689e-02
   9.1638796e-01   2.5775942e-02
   9.1973244e-01   2.4807182e-02
   9.2307692e-01   2.3833393e-02
   9.2642140e-01   2.2854558e-02
   9.2976589e-01   2.1870659e-02
   9.3311037e-01   2.0881680e-02
   9.3645485e-01   1.9887600e-02
   9.3979933e-01   1.8888400e-02
   9.4314381e-01   1.7884060e-02
   9.4648829e-01   1.6874558e-02
   9.4983278e-01   1.5859872e-02
   9.5317726e-01   1.4839980e-02
   9.5652174e-01   1.3814857e-02
   9.5986622e-01   1.2784479e-02
   9.6321070e-01   1.1748821e-02
   9.6655518e-01   1.0707857e-02
   9.6989967e-01   9.6615589e-03
   9.7324415e-01   8.6098997e-03
   9.7658863e-01   7.5528505e-03
   9.7993311e-01   6.4903818e-03
   9.8327759e-01   5.4224633e-03
   9.8662207e-01   4.3490636e-03
   9.8996656e-01   3.2701508e-03
   9.9331104e-01   2.1856919e-03
   9.9665552e-01   1.0956532e-03
   1.0000000e+00   0.0000000e+00
   1.0000000e+00   0.0000000e+00
   9.9665552e-01   5.5181064e-04
   9.9331104e-01   1.0907563e-03
   9.8996656e-01   1.6169814e-03
   9.8662207e-01   2.1306290e-03
   9.8327759e-01   2.6318414e-03
   9.7993311e-01   3.1207595e-03
   9.7658863e-01   3.5975233e-03
   9.7324415e-01   4.0622716e-03
   9.6989967e-01   4.5151422e-03
   9.6655518e-01   4.9562718e-03
   9.6321070e-01   5.3857958e-03
   9.5986622e-01   5.8038490e-03
   9.5652174e-01   6.2105646e-03
   9.5317726e-01   6.6060751e-03
   9.4983278e-01   6.9905117e-03
   9.4648829e-01   7.3640048e-03
   9.4314381e-01   7.7266836e-03
   9.3979933e-01   8.0786761e-03
   9.3645485e-01   8.4201095e-03
   9.3311037e-01   8.7511098e-03
   9.2976589e-01   9.0718022e-03
   9.2642140e-01   9.3823104e-03
   9.2307692e-01   9.6827576e-03
   9.1973244e-01   9.9732657e-03
   9.1638796e-01   1.0253955e-02
   9.1304348e-01   1.0524947e-02
   9.0969900e-01   1.0786359e-02
   9.0635452e-01   1.1038309e-02
   9.0301003e-01   1.1280915e-02
   8.9966555e-01   1.1514292e-02
   8.9632107e-01   1.1738555e-02
   8.9297659e-01   1.1953818e-02
   8.8963211e-01   1.2160194e-02
   8.8628763e-01   1.2357794e-02
   8.8294314e-01   1.2546731e-02
   8.7959866e-01   1.2727113e-02
   8.7625418e-01   1.2899049e-02
   8.7290970e-01   1.3062649e-02
   8.6956522e-01   1.3218018e-02
   8.6622074e-01   1.3365263e-02
   8.6287625e-01   1.3504489e-02
   8.5953177e-01   1.3635801e-02
   8.5618729e-01   1.3759301e-02
   8.5284281e-01   1.3875093e-02
   8.4949833e-01   1.3983276e-02
   8.4615385e-01   1.4083953e-02
   8.4280936e-01   1.4177223e-02
   8.3946488e-01   1.4263183e-02
   8.3612040e-01   1.4341933e-02
   8.3277592e-01   1.4413568e-02
   8.2943144e-01   1.4478185e-02
   8.2608696e-01   1.4535879e-02
   8.2274247e-01   1.4586744e-02
   8.1939799e-01   1.4630873e-02
   8.1605351e-01   1.4668359e-02
   8.1270903e-01   1.4699293e-02
   8.0936455e-01   1.4723766e-02
   8.0602007e-01   1.4741868e-02
   8.0267559e-01   1.4753687e-02
   7.9933110e-01   1.4759312e-02
   7.9598662e-01   1.4758829e-02
   7.9264214e-01   1.4752326e-02
   7.8929766e-01   1.4739887e-02
   7.8595318e-01   1.4721598e-02
   7.8260870e-01   1.4697542e-02
   7.7926421e-01   1.4667802e-02
   7.7591973e-01   1.4632461e-02
   7.7257525e-01   1.4591599e-02
   7.6923077e-01   1.4545298e-02
   7.6588629e-01   1.4493638e-02
   7.6254181e-01   1.4436697e-02
   7.5919732e-01   1.4374553e-02
   7.5585284e-01   1.4307284e-02
   7.5250836e-01   1.4234967e-02
   7.4916388e-01   1.4157677e-02
   7.4581940e-01   1.4075490e-02
   7.4247492e-01   1.3988480e-02
   7.3913043e-01   1.3896720e-02
   7.3578595e-01   1.3800283e-02
   7.3244147e-01   1.3699242e-02
   7.2909699e-01   1.3593667e-02
   7.2575251e-01   1.3483630e-02
   7.2240803e-01   1.3369200e-02
   7.1906355e-01   1.3250446e-02
   7.1571906e-01   1.3127437e-02
   7.1237458e-01   1.3000241e-02
   7.0903010e-01   1.2868924e-02
   7.0568562e-01   1.2733554e-02
   7.0234114e-01   1.2594194e-02
   6.9899666e-01   1.2450912e-02
   6.9565217e-01   1.2303770e-02
   6.9230769e-01   1.2152833e-02
   6.8896321e-01   1.1998163e-02
   6.8561873e-01   1.1839823e-02
   6.8227425e-01   1.1677874e-02
   6.7892977e-01   1.1512377e-02
   6.7558528e-01   1.1343394e-02
   6.7224080e-01   1.1170982e-02
   6.6889632e-01   1.0995203e-02
   6.6555184e-01   1.0816113e-02
   6.6220736e-01   1.0633772e-02
   6.5886288e-01   1.0448236e-02
   6.5551839e-01   1.0259561e-02
   6.5217391e-01   1.0067805e-02
   6.4882943e-01   9.8730226e-03
   6.4548495e-01   9.6752686e-03
   6.4214047e-01   9.4745976e-03
   6.3879599e-01   9.2710633e-03
   6.3545151e-01   9.0647192e-03
   6.3210702e-01   8.8556178e-03
   6.2876254e-01   8.6438114e-03
   6.2541806e-01   8.4293517e-03
   6.2207358e-01   8.2122898e-03
   6.1872910e-01   7.9926765e-03
   6.1538462e-01   7.7705617e-03
   6.1204013e-01   7.5459952e-03
   6.0869565e-01   7.3190262e-03
   6.0535117e-01   7.0897033e-03
   6.0200669e-01   6.8580748e-03
   5.9866221e-01   6.6241883e-03
   5.9531773e-01   6.3880913e-03
   5.9197324e-01   6.1498305e-03
   5.8862876e-01   5.9094524e-03
   5.8528428e-01   5.6670030e-03
   5.8193980e-01   5.4225278e-03
   5.7859532e-01   5.1760721e-03
   5.7525084e-01   4.9276807e-03
   5.7190635e-01   4.6773978e-03
   5.6856187e-01   4.4252676e-03
   5.6521739e-01   4.1713337e-03
   5.6187291e-01   3.9156393e-03
   5.5852843e-01   3.6582274e-03
   5.5518395e-01   3.3991406e-03
   5.5183946e-01   3.1384212e-03
   5.4849498e-01   2.8761111e-03
   5.4515050e-01   2.6122519e-03
   5.4180602e-01   2.3468851e-03
   5.3846154e-01   2.0800516e-03
   5.3511706e-01   1.8117922e-03
   5.3177258e-01   1.5421475e-03
   5.2842809e-01   1.2711577e-03
   5.2508361e-01   9.9886287e-04
   5.2173913e-01   7.2530278e-04
   5.1839465e-01   4.5051701e-04
   5.1505017e-01   1.7454493e-04
   5.1170569e-01  -1.0257428e-04
   5.0836120e-01  -3.8080162e-04
   5.0501672e-01  -6.6009826e-04
   5.0167224e-01  -9.4042552e-04
   4.9832776e-01  -1.2217449e-03
   4.9498328e-01  -1.5040179e-03
   4.9163880e-01  -1.7872064e-03
   4.8829431e-01  -2.0712721e-03
   4.8494983e-01  -2.3561769e-03
   4.8160535e-01  -2.6418828e-03
   4.7826087e-01  -2.9283519e-03
   4.7491639e-01  -3.2155462e-03
   4.7157191e-01  -3.5034278e-03
   4.6822742e-01  -3.7919589e-03
   4.6488294e-01  -4.0811015e-03
   4.6153846e-01  -4.3708178e-03
   4.5819398e-01  -4.6610699e-03
   4.5484950e-01  -4.9518197e-03
   4.5150502e-01  -5.2430292e-03
   4.4816054e-01  -5.5346603e-03
   4.4481605e-01  -5.8266748e-03
   4.4147157e-01  -6.1190343e-03
   4.3812709e-01  -6.4117002e-03
   4.3478261e-01  -6.7046340e-03
   4.3143813e-01  -6.9977968e-03
   4.2809365e-01  -7.2911495e-03
   4.2474916e-01  -7.5846530e-03
   4.2140468e-01  -7.8782678e-03
   4.1806020e-01  -8.1719540e-03
   4.1471572e-01  -8.4656717e-03
   4.1137124e-01  -8.7593806e-03
   4.0802676e-01  -9.0530400e-03
   4.0468227e-01  -9.3466090e-03
   4.0133779e-01  -9.6400460e-03
   3.9799331e-01  -9.9333095e-03
   3.9464883e-01  -1.0226357e-02
   3.9130435e-01  -1.0519146e-02
   3.8795987e-01  -1.0811634e-02
   3.8461538e-01  -1.1103777e-02
   3.8127090e-01  -1.1395530e-02
   3.7792642e-01  -1.1686849e-02
   3.7458194e-01  -1.1977689e-02
   3.7123746e-01  -1.2268004e-02
   3.6789298e-01  -1.2557747e-02
   3.6454849e-01  -1.2846871e-02
   3.6120401e-01  -1.3135329e-02
   3.5785953e-01  -1.3423070e-02
   3.5451505e-01  -1.3710047e-02
   3.5117057e-01  -1.3996209e-02
   3.4782609e-01  -1.4281504e-02
   3.4448161e-01  -1.4565881e-02
   3.4113712e-01  -1.4849286e-02
   3.3779264e-01  -1.5131666e-02
   3.3444816e-01  -1.5412965e-02
   3.3110368e-01  -1.5693129e-02
   3.2775920e-01  -1.5972099e-02
   3.2441472e-01  -1.6249817e-02
   3.2107023e-01  -1.6526224e-02
   3.1772575e-01  -1.6801259e-02
   3.1438127e-01  -1.7074860e-02
   3.1103679e-01  -1.7346963e-02
   3.0769231e-01  -1.7617505e-02
   3.0434783e-01  -1.7886417e-02
   3.0100334e-01  -1.8153634e-02
   2.9765886e-01  -1.8419085e-02
   2.9431438e-01  -1.8682699e-02
   2.9096990e-01  -1.8944403e-02
   2.8762542e-01  -1.9204124e-02
   2.8428094e-01  -1.9461783e-02
   2.8093645e-01  -1.9717303e-02
   2.7759197e-01  -1.9970603e-02
   2.7424749e-01  -2.0221601e-02
   2.7090301e-01  -2.0470212e-02
   2.6755853e-01  -2.0716348e-02
   2.6421405e-01  -2.0959921e-02
   2.6086957e-01  -2.1200837e-02
   2.5752508e-01  -2.1439003e-02
   2.5418060e-01  -2.1674320e-02
   2.5083612e-01  -2.1906690e-02
   2.4749164e-01  -2.2136008e-02
   2.4414716e-01  -2.2362168e-02
   2.4080268e-01  -2.2585060e-02
   2.3745819e-01  -2.2804573e-02
   2.3411371e-01  -2.3020588e-02
   2.3076923e-01  -2.3232987e-02
   2.2742475e-01  -2.3441645e-02
   2.2408027e-01  -2.3646434e-02
   2.2073579e-01  -2.3847222e-02
   2.1739130e-01  -2.4043872e-02
   2.1404682e-01  -2.4236243e-02
   2.1070234e-01  -2.4424189e-02
   2.0735786e-01  -2.4607557e-02
   2.0401338e-01  -2.4786192e-02
   2.0066890e-01  -2.4959931e-02
   1.9732441e-01  -2.5128606e-02
   1.9397993e-01  -2.5292042e-02
   1.9063545e-01  -2.5450058e-02
   1.8729097e-01  -2.5602465e-02
   1.8394649e-01  -2.5749069e-02
   1.8060201e-01  -2.5889666e-02
   1.7725753e-01  -2.6024045e-02
   1.7391304e-01  -2.6151985e-02
   1.7056856e-01  -2.6273257e-02
   1.6722408e-01  -2.6387623e-02
   1.6387960e-01  -2.6494831e-02
   1.6053512e-01  -2.6594623e-02
   1.5719064e-01  -2.6686726e-02
   1.5384615e-01  -2.6770855e-02
   1.5050167e-01  -2.6846711e-02
   1.4715719e-01  -2.6913983e-02
   1.4381271e-01  -2.6972342e-02
   1.4046823e-01  -2.7021445e-02
   1.3712375e-01  -2.7060929e-02
   1.3377926e-01  -2.7090413e-02
   1.3043478e-01  -2.7109495e-02
   1.2709030e-01  -2.7117753e-02
   1.2374582e-01  -2.7114737e-02
   1.2040134e-01  -2.7099974e-02
   1.1705686e-01  -2.7072961e-02
   1.1371237e-01  -2.7033165e-02
   1.1036789e-01  -2.6980017e-02
   1.0702341e-01  -2.6912913e-02
   1.0367893e-01  -2.6831206e-02
   1.0033445e-01  -2.6734205e-02
   9.6989967e-02  -2.6621168e-02
   9.3645485e-02  -2.6491297e-02
   9.0301003e-02  -2.6343731e-02
   8.6956522e-02  -2.6177539e-02
   8.3612040e-02  -2.5991711e-02
   8.0267559e-02  -2.5785150e-02
   7.6923077e-02  -2.5556652e-02
   7.3578595e-02  -2.5304901e-02
   7.0234114e-02  -2.5028446e-02
   6.6889632e-02  -2.4725678e-02
   6.3545151e-02  -2.4394809e-02
   6.0200669e-02  -2.4033835e-02
   5.6856187e-02  -2.3640500e-02
   5.3511706e-02  -2.3212242e-02
   5.0167224e-02  -2.2746129e-02
   4.6822742e-02  -2.2238776e-02
   4.3478261e-02  -2.1686230e-02
   4.0133779e-02  -2.1083824e-02
   3.6789298e-02  -2.0425969e-02
   3.3444816e-02  -1.9705860e-02
   3.0100334e-02  -1.8915050e-02
   2.6755853e-02  -1.8042809e-02
   2.3411371e-02  -1.7075109e-02
   2.0066890e-02  -1.5992930e-02
   1.6722408e-02  -1.4769245e-02
   1.3377926e-02  -1.3363104e-02
   1.0033445e-02  -1.1706459e-02
   6.6889632e-03  -9.6683230e-03
   3.3444816e-03  -6.9149871e-03
   0.0000000e+00  -0.0000000e+00
