   0.0000000e+00   0.0000000e+00
   3.3444816e-03   6.3294607e-03
   6.6889632e-03   8.9512179e-03
   1.0033445e-02   1.0962586e-02
   1.3377926e-02   1.2657631e-02
   1.6722408e-02   1.4150191e-02
   2.0066890e-02   1.5498605e-02
   2.3411371e-02   1.6737498e-02
   2.6755853e-02   1.7889404e-02
   3.0100334e-02   1.8969956e-02
   3.3444816e-02   1.9990520e-02
   3.6789298e-02   2.0959663e-02
   4.0133779e-02   2.1884027e-02
   4.3478261e-02   2.2768887e-02
   4.6822742e-02   2.3618509e-02
   5.0167224e-02   2.4436400e-02
   5.3511706e-02   2.5225486e-02
   5.6856187e-02   2.5988234e-02
   6.0200669e-02   2.6726748e-02
   6.3545151e-02   2.7442838e-02
   6.6889632e-02   2.8138072e-02
   7.0234114e-02   2.8813823e-02
   7.3578595e-02   2.9471296e-02
   7.6923077e-02   3.0111556e-02
   8.0267559e-02   3.0735553e-02
   8.3612040e-02   3.1344133e-02
   8.6956522e-02   3.1938057e-02
   9.0301003e-02   3.2518008e-02
   9.3645485e-02   3.3084606e-02
   9.6989967e-02   3.3638414e-02
   1.0033445e-01   3.4179943e-02
   1.0367893e-01   3.4709660e-02
   1.0702341e-01   3.5227992e-02
   1.1036789e-01   3.5735334e-02
   1.1371237e-01   3.6232044e-02
   1.1705686e-01   3.6718458e-02
   1.2040134e-01   3.7194883e-02
   1.2374582e-01   3.7661604e-02
   1.2709030e-01   3.8118886e-02
   1.3043478e-01   3.8566975e-02
   1.3377926e-01   3.9006100e-02
   1.3712375e-01   3.9436474e-02
   1.4046823e-01   3.9858297e-02
   1.4381271e-01   4.0271755e-02
   1.4715719e-01   4.0677024e-02
   1.5050167e-01   4.1074266e-02
   1.5384615e-01   4.1463637e-02
   1.5719064e-01   4.1845281e-02
   1.6053512e-01   4.2219334e-02
   1.6387960e-01   4.2585925e-02
   1.6722408e-01   4.2945174e-02
   1.7056856e-01   4.3297197e-02
   1.7391304e-01   4.3642100e-02
   1.7725753e-01   4.3979988e-02
   1.8060201e-01   4.4310957e-02
   1.8394649e-01   4.4635098e-02
   1.8729097e-01   4.4952500e-02
   1.9063545e-01   4.5263245e-02
   1.9397993e-01   4.5567412e-02
   1.9732441e-01   4.5865075e-02
   2.0066890e-01   4.6156308e-02
   2.0401338e-01   4.6441177e-02
   2.0735786e-01   4.6719747e-02
   2.1070234e-01   4.6992082e-02
   2.1404682e-01   4.7258239e-02
   2.1739130e-01   4.7518277e-02
   2.2073579e-01   4.7772248e-02
   2.2408027e-01   4.8020206e-02
   2.2742475e-01   4.8262200e-02
   2.3076923e-01   4.8498278e-02
   2.3411371e-01   4.8728486e-02
   2.3745819e-01   4.8952868e-02
   2.4080268e-01   4.9171466e-02
   2.4414716e-01   4.9384322e-02
   2.4749164e-01   4.9591475e-02
   2.5083612e-01   4.9792963e-02
   2.5418060e-01   4.9988823e-02
   2.5752508e-01   5.0179090e-02
   2.6086957e-01   5.0363798e-02
   2.6421405e-01   5.0542981e-02
   2.6755853e-01   5.0716670e-02
   2.7090301e-01   5.0884897e-02
   2.7424749e-01   5.1047692e-02
   2.7759197e-01   5.1205084e-02
   2.8093645e-01   5.1357102e-02
   2.8428094e-01   5.1503773e-02
   2.8762542e-01   5.1645124e-02
   2.9096990e-01   5.1781182e-02
   2.9431438e-01   5.1911972e-02
   2.9765886e-01   5.2037519e-02
   3.0100334e-01   5.2157847e-02
   3.0434783e-01   5.2272981e-02
   3.0769231e-01   5.2382944e-02
   3.1103679e-01   5.2487758e-02
   3.1438127e-01   5.2587447e-02
   3.1772575e-01   5.2682032e-02
   3.2107023e-01   5.2771534e-02
   3.2441472e-01   5.2855976e-02
   3.2775920e-01   5.2935377e-02
   3.3110368e-01   5.3009760e-02
   3.3444816e-01   5.3079143e-02
   3.3779264e-01   5.3143547e-02
   3.4113712e-01   5.3202993e-02
   3.4448161e-01   5.3257498e-02
   3.4782609e-01   5.3307084e-02
   3.5117057e-01   5.3351769e-02
   3.5451505e-01   5.3391572e-02
   3.5785953e-01   5.3426511e-02
   3.6120401e-01   5.3456607e-02
   3.6454849e-01   5.3481876e-02
   3.6789298e-01   5.3502339e-02
   3.7123746e-01   5.3518012e-02
   3.7458194e-01   5.3528915e-02
   3.7792642e-01   5.3535065e-02
   3.8127090e-01   5.3536481e-02
   3.8461538e-01   5.3533181e-02
   3.8795987e-01   5.3525183e-02
   3.9130435e-01   5.3512505e-02
   3.9464883e-01   5.3495165e-02
   3.9799331e-01   5.3473181e-02
   4.0133779e-01   5.3446572e-02
   4.0468227e-01   5.3415354e-02
   4.0802676e-01   5.3379547e-02
   4.1137124e-01   5.3339168e-02
   4.1471572e-01   5.3294236e-02
   4.1806020e-01   5.3244769e-02
   4.2140468e-01   5.3190785e-02
   4.2474916e-01   5.3132302e-02
   4.2809365e-01   5.3069339e-02
   4.3143813e-01   5.3001915e-02
   4.3478261e-01   5.2930047e-02
   4.3812709e-01   5.2853756e-02
   4.4147157e-01   5.2773059e-02
   4.4481605e-01   5.2687975e-02
   4.4816054e-01   5.2598524e-02
   4.5150502e-01   5.2504724e-02
   4.5484950e-01   5.2406595e-02
   4.5819398e-01   5.2304157e-02
   4.6153846e-01   5.2197429e-02
   4.6488294e-01   5.2086430e-02
   4.6822742e-01   5.1971180e-02
   4.7157191e-01   5.1851700e-02
   4.7491639e-01   5.1728010e-02
   4.7826087e-01   5.1600129e-02
   4.8160535e-01   5.1468079e-02
   4.8494983e-01   5.1331880e-02
   4.8829431e-01   5.1191553e-02
   4.9163880e-01   5.1047119e-02
   4.9498328e-01   5.0898599e-02
   4.9832776e-01   5.0746015e-02
   5.0167224e-01   5.0589387e-02
   5.0501672e-01   5.0428739e-02
   5.0836120e-01   5.0264092e-02
   5.1170569e-01   5.0095469e-02
   5.1505017e-01   4.9922890e-02
   5.1839465e-01   4.9746381e-02
   5.2173913e-01   4.9565962e-02
   5.2508361e-01   4.9381657e-02
   5.2842809e-01   4.9193491e-02
   5.3177258e-01   4.9001485e-02
   5.3511706e-01   4.8805663e-02
   5.3846154e-01   4.8606051e-02
   5.4180602e-01   4.8402672e-02
   5.4515050e-01   4.8195550e-02
   5.4849498e-01   4.7984710e-02
   5.5183946e-01   4.7770177e-02
   5.5518395e-01   4.7551976e-02
   5.5852843e-01   4.7330133e-02
   5.6187291e-01   4.7104674e-02
   5.6521739e-01   4.6875623e-02
   5.6856187e-01   4.6643008e-02
   5.7190635e-01   4.6406856e-02
   5.7525084e-01   4.6167191e-02
   5.7859532e-01   4.5924043e-02
   5.8193980e-01   4.5677437e-02
   5.8528428e-01   4.5427401e-02
   5.8862876e-01   4.5173964e-02
   5.9197324e-01   4.4917153e-02
   5.9531773e-01   4.4656996e-02
   5.9866221e-01   4.4393523e-02
   6.0200669e-01   4.4126761e-02
   6.0535117e-01   4.3856741e-02
   6.0869565e-01   4.3583491e-02
   6.1204013e-01   4.3307041e-02
   6.1538462e-01   4.3027422e-02
   6.1872910e-01   4.2744663e-02
   6.2207358e-01   4.2458796e-02
   6.2541806e-01   4.2169851e-02
   6.2876254e-01   4.1877859e-02
   6.3210702e-01   4.1582852e-02
   6.3545151e-01   4.1284861e-02
   6.3879599e-01   4.0983919e-02
   6.4214047e-01   4.0680058e-02
   6.4548495e-01   4.0373310e-02
   6.4882943e-01   4.0063709e-02
   6.5217391e-01   3.9751288e-02
   6.5551839e-01   3.9436080e-02
   6.5886288e-01   3.9118120e-02
   6.6220736e-01   3.8797441e-02
   6.6555184e-01   3.8474078e-02
   6.6889632e-01   3.8148066e-02
   6.7224080e-01   3.7819440e-02
   6.7558528e-01   3.7488236e-02
   6.7892977e-01   3.7154489e-02
   6.8227425e-01   3.6818235e-02
   6.8561873e-01   3.6479511e-02
   6.8896321e-01   3.6138353e-02
   6.9230769e-01   3.5794799e-02
   6.9565217e-01   3.5448886e-02
   6.9899666e-01   3.5100651e-02
   7.0234114e-01   3.4750133e-02
   7.0568562e-01   3.4397370e-02
   7.0903010e-01   3.4042401e-02
   7.1237458e-01   3.3685264e-02
   7.1571906e-01   3.3326000e-02
   7.1906355e-01   3.2964647e-02
   7.2240803e-01   3.2601246e-02
   7.2575251e-01   3.2235837e-02
   7.2909699e-01   3.1868460e-02
   7.3244147e-01   3.1499158e-02
   7.3578595e-01   3.1127971e-02
   7.3913043e-01   3.0754941e-02
   7.4247492e-01   3.0380109e-02
   7.4581940e-01   3.0003519e-02
   7.4916388e-01   2.9625213e-02
   7.5250836e-01   2.9245234e-02
   7.5585284e-01   2.8863626e-02
   7.5919732e-01   2.8480432e-02
   7.6254181e-01   2.8095696e-02
   7.6588629e-01   2.7709463e-02
   7.6923077e-01   2.7321778e-02
   7.7257525e-01   2.6932686e-02
   7.7591973e-01   2.6542232e-02
   7.7926421e-01   2.6150462e-02
   7.8260870e-01   2.5757423e-02
   7.8595318e-01   2.5363161e-02
   7.8929766e-01   2.4967723e-02
   7.9264214e-01   2.4571157e-02
   7.9598662e-01   2.4173509e-02
   7.9933110e-01   2.3774828e-02
   8.0267559e-01   2.3375162e-02
   8.0602007e-01   2.2974561e-02
   8.0936455e-01   2.2573072e-02
   8.1270903e-01   2.2170747e-02
   8.1605351e-01   2.1767633e-02
   8.1939799e-01   2.1363782e-02
   8.2274247e-01   2.0959245e-02
   8.2608696e-01   2.0554071e-02
   8.2943144e-01   2.0148313e-02
   8.3277592e-01   1.9742022e-02
   8.3612040e-01   1.9335249e-02
   8.3946488e-01   1.8928048e-02
   8.4280936e-01   1.8520472e-02
   8.4615385e-01   1.8112572e-02
   8.4949833e-01   1.7704404e-02
   8.5284281e-01   1.7296020e-02
   8.5618729e-01   1.6887475e-02
   8.5953177e-01   1.6478824e-02
   8.6287625e-01   1.6070121e-02
   8.6622074e-01   1.5661422e-02
   8.6956522e-01   1.5252783e-02
   8.7290970e-01   1.4844260e-02
   8.7625418e-01   1.4435909e-02
   8.7959866e-01   1.4027788e-02
   8.8294314e-01   1.3619953e-02
   8.8628763e-01   1.3212462e-02
   8.8963211e-01   1.2805374e-02
   8.9297659e-01   1.2398746e-02
   8.9632107e-01   1.1992638e-02
   8.9966555e-01   1.1587109e-02
   9.0301003e-01   1.1182218e-02
   9.0635452e-01   1.0778025e-02
   9.0969900e-01   1.0374592e-02
   9.1304348e-01   9.9719771e-03
   9.1638796e-01   9.5702432e-03
   9.1973244e-01   9.1694515e-03
   9.2307692e-01   8.7696638e-03
   9.2642140e-01   8.3709425e-03
   9.2976589e-01   7.9733502e-03
   9.3311037e-01   7.5769501e-03
   9.3645485e-01   7.1818057e-03
   9.3979933e-01   6.7879809e-03
   9.4314381e-01   6.3955399e-03
   9.4648829e-01   6.0045474e-03
   9.4983278e-01   5.6150686e-03
   9.5317726e-01   5.2271689e-03
   9.5652174e-01   4.8409141e-03
   9.5986622e-01   4.4563706e-03
   9.6321070e-01   4.0736050e-03
   9.6655518e-01   3.6926845e-03
   9.6989967e-01   3.3136764e-03
   9.7324415e-01   2.9366487e-03
   9.7658863e-01   2.5616697e-03
   9.7993311e-01   2.1888080e-03
   9.8327759e-01   1.8181328e-03
   9.8662207e-01   1.4497135e-03
   9.8996656e-01   1.0836201e-03
   9.9331104e-01   7.1992278e-04
   9.9665552e-01   3.5869239e-04
   1.0000000e+00   0.0000000e+00
   1.0000000e+00   0.0000000e+00
   9.9665552e-01  -1.1196106e-04
   9.9331104e-01  -2.3289790e-04
   9.8996656e-01  -3.6256099e-04
   9.8662207e-01  -5.0070358e-04
   9.8327759e-01  -6.4708169e-04
   9.7993311e-01  -8.0145409e-04
   9.7658863e-01  -9.6358230e-04
   9.7324415e-01  -1.1332306e-03
   9.6989967e-01  -1.3101660e-03
   9.6655518e-01  -1.4941582e-03
   9.6321070e-01  -1.6849795e-03
   9.5986622e-01  -1.8824053e-03
   9.5652174e-01  -2.0862132e-03
   9.5317726e-01  -2.2961838e-03
   9.4983278e-01  -2.5121003e-03
   9.4648829e-01  -2.7337485e-03
   9.4314381e-01  -2.9609169e-03
   9.3979933e-01  -3.1933966e-03
   9.3645485e-01  -3.4309816e-03
   9.3311037e-01  -3.6734681e-03
   9.2976589e-01  -3.9206552e-03
   9.2642140e-01  -4.1723446e-03
   9.2307692e-01  -4.4283405e-03
   9.1973244e-01  -4.6884497e-03
   9.1638796e-01  -4.9524816e-03
   9.1304348e-01  -5.2202483e-03
   9.0969900e-01  -5.4915642e-03
   9.0635452e-01  -5.7662465e-03
   9.0301003e-01  -6.0441147e-03
   8.9966555e-01  -6.3249911e-03
   8.9632107e-01  -6.6087003e-03
   8.9297659e-01  -6.8950695e-03
   8.8963211e-01  -7.1839285e-03
   8.8628763e-01  -7.4751093e-03
   8.8294314e-01  -7.7684468e-03
   8.7959866e-01  -8.0637779e-03
   8.7625418e-01  -8.3609423e-03
   8.7290970e-01  -8.6597821e-03
   8.6956522e-01  -8.9601417e-03
   8.6622074e-01  -9.2618681e-03
   8.6287625e-01  -9.5648106e-03
   8.5953177e-01  -9.8688210e-03
   8.5618729e-01  -1.0173753e-02
   8.5284281e-01  -1.0479464e-02
   8.4949833e-01  -1.0785813e-02
   8.4615385e-01  -1.1092660e-02
   8.4280936e-01  -1.1399869e-02
   8.3946488e-01  -1.1707307e-02
   8.3612040e-01  -1.2014842e-02
   8.3277592e-01  -1.2322344e-02
   8.2943144e-01  -1.2629687e-02
   8.2608696e-01  -1.2936745e-02
   8.2274247e-01  -1.3243396e-02
   8.1939799e-01  -1.3549520e-02
   8.1605351e-01  -1.3855000e-02
   8.1270903e-01  -1.4159719e-02
   8.0936455e-01  -1.4463564e-02
   8.0602007e-01  -1.4766424e-02
   8.0267559e-01  -1.5068190e-02
   7.9933110e-01  -1.5368756e-02
   7.9598662e-01  -1.5668017e-02
   7.9264214e-01  -1.5965871e-02
   7.8929766e-01  -1.6262217e-02
   7.8595318e-01  -1.6556958e-02
   7.8260870e-01  -1.6849998e-02
   7.7926421e-01  -1.7141244e-02
   7.7591973e-01  -1.7430603e-02
   7.7257525e-01  -1.7717987e-02
   7.6923077e-01  -1.8003308e-02
   7.6588629e-01  -1.8286482e-02
   7.6254181e-01  -1.8567425e-02
   7.5919732e-01  -1.8846055e-02
   7.5585284e-01  -1.9122296e-02
   7.5250836e-01  -1.9396068e-02
   7.4916388e-01  -1.9667299e-02
   7.4581940e-01  -1.9935915e-02
   7.4247492e-01  -2.0201844e-02
   7.3913043e-01  -2.0465020e-02
   7.3578595e-01  -2.0725374e-02
   7.3244147e-01  -2.0982842e-02
   7.2909699e-01  -2.1237362e-02
   7.2575251e-01  -2.1488872e-02
   7.2240803e-01  -2.1737314e-02
   7.1906355e-01  -2.1982631e-02
   7.1571906e-01  -2.2224768e-02
   7.1237458e-01  -2.2463671e-02
   7.0903010e-01  -2.2699290e-02
   7.0568562e-01  -2.2931575e-02
   7.0234114e-01  -2.3160479e-02
   6.9899666e-01  -2.3385956e-02
   6.9565217e-01  -2.3607963e-02
   6.9230769e-01  -2.3826457e-02
   6.8896321e-01  -2.4041399e-02
   6.8561873e-01  -2.4252750e-02
   6.8227425e-01  -2.4460474e-02
   6.7892977e-01  -2.4664536e-02
   6.7558528e-01  -2.4864904e-02
   6.7224080e-01  -2.5061545e-02
   6.6889632e-01  -2.5254431e-02
   6.6555184e-01  -2.5443534e-02
   6.6220736e-01  -2.5628829e-02
   6.5886288e-01  -2.5810289e-02
   6.5551839e-01  -2.5987894e-02
   6.5217391e-01  -2.6161622e-02
   6.4882943e-01  -2.6331454e-02
   6.4548495e-01  -2.6497373e-02
   6.4214047e-01  -2.6659361e-02
   6.3879599e-01  -2.6817406e-02
   6.3545151e-01  -2.6971493e-02
   6.3210702e-01  -2.7121613e-02
   6.2876254e-01  -2.7267755e-02
   6.2541806e-01  -2.7409911e-02
   6.2207358e-01  -2.7548074e-02
   6.1872910e-01  -2.7682241e-02
   6.1538462e-01  -2.7812406e-02
   6.1204013e-01  -2.7938569e-02
   6.0869565e-01  -2.8060729e-02
   6.0535117e-01  -2.8178886e-02
   6.0200669e-01  -2.8293043e-02
   5.9866221e-01  -2.8403205e-02
   5.9531773e-01  -2.8509375e-02
   5.9197324e-01  -2.8611561e-02
   5.8862876e-01  -2.8709771e-02
   5.8528428e-01  -2.8804014e-02
   5.8193980e-01  -2.8894301e-02
   5.7859532e-01  -2.8980645e-02
   5.7525084e-01  -2.9063057e-02
   5.7190635e-01  -2.9141555e-02
   5.6856187e-01  -2.9216152e-02
   5.6521739e-01  -2.9286867e-02
   5.6187291e-01  -2.9353718e-02
   5.5852843e-01  -2.9416725e-02
   5.5518395e-01  -2.9475909e-02
   5.5183946e-01  -2.9531292e-02
   5.4849498e-01  -2.9582898e-02
   5.4515050e-01  -2.9630750e-02
   5.4180602e-01  -2.9674875e-02
   5.3846154e-01  -2.9715300e-02
   5.3511706e-01  -2.9752052e-02
   5.3177258e-01  -2.9785161e-02
   5.2842809e-01  -2.9814656e-02
   5.2508361e-01  -2.9840570e-02
   5.2173913e-01  -2.9862933e-02
   5.1839465e-01  -2.9881779e-02
   5.1505017e-01  -2.9897142e-02
   5.1170569e-01  -2.9909058e-02
   5.0836120e-01  -2.9917563e-02
   5.0501672e-01  -2.9922693e-02
   5.0167224e-01  -2.9924487e-02
   4.9832776e-01  -2.9922984e-02
   4.9498328e-01  -2.9918223e-02
   4.9163880e-01  -2.9910245e-02
   4.8829431e-01  -2.9899091e-02
   4.8494983e-01  -2.9884804e-02
   4.8160535e-01  -2.9867427e-02
   4.7826087e-01  -2.9847003e-02
   4.7491639e-01  -2.9823577e-02
   4.7157191e-01  -2.9797195e-02
   4.6822742e-01  -2.9767902e-02
   4.6488294e-01  -2.9735744e-02
   4.6153846e-01  -2.9700770e-02
   4.5819398e-01  -2.9663027e-02
   4.5484950e-01  -2.9622564e-02
   4.5150502e-01  -2.9579429e-02
   4.4816054e-01  -2.9533673e-02
   4.4481605e-01  -2.9485345e-02
   4.4147157e-01  -2.9434497e-02
   4.3812709e-01  -2.9381179e-02
   4.3478261e-01  -2.9325443e-02
   4.3143813e-01  -2.9267341e-02
   4.2809365e-01  -2.9206926e-02
   4.2474916e-01  -2.9144250e-02
   4.2140468e-01  -2.9079367e-02
   4.1806020e-01  -2.9012329e-02
   4.1471572e-01  -2.8943191e-02
   4.1137124e-01  -2.8872007e-02
   4.0802676e-01  -2.8798831e-02
   4.0468227e-01  -2.8723717e-02
   4.0133779e-01  -2.8646719e-02
   3.9799331e-01  -2.8567894e-02
   3.9464883e-01  -2.8487294e-02
   3.9130435e-01  -2.8404976e-02
   3.8795987e-01  -2.8320994e-02
   3.8461538e-01  -2.8235403e-02
   3.8127090e-01  -2.8148257e-02
   3.7792642e-01  -2.8059613e-02
   3.7458194e-01  -2.7969524e-02
   3.7123746e-01  -2.7878044e-02
   3.6789298e-01  -2.7785229e-02
   3.6454849e-01  -2.7691132e-02
   3.6120401e-01  -2.7595808e-02
   3.5785953e-01  -2.7499309e-02
   3.5451505e-01  -2.7401689e-02
   3.5117057e-01  -2.7303001e-02
   3.4782609e-01  -2.7203298e-02
   3.4448161e-01  -2.7102631e-02
   3.4113712e-01  -2.7001051e-02
   3.3779264e-01  -2.6898611e-02
   3.3444816e-01  -2.6795359e-02
   3.3110368e-01  -2.6691346e-02
   3.2775920e-01  -2.6586620e-02
   3.2441472e-01  -2.6481230e-02
   3.2107023e-01  -2.6375223e-02
   3.1772575e-01  -2.6268645e-02
   3.1438127e-01  -2.6161543e-02
   3.1103679e-01  -2.6053960e-02
   3.0769231e-01  -2.5945941e-02
   3.0434783e-01  -2.5837528e-02
   3.0100334e-01  -2.5728761e-02
   2.9765886e-01  -2.5619682e-02
   2.9431438e-01  -2.5510330e-02
   2.9096990e-01  -2.5400740e-02
   2.8762542e-01  -2.5290951e-02
   2.8428094e-01  -2.5180995e-02
   2.8093645e-01  -2.5070907e-02
   2.7759197e-01  -2.4960718e-02
   2.7424749e-01  -2.4850456e-02
   2.7090301e-01  -2.4740151e-02
   2.6755853e-01  -2.4629827e-02
   2.6421405e-01  -2.4519510e-02
   2.6086957e-01  -2.4409220e-02
   2.5752508e-01  -2.4298977e-02
   2.5418060e-01  -2.4188799e-02
   2.5083612e-01  -2.4078700e-02
   2.4749164e-01  -2.3968694e-02
   2.4414716e-01  -2.3858790e-02
   2.4080268e-01  -2.3748994e-02
   2.3745819e-01  -2.3639312e-02
   2.3411371e-01  -2.3529745e-02
   2.3076923e-01  -2.3420291e-02
   2.2742475e-01  -2.3310944e-02
   2.2408027e-01  -2.3201697e-02
   2.2073579e-01  -2.3092536e-02
   2.1739130e-01  -2.2983447e-02
   2.1404682e-01  -2.2874409e-02
   2.1070234e-01  -2.2765398e-02
   2.0735786e-01  -2.2656386e-02
   2.0401338e-01  -2.2547341e-02
   2.0066890e-01  -2.2438225e-02
   1.9732441e-01  -2.2328996e-02
   1.9397993e-01  -2.2219605e-02
   1.9063545e-01  -2.2109999e-02
   1.8729097e-01  -2.2000121e-02
   1.8394649e-01  -2.1889904e-02
   1.8060201e-01  -2.1779277e-02
   1.7725753e-01  -2.1668163e-02
   1.7391304e-01  -2.1556475e-02
   1.7056856e-01  -2.1444122e-02
   1.6722408e-01  -2.1331003e-02
   1.6387960e-01  -2.1217009e-02
   1.6053512e-01  -2.1102022e-02
   1.5719064e-01  -2.0985916e-02
   1.5384615e-01  -2.0868552e-02
   1.5050167e-01  -2.0749784e-02
   1.4715719e-01  -2.0629452e-02
   1.4381271e-01  -2.0507386e-02
   1.4046823e-01  -2.0383403e-02
   1.3712375e-01  -2.0257304e-02
   1.3377926e-01  -2.0128878e-02
   1.3043478e-01  -1.9997898e-02
   1.2709030e-01  -1.9864119e-02
   1.2374582e-01  -1.9727278e-02
   1.2040134e-01  -1.9587093e-02
   1.1705686e-01  -1.9443261e-02
   1.1371237e-01  -1.9295455e-02
   1.1036789e-01  -1.9143322e-02
   1.0702341e-01  -1.8986485e-02
   1.0367893e-01  -1.8824534e-02
   1.0033445e-01  -1.8657028e-02
   9.6989967e-02  -1.8483487e-02
   9.3645485e-02  -1.8303394e-02
   9.0301003e-02  -1.8116186e-02
   8.6956522e-02  -1.7921251e-02
   8.3612040e-02  -1.7717919e-02
   8.0267559e-02  -1.7505461e-02
   7.6923077e-02  -1.7283075e-02
   7.3578595e-02  -1.7049878e-02
   7.0234114e-02  -1.6804895e-02
   6.6889632e-02  -1.6547045e-02
   6.3545151e-02  -1.6275120e-02
   6.0200669e-02  -1.5987771e-02
   5.6856187e-02  -1.5683472e-02
   5.3511706e-02  -1.5360494e-02
   5.0167224e-02  -1.5016861e-02
   4.6822742e-02  -1.4650289e-02
   4.3478261e-02  -1.4258120e-02
   4.0133779e-02  -1.3837218e-02
   3.6789298e-02  -1.3383836e-02
   3.3444816e-02  -1.2893423e-02
   3.0100334e-02  -1.2360347e-02
   2.6755853e-02  -1.1777471e-02
   2.3411371e-02  -1.1135493e-02
   2.0066890e-02  -1.0421840e-02
   1.6722408e-02  -9.6186996e-03
   1.3377926e-02  -8.6991602e-03
   1.0033445e-02  -7.6186235e-03
   6.6889632e-03  -6.2914562e-03
   3.3444816e-03  -4.4999465e-03
   0.0000000e+00  -0.0000000e+00
