   0.0000000e+00   0.0000000e+00
   3.3444816e-03   1.1608444e-02
   6.6889632e-03   1.6302605e-02
   1.0033445e-02   1.9827898e-02
   1.3377926e-02   2.2736629e-02
   1.6722408e-02   2.5244517e-02
   2.0066890e-02   2.7463103e-02
   2.3411371e-02   2.9459192e-02
   2.6755853e-02   3.1276670e-02
   3.0100334e-02   3.2946275e-02
   3.3444816e-02   3.4490573e-02
   3.6789298e-02   3.5926745e-02
   4.0133779e-02   3.7268251e-02
   4.3478261e-02   3.8525883e-02
   4.6822742e-02   3.9708467e-02
   5.0167224e-02   4.0823339e-02
   5.3511706e-02   4.1876677e-02
   5.6856187e-02   4.2873755e-02
   6.0200669e-02   4.3819115e-02
   6.3545151e-02   4.4716708e-02
   6.6889632e-02   4.5570002e-02
   7.0234114e-02   4.6382056e-02
   7.3578595e-02   4.7155593e-02
   7.6923077e-02   4.7893046e-02
   8.0267559e-02   4.8596605e-02
   8.3612040e-02   4.9268247e-02
   8.6956522e-02   4.9909765e-02
   9.0301003e-02   5.0522795e-02
   9.3645485e-02   5.1108830e-02
   9.6989967e-02   5.1669243e-02
   1.0033445e-01   5.2205295e-02
   1.0367893e-01   5.2718151e-02
   1.0702341e-01   5.3208891e-02
   1.1036789e-01   5.3678514e-02
   1.1371237e-01   5.4127951e-02
   1.1705686e-01   5.4558070e-02
   1.2040134e-01   5.4969679e-02
   1.2374582e-01   5.5363538e-02
   1.2709030e-01   5.5740356e-02
   1.3043478e-01   5.6100800e-02
   1.3377926e-01   5.6445497e-02
   1.3712375e-01   5.6775037e-02
   1.4046823e-01   5.7089977e-02
   1.4381271e-01   5.7390843e-02
   1.4715719e-01   5.7678132e-02
   1.5050167e-01   5.7952313e-02
   1.5384615e-01   5.8213833e-02
   1.5719064e-01   5.8463113e-02
   1.6053512e-01   5.8700554e-02
   1.6387960e-01   5.8926537e-02
   1.6722408e-01   5.9141425e-02
   1.7056856e-01   5.9345562e-02
   1.7391304e-01   5.9539277e-02
   1.7725753e-01   5.9722881e-02
   1.8060201e-01   5.9896675e-02
   1.8394649e-01   6.0060941e-02
   1.8729097e-01   6.0215952e-02
   1.9063545e-01   6.0361969e-02
   1.9397993e-01   6.0499238e-02
   1.9732441e-01   6.0627997e-02
   2.0066890e-01   6.0748474e-02
   2.0401338e-01   6.0860887e-02
   2.0735786e-01   6.0965442e-02
   2.1070234e-01   6.1062341e-02
   2.1404682e-01   6.1151774e-02
   2.1739130e-01   6.1233924e-02
   2.2073579e-01   6.1308968e-02
   2.2408027e-01   6.1377074e-02
   2.2742475e-01   6.1438405e-02
   2.3076923e-01   6.1493115e-02
   2.3411371e-01   6.1541354e-02
   2.3745819e-01   6.1583266e-02
   2.4080268e-01   6.1618988e-02
   2.4414716e-01   6.1648653e-02
   2.4749164e-01   6.1672388e-02
   2.5083612e-01   6.1690315e-02
   2.5418060e-01   6.1702553e-02
   2.5752508e-01   6.1709213e-02
   2.6086957e-01   6.1710405e-02
   2.6421405e-01   6.1706235e-02
   2.6755853e-01   6.1696801e-02
   2.7090301e-01   6.1682202e-02
   2.7424749e-01   6.1662531e-02
   2.7759197e-01   6.1637877e-02
   2.8093645e-01   6.1608327e-02
   2.8428094e-01   6.1573964e-02
   2.8762542e-01   6.1534868e-02
   2.9096990e-01   6.1491117e-02
   2.9431438e-01   6.1442784e-02
   2.9765886e-01   6.1389942e-02
   3.0100334e-01   6.1332659e-02
   3.0434783e-01   6.1271001e-02
   3.0769231e-01   6.1205033e-02
   3.1103679e-01   6.1134816e-02
   3.1438127e-01   6.1060410e-02
   3.1772575e-01   6.0981871e-02
   3.2107023e-01   6.0899255e-02
   3.2441472e-01   6.0812615e-02
   3.2775920e-01   6.0722002e-02
   3.3110368e-01   6.0627465e-02
   3.3444816e-01   6.0529053e-02
   3.3779264e-01   6.0426810e-02
   3.4113712e-01   6.0320781e-02
   3.4448161e-01   6.0211009e-02
   3.4782609e-01   6.0097535e-02
   3.5117057e-01   5.9980398e-02
   3.5451505e-01   5.9859636e-02
   3.5785953e-01   5.9735287e-02
   3.6120401e-01   5.9607387e-02
   3.6454849e-01   5.9475969e-02
   3.6789298e-01   5.9341066e-02
   3.7123746e-01   5.9202711e-02
   3.7458194e-01   5.9060935e-02
   3.7792642e-01   5.8915768e-02
   3.8127090e-01   5.8767237e-02
   3.8461538e-01   5.8615373e-02
   3.8795987e-01   5.8460200e-02
   3.9130435e-01   5.8301746e-02
   3.9464883e-01   5.8140036e-02
   3.9799331e-01   5.7975094e-02
   4.0133779e-01   5.7806944e-02
   4.0468227e-01   5.7635609e-02
   4.0802676e-01   5.7461112e-02
   4.1137124e-01   5.7283473e-02
   4.1471572e-01   5.7102714e-02
   4.1806020e-01   5.6918856e-02
   4.2140468e-01   5.6731918e-02
   4.2474916e-01   5.6541919e-02
   4.2809365e-01   5.6348879e-02
   4.3143813e-01   5.6152815e-02
   4.3478261e-01   5.5953747e-02
   4.3812709e-01   5.5751690e-02
   4.4147157e-01   5.5546663e-02
   4.4481605e-01   5.5338682e-02
   4.4816054e-01   5.5127764e-02
   4.5150502e-01   5.4913924e-02
   4.5484950e-01   5.4697178e-02
   4.5819398e-01   5.4477543e-02
   4.6153846e-01   5.4255033e-02
   4.6488294e-01   5.4029663e-02
   4.6822742e-01   5.3801449e-02
   4.7157191e-01   5.3570405e-02
   4.7491639e-01   5.3336546e-02
   4.7826087e-01   5.3099886e-02
   4.8160535e-01   5.2860440e-02
   4.8494983e-01   5.2618222e-02
   4.8829431e-01   5.2373246e-02
   4.9163880e-01   5.2125527e-02
   4.9498328e-01   5.1875078e-02
   4.9832776e-01   5.1621914e-02
   5.0167224e-01   5.1366049e-02
   5.0501672e-01   5.1107498e-02
   5.0836120e-01   5.0846273e-02
   5.1170569e-01   5.0582391e-02
   5.1505017e-01   5.0315865e-02
   5.1839465e-01   5.0046709e-02
   5.2173913e-01   4.9774939e-02
   5.2508361e-01   4.9500569e-02
   5.2842809e-01   4.9223614e-02
   5.3177258e-01   4.8944090e-02
   5.3511706e-01   4.8662011e-02
   5.3846154e-01   4.8377392e-02
   5.4180602e-01   4.8090251e-02
   5.4515050e-01   4.7800602e-02
   5.4849498e-01   4.7508462e-02
   5.5183946e-01   4.7213846e-02
   5.5518395e-01   4.6916773e-02
   5.5852843e-01   4.6617258e-02
   5.6187291e-01   4.6315320e-02
   5.6521739e-01   4.6010975e-02
   5.6856187e-01   4.5704242e-02
   5.7190635e-01   4.5395138e-02
   5.7525084e-01   4.5083684e-02
   5.7859532e-01   4.4769896e-02
   5.8193980e-01   4.4453795e-02
   5.8528428e-01   4.4135401e-02
   5.8862876e-01   4.3814733e-02
   5.9197324e-01   4.3491813e-02
   5.9531773e-01   4.3166661e-02
   5.9866221e-01   4.2839298e-02
   6.0200669e-01   4.2509747e-02
   6.0535117e-01   4.2178030e-02
   6.0869565e-01   4.1844170e-02
   6.1204013e-01   4.1508189e-02
   6.1538462e-01   4.1170113e-02
   6.1872910e-01   4.0829964e-02
   6.2207358e-01   4.0487769e-02
   6.2541806e-01   4.0143552e-02
   6.2876254e-01   3.9797339e-02
   6.3210702e-01   3.9449157e-02
   6.3545151e-01   3.9099032e-02
   6.3879599e-01   3.8746993e-02
   6.4214047e-01   3.8393067e-02
   6.4548495e-01   3.8037283e-02
   6.4882943e-01   3.7679671e-02
   6.5217391e-01   3.7320260e-02
   6.5551839e-01   3.6959081e-02
   6.5886288e-01   3.6596166e-02
   6.6220736e-01   3.6231546e-02
   6.6555184e-01   3.5865253e-02
   6.6889632e-01   3.5497322e-02
   6.7224080e-01   3.5127785e-02
   6.7558528e-01   3.4756677e-02
   6.7892977e-01   3.4384034e-02
   6.8227425e-01   3.4009892e-02
   6.8561873e-01   3.3634286e-02
   6.8896321e-01   3.3257254e-02
   6.9230769e-01   3.2878835e-02
   6.9565217e-01   3.2499067e-02
   6.9899666e-01   3.2117989e-02
   7.0234114e-01   3.1735643e-02
   7.0568562e-01   3.1352068e-02
   7.0903010e-01   3.0967307e-02
   7.1237458e-01   3.0581402e-02
   7.1571906e-01   3.0194397e-02
   7.1906355e-01   2.9806335e-02
   7.2240803e-01   2.9417263e-02
   7.2575251e-01   2.9027224e-02
   7.2909699e-01   2.8636267e-02
   7.3244147e-01   2.8244437e-02
   7.3578595e-01   2.7851785e-02
   7.3913043e-01   2.7458358e-02
   7.4247492e-01   2.7064206e-02
   7.4581940e-01   2.6669380e-02
   7.4916388e-01   2.6273933e-02
   7.5250836e-01   2.5877915e-02
   7.5585284e-01   2.5481381e-02
   7.5919732e-01   2.5084385e-02
   7.6254181e-01   2.4686982e-02
   7.6588629e-01   2.4289227e-02
   7.6923077e-01   2.3891179e-02
   7.7257525e-01   2.3492894e-02
   7.7591973e-01   2.3094431e-02
   7.7926421e-01   2.2695851e-02
   7.8260870e-01   2.2297213e-02
   7.8595318e-01   2.1898580e-02
   7.8929766e-01   2.1500013e-02
   7.9264214e-01   2.1101577e-02
   7.9598662e-01   2.0703335e-02
   7.9933110e-01   2.0305353e-02
   8.0267559e-01   1.9907697e-02
   8.0602007e-01   1.9510435e-02
   8.0936455e-01   1.9113635e-02
   8.1270903e-01   1.8717367e-02
   8.1605351e-01   1.8321700e-02
   8.1939799e-01   1.7926706e-02
   8.2274247e-01   1.7532457e-02
   8.2608696e-01   1.7139026e-02
   8.2943144e-01   1.6746489e-02
   8.3277592e-01   1.6354921e-02
   8.3612040e-01   1.5964397e-02
   8.3946488e-01   1.5574995e-02
   8.4280936e-01   1.5186795e-02
   8.4615385e-01   1.4799875e-02
   8.4949833e-01   1.4414316e-02
   8.5284281e-01   1.4030201e-02
   8.5618729e-01   1.3647611e-02
   8.5953177e-01   1.3266631e-02
   8.6287625e-01   1.2887346e-02
   8.6622074e-01   1.2509842e-02
   8.6956522e-01   1.2134206e-02
   8.7290970e-01   1.1760527e-02
   8.7625418e-01   1.1388893e-02
   8.7959866e-01   1.1019395e-02
   8.8294314e-01   1.0652126e-02
   8.8628763e-01   1.0287178e-02
   8.8963211e-01   9.9246439e-03
   8.9297659e-01   9.5646201e-03
   8.9632107e-01   9.2072024e-03
   8.9966555e-01   8.8524882e-03
   9.0301003e-01   8.5005760e-03
   9.0635452e-01   8.1515656e-03
   9.0969900e-01   7.8055578e-03
   9.1304348e-01   7.4626547e-03
   9.1638796e-01   7.1229596e-03
   9.1973244e-01   6.7865768e-03
   9.2307692e-01   6.4536120e-03
   9.2642140e-01   6.1241720e-03
   9.2976589e-01   5.7983648e-03
   9.3311037e-01   5.4762997e-03
   9.3645485e-01   5.1580871e-03
   9.3979933e-01   4.8438387e-03
   9.4314381e-01   4.5336674e-03
   9.4648829e-01   4.2276873e-03
   9.4983278e-01   3.9260138e-03
   9.5317726e-01   3.6287636e-03
   9.5652174e-01   3.3360543e-03
   9.5986622e-01   3.0480053e-03
   9.6321070e-01   2.7647368e-03
   9.6655518e-01   2.4863705e-03
   9.6989967e-01   2.2130293e-03
   9.7324415e-01   1.9448373e-03
   9.7658863e-01   1.6819200e-03
   9.7993311e-01   1.4244042e-03
   9.8327759e-01   1.1724178e-03
   9.8662207e-01   9.2609029e-04
   9.8996656e-01   6.8555214e-04
   9.9331104e-01   4.5093534e-04
   9.9665552e-01   2.2237311e-04
   1.0000000e+00   0.0000000e+00
   1.0000000e+00   0.0000000e+00
   9.9665552e-01  -1.2245251e-04
   9.9331104e-01  -2.5035704e-04
   9.8996656e-01  -3.8355178e-04
   9.8662207e-01  -5.2187677e-04
   9.8327759e-01  -6.6517392e-04
   9.7993311e-01  -8.1328699e-04
   9.7658863e-01  -9.6606157e-04
   9.7324415e-01  -1.1233451e-03
   9.6989967e-01  -1.2849868e-03
   9.6655518e-01  -1.4508379e-03
   9.6321070e-01  -1.6207511e-03
   9.5986622e-01  -1.7945813e-03
   9.5652174e-01  -1.9721850e-03
   9.5317726e-01  -2.1534204e-03
   9.4983278e-01  -2.3381477e-03
   9.4648829e-01  -2.5262288e-03
   9.4314381e-01  -2.7175274e-03
   9.3979933e-01  -2.9119089e-03
   9.3645485e-01  -3.1092406e-03
   9.3311037e-01  -3.3093913e-03
   9.2976589e-01  -3.5122319e-03
   9.2642140e-01  -3.7176348e-03
   9.2307692e-01  -3.9254742e-03
   9.1973244e-01  -4.1356260e-03
   9.1638796e-01  -4.3479680e-03
   9.1304348e-01  -4.5623795e-03
   9.0969900e-01  -4.7787416e-03
   9.0635452e-01  -4.9969370e-03
   9.0301003e-01  -5.2168504e-03
   8.9966555e-01  -5.4383678e-03
   8.9632107e-01  -5.6613772e-03
   8.9297659e-01  -5.8857681e-03
   8.8963211e-01  -6.1114316e-03
   8.8628763e-01  -6.3382608e-03
   8.8294314e-01  -6.5661501e-03
   8.7959866e-01  -6.7949956e-03
   8.7625418e-01  -7.0246953e-03
   8.7290970e-01  -7.2551486e-03
   8.6956522e-01  -7.4862565e-03
   8.6622074e-01  -7.7179218e-03
   8.6287625e-01  -7.9500488e-03
   8.5953177e-01  -8.1825434e-03
   8.5618729e-01  -8.4153131e-03
   8.5284281e-01  -8.6482671e-03
   8.4949833e-01  -8.8813159e-03
   8.4615385e-01  -9.1143720e-03
   8.4280936e-01  -9.3473491e-03
   8.3946488e-01  -9.5801626e-03
   8.3612040e-01  -9.8127295e-03
   8.3277592e-01  -1.0044968e-02
   8.2943144e-01  -1.0276799e-02
   8.2608696e-01  -1.0508143e-02
   8.2274247e-01  -1.0738924e-02
   8.1939799e-01  -1.0969066e-02
   8.1605351e-01  -1.1198495e-02
   8.1270903e-01  -1.1427139e-02
   8.0936455e-01  -1.1654927e-02
   8.0602007e-01  -1.1881790e-02
   8.0267559e-01  -1.2107659e-02
   7.9933110e-01  -1.2332469e-02
   7.9598662e-01  -1.2556154e-02
   7.9264214e-01  -1.2778650e-02
   7.8929766e-01  -1.2999896e-02
   7.8595318e-01  -1.3219831e-02
   7.8260870e-01  -1.3438396e-02
   7.7926421e-01  -1.3655532e-02
   7.7591973e-01  -1.3871184e-02
   7.7257525e-01  -1.4085297e-02
   7.6923077e-01  -1.4297816e-02
   7.6588629e-01  -1.4508690e-02
   7.6254181e-01  -1.4717867e-02
   7.5919732e-01  -1.4925299e-02
   7.5585284e-01  -1.5130938e-02
   7.5250836e-01  -1.5334736e-02
   7.4916388e-01  -1.5536648e-02
   7.4581940e-01  -1.5736630e-02
   7.4247492e-01  -1.5934639e-02
   7.3913043e-01  -1.6130634e-02
   7.3578595e-01  -1.6324576e-02
   7.3244147e-01  -1.6516424e-02
   7.2909699e-01  -1.6706142e-02
   7.2575251e-01  -1.6893693e-02
   7.2240803e-01  -1.7079043e-02
   7.1906355e-01  -1.7262157e-02
   7.1571906e-01  -1.7443004e-02
   7.1237458e-01  -1.7621552e-02
   7.0903010e-01  -1.7797771e-02
   7.0568562e-01  -1.7971633e-02
   7.0234114e-01  -1.8143111e-02
   6.9899666e-01  -1.8312177e-02
   6.9565217e-01  -1.8478807e-02
   6.9230769e-01  -1.8642977e-02
   6.8896321e-01  -1.8804665e-02
   6.8561873e-01  -1.8963848e-02
   6.8227425e-01  -1.9120508e-02
   6.7892977e-01  -1.9274623e-02
   6.7558528e-01  -1.9426178e-02
   6.7224080e-01  -1.9575154e-02
   6.6889632e-01  -1.9721535e-02
   6.6555184e-01  -1.9865308e-02
   6.6220736e-01  -2.0006459e-02
   6.5886288e-01  -2.0144976e-02
   6.5551839e-01  -2.0280846e-02
   6.5217391e-01  -2.0414060e-02
   6.4882943e-01  -2.0544609e-02
   6.4548495e-01  -2.0672484e-02
   6.4214047e-01  -2.0797679e-02
   6.3879599e-01  -2.0920187e-02
   6.3545151e-01  -2.1040004e-02
   6.3210702e-01  -2.1157125e-02
   6.2876254e-01  -2.1271548e-02
   6.2541806e-01  -2.1383270e-02
   6.2207358e-01  -2.1492290e-02
   6.1872910e-01  -2.1598610e-02
   6.1538462e-01  -2.1702228e-02
   6.1204013e-01  -2.1803148e-02
   6.0869565e-01  -2.1901372e-02
   6.0535117e-01  -2.1996904e-02
   6.0200669e-01  -2.2089749e-02
   5.9866221e-01  -2.2179911e-02
   5.9531773e-01  -2.2267399e-02
   5.9197324e-01  -2.2352218e-02
   5.8862876e-01  -2.2434378e-02
   5.8528428e-01  -2.2513888e-02
   5.8193980e-01  -2.2590756e-02
   5.7859532e-01  -2.2664995e-02
   5.7525084e-01  -2.2736615e-02
   5.7190635e-01  -2.2805630e-02
   5.6856187e-01  -2.2872052e-02
   5.6521739e-01  -2.2935896e-02
   5.6187291e-01  -2.2997176e-02
   5.5852843e-01  -2.3055907e-02
   5.5518395e-01  -2.3112107e-02
   5.5183946e-01  -2.3165791e-02
   5.4849498e-01  -2.3216979e-02
   5.4515050e-01  -2.3265688e-02
   5.4180602e-01  -2.3311937e-02
   5.3846154e-01  -2.3355747e-02
   5.3511706e-01  -2.3397137e-02
   5.3177258e-01  -2.3436130e-02
   5.2842809e-01  -2.3472747e-02
   5.2508361e-01  -2.3507010e-02
   5.2173913e-01  -2.3538942e-02
   5.1839465e-01  -2.3568567e-02
   5.1505017e-01  -2.3595910e-02
   5.1170569e-01  -2.3620995e-02
   5.0836120e-01  -2.3643847e-02
   5.0501672e-01  -2.3664493e-02
   5.0167224e-01  -2.3682958e-02
   4.9832776e-01  -2.3699270e-02
   4.9498328e-01  -2.3713457e-02
   4.9163880e-01  -2.3725546e-02
   4.8829431e-01  -2.3735565e-02
   4.8494983e-01  -2.3743544e-02
   4.8160535e-01  -2.3749512e-02
   4.7826087e-01  -2.3753498e-02
   4.7491639e-01  -2.3755532e-02
   4.7157191e-01  -2.3755645e-02
   4.6822742e-01  -2.3753868e-02
   4.6488294e-01  -2.3750232e-02
   4.6153846e-01  -2.3744768e-02
   4.5819398e-01  -2.3737508e-02
   4.5484950e-01  -2.3728485e-02
   4.5150502e-01  -2.3717730e-02
   4.4816054e-01  -2.3705276e-02
   4.4481605e-01  -2.3691157e-02
   4.4147157e-01  -2.3675404e-02
   4.3812709e-01  -2.3658052e-02
   4.3478261e-01  -2.3639134e-02
   4.3143813e-01  -2.3618683e-02
   4.2809365e-01  -2.3596734e-02
   4.2474916e-01  -2.3573319e-02
   4.2140468e-01  -2.3548473e-02
   4.1806020e-01  -2.3522230e-02
   4.1471572e-01  -2.3494624e-02
   4.1137124e-01  -2.3465689e-02
   4.0802676e-01  -2.3435459e-02
   4.0468227e-01  -2.3403968e-02
   4.0133779e-01  -2.3371250e-02
   3.9799331e-01  -2.3337340e-02
   3.9464883e-01  -2.3302269e-02
   3.9130435e-01  -2.3266074e-02
   3.8795987e-01  -2.3228787e-02
   3.8461538e-01  -2.3190441e-02
   3.8127090e-01  -2.3151069e-02
   3.7792642e-01  -2.3110705e-02
   3.7458194e-01  -2.3069382e-02
   3.7123746e-01  -2.3027131e-02
   3.6789298e-01  -2.2983985e-02
   3.6454849e-01  -2.2939976e-02
   3.6120401e-01  -2.2895134e-02
   3.5785953e-01  -2.2849491e-02
   3.5451505e-01  -2.2803078e-02
   3.5117057e-01  -2.2755924e-02
   3.4782609e-01  -2.2708059e-02
   3.4448161e-01  -2.2659513e-02
   3.4113712e-01  -2.2610312e-02
   3.3779264e-01  -2.2560486e-02
   3.3444816e-01  -2.2510061e-02
   3.3110368e-01  -2.2459064e-02
   3.2775920e-01  -2.2407521e-02
   3.2441472e-01  -2.2355456e-02
   3.2107023e-01  -2.2302894e-02
   3.1772575e-01  -2.2249858e-02
   3.1438127e-01  -2.2196370e-02
   3.1103679e-01  -2.2142452e-02
   3.0769231e-01  -2.2088124e-02
   3.0434783e-01  -2.2033406e-02
   3.0100334e-01  -2.1978316e-02
   2.9765886e-01  -2.1922871e-02
   2.9431438e-01  -2.1867087e-02
   2.9096990e-01  -2.1810979e-02
   2.8762542e-01  -2.1754560e-02
   2.8428094e-01  -2.1697842e-02
   2.8093645e-01  -2.1640835e-02
   2.7759197e-01  -2.1583550e-02
   2.7424749e-01  -2.1525992e-02
   2.7090301e-01  -2.1468169e-02
   2.6755853e-01  -2.1410084e-02
   2.6421405e-01  -2.1351739e-02
   2.6086957e-01  -2.1293135e-02
   2.5752508e-01  -2.1234271e-02
   2.5418060e-01  -2.1175142e-02
   2.5083612e-01  -2.1115745e-02
   2.4749164e-01  -2.1056069e-02
   2.4414716e-01  -2.0996106e-02
   2.4080268e-01  -2.0935843e-02
   2.3745819e-01  -2.0875264e-02
   2.3411371e-01  -2.0814352e-02
   2.3076923e-01  -2.0753087e-02
   2.2742475e-01  -2.0691444e-02
   2.2408027e-01  -2.0629399e-02
   2.2073579e-01  -2.0566920e-02
   2.1739130e-01  -2.0503976e-02
   2.1404682e-01  -2.0440530e-02
   2.1070234e-01  -2.0376542e-02
   2.0735786e-01  -2.0311968e-02
   2.0401338e-01  -2.0246762e-02
   2.0066890e-01  -2.0180871e-02
   1.9732441e-01  -2.0114239e-02
   1.9397993e-01  -2.0046806e-02
   1.9063545e-01  -1.9978506e-02
   1.8729097e-01  -1.9909269e-02
   1.8394649e-01  -1.9839018e-02
   1.8060201e-01  -1.9767674e-02
   1.7725753e-01  -1.9695147e-02
   1.7391304e-01  -1.9621346e-02
   1.7056856e-01  -1.9546169e-02
   1.6722408e-01  -1.9469511e-02
   1.6387960e-01  -1.9391256e-02
   1.6053512e-01  -1.9311283e-02
   1.5719064e-01  -1.9229461e-02
   1.5384615e-01  -1.9145652e-02
   1.5050167e-01  -1.9059707e-02
   1.4715719e-01  -1.8971469e-02
   1.4381271e-01  -1.8880767e-02
   1.4046823e-01  -1.8787423e-02
   1.3712375e-01  -1.8691243e-02
   1.3377926e-01  -1.8592024e-02
   1.3043478e-01  -1.8489545e-02
   1.2709030e-01  -1.8383573e-02
   1.2374582e-01  -1.8273858e-02
   1.2040134e-01  -1.8160132e-02
   1.1705686e-01  -1.8042108e-02
   1.1371237e-01  -1.7919479e-02
   1.1036789e-01  -1.7791915e-02
   1.0702341e-01  -1.7659062e-02
   1.0367893e-01  -1.7520540e-02
   1.0033445e-01  -1.7375936e-02
   9.6989967e-02  -1.7224809e-02
   9.3645485e-02  -1.7066677e-02
   9.0301003e-02  -1.6901023e-02
   8.6956522e-02  -1.6727280e-02
   8.3612040e-02  -1.6544835e-02
   8.0267559e-02  -1.6353014e-02
   7.6923077e-02  -1.6151082e-02
   7.3578595e-02  -1.5938228e-02
   7.0234114e-02  -1.5713558e-02
   6.6889632e-02  -1.5476081e-02
   6.3545151e-02  -1.5224691e-02
   6.0200669e-02  -1.4958149e-02
   5.6856187e-02  -1.4675059e-02
   5.3511706e-02  -1.4373835e-02
   5.0167224e-02  -1.4052664e-02
   4.6822742e-02  -1.3709453e-02
   4.3478261e-02  -1.3341759e-02
   4.0133779e-02  -1.2946701e-02
   3.6789298e-02  -1.2520835e-02
   3.3444816e-02  -1.2059971e-02
   3.0100334e-02  -1.1558918e-02
   2.6755853e-02  -1.1011093e-02
   2.3411371e-02  -1.0407905e-02
   2.0066890e-02  -9.7377272e-03
   1.6722408e-02  -8.9840657e-03
   1.3377926e-02  -8.1219735e-03
   1.0033445e-02  -7.1100557e-03
   6.6889632e-03  -5.8687384e-03
   3.3444816e-03  -4.1954941e-03
   0.0000000e+00  -0.0000000e+00
