   0.0000000e+00   0.0000000e+00
   3.3444816e-03   9.1353797e-03
   6.6889632e-03   1.2859234e-02
   1.0033445e-02   1.5676019e-02
   1.3377926e-02   1.8016967e-02
   1.6722408e-02   2.0050011e-02
   2.0066890e-02   2.1861729e-02
   2.3411371e-02   2.3503819e-02
   2.6755853e-02   2.5010141e-02
   3.0100334e-02   2.6404336e-02
   3.3444816e-02   2.7703708e-02
   3.6789298e-02   2.8921387e-02
   4.0133779e-02   3.0067628e-02
   4.3478261e-02   3.1150630e-02
   4.6822742e-02   3.2177073e-02
   5.0167224e-02   3.3152492e-02
   5.3511706e-02   3.4081536e-02
   5.6856187e-02   3.4968160e-02
   6.0200669e-02   3.5815759e-02
   6.3545151e-02   3.6627278e-02
   6.6889632e-02   3.7405293e-02
   7.0234114e-02   3.8152071e-02
   7.3578595e-02   3.8869624e-02
   7.6923077e-02   3.9559743e-02
   8.0267559e-02   4.0224037e-02
   8.3612040e-02   4.0863955e-02
   8.6956522e-02   4.1480806e-02
   9.0301003e-02   4.2075782e-02
   9.3645485e-02   4.2649969e-02
   9.6989967e-02   4.3204363e-02
   1.0033445e-01   4.3739877e-02
   1.0367893e-01   4.4257351e-02
   1.0702341e-01   4.4757563e-02
   1.1036789e-01   4.5241232e-02
   1.1371237e-01   4.5709026e-02
   1.1705686e-01   4.6161567e-02
   1.2040134e-01   4.6599433e-02
   1.2374582e-01   4.7023166e-02
   1.2709030e-01   4.7433272e-02
   1.3043478e-01   4.7830227e-02
   1.3377926e-01   4.8214475e-02
   1.3712375e-01   4.8586437e-02
   1.4046823e-01   4.8946508e-02
   1.4381271e-01   4.9295060e-02
   1.4715719e-01   4.9632445e-02
   1.5050167e-01   4.9958996e-02
   1.5384615e-01   5.0275029e-02
   1.5719064e-01   5.0580842e-02
   1.6053512e-01   5.0876718e-02
   1.6387960e-01   5.1162928e-02
   1.6722408e-01   5.1439727e-02
   1.7056856e-01   5.1707359e-02
   1.7391304e-01   5.1966055e-02
   1.7725753e-01   5.2216039e-02
   1.8060201e-01   5.2457519e-02
   1.8394649e-01   5.2690700e-02
   1.8729097e-01   5.2915772e-02
   1.9063545e-01   5.3132920e-02
   1.9397993e-01   5.3342321e-02
   1.9732441e-01   5.3544143e-02
   2.0066890e-01   5.3738548e-02
   2.0401338e-01   5.3925692e-02
   2.0735786e-01   5.4105722e-02
   2.1070234e-01   5.4278782e-02
   2.1404682e-01   5.4445009e-02
   2.1739130e-01   5.4604534e-02
   2.2073579e-01   5.4757484e-02
   2.2408027e-01   5.4903982e-02
   2.2742475e-01   5.5044142e-02
   2.3076923e-01   5.5178080e-02
   2.3411371e-01   5.5305903e-02
   2.3745819e-01   5.5427715e-02
   2.4080268e-01   5.5543618e-02
   2.4414716e-01   5.5653709e-02
   2.4749164e-01   5.5758081e-02
   2.5083612e-01   5.5856825e-02
   2.5418060e-01   5.5950027e-02
   2.5752508e-01   5.6037773e-02
   2.6086957e-01   5.6120144e-02
   2.6421405e-01   5.6197217e-02
   2.6755853e-01   5.6269070e-02
   2.7090301e-01   5.6335775e-02
   2.7424749e-01   5.6397403e-02
   2.7759197e-01   5.6454023e-02
   2.8093645e-01   5.6505702e-02
   2.8428094e-01   5.6552504e-02
   2.8762542e-01   5.6594490e-02
   2.9096990e-01   5.6631722e-02
   2.9431438e-01   5.6664257e-02
   2.9765886e-01   5.6692152e-02
   3.0100334e-01   5.6715462e-02
   3.0434783e-01   5.6734239e-02
   3.0769231e-01   5.6748536e-02
   3.1103679e-01   5.6758403e-02
   3.1438127e-01   5.6763887e-02
   3.1772575e-01   5.6765035e-02
   3.2107023e-01   5.6761894e-02
   3.2441472e-01   5.6754508e-02
   3.2775920e-01   5.6742919e-02
   3.3110368e-01   5.6727169e-02
   3.3444816e-01   5.6707299e-02
   3.3779264e-01   5.6683349e-02
   3.4113712e-01   5.6655355e-02
   3.4448161e-01   5.6623357e-02
   3.4782609e-01   5.6587389e-02
   3.5117057e-01   5.6547488e-02
   3.5451505e-01   5.6503687e-02
   3.5785953e-01   5.6456020e-02
   3.6120401e-01   5.6404520e-02
   3.6454849e-01   5.6349217e-02
   3.6789298e-01   5.6290143e-02
   3.7123746e-01   5.6227328e-02
   3.7458194e-01   5.6160801e-02
   3.7792642e-01   5.6090590e-02
   3.8127090e-01   5.6016724e-02
   3.8461538e-01   5.5939229e-02
   3.8795987e-01   5.5858133e-02
   3.9130435e-01   5.5773460e-02
   3.9464883e-01   5.5685237e-02
   3.9799331e-01   5.5593487e-02
   4.0133779e-01   5.5498235e-02
   4.0468227e-01   5.5399505e-02
   4.0802676e-01   5.5297320e-02
   4.1137124e-01   5.5191702e-02
   4.1471572e-01   5.5082673e-02
   4.1806020e-01   5.4970255e-02
   4.2140468e-01   5.4854470e-02
   4.2474916e-01   5.4735337e-02
   4.2809365e-01   5.4612878e-02
   4.3143813e-01   5.4487112e-02
   4.3478261e-01   5.4358059e-02
   4.3812709e-01   5.4225738e-02
   4.4147157e-01   5.4090168e-02
   4.4481605e-01   5.3951368e-02
   4.4816054e-01   5.3809356e-02
   4.5150502e-01   5.3664150e-02
   4.5484950e-01   5.3515768e-02
   4.5819398e-01   5.3364227e-02
   4.6153846e-01   5.3209544e-02
   4.6488294e-01   5.3051737e-02
   4.6822742e-01   5.2890822e-02
   4.7157191e-01   5.2726815e-02
   4.7491639e-01   5.2559733e-02
   4.7826087e-01   5.2389593e-02
   4.8160535e-01   5.2216409e-02
   4.8494983e-01   5.2040198e-02
   4.8829431e-01   5.1860975e-02
   4.9163880e-01   5.1678757e-02
   4.9498328e-01   5.1493557e-02
   4.9832776e-01   5.1305391e-02
   5.0167224e-01   5.1114275e-02
   5.0501672e-01   5.0920224e-02
   5.0836120e-01   5.0723252e-02
   5.1170569e-01   5.0523373e-02
   5.1505017e-01   5.0320604e-02
   5.1839465e-01   5.0114958e-02
   5.2173913e-01   4.9906450e-02
   5.2508361e-01   4.9695094e-02
   5.2842809e-01   4.9480906e-02
   5.3177258e-01   4.9263899e-02
   5.3511706e-01   4.9044088e-02
   5.3846154e-01   4.8821487e-02
   5.4180602e-01   4.8596111e-02
   5.4515050e-01   4.8367973e-02
   5.4849498e-01   4.8137090e-02
   5.5183946e-01   4.7903474e-02
   5.5518395e-01   4.7667140e-02
   5.5852843e-01   4.7428103e-02
   5.6187291e-01   4.7186377e-02
   5.6521739e-01   4.6941977e-02
   5.6856187e-01   4.6694917e-02
   5.7190635e-01   4.6445211e-02
   5.7525084e-01   4.6192876e-02
   5.7859532e-01   4.5937924e-02
   5.8193980e-01   4.5680371e-02
   5.8528428e-01   4.5420233e-02
   5.8862876e-01   4.5157523e-02
   5.9197324e-01   4.4892257e-02
   5.9531773e-01   4.4624450e-02
   5.9866221e-01   4.4354117e-02
   6.0200669e-01   4.4081274e-02
   6.0535117e-01   4.3805936e-02
   6.0869565e-01   4.3528119e-02
   6.1204013e-01   4.3247838e-02
   6.1538462e-01   4.2965109e-02
   6.1872910e-01   4.2679948e-02
   6.2207358e-01   4.2392372e-02
   6.2541806e-01   4.2102396e-02
   6.2876254e-01   4.1810037e-02
   6.3210702e-01   4.1515311e-02
   6.3545151e-01   4.1218236e-02
   6.3879599e-01   4.0918827e-02
   6.4214047e-01   4.0617103e-02
   6.4548495e-01   4.0313080e-02
   6.4882943e-01   4.0006775e-02
   6.5217391e-01   3.9698207e-02
   6.5551839e-01   3.9387393e-02
   6.5886288e-01   3.9074351e-02
   6.6220736e-01   3.8759099e-02
   6.6555184e-01   3.8441656e-02
   6.6889632e-01   3.8122039e-02
   6.7224080e-01   3.7800268e-02
   6.7558528e-01   3.7476362e-02
   6.7892977e-01   3.7150340e-02
   6.8227425e-01   3.6822222e-02
   6.8561873e-01   3.6492026e-02
   6.8896321e-01   3.6159773e-02
   6.9230769e-01   3.5825483e-02
   6.9565217e-01   3.5489177e-02
   6.9899666e-01   3.5150874e-02
   7.0234114e-01   3.4810596e-02
   7.0568562e-01   3.4468364e-02
   7.0903010e-01   3.4124199e-02
   7.1237458e-01   3.3778123e-02
   7.1571906e-01   3.3430157e-02
   7.1906355e-01   3.3080324e-02
   7.2240803e-01   3.2728646e-02
   7.2575251e-01   3.2375145e-02
   7.2909699e-01   3.2019845e-02
   7.3244147e-01   3.1662769e-02
   7.3578595e-01   3.1303940e-02
   7.3913043e-01   3.0943382e-02
   7.4247492e-01   3.0581119e-02
   7.4581940e-01   3.0217176e-02
   7.4916388e-01   2.9851576e-02
   7.5250836e-01   2.9484346e-02
   7.5585284e-01   2.9115509e-02
   7.5919732e-01   2.8745092e-02
   7.6254181e-01   2.8373121e-02
   7.6588629e-01   2.7999622e-02
   7.6923077e-01   2.7624620e-02
   7.7257525e-01   2.7248144e-02
   7.7591973e-01   2.6870219e-02
   7.7926421e-01   2.6490874e-02
   7.8260870e-01   2.6110136e-02
   7.8595318e-01   2.5728034e-02
   7.8929766e-01   2.5344595e-02
   7.9264214e-01   2.4959848e-02
   7.9598662e-01   2.4573823e-02
   7.9933110e-01   2.4186549e-02
   8.0267559e-01   2.3798056e-02
   8.0602007e-01   2.3408373e-02
   8.0936455e-01   2.3017532e-02
   8.1270903e-01   2.2625563e-02
   8.1605351e-01   2.2232497e-02
   8.1939799e-01   2.1838366e-02
   8.2274247e-01   2.1443201e-02
   8.2608696e-01   2.1047035e-02
   8.2943144e-01   2.0649901e-02
   8.3277592e-01   2.0251831e-02
   8.3612040e-01   1.9852859e-02
   8.3946488e-01   1.9453018e-02
   8.4280936e-01   1.9052343e-02
   8.4615385e-01   1.8650868e-02
   8.4949833e-01   1.8248629e-02
   8.5284281e-01   1.7845659e-02
   8.5618729e-01   1.7441995e-02
   8.5953177e-01   1.7037673e-02
   8.6287625e-01   1.6632729e-02
   8.6622074e-01   1.6227201e-02
   8.6956522e-01   1.5821124e-02
   8.7290970e-01   1.5414537e-02
   8.7625418e-01   1.5007479e-02
   8.7959866e-01   1.4599986e-02
   8.8294314e-01   1.4192098e-02
   8.8628763e-01   1.3783855e-02
   8.8963211e-01   1.3375296e-02
   8.9297659e-01   1.2966460e-02
   8.9632107e-01   1.2557389e-02
   8.9966555e-01   1.2148123e-02
   9.0301003e-01   1.1738703e-02
   9.0635452e-01   1.1329172e-02
   9.0969900e-01   1.0919571e-02
   9.1304348e-01   1.0509943e-02
   9.1638796e-01   1.0100331e-02
   9.1973244e-01   9.6907783e-03
   9.2307692e-01   9.2813288e-03
   9.2642140e-01   8.8720267e-03
   9.2976589e-01   8.4629169e-03
   9.3311037e-01   8.0540445e-03
   9.3645485e-01   7.6454550e-03
   9.3979933e-01   7.2371947e-03
   9.4314381e-01   6.8293099e-03
   9.4648829e-01   6.4218476e-03
   9.4983278e-01   6.0148552e-03
   9.5317726e-01   5.6083806e-03
   9.5652174e-01   5.2024722e-03
   9.5986622e-01   4.7971785e-03
   9.6321070e-01   4.3925490e-03
   9.6655518e-01   3.9886333e-03
   9.6989967e-01   3.5854814e-03
   9.7324415e-01   3.1831442e-03
   9.7658863e-01   2.7816726e-03
   9.7993311e-01   2.3811182e-03
   9.8327759e-01   1.9815330e-03
   9.8662207e-01   1.5829696e-03
   9.8996656e-01   1.1854809e-03
   9.9331104e-01   7.8912035e-04
   9.9665552e-01   3.9394191e-04
   1.0000000e+00   0.0000000e+00
   1.0000000e+00   0.0000000e+00
   9.9665552e-01  -1.4942262e-04
   9.9331104e-01  -3.0424431e-04
   9.8996656e-01  -4.6431251e-04
   9.8662207e-01  -6.2947631e-04
   9.8327759e-01  -7.9958643e-04
   9.7993311e-01  -9.7449523e-04
   9.7658863e-01  -1.1540567e-03
   9.7324415e-01  -1.3381265e-03
   9.6989967e-01  -1.5265619e-03
   9.6655518e-01  -1.7192217e-03
   9.6321070e-01  -1.9159663e-03
   9.5986622e-01  -2.1166580e-03
   9.5652174e-01  -2.3211603e-03
   9.5317726e-01  -2.5293386e-03
   9.4983278e-01  -2.7410597e-03
   9.4648829e-01  -2.9561921e-03
   9.4314381e-01  -3.1746057e-03
   9.3979933e-01  -3.3961722e-03
   9.3645485e-01  -3.6207648e-03
   9.3311037e-01  -3.8482582e-03
   9.2976589e-01  -4.0785286e-03
   9.2642140e-01  -4.3114540e-03
   9.2307692e-01  -4.5469136e-03
   9.1973244e-01  -4.7847884e-03
   9.1638796e-01  -5.0249608e-03
   9.1304348e-01  -5.2673148e-03
   9.0969900e-01  -5.5117359e-03
   9.0635452e-01  -5.7581112e-03
   9.0301003e-01  -6.0063290e-03
   8.9966555e-01  -6.2562794e-03
   8.9632107e-01  -6.5078540e-03
   8.9297659e-01  -6.7609458e-03
   8.8963211e-01  -7.0154492e-03
   8.8628763e-01  -7.2712602e-03
   8.8294314e-01  -7.5282762e-03
   8.7959866e-01  -7.7863962e-03
   8.7625418e-01  -8.0455205e-03
   8.7290970e-01  -8.3055510e-03
   8.6956522e-01  -8.5663909e-03
   8.6622074e-01  -8.8279450e-03
   8.6287625e-01  -9.0901193e-03
   8.5953177e-01  -9.3528215e-03
   8.5618729e-01  -9.6159606e-03
   8.5284281e-01  -9.8794470e-03
   8.4949833e-01  -1.0143192e-02
   8.4615385e-01  -1.0407110e-02
   8.4280936e-01  -1.0671115e-02
   8.3946488e-01  -1.0935123e-02
   8.3612040e-01  -1.1199052e-02
   8.3277592e-01  -1.1462819e-02
   8.2943144e-01  -1.1726346e-02
   8.2608696e-01  -1.1989554e-02
   8.2274247e-01  -1.2252366e-02
   8.1939799e-01  -1.2514706e-02
   8.1605351e-01  -1.2776500e-02
   8.1270903e-01  -1.3037675e-02
   8.0936455e-01  -1.3298158e-02
   8.0602007e-01  -1.3557880e-02
   8.0267559e-01  -1.3816771e-02
   7.9933110e-01  -1.4074764e-02
   7.9598662e-01  -1.4331792e-02
   7.9264214e-01  -1.4587790e-02
   7.8929766e-01  -1.4842695e-02
   7.8595318e-01  -1.5096443e-02
   7.8260870e-01  -1.5348974e-02
   7.7926421e-01  -1.5600226e-02
   7.7591973e-01  -1.5850143e-02
   7.7257525e-01  -1.6098665e-02
   7.6923077e-01  -1.6345737e-02
   7.6588629e-01  -1.6591305e-02
   7.6254181e-01  -1.6835313e-02
   7.5919732e-01  -1.7077710e-02
   7.5585284e-01  -1.7318444e-02
   7.5250836e-01  -1.7557465e-02
   7.4916388e-01  -1.7794724e-02
   7.4581940e-01  -1.8030174e-02
   7.4247492e-01  -1.8263769e-02
   7.3913043e-01  -1.8495462e-02
   7.3578595e-01  -1.8725210e-02
   7.3244147e-01  -1.8952969e-02
   7.2909699e-01  -1.9178699e-02
   7.2575251e-01  -1.9402358e-02
   7.2240803e-01  -1.9623907e-02
   7.1906355e-01  -1.9843308e-02
   7.1571906e-01  -2.0060523e-02
   7.1237458e-01  -2.0275517e-02
   7.0903010e-01  -2.0488254e-02
   7.0568562e-01  -2.0698701e-02
   7.0234114e-01  -2.0906825e-02
   6.9899666e-01  -2.1112594e-02
   6.9565217e-01  -2.1315978e-02
   6.9230769e-01  -2.1516948e-02
   6.8896321e-01  -2.1715474e-02
   6.8561873e-01  -2.1911530e-02
   6.8227425e-01  -2.2105090e-02
   6.7892977e-01  -2.2296127e-02
   6.7558528e-01  -2.2484619e-02
   6.7224080e-01  -2.2670542e-02
   6.6889632e-01  -2.2853874e-02
   6.6555184e-01  -2.3034593e-02
   6.6220736e-01  -2.3212680e-02
   6.5886288e-01  -2.3388116e-02
   6.5551839e-01  -2.3560882e-02
   6.5217391e-01  -2.3730962e-02
   6.4882943e-01  -2.3898338e-02
   6.4548495e-01  -2.4062997e-02
   6.4214047e-01  -2.4224924e-02
   6.3879599e-01  -2.4384105e-02
   6.3545151e-01  -2.4540529e-02
   6.3210702e-01  -2.4694183e-02
   6.2876254e-01  -2.4845057e-02
   6.2541806e-01  -2.4993143e-02
   6.2207358e-01  -2.5138430e-02
   6.1872910e-01  -2.5280912e-02
   6.1538462e-01  -2.5420582e-02
   6.1204013e-01  -2.5557432e-02
   6.0869565e-01  -2.5691459e-02
   6.0535117e-01  -2.5822658e-02
   6.0200669e-01  -2.5951025e-02
   5.9866221e-01  -2.6076558e-02
   5.9531773e-01  -2.6199255e-02
   5.9197324e-01  -2.6319116e-02
   5.8862876e-01  -2.6436139e-02
   5.8528428e-01  -2.6550325e-02
   5.8193980e-01  -2.6661677e-02
   5.7859532e-01  -2.6770195e-02
   5.7525084e-01  -2.6875883e-02
   5.7190635e-01  -2.6978745e-02
   5.6856187e-01  -2.7078785e-02
   5.6521739e-01  -2.7176009e-02
   5.6187291e-01  -2.7270421e-02
   5.5852843e-01  -2.7362030e-02
   5.5518395e-01  -2.7450841e-02
   5.5183946e-01  -2.7536863e-02
   5.4849498e-01  -2.7620105e-02
   5.4515050e-01  -2.7700577e-02
   5.4180602e-01  -2.7778287e-02
   5.3846154e-01  -2.7853247e-02
   5.3511706e-01  -2.7925467e-02
   5.3177258e-01  -2.7994961e-02
   5.2842809e-01  -2.8061740e-02
   5.2508361e-01  -2.8125817e-02
   5.2173913e-01  -2.8187206e-02
   5.1839465e-01  -2.8245922e-02
   5.1505017e-01  -2.8301978e-02
   5.1170569e-01  -2.8355391e-02
   5.0836120e-01  -2.8406177e-02
   5.0501672e-01  -2.8454351e-02
   5.0167224e-01  -2.8499931e-02
   4.9832776e-01  -2.8542933e-02
   4.9498328e-01  -2.8583377e-02
   4.9163880e-01  -2.8621280e-02
   4.8829431e-01  -2.8656661e-02
   4.8494983e-01  -2.8689539e-02
   4.8160535e-01  -2.8719935e-02
   4.7826087e-01  -2.8747867e-02
   4.7491639e-01  -2.8773357e-02
   4.7157191e-01  -2.8796426e-02
   4.6822742e-01  -2.8817094e-02
   4.6488294e-01  -2.8835383e-02
   4.6153846e-01  -2.8851315e-02
   4.5819398e-01  -2.8864913e-02
   4.5484950e-01  -2.8876199e-02
   4.5150502e-01  -2.8885195e-02
   4.4816054e-01  -2.8891925e-02
   4.4481605e-01  -2.8896413e-02
   4.4147157e-01  -2.8898681e-02
   4.3812709e-01  -2.8898753e-02
   4.3478261e-01  -2.8896654e-02
   4.3143813e-01  -2.8892408e-02
   4.2809365e-01  -2.8886039e-02
   4.2474916e-01  -2.8877572e-02
   4.2140468e-01  -2.8867031e-02
   4.1806020e-01  -2.8854441e-02
   4.1471572e-01  -2.8839827e-02
   4.1137124e-01  -2.8823213e-02
   4.0802676e-01  -2.8804626e-02
   4.0468227e-01  -2.8784089e-02
   4.0133779e-01  -2.8761628e-02
   3.9799331e-01  -2.8737268e-02
   3.9464883e-01  -2.8711034e-02
   3.9130435e-01  -2.8682950e-02
   3.8795987e-01  -2.8653042e-02
   3.8461538e-01  -2.8621334e-02
   3.8127090e-01  -2.8587851e-02
   3.7792642e-01  -2.8552617e-02
   3.7458194e-01  -2.8515656e-02
   3.7123746e-01  -2.8476993e-02
   3.6789298e-01  -2.8436652e-02
   3.6454849e-01  -2.8394656e-02
   3.6120401e-01  -2.8351028e-02
   3.5785953e-01  -2.8305792e-02
   3.5451505e-01  -2.8258969e-02
   3.5117057e-01  -2.8210583e-02
   3.4782609e-01  -2.8160655e-02
   3.4448161e-01  -2.8109207e-02
   3.4113712e-01  -2.8056260e-02
   3.3779264e-01  -2.8001833e-02
   3.3444816e-01  -2.7945948e-02
   3.3110368e-01  -2.7888624e-02
   3.2775920e-01  -2.7829879e-02
   3.2441472e-01  -2.7769732e-02
   3.2107023e-01  -2.7708200e-02
   3.1772575e-01  -2.7645300e-02
   3.1438127e-01  -2.7581048e-02
   3.1103679e-01  -2.7515459e-02
   3.0769231e-01  -2.7448548e-02
   3.0434783e-01  -2.7380328e-02
   3.0100334e-01  -2.7310812e-02
   2.9765886e-01  -2.7240011e-02
   2.9431438e-01  -2.7167937e-02
   2.9096990e-01  -2.7094598e-02
   2.8762542e-01  -2.7020003e-02
   2.8428094e-01  -2.6944159e-02
   2.8093645e-01  -2.6867073e-02
   2.7759197e-01  -2.6788748e-02
   2.7424749e-01  -2.6709188e-02
   2.7090301e-01  -2.6628395e-02
   2.6755853e-01  -2.6546370e-02
   2.6421405e-01  -2.6463111e-02
   2.6086957e-01  -2.6378615e-02
   2.5752508e-01  -2.6292878e-02
   2.5418060e-01  -2.6205893e-02
   2.5083612e-01  -2.6117653e-02
   2.4749164e-01  -2.6028147e-02
   2.4414716e-01  -2.5937363e-02
   2.4080268e-01  -2.5845286e-02
   2.3745819e-01  -2.5751900e-02
   2.3411371e-01  -2.5657186e-02
   2.3076923e-01  -2.5561122e-02
   2.2742475e-01  -2.5463685e-02
   2.2408027e-01  -2.5364848e-02
   2.2073579e-01  -2.5264580e-02
   2.1739130e-01  -2.5162850e-02
   2.1404682e-01  -2.5059622e-02
   2.1070234e-01  -2.4954857e-02
   2.0735786e-01  -2.4848512e-02
   2.0401338e-01  -2.4740542e-02
   2.0066890e-01  -2.4630897e-02
   1.9732441e-01  -2.4519523e-02
   1.9397993e-01  -2.4406362e-02
   1.9063545e-01  -2.4291352e-02
   1.8729097e-01  -2.4174425e-02
   1.8394649e-01  -2.4055511e-02
   1.8060201e-01  -2.3934530e-02
   1.7725753e-01  -2.3811402e-02
   1.7391304e-01  -2.3686038e-02
   1.7056856e-01  -2.3558343e-02
   1.6722408e-01  -2.3428216e-02
   1.6387960e-01  -2.3295550e-02
   1.6053512e-01  -2.3160229e-02
   1.5719064e-01  -2.3022130e-02
   1.5384615e-01  -2.2881122e-02
   1.5050167e-01  -2.2737066e-02
   1.4715719e-01  -2.2589810e-02
   1.4381271e-01  -2.2439197e-02
   1.4046823e-01  -2.2285056e-02
   1.3712375e-01  -2.2127204e-02
   1.3377926e-01  -2.1965447e-02
   1.3043478e-01  -2.1799578e-02
   1.2709030e-01  -2.1629374e-02
   1.2374582e-01  -2.1454597e-02
   1.2040134e-01  -2.1274992e-02
   1.1705686e-01  -2.1090286e-02
   1.1371237e-01  -2.0900185e-02
   1.1036789e-01  -2.0704374e-02
   1.0702341e-01  -2.0502513e-02
   1.0367893e-01  -2.0294236e-02
   1.0033445e-01  -2.0079147e-02
   9.6989967e-02  -1.9856819e-02
   9.3645485e-02  -1.9626788e-02
   9.0301003e-02  -1.9388550e-02
   8.6956522e-02  -1.9141558e-02
   8.3612040e-02  -1.8885211e-02
   8.0267559e-02  -1.8618855e-02
   7.6923077e-02  -1.8341767e-02
   7.3578595e-02  -1.8053154e-02
   7.0234114e-02  -1.7752133e-02
   6.6889632e-02  -1.7437726e-02
   6.3545151e-02  -1.7108837e-02
   6.0200669e-02  -1.6764236e-02
   5.6856187e-02  -1.6402530e-02
   5.3511706e-02  -1.6022134e-02
   5.0167224e-02  -1.5621225e-02
   4.6822742e-02  -1.5197696e-02
   4.3478261e-02  -1.4749078e-02
   4.0133779e-02  -1.4272447e-02
   3.6789298e-02  -1.3764294e-02
   3.3444816e-02  -1.3220336e-02
   3.0100334e-02  -1.2635246e-02
   2.6755853e-02  -1.2002244e-02
   2.3411371e-02  -1.1312443e-02
   2.0066890e-02  -1.0553774e-02
   1.6722408e-02  -9.7090489e-03
   1.3377926e-02  -8.7521722e-03
   1.0033445e-02  -7.6396800e-03
   6.6889632e-03  -6.2877113e-03
   3.3444816e-03  -4.4820310e-03
   0.0000000e+00  -0.0000000e+00
