   0.0000000e+00   0.0000000e+00
   3.3444816e-03   9.6710991e-03
   6.6889632e-03   1.3751592e-02
   1.0033445e-02   1.6930384e-02
   1.3377926e-02   1.9647748e-02
   1.6722408e-02   2.2072678e-02
   2.0066890e-02   2.4291016e-02
   2.3411371e-02   2.6353235e-02
   2.6755853e-02   2.8291865e-02
   3.0100334e-02   3.0129244e-02
   3.3444816e-02   3.1881438e-02
   3.6789298e-02   3.3560426e-02
   4.0133779e-02   3.5175393e-02
   4.3478261e-02   3.6733545e-02
   4.6822742e-02   3.8240644e-02
   5.0167224e-02   3.9701372e-02
   5.3511706e-02   4.1119586e-02
   5.6856187e-02   4.2498502e-02
   6.0200669e-02   4.3840828e-02
   6.3545151e-02   4.5148866e-02
   6.6889632e-02   4.6424592e-02
   7.0234114e-02   4.7669709e-02
   7.3578595e-02   4.8885700e-02
   7.6923077e-02   5.0073862e-02
   8.0267559e-02   5.1235338e-02
   8.3612040e-02   5.2371138e-02
   8.6956522e-02   5.3482160e-02
   9.0301003e-02   5.4569207e-02
   9.3645485e-02   5.5633000e-02
   9.6989967e-02   5.6674189e-02
   1.0033445e-01   5.7693362e-02
   1.0367893e-01   5.8691055e-02
   1.0702341e-01   5.9667755e-02
   1.1036789e-01   6.0623911e-02
   1.1371237e-01   6.1559932e-02
   1.1705686e-01   6.2476199e-02
   1.2040134e-01   6.3373063e-02
   1.2374582e-01   6.4250852e-02
   1.2709030e-01   6.5109870e-02
   1.3043478e-01   6.5950402e-02
   1.3377926e-01   6.6772717e-02
   1.3712375e-01   6.7577067e-02
   1.4046823e-01   6.8363690e-02
   1.4381271e-01   6.9132813e-02
   1.4715719e-01   6.9884652e-02
   1.5050167e-01   7.0619411e-02
   1.5384615e-01   7.1337287e-02
   1.5719064e-01   7.2038468e-02
   1.6053512e-01   7.2723136e-02
   1.6387960e-01   7.3391466e-02
   1.6722408e-01   7.4043627e-02
   1.7056856e-01   7.4679784e-02
   1.7391304e-01   7.5300095e-02
   1.7725753e-01   7.5904715e-02
   1.8060201e-01   7.6493797e-02
   1.8394649e-01   7.7067489e-02
   1.8729097e-01   7.7625935e-02
   1.9063545e-01   7.8169278e-02
   1.9397993e-01   7.8697659e-02
   1.9732441e-01   7.9211215e-02
   2.0066890e-01   7.9710082e-02
   2.0401338e-01   8.0194394e-02
   2.0735786e-01   8.0664285e-02
   2.1070234e-01   8.1119885e-02
   2.1404682e-01   8.1561325e-02
   2.1739130e-01   8.1988733e-02
   2.2073579e-01   8.2402239e-02
   2.2408027e-01   8.2801968e-02
   2.2742475e-01   8.3188049e-02
   2.3076923e-01   8.3560606e-02
   2.3411371e-01   8.3919765e-02
   2.3745819e-01   8.4265652e-02
   2.4080268e-01   8.4598389e-02
   2.4414716e-01   8.4918102e-02
   2.4749164e-01   8.5224914e-02
   2.5083612e-01   8.5518948e-02
   2.5418060e-01   8.5800329e-02
   2.5752508e-01   8.6069178e-02
   2.6086957e-01   8.6325619e-02
   2.6421405e-01   8.6569774e-02
   2.6755853e-01   8.6801767e-02
   2.7090301e-01   8.7021719e-02
   2.7424749e-01   8.7229752e-02
   2.7759197e-01   8.7425991e-02
   2.8093645e-01   8.7610555e-02
   2.8428094e-01   8.7783569e-02
   2.8762542e-01   8.7945154e-02
   2.9096990e-01   8.8095432e-02
   2.9431438e-01   8.8234525e-02
   2.9765886e-01   8.8362555e-02
   3.0100334e-01   8.8479645e-02
   3.0434783e-01   8.8585917e-02
   3.0769231e-01   8.8681491e-02
   3.1103679e-01   8.8766490e-02
   3.1438127e-01   8.8841037e-02
   3.1772575e-01   8.8905251e-02
   3.2107023e-01   8.8959256e-02
   3.2441472e-01   8.9003173e-02
   3.2775920e-01   8.9037122e-02
   3.3110368e-01   8.9061226e-02
   3.3444816e-01   8.9075605e-02
   3.3779264e-01   8.9080381e-02
   3.4113712e-01   8.9075673e-02
   3.4448161e-01   8.9061604e-02
   3.4782609e-01   8.9038293e-02
   3.5117057e-01   8.9005860e-02
   3.5451505e-01   8.8964425e-02
   3.5785953e-01   8.8914109e-02
   3.6120401e-01   8.8855030e-02
   3.6454849e-01   8.8787308e-02
   3.6789298e-01   8.8711061e-02
   3.7123746e-01   8.8626409e-02
   3.7458194e-01   8.8533469e-02
   3.7792642e-01   8.8432359e-02
   3.8127090e-01   8.8323197e-02
   3.8461538e-01   8.8206100e-02
   3.8795987e-01   8.8081184e-02
   3.9130435e-01   8.7948566e-02
   3.9464883e-01   8.7808361e-02
   3.9799331e-01   8.7660686e-02
   4.0133779e-01   8.7505653e-02
   4.0468227e-01   8.7343379e-02
   4.0802676e-01   8.7173976e-02
   4.1137124e-01   8.6997559e-02
   4.1471572e-01   8.6814238e-02
   4.1806020e-01   8.6624127e-02
   4.2140468e-01   8.6427337e-02
   4.2474916e-01   8.6223979e-02
   4.2809365e-01   8.6014162e-02
   4.3143813e-01   8.5797996e-02
   4.3478261e-01   8.5575591e-02
   4.3812709e-01   8.5347053e-02
   4.4147157e-01   8.5112491e-02
   4.4481605e-01   8.4872011e-02
   4.4816054e-01   8.4625718e-02
   4.5150502e-01   8.4373717e-02
   4.5484950e-01   8.4116113e-02
   4.5819398e-01   8.3853009e-02
   4.6153846e-01   8.3584507e-02
   4.6488294e-01   8.3310709e-02
   4.6822742e-01   8.3031716e-02
   4.7157191e-01   8.2747627e-02
   4.7491639e-01   8.2458541e-02
   4.7826087e-01   8.2164555e-02
   4.8160535e-01   8.1865767e-02
   4.8494983e-01   8.1562273e-02
   4.8829431e-01   8.1254167e-02
   4.9163880e-01   8.0941544e-02
   4.9498328e-01   8.0624495e-02
   4.9832776e-01   8.0303112e-02
   5.0167224e-01   7.9977487e-02
   5.0501672e-01   7.9647708e-02
   5.0836120e-01   7.9313864e-02
   5.1170569e-01   7.8976041e-02
   5.1505017e-01   7.8634327e-02
   5.1839465e-01   7.8288805e-02
   5.2173913e-01   7.7939559e-02
   5.2508361e-01   7.7586672e-02
   5.2842809e-01   7.7230224e-02
   5.3177258e-01   7.6870296e-02
   5.3511706e-01   7.6506966e-02
   5.3846154e-01   7.6140310e-02
   5.4180602e-01   7.5770406e-02
   5.4515050e-01   7.5397327e-02
   5.4849498e-01   7.5021147e-02
   5.5183946e-01   7.4641937e-02
   5.5518395e-01   7.4259768e-02
   5.5852843e-01   7.3874709e-02
   5.6187291e-01   7.3486827e-02
   5.6521739e-01   7.3096189e-02
   5.6856187e-01   7.2702858e-02
   5.7190635e-01   7.2306899e-02
   5.7525084e-01   7.1908372e-02
   5.7859532e-01   7.1507339e-02
   5.8193980e-01   7.1103856e-02
   5.8528428e-01   7.0697982e-02
   5.8862876e-01   7.0289772e-02
   5.9197324e-01   6.9879280e-02
   5.9531773e-01   6.9466557e-02
   5.9866221e-01   6.9051654e-02
   6.0200669e-01   6.8634621e-02
   6.0535117e-01   6.8215504e-02
   6.0869565e-01   6.7794349e-02
   6.1204013e-01   6.7371200e-02
   6.1538462e-01   6.6946100e-02
   6.1872910e-01   6.6519088e-02
   6.2207358e-01   6.6090202e-02
   6.2541806e-01   6.5659482e-02
   6.2876254e-01   6.5226960e-02
   6.3210702e-01   6.4792671e-02
   6.3545151e-01   6.4356646e-02
   6.3879599e-01   6.3918915e-02
   6.4214047e-01   6.3479505e-02
   6.4548495e-01   6.3038443e-02
   6.4882943e-01   6.2595752e-02
   6.5217391e-01   6.2151456e-02
   6.5551839e-01   6.1705573e-02
   6.5886288e-01   6.1258123e-02
   6.6220736e-01   6.0809122e-02
   6.6555184e-01   6.0358584e-02
   6.6889632e-01   5.9906522e-02
   6.7224080e-01   5.9452947e-02
   6.7558528e-01   5.8997866e-02
   6.7892977e-01   5.8541286e-02
   6.8227425e-01   5.8083212e-02
   6.8561873e-01   5.7623646e-02
   6.8896321e-01   5.7162589e-02
   6.9230769e-01   5.6700037e-02
   6.9565217e-01   5.6235989e-02
   6.9899666e-01   5.5770437e-02
   7.0234114e-01   5.5303373e-02
   7.0568562e-01   5.4834788e-02
   7.0903010e-01   5.4364668e-02
   7.1237458e-01   5.3892999e-02
   7.1571906e-01   5.3419765e-02
   7.1906355e-01   5.2944946e-02
   7.2240803e-01   5.2468521e-02
   7.2575251e-01   5.1990466e-02
   7.2909699e-01   5.1510757e-02
   7.3244147e-01   5.1029364e-02
   7.3578595e-01   5.0546258e-02
   7.3913043e-01   5.0061406e-02
   7.4247492e-01   4.9574773e-02
   7.4581940e-01   4.9086322e-02
   7.4916388e-01   4.8596014e-02
   7.5250836e-01   4.8103807e-02
   7.5585284e-01   4.7609656e-02
   7.5919732e-01   4.7113514e-02
   7.6254181e-01   4.6615334e-02
   7.6588629e-01   4.6115063e-02
   7.6923077e-01   4.5612647e-02
   7.7257525e-01   4.5108031e-02
   7.7591973e-01   4.4601156e-02
   7.7926421e-01   4.4091960e-02
   7.8260870e-01   4.3580380e-02
   7.8595318e-01   4.3066349e-02
   7.8929766e-01   4.2549800e-02
   7.9264214e-01   4.2030660e-02
   7.9598662e-01   4.1508857e-02
   7.9933110e-01   4.0984314e-02
   8.0267559e-01   4.0456952e-02
   8.0602007e-01   3.9926690e-02
   8.0936455e-01   3.9393443e-02
   8.1270903e-01   3.8857126e-02
   8.1605351e-01   3.8317650e-02
   8.1939799e-01   3.7774922e-02
   8.2274247e-01   3.7228847e-02
   8.2608696e-01   3.6679330e-02
   8.2943144e-01   3.6126270e-02
   8.3277592e-01   3.5569565e-02
   8.3612040e-01   3.5009110e-02
   8.3946488e-01   3.4444797e-02
   8.4280936e-01   3.3876515e-02
   8.4615385e-01   3.3304152e-02
   8.4949833e-01   3.2727591e-02
   8.5284281e-01   3.2146713e-02
   8.5618729e-01   3.1561398e-02
   8.5953177e-01   3.0971520e-02
   8.6287625e-01   3.0376953e-02
   8.6622074e-01   2.9777567e-02
   8.6956522e-01   2.9173229e-02
   8.7290970e-01   2.8563804e-02
   8.7625418e-01   2.7949153e-02
   8.7959866e-01   2.7329135e-02
   8.8294314e-01   2.6703606e-02
   8.8628763e-01   2.6072419e-02
   8.8963211e-01   2.5435424e-02
   8.9297659e-01   2.4792469e-02
   8.9632107e-01   2.4143397e-02
   8.9966555e-01   2.3488051e-02
   9.0301003e-01   2.2826268e-02
   9.0635452e-01   2.2157884e-02
   9.0969900e-01   2.1482732e-02
   9.1304348e-01   2.0800641e-02
   9.1638796e-01   2.0111438e-02
   9.1973244e-01   1.9414946e-02
   9.2307692e-01   1.8710986e-02
   9.2642140e-01   1.7999376e-02
   9.2976589e-01   1.7279929e-02
   9.3311037e-01   1.6552458e-02
   9.3645485e-01   1.5816771e-02
   9.3979933e-01   1.5072673e-02
   9.4314381e-01   1.4319966e-02
   9.4648829e-01   1.3558449e-02
   9.4983278e-01   1.2787919e-02
   9.5317726e-01   1.2008168e-02
   9.5652174e-01   1.1218987e-02
   9.5986622e-01   1.0420161e-02
   9.6321070e-01   9.6114748e-03
   9.6655518e-01   8.7927080e-03
   9.6989967e-01   7.9636378e-03
   9.7324415e-01   7.1240384e-03
   9.7658863e-01   6.2736804e-03
   9.7993311e-01   5.4123313e-03
   9.8327759e-01   4.5397556e-03
   9.8662207e-01   3.6557142e-03
   9.8996656e-01   2.7599649e-03
   9.9331104e-01   1.8522625e-03
   9.9665552e-01   9.3235820e-04
   1.0000000e+00   0.0000000e+00
   1.0000000e+00   0.0000000e+00
   9.9665552e-01   2.7551318e-04
   9.9331104e-01   5.4294888e-04
   9.8996656e-01   8.0257352e-04
   9.8662207e-01   1.0546494e-03
   9.8327759e-01   1.2994348e-03
   9.7993311e-01   1.5371838e-03
   9.7658863e-01   1.7681466e-03
   9.7324415e-01   1.9925692e-03
   9.6989967e-01   2.2106936e-03
   9.6655518e-01   2.4227580e-03
   9.6321070e-01   2.6289965e-03
   9.5986622e-01   2.8296390e-03
   9.5652174e-01   3.0249117e-03
   9.5317726e-01   3.2150369e-03
   9.4983278e-01   3.4002329e-03
   9.4648829e-01   3.5807140e-03
   9.4314381e-01   3.7566908e-03
   9.3979933e-01   3.9283700e-03
   9.3645485e-01   4.0959542e-03
   9.3311037e-01   4.2596426e-03
   9.2976589e-01   4.4196302e-03
   9.2642140e-01   4.5761085e-03
   9.2307692e-01   4.7292650e-03
   9.1973244e-01   4.8792835e-03
   9.1638796e-01   5.0263441e-03
   9.1304348e-01   5.1706233e-03
   9.0969900e-01   5.3122936e-03
   9.0635452e-01   5.4515241e-03
   9.0301003e-01   5.5884799e-03
   8.9966555e-01   5.7233229e-03
   8.9632107e-01   5.8562109e-03
   8.9297659e-01   5.9872984e-03
   8.8963211e-01   6.1167363e-03
   8.8628763e-01   6.2446716e-03
   8.8294314e-01   6.3712481e-03
   8.7959866e-01   6.4966059e-03
   8.7625418e-01   6.6208816e-03
   8.7290970e-01   6.7442084e-03
   8.6956522e-01   6.8667157e-03
   8.6622074e-01   6.9885298e-03
   8.6287625e-01   7.1097733e-03
   8.5953177e-01   7.2305656e-03
   8.5618729e-01   7.3510224e-03
   8.5284281e-01   7.4712564e-03
   8.4949833e-01   7.5913764e-03
   8.4615385e-01   7.7114884e-03
   8.4280936e-01   7.8316948e-03
   8.3946488e-01   7.9520945e-03
   8.3612040e-01   8.0727835e-03
   8.3277592e-01   8.1938544e-03
   8.2943144e-01   8.3153963e-03
   8.2608696e-01   8.4374953e-03
   8.2274247e-01   8.5602343e-03
   8.1939799e-01   8.6836930e-03
   8.1605351e-01   8.8079478e-03
   8.1270903e-01   8.9330721e-03
   8.0936455e-01   9.0591360e-03
   8.0602007e-01   9.1862067e-03
   8.0267559e-01   9.3143480e-03
   7.9933110e-01   9.4436211e-03
   7.9598662e-01   9.5740837e-03
   7.9264214e-01   9.7057906e-03
   7.8929766e-01   9.8387939e-03
   7.8595318e-01   9.9731421e-03
   7.8260870e-01   1.0108881e-02
   7.7926421e-01   1.0246055e-02
   7.7591973e-01   1.0384702e-02
   7.7257525e-01   1.0524860e-02
   7.6923077e-01   1.0666564e-02
   7.6588629e-01   1.0809844e-02
   7.6254181e-01   1.0954730e-02
   7.5919732e-01   1.1101246e-02
   7.5585284e-01   1.1249417e-02
   7.5250836e-01   1.1399262e-02
   7.4916388e-01   1.1550798e-02
   7.4581940e-01   1.1704041e-02
   7.4247492e-01   1.1859002e-02
   7.3913043e-01   1.2015691e-02
   7.3578595e-01   1.2174114e-02
   7.3244147e-01   1.2334276e-02
   7.2909699e-01   1.2496177e-02
   7.2575251e-01   1.2659817e-02
   7.2240803e-01   1.2825193e-02
   7.1906355e-01   1.2992297e-02
   7.1571906e-01   1.3161121e-02
   7.1237458e-01   1.3331654e-02
   7.0903010e-01   1.3503882e-02
   7.0568562e-01   1.3677788e-02
   7.0234114e-01   1.3853356e-02
   6.9899666e-01   1.4030562e-02
   6.9565217e-01   1.4209385e-02
   6.9230769e-01   1.4389797e-02
   6.8896321e-01   1.4571773e-02
   6.8561873e-01   1.4755280e-02
   6.8227425e-01   1.4940287e-02
   6.7892977e-01   1.5126758e-02
   6.7558528e-01   1.5314657e-02
   6.7224080e-01   1.5503944e-02
   6.6889632e-01   1.5694579e-02
   6.6555184e-01   1.5886517e-02
   6.6220736e-01   1.6079712e-02
   6.5886288e-01   1.6274118e-02
   6.5551839e-01   1.6469684e-02
   6.5217391e-01   1.6666359e-02
   6.4882943e-01   1.6864088e-02
   6.4548495e-01   1.7062816e-02
   6.4214047e-01   1.7262485e-02
   6.3879599e-01   1.7463036e-02
   6.3545151e-01   1.7664406e-02
   6.3210702e-01   1.7866533e-02
   6.2876254e-01   1.8069350e-02
   6.2541806e-01   1.8272792e-02
   6.2207358e-01   1.8476788e-02
   6.1872910e-01   1.8681269e-02
   6.1538462e-01   1.8886161e-02
   6.1204013e-01   1.9091392e-02
   6.0869565e-01   1.9296885e-02
   6.0535117e-01   1.9502562e-02
   6.0200669e-01   1.9708345e-02
   5.9866221e-01   1.9914154e-02
   5.9531773e-01   2.0119905e-02
   5.9197324e-01   2.0325516e-02
   5.8862876e-01   2.0530902e-02
   5.8528428e-01   2.0735975e-02
   5.8193980e-01   2.0940648e-02
   5.7859532e-01   2.1144831e-02
   5.7525084e-01   2.1348434e-02
   5.7190635e-01   2.1551365e-02
   5.6856187e-01   2.1753529e-02
   5.6521739e-01   2.1954834e-02
   5.6187291e-01   2.2155183e-02
   5.5852843e-01   2.2354478e-02
   5.5518395e-01   2.2552622e-02
   5.5183946e-01   2.2749515e-02
   5.4849498e-01   2.2945057e-02
   5.4515050e-01   2.3139147e-02
   5.4180602e-01   2.3331682e-02
   5.3846154e-01   2.3522558e-02
   5.3511706e-01   2.3711672e-02
   5.3177258e-01   2.3898917e-02
   5.2842809e-01   2.4084189e-02
   5.2508361e-01   2.4267379e-02
   5.2173913e-01   2.4448380e-02
   5.1839465e-01   2.4627083e-02
   5.1505017e-01   2.4803379e-02
   5.1170569e-01   2.4977158e-02
   5.0836120e-01   2.5148310e-02
   5.0501672e-01   2.5316723e-02
   5.0167224e-01   2.5482286e-02
   4.9832776e-01   2.5644886e-02
   4.9498328e-01   2.5804410e-02
   4.9163880e-01   2.5960745e-02
   4.8829431e-01   2.6113778e-02
   4.8494983e-01   2.6263395e-02
   4.8160535e-01   2.6409481e-02
   4.7826087e-01   2.6551921e-02
   4.7491639e-01   2.6690602e-02
   4.7157191e-01   2.6825407e-02
   4.6822742e-01   2.6956223e-02
   4.6488294e-01   2.7082933e-02
   4.6153846e-01   2.7205423e-02
   4.5819398e-01   2.7323577e-02
   4.5484950e-01   2.7437281e-02
   4.5150502e-01   2.7546418e-02
   4.4816054e-01   2.7650875e-02
   4.4481605e-01   2.7750536e-02
   4.4147157e-01   2.7845288e-02
   4.3812709e-01   2.7935015e-02
   4.3478261e-01   2.8019605e-02
   4.3143813e-01   2.8098944e-02
   4.2809365e-01   2.8172919e-02
   4.2474916e-01   2.8241417e-02
   4.2140468e-01   2.8304328e-02
   4.1806020e-01   2.8361539e-02
   4.1471572e-01   2.8412940e-02
   4.1137124e-01   2.8458422e-02
   4.0802676e-01   2.8497875e-02
   4.0468227e-01   2.8531192e-02
   4.0133779e-01   2.8558266e-02
   3.9799331e-01   2.8578989e-02
   3.9464883e-01   2.8593258e-02
   3.9130435e-01   2.8600969e-02
   3.8795987e-01   2.8602017e-02
   3.8461538e-01   2.8596303e-02
   3.8127090e-01   2.8583726e-02
   3.7792642e-01   2.8564187e-02
   3.7458194e-01   2.8537589e-02
   3.7123746e-01   2.8503835e-02
   3.6789298e-01   2.8462833e-02
   3.6454849e-01   2.8414488e-02
   3.6120401e-01   2.8358712e-02
   3.5785953e-01   2.8295414e-02
   3.5451505e-01   2.8224507e-02
   3.5117057e-01   2.8145908e-02
   3.4782609e-01   2.8059532e-02
   3.4448161e-01   2.7965300e-02
   3.4113712e-01   2.7863132e-02
   3.3779264e-01   2.7752953e-02
   3.3444816e-01   2.7634690e-02
   3.3110368e-01   2.7508270e-02
   3.2775920e-01   2.7373625e-02
   3.2441472e-01   2.7230691e-02
   3.2107023e-01   2.7079403e-02
   3.1772575e-01   2.6919702e-02
   3.1438127e-01   2.6751532e-02
   3.1103679e-01   2.6574837e-02
   3.0769231e-01   2.6389569e-02
   3.0434783e-01   2.6195679e-02
   3.0100334e-01   2.5993125e-02
   2.9765886e-01   2.5781866e-02
   2.9431438e-01   2.5561865e-02
   2.9096990e-01   2.5333092e-02
   2.8762542e-01   2.5095517e-02
   2.8428094e-01   2.4849117e-02
   2.8093645e-01   2.4593871e-02
   2.7759197e-01   2.4329764e-02
   2.7424749e-01   2.4056786e-02
   2.7090301e-01   2.3774930e-02
   2.6755853e-01   2.3484196e-02
   2.6421405e-01   2.3184587e-02
   2.6086957e-01   2.2876112e-02
   2.5752508e-01   2.2558787e-02
   2.5418060e-01   2.2232632e-02
   2.5083612e-01   2.1897672e-02
   2.4749164e-01   2.1553941e-02
   2.4414716e-01   2.1201476e-02
   2.4080268e-01   2.0840323e-02
   2.3745819e-01   2.0470532e-02
   2.3411371e-01   2.0092164e-02
   2.3076923e-01   1.9705282e-02
   2.2742475e-01   1.9309961e-02
   2.2408027e-01   1.8906281e-02
   2.2073579e-01   1.8494332e-02
   2.1739130e-01   1.8074209e-02
   2.1404682e-01   1.7646019e-02
   2.1070234e-01   1.7209877e-02
   2.0735786e-01   1.6765905e-02
   2.0401338e-01   1.6314239e-02
   2.0066890e-01   1.5855021e-02
   1.9732441e-01   1.5388404e-02
   1.9397993e-01   1.4914554e-02
   1.9063545e-01   1.4433647e-02
   1.8729097e-01   1.3945870e-02
   1.8394649e-01   1.3451422e-02
   1.8060201e-01   1.2950517e-02
   1.7725753e-01   1.2443380e-02
   1.7391304e-01   1.1930251e-02
   1.7056856e-01   1.1411385e-02
   1.6722408e-01   1.0887050e-02
   1.6387960e-01   1.0357533e-02
   1.6053512e-01   9.8231348e-03
   1.5719064e-01   9.2841755e-03
   1.5384615e-01   8.7409933e-03
   1.5050167e-01   8.1939455e-03
   1.4715719e-01   7.6434100e-03
   1.4381271e-01   7.0897862e-03
   1.4046823e-01   6.5334963e-03
   1.3712375e-01   5.9749865e-03
   1.3377926e-01   5.4147285e-03
   1.3043478e-01   4.8532213e-03
   1.2709030e-01   4.2909923e-03
   1.2374582e-01   3.7286000e-03
   1.2040134e-01   3.1666353e-03
   1.1705686e-01   2.6057245e-03
   1.1371237e-01   2.0465311e-03
   1.1036789e-01   1.4897593e-03
   1.0702341e-01   9.3615671e-04
   1.0367893e-01   3.8651809e-04
   1.0033445e-01  -1.5831080e-04
   9.6989967e-02  -6.9742865e-04
   9.3645485e-02  -1.2298736e-03
   9.0301003e-02  -1.7546173e-03
   8.6956522e-02  -2.2705584e-03
   8.3612040e-02  -2.7765149e-03
   8.0267559e-02  -3.2712151e-03
   7.6923077e-02  -3.7532875e-03
   7.3578595e-02  -4.2212483e-03
   7.0234114e-02  -4.6734872e-03
   6.6889632e-02  -5.1082502e-03
   6.3545151e-02  -5.5236183e-03
   6.0200669e-02  -5.9174831e-03
   5.6856187e-02  -6.2875148e-03
   5.3511706e-02  -6.6311238e-03
   5.0167224e-02  -6.9454117e-03
   4.6822742e-02  -7.2271085e-03
   4.3478261e-02  -7.4724910e-03
   4.0133779e-02  -7.6772735e-03
   3.6789298e-02  -7.8364606e-03
   3.3444816e-02  -7.9441408e-03
   3.0100334e-02  -7.9931906e-03
   2.6755853e-02  -7.9748333e-03
   2.3411371e-02  -7.8779525e-03
   2.0066890e-02  -7.6879643e-03
   1.6722408e-02  -7.3848311e-03
   1.3377926e-02  -6.9392264e-03
   1.0033445e-02  -6.3041084e-03
   6.6889632e-03  -5.3921487e-03
   3.3444816e-03  -3.9890837e-03
   0.0000000e+00  -0.0000000e+00
