   0.0000000e+00   0.0000000e+00
   3.3444816e-03   1.5104611e-02
   6.6889632e-03   2.1359949e-02
   1.0033445e-02   2.6156701e-02
   1.3377926e-02   3.0196136e-02
   1.6722408e-02   3.3749530e-02
   2.0066890e-02   3.6955784e-02
   2.3411371e-02   3.9897253e-02
   2.6755853e-02   4.2627479e-02
   3.0100334e-02   4.5183562e-02
   3.3444816e-02   4.7592443e-02
   3.6789298e-02   4.9874404e-02
   4.0133779e-02   5.2045155e-02
   4.3478261e-02   5.4117151e-02
   4.6822742e-02   5.6100460e-02
   5.0167224e-02   5.8003352e-02
   5.3511706e-02   5.9832718e-02
   5.6856187e-02   6.1594366e-02
   6.0200669e-02   6.3293246e-02
   6.3545151e-02   6.4933617e-02
   6.6889632e-02   6.6519172e-02
   7.0234114e-02   6.8053139e-02
   7.3578595e-02   6.9538357e-02
   7.6923077e-02   7.0977340e-02
   8.0267559e-02   7.2372327e-02
   8.3612040e-02   7.3725321e-02
   8.6956522e-02   7.5038124e-02
   9.0301003e-02   7.6312363e-02
   9.3645485e-02   7.7549514e-02
   9.6989967e-02   7.8750922e-02
   1.0033445e-01   7.9917816e-02
   1.0367893e-01   8.1051324e-02
   1.0702341e-01   8.2152483e-02
   1.1036789e-01   8.3222250e-02
   1.1371237e-01   8.4261514e-02
   1.1705686e-01   8.5271097e-02
   1.2040134e-01   8.6251766e-02
   1.2374582e-01   8.7204239e-02
   1.2709030e-01   8.8129184e-02
   1.3043478e-01   8.9027231e-02
   1.3377926e-01   8.9898972e-02
   1.3712375e-01   9.0744964e-02
   1.4046823e-01   9.1565734e-02
   1.4381271e-01   9.2361780e-02
   1.4715719e-01   9.3133575e-02
   1.5050167e-01   9.3881570e-02
   1.5384615e-01   9.4606192e-02
   1.5719064e-01   9.5307849e-02
   1.6053512e-01   9.5986933e-02
   1.6387960e-01   9.6643817e-02
   1.6722408e-01   9.7278860e-02
   1.7056856e-01   9.7892405e-02
   1.7391304e-01   9.8484786e-02
   1.7725753e-01   9.9056321e-02
   1.8060201e-01   9.9607319e-02
   1.8394649e-01   1.0013808e-01
   1.8729097e-01   1.0064888e-01
   1.9063545e-01   1.0114002e-01
   1.9397993e-01   1.0161176e-01
   1.9732441e-01   1.0206436e-01
   2.0066890e-01   1.0249808e-01
   2.0401338e-01   1.0291317e-01
   2.0735786e-01   1.0330987e-01
   2.1070234e-01   1.0368843e-01
   2.1404682e-01   1.0404907e-01
   2.1739130e-01   1.0439202e-01
   2.2073579e-01   1.0471750e-01
   2.2408027e-01   1.0502574e-01
   2.2742475e-01   1.0531694e-01
   2.3076923e-01   1.0559132e-01
   2.3411371e-01   1.0584908e-01
   2.3745819e-01   1.0609043e-01
   2.4080268e-01   1.0631556e-01
   2.4414716e-01   1.0652467e-01
   2.4749164e-01   1.0671796e-01
   2.5083612e-01   1.0689561e-01
   2.5418060e-01   1.0705782e-01
   2.5752508e-01   1.0720476e-01
   2.6086957e-01   1.0733664e-01
   2.6421405e-01   1.0745361e-01
   2.6755853e-01   1.0755587e-01
   2.7090301e-01   1.0764360e-01
   2.7424749e-01   1.0771696e-01
   2.7759197e-01   1.0777613e-01
   2.8093645e-01   1.0782129e-01
   2.8428094e-01   1.0785260e-01
   2.8762542e-01   1.0787024e-01
   2.9096990e-01   1.0787436e-01
   2.9431438e-01   1.0786515e-01
   2.9765886e-01   1.0784275e-01
   3.0100334e-01   1.0780735e-01
   3.0434783e-01   1.0775909e-01
   3.0769231e-01   1.0769814e-01
   3.1103679e-01   1.0762467e-01
   3.1438127e-01   1.0753882e-01
   3.1772575e-01   1.0744076e-01
   3.2107023e-01   1.0733065e-01
   3.2441472e-01   1.0720863e-01
   3.2775920e-01   1.0707488e-01
   3.3110368e-01   1.0692953e-01
   3.3444816e-01   1.0677275e-01
   3.3779264e-01   1.0660469e-01
   3.4113712e-01   1.0642549e-01
   3.4448161e-01   1.0623532e-01
   3.4782609e-01   1.0603431e-01
   3.5117057e-01   1.0582262e-01
   3.5451505e-01   1.0560041e-01
   3.5785953e-01   1.0536781e-01
   3.6120401e-01   1.0512497e-01
   3.6454849e-01   1.0487204e-01
   3.6789298e-01   1.0460917e-01
   3.7123746e-01   1.0433651e-01
   3.7458194e-01   1.0405418e-01
   3.7792642e-01   1.0376235e-01
   3.8127090e-01   1.0346115e-01
   3.8461538e-01   1.0315073e-01
   3.8795987e-01   1.0283122e-01
   3.9130435e-01   1.0250278e-01
   3.9464883e-01   1.0216553e-01
   3.9799331e-01   1.0181963e-01
   4.0133779e-01   1.0146520e-01
   4.0468227e-01   1.0110239e-01
   4.0802676e-01   1.0073134e-01
   4.1137124e-01   1.0035219e-01
   4.1471572e-01   9.9965059e-02
   4.1806020e-01   9.9570100e-02
   4.2140468e-01   9.9167444e-02
   4.2474916e-01   9.8757226e-02
   4.2809365e-01   9.8339580e-02
   4.3143813e-01   9.7914641e-02
   4.3478261e-01   9.7482541e-02
   4.3812709e-01   9.7043413e-02
   4.4147157e-01   9.6597388e-02
   4.4481605e-01   9.6144599e-02
   4.4816054e-01   9.5685175e-02
   4.5150502e-01   9.5219247e-02
   4.5484950e-01   9.4746944e-02
   4.5819398e-01   9.4268394e-02
   4.6153846e-01   9.3783726e-02
   4.6488294e-01   9.3293067e-02
   4.6822742e-01   9.2796543e-02
   4.7157191e-01   9.2294280e-02
   4.7491639e-01   9.1786404e-02
   4.7826087e-01   9.1273040e-02
   4.8160535e-01   9.0754310e-02
   4.8494983e-01   9.0230338e-02
   4.8829431e-01   8.9701248e-02
   4.9163880e-01   8.9167159e-02
   4.9498328e-01   8.8628195e-02
   4.9832776e-01   8.8084473e-02
   5.0167224e-01   8.7536115e-02
   5.0501672e-01   8.6983240e-02
   5.0836120e-01   8.6425964e-02
   5.1170569e-01   8.5864405e-02
   5.1505017e-01   8.5298681e-02
   5.1839465e-01   8.4728906e-02
   5.2173913e-01   8.4155195e-02
   5.2508361e-01   8.3577663e-02
   5.2842809e-01   8.2996424e-02
   5.3177258e-01   8.2411589e-02
   5.3511706e-01   8.1823270e-02
   5.3846154e-01   8.1231578e-02
   5.4180602e-01   8.0636624e-02
   5.4515050e-01   8.0038516e-02
   5.4849498e-01   7.9437364e-02
   5.5183946e-01   7.8833273e-02
   5.5518395e-01   7.8226352e-02
   5.5852843e-01   7.7616706e-02
   5.6187291e-01   7.7004439e-02
   5.6521739e-01   7.6389657e-02
   5.6856187e-01   7.5772461e-02
   5.7190635e-01   7.5152954e-02
   5.7525084e-01   7.4531238e-02
   5.7859532e-01   7.3907413e-02
   5.8193980e-01   7.3281578e-02
   5.8528428e-01   7.2653832e-02
   5.8862876e-01   7.2024271e-02
   5.9197324e-01   7.1392994e-02
   5.9531773e-01   7.0760095e-02
   5.9866221e-01   7.0125670e-02
   6.0200669e-01   6.9489811e-02
   6.0535117e-01   6.8852611e-02
   6.0869565e-01   6.8214162e-02
   6.1204013e-01   6.7574555e-02
   6.1538462e-01   6.6933879e-02
   6.1872910e-01   6.6292223e-02
   6.2207358e-01   6.5649674e-02
   6.2541806e-01   6.5006320e-02
   6.2876254e-01   6.4362244e-02
   6.3210702e-01   6.3717532e-02
   6.3545151e-01   6.3072266e-02
   6.3879599e-01   6.2426530e-02
   6.4214047e-01   6.1780404e-02
   6.4548495e-01   6.1133969e-02
   6.4882943e-01   6.0487302e-02
   6.5217391e-01   5.9840482e-02
   6.5551839e-01   5.9193586e-02
   6.5886288e-01   5.8546688e-02
   6.6220736e-01   5.7899864e-02
   6.6555184e-01   5.7253187e-02
   6.6889632e-01   5.6606728e-02
   6.7224080e-01   5.5960559e-02
   6.7558528e-01   5.5314749e-02
   6.7892977e-01   5.4669367e-02
   6.8227425e-01   5.4024479e-02
   6.8561873e-01   5.3380153e-02
   6.8896321e-01   5.2736453e-02
   6.9230769e-01   5.2093442e-02
   6.9565217e-01   5.1451183e-02
   6.9899666e-01   5.0809738e-02
   7.0234114e-01   5.0169165e-02
   7.0568562e-01   4.9529524e-02
   7.0903010e-01   4.8890873e-02
   7.1237458e-01   4.8253267e-02
   7.1571906e-01   4.7616760e-02
   7.1906355e-01   4.6981408e-02
   7.2240803e-01   4.6347261e-02
   7.2575251e-01   4.5714371e-02
   7.2909699e-01   4.5082788e-02
   7.3244147e-01   4.4452559e-02
   7.3578595e-01   4.3823732e-02
   7.3913043e-01   4.3196352e-02
   7.4247492e-01   4.2570463e-02
   7.4581940e-01   4.1946109e-02
   7.4916388e-01   4.1323331e-02
   7.5250836e-01   4.0702168e-02
   7.5585284e-01   4.0082660e-02
   7.5919732e-01   3.9464844e-02
   7.6254181e-01   3.8848756e-02
   7.6588629e-01   3.8234430e-02
   7.6923077e-01   3.7621900e-02
   7.7257525e-01   3.7011197e-02
   7.7591973e-01   3.6402351e-02
   7.7926421e-01   3.5795392e-02
   7.8260870e-01   3.5190346e-02
   7.8595318e-01   3.4587239e-02
   7.8929766e-01   3.3986096e-02
   7.9264214e-01   3.3386940e-02
   7.9598662e-01   3.2789791e-02
   7.9933110e-01   3.2194671e-02
   8.0267559e-01   3.1601597e-02
   8.0602007e-01   3.1010586e-02
   8.0936455e-01   3.0421654e-02
   8.1270903e-01   2.9834815e-02
   8.1605351e-01   2.9250080e-02
   8.1939799e-01   2.8667461e-02
   8.2274247e-01   2.8086967e-02
   8.2608696e-01   2.7508605e-02
   8.2943144e-01   2.6932382e-02
   8.3277592e-01   2.6358302e-02
   8.3612040e-01   2.5786369e-02
   8.3946488e-01   2.5216582e-02
   8.4280936e-01   2.4648943e-02
   8.4615385e-01   2.4083448e-02
   8.4949833e-01   2.3520096e-02
   8.5284281e-01   2.2958880e-02
   8.5618729e-01   2.2399794e-02
   8.5953177e-01   2.1842829e-02
   8.6287625e-01   2.1287976e-02
   8.6622074e-01   2.0735223e-02
   8.6956522e-01   2.0184556e-02
   8.7290970e-01   1.9635961e-02
   8.7625418e-01   1.9089420e-02
   8.7959866e-01   1.8544915e-02
   8.8294314e-01   1.8002427e-02
   8.8628763e-01   1.7461933e-02
   8.8963211e-01   1.6923410e-02
   8.9297659e-01   1.6386832e-02
   8.9632107e-01   1.5852174e-02
   8.9966555e-01   1.5319405e-02
   9.0301003e-01   1.4788496e-02
   9.0635452e-01   1.4259414e-02
   9.0969900e-01   1.3732127e-02
   9.1304348e-01   1.3206596e-02
   9.1638796e-01   1.2682787e-02
   9.1973244e-01   1.2160658e-02
   9.2307692e-01   1.1640170e-02
   9.2642140e-01   1.1121279e-02
   9.2976589e-01   1.0603941e-02
   9.3311037e-01   1.0088109e-02
   9.3645485e-01   9.5737352e-03
   9.3979933e-01   9.0607695e-03
   9.4314381e-01   8.5491600e-03
   9.4648829e-01   8.0388529e-03
   9.4983278e-01   7.5297927e-03
   9.5317726e-01   7.0219219e-03
   9.5652174e-01   6.5151814e-03
   9.5986622e-01   6.0095098e-03
   9.6321070e-01   5.5048443e-03
   9.6655518e-01   5.0011199e-03
   9.6989967e-01   4.4982698e-03
   9.7324415e-01   3.9962253e-03
   9.7658863e-01   3.4949160e-03
   9.7993311e-01   2.9942691e-03
   9.8327759e-01   2.4942105e-03
   9.8662207e-01   1.9946636e-03
   9.8996656e-01   1.4955504e-03
   9.9331104e-01   9.9679041e-04
   9.9665552e-01   4.9830166e-04
   1.0000000e+00   0.0000000e+00
   1.0000000e+00   0.0000000e+00
   9.9665552e-01   1.6788656e-05
   9.9331104e-01   2.9040120e-05
   9.8996656e-01   3.6911119e-05
   9.8662207e-01   4.0556077e-05
   9.8327759e-01   4.0127120e-05
   9.7993311e-01   3.5774094e-05
   9.7658863e-01   2.7644567e-05
   9.7324415e-01   1.5883840e-05
   9.6989967e-01   6.3495888e-07
   9.6655518e-01  -1.7961279e-05
   9.6321070e-01  -3.9766313e-05
   9.5986622e-01  -6.4643812e-05
   9.5652174e-01  -9.2459664e-05
   9.5317726e-01  -1.2308196e-04
   9.4983278e-01  -1.5638101e-04
   9.4648829e-01  -1.9222929e-04
   9.4314381e-01  -2.3050147e-04
   9.3979933e-01  -2.7107438e-04
   9.3645485e-01  -3.1382702e-04
   9.3311037e-01  -3.5864055e-04
   9.2976589e-01  -4.0539826e-04
   9.2642140e-01  -4.5398556e-04
   9.2307692e-01  -5.0429000e-04
   9.1973244e-01  -5.5620123e-04
   9.1638796e-01  -6.0961102e-04
   9.1304348e-01  -6.6441320e-04
   9.0969900e-01  -7.2050371e-04
   9.0635452e-01  -7.7778055e-04
   9.0301003e-01  -8.3614378e-04
   8.9966555e-01  -8.9549552e-04
   8.9632107e-01  -9.5573991e-04
   8.9297659e-01  -1.0167831e-03
   8.8963211e-01  -1.0785334e-03
   8.8628763e-01  -1.1409010e-03
   8.8294314e-01  -1.2037980e-03
   8.7959866e-01  -1.2671387e-03
   8.7625418e-01  -1.3308392e-03
   8.7290970e-01  -1.3948178e-03
   8.6956522e-01  -1.4589944e-03
   8.6622074e-01  -1.5232912e-03
   8.6287625e-01  -1.5876322e-03
   8.5953177e-01  -1.6519433e-03
   8.5618729e-01  -1.7161522e-03
   8.5284281e-01  -1.7801888e-03
   8.4949833e-01  -1.8439846e-03
   8.4615385e-01  -1.9074732e-03
   8.4280936e-01  -1.9705900e-03
   8.3946488e-01  -2.0332721e-03
   8.3612040e-01  -2.0954587e-03
   8.3277592e-01  -2.1570906e-03
   8.2943144e-01  -2.2181108e-03
   8.2608696e-01  -2.2784636e-03
   8.2274247e-01  -2.3380955e-03
   8.1939799e-01  -2.3969546e-03
   8.1605351e-01  -2.4549910e-03
   8.1270903e-01  -2.5121562e-03
   8.0936455e-01  -2.5684038e-03
   8.0602007e-01  -2.6236890e-03
   8.0267559e-01  -2.6779688e-03
   7.9933110e-01  -2.7312018e-03
   7.9598662e-01  -2.7833484e-03
   7.9264214e-01  -2.8343707e-03
   7.8929766e-01  -2.8842325e-03
   7.8595318e-01  -2.9328992e-03
   7.8260870e-01  -2.9803380e-03
   7.7926421e-01  -3.0265176e-03
   7.7591973e-01  -3.0714085e-03
   7.7257525e-01  -3.1149827e-03
   7.6923077e-01  -3.1572137e-03
   7.6588629e-01  -3.1980770e-03
   7.6254181e-01  -3.2375493e-03
   7.5919732e-01  -3.2756091e-03
   7.5585284e-01  -3.3122363e-03
   7.5250836e-01  -3.3474125e-03
   7.4916388e-01  -3.3811208e-03
   7.4581940e-01  -3.4133458e-03
   7.4247492e-01  -3.4440736e-03
   7.3913043e-01  -3.4732919e-03
   7.3578595e-01  -3.5009898e-03
   7.3244147e-01  -3.5271578e-03
   7.2909699e-01  -3.5517881e-03
   7.2575251e-01  -3.5748741e-03
   7.2240803e-01  -3.5964108e-03
   7.1906355e-01  -3.6163946e-03
   7.1571906e-01  -3.6348232e-03
   7.1237458e-01  -3.6516958e-03
   7.0903010e-01  -3.6670130e-03
   7.0568562e-01  -3.6807766e-03
   7.0234114e-01  -3.6929900e-03
   6.9899666e-01  -3.7036579e-03
   6.9565217e-01  -3.7127860e-03
   6.9230769e-01  -3.7203818e-03
   6.8896321e-01  -3.7264537e-03
   6.8561873e-01  -3.7310117e-03
   6.8227425e-01  -3.7340667e-03
   6.7892977e-01  -3.7356313e-03
   6.7558528e-01  -3.7357189e-03
   6.7224080e-01  -3.7343446e-03
   6.6889632e-01  -3.7315242e-03
   6.6555184e-01  -3.7272750e-03
   6.6220736e-01  -3.7216156e-03
   6.5886288e-01  -3.7145654e-03
   6.5551839e-01  -3.7061452e-03
   6.5217391e-01  -3.6963769e-03
   6.4882943e-01  -3.6852836e-03
   6.4548495e-01  -3.6728892e-03
   6.4214047e-01  -3.6592191e-03
   6.3879599e-01  -3.6442995e-03
   6.3545151e-01  -3.6281576e-03
   6.3210702e-01  -3.6108220e-03
   6.2876254e-01  -3.5923220e-03
   6.2541806e-01  -3.5726880e-03
   6.2207358e-01  -3.5519514e-03
   6.1872910e-01  -3.5301446e-03
   6.1538462e-01  -3.5073009e-03
   6.1204013e-01  -3.4834546e-03
   6.0869565e-01  -3.4586409e-03
   6.0535117e-01  -3.4328959e-03
   6.0200669e-01  -3.4062567e-03
   5.9866221e-01  -3.3787611e-03
   5.9531773e-01  -3.3504478e-03
   5.9197324e-01  -3.3213564e-03
   5.8862876e-01  -3.2915273e-03
   5.8528428e-01  -3.2610017e-03
   5.8193980e-01  -3.2298217e-03
   5.7859532e-01  -3.1980298e-03
   5.7525084e-01  -3.1656697e-03
   5.7190635e-01  -3.1327855e-03
   5.6856187e-01  -3.0994222e-03
   5.6521739e-01  -3.0656254e-03
   5.6187291e-01  -3.0314413e-03
   5.5852843e-01  -2.9969171e-03
   5.5518395e-01  -2.9621001e-03
   5.5183946e-01  -2.9270386e-03
   5.4849498e-01  -2.8917814e-03
   5.4515050e-01  -2.8563777e-03
   5.4180602e-01  -2.8208776e-03
   5.3846154e-01  -2.7853315e-03
   5.3511706e-01  -2.7497902e-03
   5.3177258e-01  -2.7143052e-03
   5.2842809e-01  -2.6789284e-03
   5.2508361e-01  -2.6437122e-03
   5.2173913e-01  -2.6087092e-03
   5.1839465e-01  -2.5739726e-03
   5.1505017e-01  -2.5395560e-03
   5.1170569e-01  -2.5055132e-03
   5.0836120e-01  -2.4718984e-03
   5.0501672e-01  -2.4387663e-03
   5.0167224e-01  -2.4061715e-03
   4.9832776e-01  -2.3741691e-03
   4.9498328e-01  -2.3428145e-03
   4.9163880e-01  -2.3121632e-03
   4.8829431e-01  -2.2822708e-03
   4.8494983e-01  -2.2531933e-03
   4.8160535e-01  -2.2249865e-03
   4.7826087e-01  -2.1977066e-03
   4.7491639e-01  -2.1714099e-03
   4.7157191e-01  -2.1461524e-03
   4.6822742e-01  -2.1219906e-03
   4.6488294e-01  -2.0989807e-03
   4.6153846e-01  -2.0771788e-03
   4.5819398e-01  -2.0566413e-03
   4.5484950e-01  -2.0374242e-03
   4.5150502e-01  -2.0195836e-03
   4.4816054e-01  -2.0031751e-03
   4.4481605e-01  -1.9882547e-03
   4.4147157e-01  -1.9748776e-03
   4.3812709e-01  -1.9630992e-03
   4.3478261e-01  -1.9529745e-03
   4.3143813e-01  -1.9445581e-03
   4.2809365e-01  -1.9379044e-03
   4.2474916e-01  -1.9330673e-03
   4.2140468e-01  -1.9301004e-03
   4.1806020e-01  -1.9290570e-03
   4.1471572e-01  -1.9299897e-03
   4.1137124e-01  -1.9329507e-03
   4.0802676e-01  -1.9379916e-03
   4.0468227e-01  -1.9451635e-03
   4.0133779e-01  -1.9545169e-03
   3.9799331e-01  -1.9661016e-03
   3.9464883e-01  -1.9799667e-03
   3.9130435e-01  -1.9961606e-03
   3.8795987e-01  -2.0147309e-03
   3.8461538e-01  -2.0357245e-03
   3.8127090e-01  -2.0591872e-03
   3.7792642e-01  -2.0851641e-03
   3.7458194e-01  -2.1136993e-03
   3.7123746e-01  -2.1448360e-03
   3.6789298e-01  -2.1786162e-03
   3.6454849e-01  -2.2150809e-03
   3.6120401e-01  -2.2542700e-03
   3.5785953e-01  -2.2962222e-03
   3.5451505e-01  -2.3409749e-03
   3.5117057e-01  -2.3885644e-03
   3.4782609e-01  -2.4390254e-03
   3.4448161e-01  -2.4923913e-03
   3.4113712e-01  -2.5486943e-03
   3.3779264e-01  -2.6079647e-03
   3.3444816e-01  -2.6702316e-03
   3.3110368e-01  -2.7355222e-03
   3.2775920e-01  -2.8038621e-03
   3.2441472e-01  -2.8752751e-03
   3.2107023e-01  -2.9497834e-03
   3.1772575e-01  -3.0274071e-03
   3.1438127e-01  -3.1081645e-03
   3.1103679e-01  -3.1920716e-03
   3.0769231e-01  -3.2791425e-03
   3.0434783e-01  -3.3693892e-03
   3.0100334e-01  -3.4628214e-03
   2.9765886e-01  -3.5594462e-03
   2.9431438e-01  -3.6592687e-03
   2.9096990e-01  -3.7622911e-03
   2.8762542e-01  -3.8685133e-03
   2.8428094e-01  -3.9779323e-03
   2.8093645e-01  -4.0905425e-03
   2.7759197e-01  -4.2063352e-03
   2.7424749e-01  -4.3252990e-03
   2.7090301e-01  -4.4474190e-03
   2.6755853e-01  -4.5726775e-03
   2.6421405e-01  -4.7010532e-03
   2.6086957e-01  -4.8325215e-03
   2.5752508e-01  -4.9670541e-03
   2.5418060e-01  -5.1046192e-03
   2.5083612e-01  -5.2451810e-03
   2.4749164e-01  -5.3886997e-03
   2.4414716e-01  -5.5351315e-03
   2.4080268e-01  -5.6844282e-03
   2.3745819e-01  -5.8365374e-03
   2.3411371e-01  -5.9914017e-03
   2.3076923e-01  -6.1489593e-03
   2.2742475e-01  -6.3091431e-03
   2.2408027e-01  -6.4718811e-03
   2.2073579e-01  -6.6370958e-03
   2.1739130e-01  -6.8047041e-03
   2.1404682e-01  -6.9746172e-03
   2.1070234e-01  -7.1467401e-03
   2.0735786e-01  -7.3209715e-03
   2.0401338e-01  -7.4972037e-03
   2.0066890e-01  -7.6753221e-03
   1.9732441e-01  -7.8552047e-03
   1.9397993e-01  -8.0367224e-03
   1.9063545e-01  -8.2197380e-03
   1.8729097e-01  -8.4041063e-03
   1.8394649e-01  -8.5896736e-03
   1.8060201e-01  -8.7762772e-03
   1.7725753e-01  -8.9637448e-03
   1.7391304e-01  -9.1518946e-03
   1.7056856e-01  -9.3405344e-03
   1.6722408e-01  -9.5294608e-03
   1.6387960e-01  -9.7184595e-03
   1.6053512e-01  -9.9073036e-03
   1.5719064e-01  -1.0095754e-02
   1.5384615e-01  -1.0283557e-02
   1.5050167e-01  -1.0470447e-02
   1.4715719e-01  -1.0656141e-02
   1.4381271e-01  -1.0840341e-02
   1.4046823e-01  -1.1022731e-02
   1.3712375e-01  -1.1202980e-02
   1.3377926e-01  -1.1380733e-02
   1.3043478e-01  -1.1555619e-02
   1.2709030e-01  -1.1727241e-02
   1.2374582e-01  -1.1895181e-02
   1.2040134e-01  -1.2058994e-02
   1.1705686e-01  -1.2218209e-02
   1.1371237e-01  -1.2372325e-02
   1.1036789e-01  -1.2520807e-02
   1.0702341e-01  -1.2663087e-02
   1.0367893e-01  -1.2798558e-02
   1.0033445e-01  -1.2926573e-02
   9.6989967e-02  -1.3046437e-02
   9.3645485e-02  -1.3157407e-02
   9.0301003e-02  -1.3258682e-02
   8.6956522e-02  -1.3349402e-02
   8.3612040e-02  -1.3428636e-02
   8.0267559e-02  -1.3495377e-02
   7.6923077e-02  -1.3548532e-02
   7.3578595e-02  -1.3586907e-02
   7.0234114e-02  -1.3609198e-02
   6.6889632e-02  -1.3613972e-02
   6.3545151e-02  -1.3599645e-02
   6.0200669e-02  -1.3564462e-02
   5.6856187e-02  -1.3506462e-02
   5.3511706e-02  -1.3423441e-02
   5.0167224e-02  -1.3312902e-02
   4.6822742e-02  -1.3171995e-02
   4.3478261e-02  -1.2997429e-02
   4.0133779e-02  -1.2785363e-02
   3.6789298e-02  -1.2531253e-02
   3.3444816e-02  -1.2229636e-02
   3.0100334e-02  -1.1873820e-02
   2.6755853e-02  -1.1455413e-02
   2.3411371e-02  -1.0963591e-02
   2.0066890e-02  -1.0383878e-02
   1.6722408e-02  -9.6959823e-03
   1.3377926e-02  -8.8695774e-03
   1.0033445e-02  -7.8549519e-03
   6.6889632e-03  -6.5577116e-03
   3.3444816e-03  -4.7406373e-03
   0.0000000e+00  -0.0000000e+00
