   0.0000000e+00   0.0000000e+00
   3.3444816e-03   2.0230808e-02
   6.6889632e-03   2.8530954e-02
   1.0033445e-02   3.4844562e-02
   1.3377926e-02   4.0120150e-02
   1.6722408e-02   4.4726083e-02
   2.0066890e-02   4.8851737e-02
   2.3411371e-02   5.2609863e-02
   2.6755853e-02   5.6074090e-02
   3.0100334e-02   5.9295665e-02
   3.3444816e-02   6.2311980e-02
   3.6789298e-02   6.5151322e-02
   4.0133779e-02   6.7835710e-02
   4.3478261e-02   7.0382689e-02
   4.6822742e-02   7.2806514e-02
   5.0167224e-02   7.5118959e-02
   5.3511706e-02   7.7329882e-02
   5.6856187e-02   7.9447639e-02
   6.0200669e-02   8.1479390e-02
   6.3545151e-02   8.3431325e-02
   6.6889632e-02   8.5308843e-02
   7.0234114e-02   8.7116685e-02
   7.3578595e-02   8.8859045e-02
   7.6923077e-02   9.0539654e-02
   8.0267559e-02   9.2161852e-02
   8.3612040e-02   9.3728641e-02
   8.6956522e-02   9.5242734e-02
   9.0301003e-02   9.6706592e-02
   9.3645485e-02   9.8122457e-02
   9.6989967e-02   9.9492382e-02
   1.0033445e-01   1.0081825e-01
   1.0367893e-01   1.0210178e-01
   1.0702341e-01   1.0334459e-01
   1.1036789e-01   1.0454816e-01
   1.1371237e-01   1.0571385e-01
   1.1705686e-01   1.0684295e-01
   1.2040134e-01   1.0793665e-01
   1.2374582e-01   1.0899607e-01
   1.2709030e-01   1.1002227e-01
   1.3043478e-01   1.1101621e-01
   1.3377926e-01   1.1197883e-01
   1.3712375e-01   1.1291100e-01
   1.4046823e-01   1.1381354e-01
   1.4381271e-01   1.1468723e-01
   1.4715719e-01   1.1553282e-01
   1.5050167e-01   1.1635100e-01
   1.5384615e-01   1.1714243e-01
   1.5719064e-01   1.1790777e-01
   1.6053512e-01   1.1864760e-01
   1.6387960e-01   1.1936251e-01
   1.6722408e-01   1.2005304e-01
   1.7056856e-01   1.2071973e-01
   1.7391304e-01   1.2136309e-01
   1.7725753e-01   1.2198359e-01
   1.8060201e-01   1.2258171e-01
   1.8394649e-01   1.2315789e-01
   1.8729097e-01   1.2371256e-01
   1.9063545e-01   1.2424614e-01
   1.9397993e-01   1.2475902e-01
   1.9732441e-01   1.2525161e-01
   2.0066890e-01   1.2572426e-01
   2.0401338e-01   1.2617734e-01
   2.0735786e-01   1.2661120e-01
   2.1070234e-01   1.2702618e-01
   2.1404682e-01   1.2742260e-01
   2.1739130e-01   1.2780079e-01
   2.2073579e-01   1.2816105e-01
   2.2408027e-01   1.2850368e-01
   2.2742475e-01   1.2882897e-01
   2.3076923e-01   1.2913721e-01
   2.3411371e-01   1.2942867e-01
   2.3745819e-01   1.2970362e-01
   2.4080268e-01   1.2996232e-01
   2.4414716e-01   1.3020503e-01
   2.4749164e-01   1.3043200e-01
   2.5083612e-01   1.3064347e-01
   2.5418060e-01   1.3083968e-01
   2.5752508e-01   1.3102085e-01
   2.6086957e-01   1.3118723e-01
   2.6421405e-01   1.3133902e-01
   2.6755853e-01   1.3147645e-01
   2.7090301e-01   1.3159972e-01
   2.7424749e-01   1.3170905e-01
   2.7759197e-01   1.3180465e-01
   2.8093645e-01   1.3188670e-01
   2.8428094e-01   1.3195541e-01
   2.8762542e-01   1.3201097e-01
   2.9096990e-01   1.3205356e-01
   2.9431438e-01   1.3208338e-01
   2.9765886e-01   1.3210060e-01
   3.0100334e-01   1.3210541e-01
   3.0434783e-01   1.3209797e-01
   3.0769231e-01   1.3207847e-01
   3.1103679e-01   1.3204706e-01
   3.1438127e-01   1.3200393e-01
   3.1772575e-01   1.3194922e-01
   3.2107023e-01   1.3188311e-01
   3.2441472e-01   1.3180575e-01
   3.2775920e-01   1.3171730e-01
   3.3110368e-01   1.3161791e-01
   3.3444816e-01   1.3150774e-01
   3.3779264e-01   1.3138693e-01
   3.4113712e-01   1.3125563e-01
   3.4448161e-01   1.3111398e-01
   3.4782609e-01   1.3096213e-01
   3.5117057e-01   1.3080022e-01
   3.5451505e-01   1.3062839e-01
   3.5785953e-01   1.3044677e-01
   3.6120401e-01   1.3025550e-01
   3.6454849e-01   1.3005471e-01
   3.6789298e-01   1.2984454e-01
   3.7123746e-01   1.2962510e-01
   3.7458194e-01   1.2939654e-01
   3.7792642e-01   1.2915897e-01
   3.8127090e-01   1.2891252e-01
   3.8461538e-01   1.2865731e-01
   3.8795987e-01   1.2839347e-01
   3.9130435e-01   1.2812111e-01
   3.9464883e-01   1.2784035e-01
   3.9799331e-01   1.2755130e-01
   4.0133779e-01   1.2725409e-01
   4.0468227e-01   1.2694882e-01
   4.0802676e-01   1.2663560e-01
   4.1137124e-01   1.2631455e-01
   4.1471572e-01   1.2598578e-01
   4.1806020e-01   1.2564939e-01
   4.2140468e-01   1.2530548e-01
   4.2474916e-01   1.2495417e-01
   4.2809365e-01   1.2459556e-01
   4.3143813e-01   1.2422974e-01
   4.3478261e-01   1.2385682e-01
   4.3812709e-01   1.2347690e-01
   4.4147157e-01   1.2309008e-01
   4.4481605e-01   1.2269645e-01
   4.4816054e-01   1.2229610e-01
   4.5150502e-01   1.2188914e-01
   4.5484950e-01   1.2147566e-01
   4.5819398e-01   1.2105574e-01
   4.6153846e-01   1.2062948e-01
   4.6488294e-01   1.2019696e-01
   4.6822742e-01   1.1975828e-01
   4.7157191e-01   1.1931352e-01
   4.7491639e-01   1.1886277e-01
   4.7826087e-01   1.1840612e-01
   4.8160535e-01   1.1794363e-01
   4.8494983e-01   1.1747541e-01
   4.8829431e-01   1.1700152e-01
   4.9163880e-01   1.1652205e-01
   4.9498328e-01   1.1603708e-01
   4.9832776e-01   1.1554668e-01
   5.0167224e-01   1.1505093e-01
   5.0501672e-01   1.1454991e-01
   5.0836120e-01   1.1404369e-01
   5.1170569e-01   1.1353234e-01
   5.1505017e-01   1.1301594e-01
   5.1839465e-01   1.1249455e-01
   5.2173913e-01   1.1196825e-01
   5.2508361e-01   1.1143710e-01
   5.2842809e-01   1.1090117e-01
   5.3177258e-01   1.1036052e-01
   5.3511706e-01   1.0981523e-01
   5.3846154e-01   1.0926536e-01
   5.4180602e-01   1.0871097e-01
   5.4515050e-01   1.0815211e-01
   5.4849498e-01   1.0758886e-01
   5.5183946e-01   1.0702127e-01
   5.5518395e-01   1.0644939e-01
   5.5852843e-01   1.0587330e-01
   5.6187291e-01   1.0529303e-01
   5.6521739e-01   1.0470866e-01
   5.6856187e-01   1.0412022e-01
   5.7190635e-01   1.0352779e-01
   5.7525084e-01   1.0293140e-01
   5.7859532e-01   1.0233110e-01
   5.8193980e-01   1.0172695e-01
   5.8528428e-01   1.0111900e-01
   5.8862876e-01   1.0050730e-01
   5.9197324e-01   9.9891877e-02
   5.9531773e-01   9.9272792e-02
   5.9866221e-01   9.8650087e-02
   6.0200669e-01   9.8023802e-02
   6.0535117e-01   9.7393981e-02
   6.0869565e-01   9.6760663e-02
   6.1204013e-01   9.6123890e-02
   6.1538462e-01   9.5483698e-02
   6.1872910e-01   9.4840125e-02
   6.2207358e-01   9.4193209e-02
   6.2541806e-01   9.3542983e-02
   6.2876254e-01   9.2889481e-02
   6.3210702e-01   9.2232738e-02
   6.3545151e-01   9.1572783e-02
   6.3879599e-01   9.0909649e-02
   6.4214047e-01   9.0243364e-02
   6.4548495e-01   8.9573957e-02
   6.4882943e-01   8.8901455e-02
   6.5217391e-01   8.8225883e-02
   6.5551839e-01   8.7547268e-02
   6.5886288e-01   8.6865632e-02
   6.6220736e-01   8.6180999e-02
   6.6555184e-01   8.5493389e-02
   6.6889632e-01   8.4802824e-02
   6.7224080e-01   8.4109321e-02
   6.7558528e-01   8.3412900e-02
   6.7892977e-01   8.2713577e-02
   6.8227425e-01   8.2011368e-02
   6.8561873e-01   8.1306287e-02
   6.8896321e-01   8.0598347e-02
   6.9230769e-01   7.9887562e-02
   6.9565217e-01   7.9173941e-02
   6.9899666e-01   7.8457494e-02
   7.0234114e-01   7.7738231e-02
   7.0568562e-01   7.7016158e-02
   7.0903010e-01   7.6291282e-02
   7.1237458e-01   7.5563608e-02
   7.1571906e-01   7.4833139e-02
   7.1906355e-01   7.4099879e-02
   7.2240803e-01   7.3363829e-02
   7.2575251e-01   7.2624988e-02
   7.2909699e-01   7.1883357e-02
   7.3244147e-01   7.1138933e-02
   7.3578595e-01   7.0391712e-02
   7.3913043e-01   6.9641690e-02
   7.4247492e-01   6.8888861e-02
   7.4581940e-01   6.8133218e-02
   7.4916388e-01   6.7374753e-02
   7.5250836e-01   6.6613456e-02
   7.5585284e-01   6.5849316e-02
   7.5919732e-01   6.5082322e-02
   7.6254181e-01   6.4312460e-02
   7.6588629e-01   6.3539715e-02
   7.6923077e-01   6.2764072e-02
   7.7257525e-01   6.1985514e-02
   7.7591973e-01   6.1204023e-02
   7.7926421e-01   6.0419579e-02
   7.8260870e-01   5.9632160e-02
   7.8595318e-01   5.8841747e-02
   7.8929766e-01   5.8048313e-02
   7.9264214e-01   5.7251837e-02
   7.9598662e-01   5.6452290e-02
   7.9933110e-01   5.5649646e-02
   8.0267559e-01   5.4843877e-02
   8.0602007e-01   5.4034953e-02
   8.0936455e-01   5.3222843e-02
   8.1270903e-01   5.2407514e-02
   8.1605351e-01   5.1588933e-02
   8.1939799e-01   5.0767064e-02
   8.2274247e-01   4.9941872e-02
   8.2608696e-01   4.9113319e-02
   8.2943144e-01   4.8281365e-02
   8.3277592e-01   4.7445972e-02
   8.3612040e-01   4.6607096e-02
   8.3946488e-01   4.5764695e-02
   8.4280936e-01   4.4918725e-02
   8.4615385e-01   4.4069141e-02
   8.4949833e-01   4.3215894e-02
   8.5284281e-01   4.2358938e-02
   8.5618729e-01   4.1498222e-02
   8.5953177e-01   4.0633696e-02
   8.6287625e-01   3.9765306e-02
   8.6622074e-01   3.8893000e-02
   8.6956522e-01   3.8016723e-02
   8.7290970e-01   3.7136417e-02
   8.7625418e-01   3.6252025e-02
   8.7959866e-01   3.5363487e-02
   8.8294314e-01   3.4470744e-02
   8.8628763e-01   3.3573733e-02
   8.8963211e-01   3.2672391e-02
   8.9297659e-01   3.1766654e-02
   8.9632107e-01   3.0856454e-02
   8.9966555e-01   2.9941724e-02
   9.0301003e-01   2.9022396e-02
   9.0635452e-01   2.8098399e-02
   9.0969900e-01   2.7169661e-02
   9.1304348e-01   2.6236109e-02
   9.1638796e-01   2.5297669e-02
   9.1973244e-01   2.4354264e-02
   9.2307692e-01   2.3405817e-02
   9.2642140e-01   2.2452249e-02
   9.2976589e-01   2.1493479e-02
   9.3311037e-01   2.0529426e-02
   9.3645485e-01   1.9560007e-02
   9.3979933e-01   1.8585137e-02
   9.4314381e-01   1.7604729e-02
   9.4648829e-01   1.6618697e-02
   9.4983278e-01   1.5626950e-02
   9.5317726e-01   1.4629399e-02
   9.5652174e-01   1.3625952e-02
   9.5986622e-01   1.2616515e-02
   9.6321070e-01   1.1600992e-02
   9.6655518e-01   1.0579289e-02
   9.6989967e-01   9.5513062e-03
   9.7324415e-01   8.5169448e-03
   9.7658863e-01   7.4761039e-03
   9.7993311e-01   6.4286811e-03
   9.8327759e-01   5.3745724e-03
   9.8662207e-01   4.3136725e-03
   9.8996656e-01   3.2458745e-03
   9.9331104e-01   2.1710700e-03
   9.9665552e-01   1.0891490e-03
   1.0000000e+00   0.0000000e+00
   1.0000000e+00   0.0000000e+00
   9.9665552e-01   3.1731774e-04
   9.9331104e-01   6.3543302e-04
   9.8996656e-01   9.5415869e-04
   9.8662207e-01   1.2733101e-03
   9.8327759e-01   1.5927050e-03
   9.7993311e-01   1.9121637e-03
   9.7658863e-01   2.2315090e-03
   9.7324415e-01   2.5505661e-03
   9.6989967e-01   2.8691628e-03
   9.6655518e-01   3.1871292e-03
   9.6321070e-01   3.5042978e-03
   9.5986622e-01   3.8205038e-03
   9.5652174e-01   4.1355845e-03
   9.5317726e-01   4.4493799e-03
   9.4983278e-01   4.7617324e-03
   9.4648829e-01   5.0724866e-03
   9.4314381e-01   5.3814896e-03
   9.3979933e-01   5.6885910e-03
   9.3645485e-01   5.9936428e-03
   9.3311037e-01   6.2964991e-03
   9.2976589e-01   6.5970167e-03
   9.2642140e-01   6.8950546e-03
   9.2307692e-01   7.1904743e-03
   9.1973244e-01   7.4831394e-03
   9.1638796e-01   7.7729160e-03
   9.1304348e-01   8.0596727e-03
   9.0969900e-01   8.3432802e-03
   9.0635452e-01   8.6236115e-03
   9.0301003e-01   8.9005422e-03
   8.9966555e-01   9.1739498e-03
   8.9632107e-01   9.4437145e-03
   8.9297659e-01   9.7097185e-03
   8.8963211e-01   9.9718465e-03
   8.8628763e-01   1.0229985e-02
   8.8294314e-01   1.0484024e-02
   8.7959866e-01   1.0733854e-02
   8.7625418e-01   1.0979370e-02
   8.7290970e-01   1.1220466e-02
   8.6956522e-01   1.1457041e-02
   8.6622074e-01   1.1688996e-02
   8.6287625e-01   1.1916234e-02
   8.5953177e-01   1.2138658e-02
   8.5618729e-01   1.2356177e-02
   8.5284281e-01   1.2568699e-02
   8.4949833e-01   1.2776135e-02
   8.4615385e-01   1.2978401e-02
   8.4280936e-01   1.3175410e-02
   8.3946488e-01   1.3367083e-02
   8.3612040e-01   1.3553337e-02
   8.3277592e-01   1.3734097e-02
   8.2943144e-01   1.3909286e-02
   8.2608696e-01   1.4078831e-02
   8.2274247e-01   1.4242661e-02
   8.1939799e-01   1.4400706e-02
   8.1605351e-01   1.4552900e-02
   8.1270903e-01   1.4699179e-02
   8.0936455e-01   1.4839478e-02
   8.0602007e-01   1.4973737e-02
   8.0267559e-01   1.5101899e-02
   7.9933110e-01   1.5223905e-02
   7.9598662e-01   1.5339703e-02
   7.9264214e-01   1.5449239e-02
   7.8929766e-01   1.5552464e-02
   7.8595318e-01   1.5649328e-02
   7.8260870e-01   1.5739787e-02
   7.7926421e-01   1.5823795e-02
   7.7591973e-01   1.5901310e-02
   7.7257525e-01   1.5972293e-02
   7.6923077e-01   1.6036705e-02
   7.6588629e-01   1.6094510e-02
   7.6254181e-01   1.6145675e-02
   7.5919732e-01   1.6190166e-02
   7.5585284e-01   1.6227954e-02
   7.5250836e-01   1.6259010e-02
   7.4916388e-01   1.6283309e-02
   7.4581940e-01   1.6300826e-02
   7.4247492e-01   1.6311539e-02
   7.3913043e-01   1.6315427e-02
   7.3578595e-01   1.6312472e-02
   7.3244147e-01   1.6302657e-02
   7.2909699e-01   1.6285968e-02
   7.2575251e-01   1.6262393e-02
   7.2240803e-01   1.6231919e-02
   7.1906355e-01   1.6194539e-02
   7.1571906e-01   1.6150246e-02
   7.1237458e-01   1.6099033e-02
   7.0903010e-01   1.6040898e-02
   7.0568562e-01   1.5975840e-02
   7.0234114e-01   1.5903859e-02
   6.9899666e-01   1.5824957e-02
   6.9565217e-01   1.5739138e-02
   6.9230769e-01   1.5646408e-02
   6.8896321e-01   1.5546774e-02
   6.8561873e-01   1.5440248e-02
   6.8227425e-01   1.5326839e-02
   6.7892977e-01   1.5206560e-02
   6.7558528e-01   1.5079428e-02
   6.7224080e-01   1.4945457e-02
   6.6889632e-01   1.4804668e-02
   6.6555184e-01   1.4657080e-02
   6.6220736e-01   1.4502715e-02
   6.5886288e-01   1.4341596e-02
   6.5551839e-01   1.4173750e-02
   6.5217391e-01   1.3999202e-02
   6.4882943e-01   1.3817983e-02
   6.4548495e-01   1.3630123e-02
   6.4214047e-01   1.3435654e-02
   6.3879599e-01   1.3234610e-02
   6.3545151e-01   1.3027026e-02
   6.3210702e-01   1.2812941e-02
   6.2876254e-01   1.2592392e-02
   6.2541806e-01   1.2365422e-02
   6.2207358e-01   1.2132071e-02
   6.1872910e-01   1.1892384e-02
   6.1538462e-01   1.1646406e-02
   6.1204013e-01   1.1394185e-02
   6.0869565e-01   1.1135770e-02
   6.0535117e-01   1.0871211e-02
   6.0200669e-01   1.0600560e-02
   5.9866221e-01   1.0323870e-02
   5.9531773e-01   1.0041197e-02
   5.9197324e-01   9.7525980e-03
   5.8862876e-01   9.4581308e-03
   5.8528428e-01   9.1578555e-03
   5.8193980e-01   8.8518335e-03
   5.7859532e-01   8.5401279e-03
   5.7525084e-01   8.2228031e-03
   5.7190635e-01   7.8999253e-03
   5.6856187e-01   7.5715621e-03
   5.6521739e-01   7.2377824e-03
   5.6187291e-01   6.8986570e-03
   5.5852843e-01   6.5542579e-03
   5.5518395e-01   6.2046587e-03
   5.5183946e-01   5.8499344e-03
   5.4849498e-01   5.4901616e-03
   5.4515050e-01   5.1254182e-03
   5.4180602e-01   4.7557836e-03
   5.3846154e-01   4.3813388e-03
   5.3511706e-01   4.0021661e-03
   5.3177258e-01   3.6183491e-03
   5.2842809e-01   3.2299732e-03
   5.2508361e-01   2.8371248e-03
   5.2173913e-01   2.4398920e-03
   5.1839465e-01   2.0383641e-03
   5.1505017e-01   1.6326319e-03
   5.1170569e-01   1.2227877e-03
   5.0836120e-01   8.0892485e-04
   5.0501672e-01   3.9113839e-04
   5.0167224e-01  -3.0475454e-05
   4.9832776e-01  -4.5581904e-04
   4.9498328e-01  -8.8479339e-04
   4.9163880e-01  -1.3172982e-03
   4.8829431e-01  -1.7532318e-03
   4.8494983e-01  -2.1924912e-03
   4.8160535e-01  -2.6349721e-03
   4.7826087e-01  -3.0805689e-03
   4.7491639e-01  -3.5291746e-03
   4.7157191e-01  -3.9806812e-03
   4.6822742e-01  -4.4349789e-03
   4.6488294e-01  -4.8919571e-03
   4.6153846e-01  -5.3515036e-03
   4.5819398e-01  -5.8135051e-03
   4.5484950e-01  -6.2778469e-03
   4.5150502e-01  -6.7444131e-03
   4.4816054e-01  -7.2130866e-03
   4.4481605e-01  -7.6837489e-03
   4.4147157e-01  -8.1562804e-03
   4.3812709e-01  -8.6305602e-03
   4.3478261e-01  -9.1064660e-03
   4.3143813e-01  -9.5838745e-03
   4.2809365e-01  -1.0062661e-02
   4.2474916e-01  -1.0542700e-02
   4.2140468e-01  -1.1023864e-02
   4.1806020e-01  -1.1506025e-02
   4.1471572e-01  -1.1989053e-02
   4.1137124e-01  -1.2472817e-02
   4.0802676e-01  -1.2957187e-02
   4.0468227e-01  -1.3442027e-02
   4.0133779e-01  -1.3927205e-02
   3.9799331e-01  -1.4412584e-02
   3.9464883e-01  -1.4898028e-02
   3.9130435e-01  -1.5383399e-02
   3.8795987e-01  -1.5868557e-02
   3.8461538e-01  -1.6353362e-02
   3.8127090e-01  -1.6837672e-02
   3.7792642e-01  -1.7321345e-02
   3.7458194e-01  -1.7804236e-02
   3.7123746e-01  -1.8286201e-02
   3.6789298e-01  -1.8767092e-02
   3.6454849e-01  -1.9246762e-02
   3.6120401e-01  -1.9725062e-02
   3.5785953e-01  -2.0201843e-02
   3.5451505e-01  -2.0676951e-02
   3.5117057e-01  -2.1150235e-02
   3.4782609e-01  -2.1621542e-02
   3.4448161e-01  -2.2090714e-02
   3.4113712e-01  -2.2557597e-02
   3.3779264e-01  -2.3022033e-02
   3.3444816e-01  -2.3483861e-02
   3.3110368e-01  -2.3942923e-02
   3.2775920e-01  -2.4399056e-02
   3.2441472e-01  -2.4852098e-02
   3.2107023e-01  -2.5301883e-02
   3.1772575e-01  -2.5748247e-02
   3.1438127e-01  -2.6191022e-02
   3.1103679e-01  -2.6630039e-02
   3.0769231e-01  -2.7065130e-02
   3.0434783e-01  -2.7496121e-02
   3.0100334e-01  -2.7922840e-02
   2.9765886e-01  -2.8345113e-02
   2.9431438e-01  -2.8762764e-02
   2.9096990e-01  -2.9175616e-02
   2.8762542e-01  -2.9583488e-02
   2.8428094e-01  -2.9986200e-02
   2.8093645e-01  -3.0383570e-02
   2.7759197e-01  -3.0775413e-02
   2.7424749e-01  -3.1161543e-02
   2.7090301e-01  -3.1541772e-02
   2.6755853e-01  -3.1915911e-02
   2.6421405e-01  -3.2283767e-02
   2.6086957e-01  -3.2645147e-02
   2.5752508e-01  -3.2999855e-02
   2.5418060e-01  -3.3347693e-02
   2.5083612e-01  -3.3688460e-02
   2.4749164e-01  -3.4021954e-02
   2.4414716e-01  -3.4347970e-02
   2.4080268e-01  -3.4666300e-02
   2.3745819e-01  -3.4976734e-02
   2.3411371e-01  -3.5279059e-02
   2.3076923e-01  -3.5573059e-02
   2.2742475e-01  -3.5858516e-02
   2.2408027e-01  -3.6135208e-02
   2.2073579e-01  -3.6402910e-02
   2.1739130e-01  -3.6661392e-02
   2.1404682e-01  -3.6910424e-02
   2.1070234e-01  -3.7149768e-02
   2.0735786e-01  -3.7379186e-02
   2.0401338e-01  -3.7598433e-02
   2.0066890e-01  -3.7807260e-02
   1.9732441e-01  -3.8005414e-02
   1.9397993e-01  -3.8192638e-02
   1.9063545e-01  -3.8368667e-02
   1.8729097e-01  -3.8533232e-02
   1.8394649e-01  -3.8686059e-02
   1.8060201e-01  -3.8826865e-02
   1.7725753e-01  -3.8955364e-02
   1.7391304e-01  -3.9071260e-02
   1.7056856e-01  -3.9174250e-02
   1.6722408e-01  -3.9264022e-02
   1.6387960e-01  -3.9340257e-02
   1.6053512e-01  -3.9402626e-02
   1.5719064e-01  -3.9450789e-02
   1.5384615e-01  -3.9484396e-02
   1.5050167e-01  -3.9503084e-02
   1.4715719e-01  -3.9506479e-02
   1.4381271e-01  -3.9494191e-02
   1.4046823e-01  -3.9465818e-02
   1.3712375e-01  -3.9420940e-02
   1.3377926e-01  -3.9359120e-02
   1.3043478e-01  -3.9279900e-02
   1.2709030e-01  -3.9182804e-02
   1.2374582e-01  -3.9067331e-02
   1.2040134e-01  -3.8932957e-02
   1.1705686e-01  -3.8779127e-02
   1.1371237e-01  -3.8605259e-02
   1.1036789e-01  -3.8410735e-02
   1.0702341e-01  -3.8194902e-02
   1.0367893e-01  -3.7957063e-02
   1.0033445e-01  -3.7696476e-02
   9.6989967e-02  -3.7412348e-02
   9.3645485e-02  -3.7103828e-02
   9.0301003e-02  -3.6769997e-02
   8.6956522e-02  -3.6409866e-02
   8.3612040e-02  -3.6022360e-02
   8.0267559e-02  -3.5606308e-02
   7.6923077e-02  -3.5160428e-02
   7.3578595e-02  -3.4683313e-02
   7.0234114e-02  -3.4173409e-02
   6.6889632e-02  -3.3628987e-02
   6.3545151e-02  -3.3048117e-02
   6.0200669e-02  -3.2428630e-02
   5.6856187e-02  -3.1768068e-02
   5.3511706e-02  -3.1063625e-02
   5.0167224e-02  -3.0312072e-02
   4.6822742e-02  -2.9509657e-02
   4.3478261e-02  -2.8651970e-02
   4.0133779e-02  -2.7733764e-02
   3.6789298e-02  -2.6748710e-02
   3.3444816e-02  -2.5689042e-02
   3.0100334e-02  -2.4545046e-02
   2.6755853e-02  -2.3304282e-02
   2.3411371e-02  -2.1950353e-02
   2.0066890e-02  -2.0460847e-02
   1.6722408e-02  -1.8803658e-02
   1.3377926e-02  -1.6929756e-02
   1.0033445e-02  -1.4757025e-02
   6.6889632e-03  -1.2126205e-02
   3.3444816e-03  -8.6285119e-03
   0.0000000e+00  -0.0000000e+00
