   0.0000000e+00   0.0000000e+00
   3.3444816e-03   1.5171408e-02
   6.6889632e-03   2.1413693e-02
   1.0033445e-02   2.6173565e-02
   1.3377926e-02   3.0160130e-02
   1.6722408e-02   3.3648426e-02
   2.0066890e-02   3.6779664e-02
   2.3411371e-02   3.9637812e-02
   2.6755853e-02   4.2277623e-02
   3.0100334e-02   4.4737160e-02
   3.3444816e-02   4.7044156e-02
   3.6789298e-02   4.9219561e-02
   4.0133779e-02   5.1279665e-02
   4.3478261e-02   5.3237432e-02
   4.6822742e-02   5.5103384e-02
   5.0167224e-02   5.6886198e-02
   5.3511706e-02   5.8593135e-02
   5.6856187e-02   6.0230347e-02
   6.0200669e-02   6.1803097e-02
   6.3545151e-02   6.3315935e-02
   6.6889632e-02   6.4772827e-02
   7.0234114e-02   6.6177256e-02
   7.3578595e-02   6.7532300e-02
   7.6923077e-02   6.8840702e-02
   8.0267559e-02   7.0104912e-02
   8.3612040e-02   7.1327139e-02
   8.6956522e-02   7.2509377e-02
   9.0301003e-02   7.3653438e-02
   9.3645485e-02   7.4760975e-02
   9.6989967e-02   7.5833501e-02
   1.0033445e-01   7.6872406e-02
   1.0367893e-01   7.7878973e-02
   1.0702341e-01   7.8854388e-02
   1.1036789e-01   7.9799753e-02
   1.1371237e-01   8.0716091e-02
   1.1705686e-01   8.1604361e-02
   1.2040134e-01   8.2465455e-02
   1.2374582e-01   8.3300216e-02
   1.2709030e-01   8.4109430e-02
   1.3043478e-01   8.4893844e-02
   1.3377926e-01   8.5654160e-02
   1.3712375e-01   8.6391043e-02
   1.4046823e-01   8.7105123e-02
   1.4381271e-01   8.7797001e-02
   1.4715719e-01   8.8467246e-02
   1.5050167e-01   8.9116403e-02
   1.5384615e-01   8.9744991e-02
   1.5719064e-01   9.0353506e-02
   1.6053512e-01   9.0942426e-02
   1.6387960e-01   9.1512206e-02
   1.6722408e-01   9.2063285e-02
   1.7056856e-01   9.2596086e-02
   1.7391304e-01   9.3111015e-02
   1.7725753e-01   9.3608464e-02
   1.8060201e-01   9.4088811e-02
   1.8394649e-01   9.4552424e-02
   1.8729097e-01   9.4999655e-02
   1.9063545e-01   9.5430848e-02
   1.9397993e-01   9.5846335e-02
   1.9732441e-01   9.6246440e-02
   2.0066890e-01   9.6631475e-02
   2.0401338e-01   9.7001746e-02
   2.0735786e-01   9.7357549e-02
   2.1070234e-01   9.7699173e-02
   2.1404682e-01   9.8026900e-02
   2.1739130e-01   9.8341003e-02
   2.2073579e-01   9.8641751e-02
   2.2408027e-01   9.8929405e-02
   2.2742475e-01   9.9204221e-02
   2.3076923e-01   9.9466448e-02
   2.3411371e-01   9.9716330e-02
   2.3745819e-01   9.9954107e-02
   2.4080268e-01   1.0018001e-01
   2.4414716e-01   1.0039427e-01
   2.4749164e-01   1.0059712e-01
   2.5083612e-01   1.0078877e-01
   2.5418060e-01   1.0096943e-01
   2.5752508e-01   1.0113933e-01
   2.6086957e-01   1.0129866e-01
   2.6421405e-01   1.0144764e-01
   2.6755853e-01   1.0158646e-01
   2.7090301e-01   1.0171531e-01
   2.7424749e-01   1.0183440e-01
   2.7759197e-01   1.0194392e-01
   2.8093645e-01   1.0204404e-01
   2.8428094e-01   1.0213495e-01
   2.8762542e-01   1.0221684e-01
   2.9096990e-01   1.0228988e-01
   2.9431438e-01   1.0235424e-01
   2.9765886e-01   1.0241010e-01
   3.0100334e-01   1.0245762e-01
   3.0434783e-01   1.0249698e-01
   3.0769231e-01   1.0252833e-01
   3.1103679e-01   1.0255184e-01
   3.1438127e-01   1.0256766e-01
   3.1772575e-01   1.0257596e-01
   3.2107023e-01   1.0257687e-01
   3.2441472e-01   1.0257056e-01
   3.2775920e-01   1.0255717e-01
   3.3110368e-01   1.0253685e-01
   3.3444816e-01   1.0250974e-01
   3.3779264e-01   1.0247599e-01
   3.4113712e-01   1.0243572e-01
   3.4448161e-01   1.0238908e-01
   3.4782609e-01   1.0233621e-01
   3.5117057e-01   1.0227723e-01
   3.5451505e-01   1.0221228e-01
   3.5785953e-01   1.0214147e-01
   3.6120401e-01   1.0206495e-01
   3.6454849e-01   1.0198282e-01
   3.6789298e-01   1.0189522e-01
   3.7123746e-01   1.0180226e-01
   3.7458194e-01   1.0170406e-01
   3.7792642e-01   1.0160073e-01
   3.8127090e-01   1.0149239e-01
   3.8461538e-01   1.0137915e-01
   3.8795987e-01   1.0126111e-01
   3.9130435e-01   1.0113838e-01
   3.9464883e-01   1.0101106e-01
   3.9799331e-01   1.0087927e-01
   4.0133779e-01   1.0074309e-01
   4.0468227e-01   1.0060262e-01
   4.0802676e-01   1.0045797e-01
   4.1137124e-01   1.0030923e-01
   4.1471572e-01   1.0015648e-01
   4.1806020e-01   9.9999817e-02
   4.2140468e-01   9.9839330e-02
   4.2474916e-01   9.9675103e-02
   4.2809365e-01   9.9507220e-02
   4.3143813e-01   9.9335761e-02
   4.3478261e-01   9.9160806e-02
   4.3812709e-01   9.8982433e-02
   4.4147157e-01   9.8800715e-02
   4.4481605e-01   9.8615727e-02
   4.4816054e-01   9.8427538e-02
   4.5150502e-01   9.8236219e-02
   4.5484950e-01   9.8041834e-02
   4.5819398e-01   9.7844449e-02
   4.6153846e-01   9.7644126e-02
   4.6488294e-01   9.7440925e-02
   4.6822742e-01   9.7234904e-02
   4.7157191e-01   9.7026119e-02
   4.7491639e-01   9.6814624e-02
   4.7826087e-01   9.6600470e-02
   4.8160535e-01   9.6383707e-02
   4.8494983e-01   9.6164381e-02
   4.8829431e-01   9.5942539e-02
   4.9163880e-01   9.5718222e-02
   4.9498328e-01   9.5491471e-02
   4.9832776e-01   9.5262324e-02
   5.0167224e-01   9.5030819e-02
   5.0501672e-01   9.4796988e-02
   5.0836120e-01   9.4560863e-02
   5.1170569e-01   9.4322474e-02
   5.1505017e-01   9.4081848e-02
   5.1839465e-01   9.3839009e-02
   5.2173913e-01   9.3593981e-02
   5.2508361e-01   9.3346784e-02
   5.2842809e-01   9.3097435e-02
   5.3177258e-01   9.2845950e-02
   5.3511706e-01   9.2592343e-02
   5.3846154e-01   9.2336625e-02
   5.4180602e-01   9.2078804e-02
   5.4515050e-01   9.1818887e-02
   5.4849498e-01   9.1556877e-02
   5.5183946e-01   9.1292777e-02
   5.5518395e-01   9.1026586e-02
   5.5852843e-01   9.0758299e-02
   5.6187291e-01   9.0487913e-02
   5.6521739e-01   9.0215418e-02
   5.6856187e-01   8.9940805e-02
   5.7190635e-01   8.9664060e-02
   5.7525084e-01   8.9385168e-02
   5.7859532e-01   8.9104112e-02
   5.8193980e-01   8.8820871e-02
   5.8528428e-01   8.8535422e-02
   5.8862876e-01   8.8247741e-02
   5.9197324e-01   8.7957799e-02
   5.9531773e-01   8.7665567e-02
   5.9866221e-01   8.7371010e-02
   6.0200669e-01   8.7074096e-02
   6.0535117e-01   8.6774784e-02
   6.0869565e-01   8.6473036e-02
   6.1204013e-01   8.6168807e-02
   6.1538462e-01   8.5862053e-02
   6.1872910e-01   8.5552725e-02
   6.2207358e-01   8.5240773e-02
   6.2541806e-01   8.4926142e-02
   6.2876254e-01   8.4608778e-02
   6.3210702e-01   8.4288622e-02
   6.3545151e-01   8.3965611e-02
   6.3879599e-01   8.3639683e-02
   6.4214047e-01   8.3310770e-02
   6.4548495e-01   8.2978803e-02
   6.4882943e-01   8.2643711e-02
   6.5217391e-01   8.2305418e-02
   6.5551839e-01   8.1963848e-02
   6.5886288e-01   8.1618919e-02
   6.6220736e-01   8.1270549e-02
   6.6555184e-01   8.0918652e-02
   6.6889632e-01   8.0563140e-02
   6.7224080e-01   8.0203922e-02
   6.7558528e-01   7.9840903e-02
   6.7892977e-01   7.9473988e-02
   6.8227425e-01   7.9103075e-02
   6.8561873e-01   7.8728064e-02
   6.8896321e-01   7.8348847e-02
   6.9230769e-01   7.7965319e-02
   6.9565217e-01   7.7577366e-02
   6.9899666e-01   7.7184877e-02
   7.0234114e-01   7.6787733e-02
   7.0568562e-01   7.6385815e-02
   7.0903010e-01   7.5979001e-02
   7.1237458e-01   7.5567166e-02
   7.1571906e-01   7.5150180e-02
   7.1906355e-01   7.4727913e-02
   7.2240803e-01   7.4300231e-02
   7.2575251e-01   7.3866996e-02
   7.2909699e-01   7.3428068e-02
   7.3244147e-01   7.2983304e-02
   7.3578595e-01   7.2532559e-02
   7.3913043e-01   7.2075681e-02
   7.4247492e-01   7.1612521e-02
   7.4581940e-01   7.1142922e-02
   7.4916388e-01   7.0666726e-02
   7.5250836e-01   7.0183772e-02
   7.5585284e-01   6.9693895e-02
   7.5919732e-01   6.9196929e-02
   7.6254181e-01   6.8692703e-02
   7.6588629e-01   6.8181043e-02
   7.6923077e-01   6.7661772e-02
   7.7257525e-01   6.7134712e-02
   7.7591973e-01   6.6599678e-02
   7.7926421e-01   6.6056485e-02
   7.8260870e-01   6.5504943e-02
   7.8595318e-01   6.4944861e-02
   7.8929766e-01   6.4376043e-02
   7.9264214e-01   6.3798290e-02
   7.9598662e-01   6.3211400e-02
   7.9933110e-01   6.2615169e-02
   8.0267559e-01   6.2009387e-02
   8.0602007e-01   6.1393843e-02
   8.0936455e-01   6.0768323e-02
   8.1270903e-01   6.0132608e-02
   8.1605351e-01   5.9486478e-02
   8.1939799e-01   5.8829707e-02
   8.2274247e-01   5.8162069e-02
   8.2608696e-01   5.7483331e-02
   8.2943144e-01   5.6793259e-02
   8.3277592e-01   5.6091616e-02
   8.3612040e-01   5.5378161e-02
   8.3946488e-01   5.4652649e-02
   8.4280936e-01   5.3914833e-02
   8.4615385e-01   5.3164462e-02
   8.4949833e-01   5.2401280e-02
   8.5284281e-01   5.1625031e-02
   8.5618729e-01   5.0835453e-02
   8.5953177e-01   5.0032281e-02
   8.6287625e-01   4.9215249e-02
   8.6622074e-01   4.8384083e-02
   8.6956522e-01   4.7538510e-02
   8.7290970e-01   4.6678250e-02
   8.7625418e-01   4.5803024e-02
   8.7959866e-01   4.4912544e-02
   8.8294314e-01   4.4006523e-02
   8.8628763e-01   4.3084669e-02
   8.8963211e-01   4.2146685e-02
   8.9297659e-01   4.1192273e-02
   8.9632107e-01   4.0221130e-02
   8.9966555e-01   3.9232950e-02
   9.0301003e-01   3.8227424e-02
   9.0635452e-01   3.7204238e-02
   9.0969900e-01   3.6163075e-02
   9.1304348e-01   3.5103615e-02
   9.1638796e-01   3.4025534e-02
   9.1973244e-01   3.2928505e-02
   9.2307692e-01   3.1812196e-02
   9.2642140e-01   3.0676273e-02
   9.2976589e-01   2.9520398e-02
   9.3311037e-01   2.8344229e-02
   9.3645485e-01   2.7147420e-02
   9.3979933e-01   2.5929622e-02
   9.4314381e-01   2.4690482e-02
   9.4648829e-01   2.3429643e-02
   9.4983278e-01   2.2146747e-02
   9.5317726e-01   2.0841427e-02
   9.5652174e-01   1.9513318e-02
   9.5986622e-01   1.8162048e-02
   9.6321070e-01   1.6787242e-02
   9.6655518e-01   1.5388520e-02
   9.6989967e-01   1.3965502e-02
   9.7324415e-01   1.2517800e-02
   9.7658863e-01   1.1045025e-02
   9.7993311e-01   9.5467827e-03
   9.8327759e-01   8.0226760e-03
   9.8662207e-01   6.4723037e-03
   9.8996656e-01   4.8952607e-03
   9.9331104e-01   3.2911381e-03
   9.9665552e-01   1.6595234e-03
   1.0000000e+00   0.0000000e+00
   1.0000000e+00   0.0000000e+00
   9.9665552e-01  -7.1129269e-04
   9.9331104e-01  -1.4097750e-03
   9.8996656e-01  -2.0955794e-03
   9.8662207e-01  -2.7688381e-03
   9.8327759e-01  -3.4296826e-03
   9.7993311e-01  -4.0782445e-03
   9.7658863e-01  -4.7146546e-03
   9.7324415e-01  -5.3390436e-03
   9.6989967e-01  -5.9515417e-03
   9.6655518e-01  -6.5522786e-03
   9.6321070e-01  -7.1413839e-03
   9.5986622e-01  -7.7189866e-03
   9.5652174e-01  -8.2852154e-03
   9.5317726e-01  -8.8401984e-03
   9.4983278e-01  -9.3840637e-03
   9.4648829e-01  -9.9169387e-03
   9.4314381e-01  -1.0438950e-02
   9.3979933e-01  -1.0950226e-02
   9.3645485e-01  -1.1450891e-02
   9.3311037e-01  -1.1941071e-02
   9.2976589e-01  -1.2420893e-02
   9.2642140e-01  -1.2890480e-02
   9.2307692e-01  -1.3349959e-02
   9.1973244e-01  -1.3799452e-02
   9.1638796e-01  -1.4239084e-02
   9.1304348e-01  -1.4668979e-02
   9.0969900e-01  -1.5089258e-02
   9.0635452e-01  -1.5500045e-02
   9.0301003e-01  -1.5901462e-02
   8.9966555e-01  -1.6293630e-02
   8.9632107e-01  -1.6676672e-02
   8.9297659e-01  -1.7050706e-02
   8.8963211e-01  -1.7415855e-02
   8.8628763e-01  -1.7772237e-02
   8.8294314e-01  -1.8119973e-02
   8.7959866e-01  -1.8459181e-02
   8.7625418e-01  -1.8789981e-02
   8.7290970e-01  -1.9112489e-02
   8.6956522e-01  -1.9426825e-02
   8.6622074e-01  -1.9733105e-02
   8.6287625e-01  -2.0031445e-02
   8.5953177e-01  -2.0321963e-02
   8.5618729e-01  -2.0604774e-02
   8.5284281e-01  -2.0879994e-02
   8.4949833e-01  -2.1147738e-02
   8.4615385e-01  -2.1408119e-02
   8.4280936e-01  -2.1661252e-02
   8.3946488e-01  -2.1907251e-02
   8.3612040e-01  -2.2146229e-02
   8.3277592e-01  -2.2378297e-02
   8.2943144e-01  -2.2603569e-02
   8.2608696e-01  -2.2822156e-02
   8.2274247e-01  -2.3034168e-02
   8.1939799e-01  -2.3239717e-02
   8.1605351e-01  -2.3438913e-02
   8.1270903e-01  -2.3631865e-02
   8.0936455e-01  -2.3818682e-02
   8.0602007e-01  -2.3999472e-02
   8.0267559e-01  -2.4174345e-02
   7.9933110e-01  -2.4343407e-02
   7.9598662e-01  -2.4506766e-02
   7.9264214e-01  -2.4664528e-02
   7.8929766e-01  -2.4816798e-02
   7.8595318e-01  -2.4963684e-02
   7.8260870e-01  -2.5105289e-02
   7.7926421e-01  -2.5241717e-02
   7.7591973e-01  -2.5373074e-02
   7.7257525e-01  -2.5499461e-02
   7.6923077e-01  -2.5620982e-02
   7.6588629e-01  -2.5737740e-02
   7.6254181e-01  -2.5849835e-02
   7.5919732e-01  -2.5957369e-02
   7.5585284e-01  -2.6060442e-02
   7.5250836e-01  -2.6159155e-02
   7.4916388e-01  -2.6253607e-02
   7.4581940e-01  -2.6343897e-02
   7.4247492e-01  -2.6430123e-02
   7.3913043e-01  -2.6512382e-02
   7.3578595e-01  -2.6590773e-02
   7.3244147e-01  -2.6665390e-02
   7.2909699e-01  -2.6736332e-02
   7.2575251e-01  -2.6803692e-02
   7.2240803e-01  -2.6867565e-02
   7.1906355e-01  -2.6928047e-02
   7.1571906e-01  -2.6985229e-02
   7.1237458e-01  -2.7039206e-02
   7.0903010e-01  -2.7090069e-02
   7.0568562e-01  -2.7137910e-02
   7.0234114e-01  -2.7182820e-02
   6.9899666e-01  -2.7224891e-02
   6.9565217e-01  -2.7264210e-02
   6.9230769e-01  -2.7300869e-02
   6.8896321e-01  -2.7334954e-02
   6.8561873e-01  -2.7366554e-02
   6.8227425e-01  -2.7395757e-02
   6.7892977e-01  -2.7422649e-02
   6.7558528e-01  -2.7447315e-02
   6.7224080e-01  -2.7469841e-02
   6.6889632e-01  -2.7490311e-02
   6.6555184e-01  -2.7508810e-02
   6.6220736e-01  -2.7525421e-02
   6.5886288e-01  -2.7540225e-02
   6.5551839e-01  -2.7553305e-02
   6.5217391e-01  -2.7564742e-02
   6.4882943e-01  -2.7574616e-02
   6.4548495e-01  -2.7583007e-02
   6.4214047e-01  -2.7589994e-02
   6.3879599e-01  -2.7595655e-02
   6.3545151e-01  -2.7600067e-02
   6.3210702e-01  -2.7603308e-02
   6.2876254e-01  -2.7605453e-02
   6.2541806e-01  -2.7606578e-02
   6.2207358e-01  -2.7606757e-02
   6.1872910e-01  -2.7606063e-02
   6.1538462e-01  -2.7604570e-02
   6.1204013e-01  -2.7602351e-02
   6.0869565e-01  -2.7599475e-02
   6.0535117e-01  -2.7596015e-02
   6.0200669e-01  -2.7592039e-02
   5.9866221e-01  -2.7587618e-02
   5.9531773e-01  -2.7582818e-02
   5.9197324e-01  -2.7577707e-02
   5.8862876e-01  -2.7572353e-02
   5.8528428e-01  -2.7566820e-02
   5.8193980e-01  -2.7561174e-02
   5.7859532e-01  -2.7555479e-02
   5.7525084e-01  -2.7549797e-02
   5.7190635e-01  -2.7544191e-02
   5.6856187e-01  -2.7538723e-02
   5.6521739e-01  -2.7533453e-02
   5.6187291e-01  -2.7528440e-02
   5.5852843e-01  -2.7523744e-02
   5.5518395e-01  -2.7519423e-02
   5.5183946e-01  -2.7515532e-02
   5.4849498e-01  -2.7512129e-02
   5.4515050e-01  -2.7509268e-02
   5.4180602e-01  -2.7507003e-02
   5.3846154e-01  -2.7505388e-02
   5.3511706e-01  -2.7504475e-02
   5.3177258e-01  -2.7504315e-02
   5.2842809e-01  -2.7504957e-02
   5.2508361e-01  -2.7506453e-02
   5.2173913e-01  -2.7508848e-02
   5.1839465e-01  -2.7512192e-02
   5.1505017e-01  -2.7516529e-02
   5.1170569e-01  -2.7521906e-02
   5.0836120e-01  -2.7528366e-02
   5.0501672e-01  -2.7535951e-02
   5.0167224e-01  -2.7544705e-02
   4.9832776e-01  -2.7554668e-02
   4.9498328e-01  -2.7565879e-02
   4.9163880e-01  -2.7578377e-02
   4.8829431e-01  -2.7592200e-02
   4.8494983e-01  -2.7607384e-02
   4.8160535e-01  -2.7623964e-02
   4.7826087e-01  -2.7641974e-02
   4.7491639e-01  -2.7661446e-02
   4.7157191e-01  -2.7682413e-02
   4.6822742e-01  -2.7704905e-02
   4.6488294e-01  -2.7728951e-02
   4.6153846e-01  -2.7754578e-02
   4.5819398e-01  -2.7781814e-02
   4.5484950e-01  -2.7810684e-02
   4.5150502e-01  -2.7841211e-02
   4.4816054e-01  -2.7873419e-02
   4.4481605e-01  -2.7907329e-02
   4.4147157e-01  -2.7942960e-02
   4.3812709e-01  -2.7980332e-02
   4.3478261e-01  -2.8019461e-02
   4.3143813e-01  -2.8060364e-02
   4.2809365e-01  -2.8103055e-02
   4.2474916e-01  -2.8147546e-02
   4.2140468e-01  -2.8193850e-02
   4.1806020e-01  -2.8241975e-02
   4.1471572e-01  -2.8291932e-02
   4.1137124e-01  -2.8343725e-02
   4.0802676e-01  -2.8397362e-02
   4.0468227e-01  -2.8452844e-02
   4.0133779e-01  -2.8510175e-02
   3.9799331e-01  -2.8569355e-02
   3.9464883e-01  -2.8630382e-02
   3.9130435e-01  -2.8693254e-02
   3.8795987e-01  -2.8757966e-02
   3.8461538e-01  -2.8824510e-02
   3.8127090e-01  -2.8892880e-02
   3.7792642e-01  -2.8963065e-02
   3.7458194e-01  -2.9035053e-02
   3.7123746e-01  -2.9108829e-02
   3.6789298e-01  -2.9184379e-02
   3.6454849e-01  -2.9261684e-02
   3.6120401e-01  -2.9340725e-02
   3.5785953e-01  -2.9421479e-02
   3.5451505e-01  -2.9503923e-02
   3.5117057e-01  -2.9588031e-02
   3.4782609e-01  -2.9673774e-02
   3.4448161e-01  -2.9761123e-02
   3.4113712e-01  -2.9850044e-02
   3.3779264e-01  -2.9940502e-02
   3.3444816e-01  -3.0032461e-02
   3.3110368e-01  -3.0125879e-02
   3.2775920e-01  -3.0220716e-02
   3.2441472e-01  -3.0316925e-02
   3.2107023e-01  -3.0414461e-02
   3.1772575e-01  -3.0513273e-02
   3.1438127e-01  -3.0613308e-02
   3.1103679e-01  -3.0714510e-02
   3.0769231e-01  -3.0816823e-02
   3.0434783e-01  -3.0920184e-02
   3.0100334e-01  -3.1024529e-02
   2.9765886e-01  -3.1129791e-02
   2.9431438e-01  -3.1235900e-02
   2.9096990e-01  -3.1342783e-02
   2.8762542e-01  -3.1450362e-02
   2.8428094e-01  -3.1558558e-02
   2.8093645e-01  -3.1667286e-02
   2.7759197e-01  -3.1776460e-02
   2.7424749e-01  -3.1885988e-02
   2.7090301e-01  -3.1995777e-02
   2.6755853e-01  -3.2105726e-02
   2.6421405e-01  -3.2215735e-02
   2.6086957e-01  -3.2325695e-02
   2.5752508e-01  -3.2435496e-02
   2.5418060e-01  -3.2545023e-02
   2.5083612e-01  -3.2654155e-02
   2.4749164e-01  -3.2762767e-02
   2.4414716e-01  -3.2870731e-02
   2.4080268e-01  -3.2977911e-02
   2.3745819e-01  -3.3084168e-02
   2.3411371e-01  -3.3189356e-02
   2.3076923e-01  -3.3293325e-02
   2.2742475e-01  -3.3395918e-02
   2.2408027e-01  -3.3496972e-02
   2.2073579e-01  -3.3596318e-02
   2.1739130e-01  -3.3693780e-02
   2.1404682e-01  -3.3789178e-02
   2.1070234e-01  -3.3882320e-02
   2.0735786e-01  -3.3973010e-02
   2.0401338e-01  -3.4061044e-02
   2.0066890e-01  -3.4146210e-02
   1.9732441e-01  -3.4228285e-02
   1.9397993e-01  -3.4307042e-02
   1.9063545e-01  -3.4382240e-02
   1.8729097e-01  -3.4453632e-02
   1.8394649e-01  -3.4520958e-02
   1.8060201e-01  -3.4583949e-02
   1.7725753e-01  -3.4642324e-02
   1.7391304e-01  -3.4695792e-02
   1.7056856e-01  -3.4744046e-02
   1.6722408e-01  -3.4786769e-02
   1.6387960e-01  -3.4823629e-02
   1.6053512e-01  -3.4854279e-02
   1.5719064e-01  -3.4878356e-02
   1.5384615e-01  -3.4895481e-02
   1.5050167e-01  -3.4905257e-02
   1.4715719e-01  -3.4907269e-02
   1.4381271e-01  -3.4901080e-02
   1.4046823e-01  -3.4886232e-02
   1.3712375e-01  -3.4862246e-02
   1.3377926e-01  -3.4828615e-02
   1.3043478e-01  -3.4784807e-02
   1.2709030e-01  -3.4730261e-02
   1.2374582e-01  -3.4664385e-02
   1.2040134e-01  -3.4586552e-02
   1.1705686e-01  -3.4496099e-02
   1.1371237e-01  -3.4392325e-02
   1.1036789e-01  -3.4274481e-02
   1.0702341e-01  -3.4141775e-02
   1.0367893e-01  -3.3993359e-02
   1.0033445e-01  -3.3828327e-02
   9.6989967e-02  -3.3645712e-02
   9.3645485e-02  -3.3444473e-02
   9.0301003e-02  -3.3223490e-02
   8.6956522e-02  -3.2981554e-02
   8.3612040e-02  -3.2717357e-02
   8.0267559e-02  -3.2429476e-02
   7.6923077e-02  -3.2116361e-02
   7.3578595e-02  -3.1776313e-02
   7.0234114e-02  -3.1407466e-02
   6.6889632e-02  -3.1007755e-02
   6.3545151e-02  -3.0574889e-02
   6.0200669e-02  -3.0106307e-02
   5.6856187e-02  -2.9599126e-02
   5.3511706e-02  -2.9050084e-02
   5.0167224e-02  -2.8455451e-02
   4.6822742e-02  -2.7810929e-02
   4.3478261e-02  -2.7111509e-02
   4.0133779e-02  -2.6351286e-02
   3.6789298e-02  -2.5523197e-02
   3.3444816e-02  -2.4618658e-02
   3.0100334e-02  -2.3627030e-02
   2.6755853e-02  -2.2534813e-02
   2.3411371e-02  -2.1324381e-02
   2.0066890e-02  -1.9971864e-02
   1.6722408e-02  -1.8443376e-02
   1.3377926e-02  -1.6687624e-02
   1.0033445e-02  -1.4619438e-02
   6.6889632e-03  -1.2074990e-02
   3.3444816e-03  -8.6371315e-03
   0.0000000e+00  -0.0000000e+00
