   0.0000000e+00   0.0000000e+00
   3.3444816e-03   1.5953614e-02
   6.6889632e-03   2.2578541e-02
   1.0033445e-02   2.7671009e-02
   1.3377926e-02   3.1969812e-02
   1.6722408e-02   3.5760498e-02
   2.0066890e-02   3.9189156e-02
   2.3411371e-02   4.2342332e-02
   2.6755853e-02   4.5276250e-02
   3.0100334e-02   4.8029835e-02
   3.3444816e-02   5.0631336e-02
   3.6789298e-02   5.3101998e-02
   4.0133779e-02   5.5458270e-02
   4.3478261e-02   5.7713178e-02
   4.6822742e-02   5.9877247e-02
   5.0167224e-02   6.1959114e-02
   5.3511706e-02   6.3965970e-02
   5.6856187e-02   6.5903874e-02
   6.0200669e-02   6.7777984e-02
   6.3545151e-02   6.9592735e-02
   6.6889632e-02   7.1351969e-02
   7.0234114e-02   7.3059043e-02
   7.3578595e-02   7.4716907e-02
   7.6923077e-02   7.6328172e-02
   8.0267559e-02   7.7895160e-02
   8.3612040e-02   7.9419947e-02
   8.6956522e-02   8.0904401e-02
   9.0301003e-02   8.2350206e-02
   9.3645485e-02   8.3758890e-02
   9.6989967e-02   8.5131841e-02
   1.0033445e-01   8.6470330e-02
   1.0367893e-01   8.7775519e-02
   1.0702341e-01   8.9048479e-02
   1.1036789e-01   9.0290197e-02
   1.1371237e-01   9.1501586e-02
   1.1705686e-01   9.2683493e-02
   1.2040134e-01   9.3836707e-02
   1.2374582e-01   9.4961963e-02
   1.2709030e-01   9.6059949e-02
   1.3043478e-01   9.7131309e-02
   1.3377926e-01   9.8176649e-02
   1.3712375e-01   9.9196540e-02
   1.4046823e-01   1.0019152e-01
   1.4381271e-01   1.0116210e-01
   1.4715719e-01   1.0210876e-01
   1.5050167e-01   1.0303195e-01
   1.5384615e-01   1.0393213e-01
   1.5719064e-01   1.0480969e-01
   1.6053512e-01   1.0566503e-01
   1.6387960e-01   1.0649855e-01
   1.6722408e-01   1.0731059e-01
   1.7056856e-01   1.0810151e-01
   1.7391304e-01   1.0887164e-01
   1.7725753e-01   1.0962130e-01
   1.8060201e-01   1.1035081e-01
   1.8394649e-01   1.1106046e-01
   1.8729097e-01   1.1175055e-01
   1.9063545e-01   1.1242135e-01
   1.9397993e-01   1.1307314e-01
   1.9732441e-01   1.1370618e-01
   2.0066890e-01   1.1432072e-01
   2.0401338e-01   1.1491702e-01
   2.0735786e-01   1.1549531e-01
   2.1070234e-01   1.1605583e-01
   2.1404682e-01   1.1659882e-01
   2.1739130e-01   1.1712450e-01
   2.2073579e-01   1.1763308e-01
   2.2408027e-01   1.1812478e-01
   2.2742475e-01   1.1859981e-01
   2.3076923e-01   1.1905838e-01
   2.3411371e-01   1.1950069e-01
   2.3745819e-01   1.1992694e-01
   2.4080268e-01   1.2033731e-01
   2.4414716e-01   1.2073201e-01
   2.4749164e-01   1.2111122e-01
   2.5083612e-01   1.2147512e-01
   2.5418060e-01   1.2182390e-01
   2.5752508e-01   1.2215773e-01
   2.6086957e-01   1.2247680e-01
   2.6421405e-01   1.2278127e-01
   2.6755853e-01   1.2307131e-01
   2.7090301e-01   1.2334710e-01
   2.7424749e-01   1.2360880e-01
   2.7759197e-01   1.2385658e-01
   2.8093645e-01   1.2409059e-01
   2.8428094e-01   1.2431100e-01
   2.8762542e-01   1.2451798e-01
   2.9096990e-01   1.2471166e-01
   2.9431438e-01   1.2489222e-01
   2.9765886e-01   1.2505980e-01
   3.0100334e-01   1.2521455e-01
   3.0434783e-01   1.2535663e-01
   3.0769231e-01   1.2548618e-01
   3.1103679e-01   1.2560335e-01
   3.1438127e-01   1.2570828e-01
   3.1772575e-01   1.2580113e-01
   3.2107023e-01   1.2588203e-01
   3.2441472e-01   1.2595113e-01
   3.2775920e-01   1.2600856e-01
   3.3110368e-01   1.2605446e-01
   3.3444816e-01   1.2608897e-01
   3.3779264e-01   1.2611223e-01
   3.4113712e-01   1.2612437e-01
   3.4448161e-01   1.2612553e-01
   3.4782609e-01   1.2611584e-01
   3.5117057e-01   1.2609542e-01
   3.5451505e-01   1.2606442e-01
   3.5785953e-01   1.2602295e-01
   3.6120401e-01   1.2597115e-01
   3.6454849e-01   1.2590914e-01
   3.6789298e-01   1.2583705e-01
   3.7123746e-01   1.2575501e-01
   3.7458194e-01   1.2566313e-01
   3.7792642e-01   1.2556154e-01
   3.8127090e-01   1.2545036e-01
   3.8461538e-01   1.2532970e-01
   3.8795987e-01   1.2519970e-01
   3.9130435e-01   1.2506046e-01
   3.9464883e-01   1.2491210e-01
   3.9799331e-01   1.2475474e-01
   4.0133779e-01   1.2458850e-01
   4.0468227e-01   1.2441348e-01
   4.0802676e-01   1.2422979e-01
   4.1137124e-01   1.2403755e-01
   4.1471572e-01   1.2383688e-01
   4.1806020e-01   1.2362786e-01
   4.2140468e-01   1.2341063e-01
   4.2474916e-01   1.2318527e-01
   4.2809365e-01   1.2295190e-01
   4.3143813e-01   1.2271062e-01
   4.3478261e-01   1.2246154e-01
   4.3812709e-01   1.2220474e-01
   4.4147157e-01   1.2194035e-01
   4.4481605e-01   1.2166845e-01
   4.4816054e-01   1.2138914e-01
   4.5150502e-01   1.2110253e-01
   4.5484950e-01   1.2080870e-01
   4.5819398e-01   1.2050775e-01
   4.6153846e-01   1.2019978e-01
   4.6488294e-01   1.1988487e-01
   4.6822742e-01   1.1956312e-01
   4.7157191e-01   1.1923463e-01
   4.7491639e-01   1.1889946e-01
   4.7826087e-01   1.1855773e-01
   4.8160535e-01   1.1820950e-01
   4.8494983e-01   1.1785487e-01
   4.8829431e-01   1.1749391e-01
   4.9163880e-01   1.1712672e-01
   4.9498328e-01   1.1675337e-01
   4.9832776e-01   1.1637394e-01
   5.0167224e-01   1.1598851e-01
   5.0501672e-01   1.1559716e-01
   5.0836120e-01   1.1519996e-01
   5.1170569e-01   1.1479699e-01
   5.1505017e-01   1.1438831e-01
   5.1839465e-01   1.1397401e-01
   5.2173913e-01   1.1355415e-01
   5.2508361e-01   1.1312880e-01
   5.2842809e-01   1.1269802e-01
   5.3177258e-01   1.1226189e-01
   5.3511706e-01   1.1182047e-01
   5.3846154e-01   1.1137382e-01
   5.4180602e-01   1.1092200e-01
   5.4515050e-01   1.1046507e-01
   5.4849498e-01   1.1000309e-01
   5.5183946e-01   1.0953613e-01
   5.5518395e-01   1.0906422e-01
   5.5852843e-01   1.0858744e-01
   5.6187291e-01   1.0810583e-01
   5.6521739e-01   1.0761944e-01
   5.6856187e-01   1.0712832e-01
   5.7190635e-01   1.0663252e-01
   5.7525084e-01   1.0613208e-01
   5.7859532e-01   1.0562706e-01
   5.8193980e-01   1.0511749e-01
   5.8528428e-01   1.0460342e-01
   5.8862876e-01   1.0408488e-01
   5.9197324e-01   1.0356192e-01
   5.9531773e-01   1.0303457e-01
   5.9866221e-01   1.0250287e-01
   6.0200669e-01   1.0196685e-01
   6.0535117e-01   1.0142654e-01
   6.0869565e-01   1.0088197e-01
   6.1204013e-01   1.0033317e-01
   6.1538462e-01   9.9780171e-02
   6.1872910e-01   9.9222994e-02
   6.2207358e-01   9.8661663e-02
   6.2541806e-01   9.8096199e-02
   6.2876254e-01   9.7526623e-02
   6.3210702e-01   9.6952953e-02
   6.3545151e-01   9.6375205e-02
   6.3879599e-01   9.5793393e-02
   6.4214047e-01   9.5207530e-02
   6.4548495e-01   9.4617627e-02
   6.4882943e-01   9.4023694e-02
   6.5217391e-01   9.3425737e-02
   6.5551839e-01   9.2823763e-02
   6.5886288e-01   9.2217773e-02
   6.6220736e-01   9.1607772e-02
   6.6555184e-01   9.0993757e-02
   6.6889632e-01   9.0375728e-02
   6.7224080e-01   8.9753680e-02
   6.7558528e-01   8.9127607e-02
   6.7892977e-01   8.8497502e-02
   6.8227425e-01   8.7863355e-02
   6.8561873e-01   8.7225154e-02
   6.8896321e-01   8.6582886e-02
   6.9230769e-01   8.5936536e-02
   6.9565217e-01   8.5286085e-02
   6.9899666e-01   8.4631514e-02
   7.0234114e-01   8.3972801e-02
   7.0568562e-01   8.3309924e-02
   7.0903010e-01   8.2642857e-02
   7.1237458e-01   8.1971571e-02
   7.1571906e-01   8.1296038e-02
   7.1906355e-01   8.0616225e-02
   7.2240803e-01   7.9932099e-02
   7.2575251e-01   7.9243625e-02
   7.2909699e-01   7.8550764e-02
   7.3244147e-01   7.7853475e-02
   7.3578595e-01   7.7151718e-02
   7.3913043e-01   7.6445448e-02
   7.4247492e-01   7.5734618e-02
   7.4581940e-01   7.5019180e-02
   7.4916388e-01   7.4299083e-02
   7.5250836e-01   7.3574275e-02
   7.5585284e-01   7.2844700e-02
   7.5919732e-01   7.2110301e-02
   7.6254181e-01   7.1371019e-02
   7.6588629e-01   7.0626793e-02
   7.6923077e-01   6.9877557e-02
   7.7257525e-01   6.9123248e-02
   7.7591973e-01   6.8363795e-02
   7.7926421e-01   6.7599129e-02
   7.8260870e-01   6.6829176e-02
   7.8595318e-01   6.6053862e-02
   7.8929766e-01   6.5273110e-02
   7.9264214e-01   6.4486839e-02
   7.9598662e-01   6.3694968e-02
   7.9933110e-01   6.2897413e-02
   8.0267559e-01   6.2094087e-02
   8.0602007e-01   6.1284900e-02
   8.0936455e-01   6.0469763e-02
   8.1270903e-01   5.9648580e-02
   8.1605351e-01   5.8821257e-02
   8.1939799e-01   5.7987695e-02
   8.2274247e-01   5.7147793e-02
   8.2608696e-01   5.6301448e-02
   8.2943144e-01   5.5448554e-02
   8.3277592e-01   5.4589004e-02
   8.3612040e-01   5.3722687e-02
   8.3946488e-01   5.2849491e-02
   8.4280936e-01   5.1969299e-02
   8.4615385e-01   5.1081995e-02
   8.4949833e-01   5.0187459e-02
   8.5284281e-01   4.9285566e-02
   8.5618729e-01   4.8376194e-02
   8.5953177e-01   4.7459213e-02
   8.6287625e-01   4.6534493e-02
   8.6622074e-01   4.5601903e-02
   8.6956522e-01   4.4661307e-02
   8.7290970e-01   4.3712566e-02
   8.7625418e-01   4.2755541e-02
   8.7959866e-01   4.1790090e-02
   8.8294314e-01   4.0816066e-02
   8.8628763e-01   3.9833321e-02
   8.8963211e-01   3.8841706e-02
   8.9297659e-01   3.7841067e-02
   8.9632107e-01   3.6831247e-02
   8.9966555e-01   3.5812090e-02
   9.0301003e-01   3.4783434e-02
   9.0635452e-01   3.3745114e-02
   9.0969900e-01   3.2696966e-02
   9.1304348e-01   3.1638820e-02
   9.1638796e-01   3.0570504e-02
   9.1973244e-01   2.9491844e-02
   9.2307692e-01   2.8402664e-02
   9.2642140e-01   2.7302783e-02
   9.2976589e-01   2.6192020e-02
   9.3311037e-01   2.5070189e-02
   9.3645485e-01   2.3937102e-02
   9.3979933e-01   2.2792570e-02
   9.4314381e-01   2.1636398e-02
   9.4648829e-01   2.0468391e-02
   9.4983278e-01   1.9288351e-02
   9.5317726e-01   1.8096075e-02
   9.5652174e-01   1.6891359e-02
   9.5986622e-01   1.5673997e-02
   9.6321070e-01   1.4443778e-02
   9.6655518e-01   1.3200490e-02
   9.6989967e-01   1.1943918e-02
   9.7324415e-01   1.0673842e-02
   9.7658863e-01   9.3900425e-03
   9.7993311e-01   8.0922949e-03
   9.8327759e-01   6.7803725e-03
   9.8662207e-01   5.4540457e-03
   9.8996656e-01   4.1130819e-03
   9.9331104e-01   2.7572457e-03
   9.9665552e-01   1.3862988e-03
   1.0000000e+00   0.0000000e+00
   1.0000000e+00   0.0000000e+00
   9.9665552e-01  -2.6294693e-04
   9.9331104e-01  -5.2710891e-04
   9.8996656e-01  -7.9229407e-04
   9.8662207e-01  -1.0583142e-03
   9.8327759e-01  -1.3249844e-03
   9.7993311e-01  -1.5921238e-03
   9.7658863e-01  -1.8595546e-03
   9.7324415e-01  -2.1271028e-03
   9.6989967e-01  -2.3945979e-03
   9.6655518e-01  -2.6618726e-03
   9.6321070e-01  -2.9287635e-03
   9.5986622e-01  -3.1951104e-03
   9.5652174e-01  -3.4607565e-03
   9.5317726e-01  -3.7255486e-03
   9.4983278e-01  -3.9893368e-03
   9.4648829e-01  -4.2519747e-03
   9.4314381e-01  -4.5133191e-03
   9.3979933e-01  -4.7732304e-03
   9.3645485e-01  -5.0315720e-03
   9.3311037e-01  -5.2882109e-03
   9.2976589e-01  -5.5430174e-03
   9.2642140e-01  -5.7958650e-03
   9.2307692e-01  -6.0466305e-03
   9.1973244e-01  -6.2951939e-03
   9.1638796e-01  -6.5414386e-03
   9.1304348e-01  -6.7852511e-03
   9.0969900e-01  -7.0265210e-03
   9.0635452e-01  -7.2651414e-03
   9.0301003e-01  -7.5010082e-03
   8.9966555e-01  -7.7340208e-03
   8.9632107e-01  -7.9640815e-03
   8.9297659e-01  -8.1910957e-03
   8.8963211e-01  -8.4149722e-03
   8.8628763e-01  -8.6356226e-03
   8.8294314e-01  -8.8529615e-03
   8.7959866e-01  -9.0669069e-03
   8.7625418e-01  -9.2773794e-03
   8.7290970e-01  -9.4843029e-03
   8.6956522e-01  -9.6876043e-03
   8.6622074e-01  -9.8872133e-03
   8.6287625e-01  -1.0083063e-02
   8.5953177e-01  -1.0275088e-02
   8.5618729e-01  -1.0463228e-02
   8.5284281e-01  -1.0647424e-02
   8.4949833e-01  -1.0827621e-02
   8.4615385e-01  -1.1003765e-02
   8.4280936e-01  -1.1175807e-02
   8.3946488e-01  -1.1343700e-02
   8.3612040e-01  -1.1507399e-02
   8.3277592e-01  -1.1666863e-02
   8.2943144e-01  -1.1822053e-02
   8.2608696e-01  -1.1972933e-02
   8.2274247e-01  -1.2119469e-02
   8.1939799e-01  -1.2261632e-02
   8.1605351e-01  -1.2399394e-02
   8.1270903e-01  -1.2532728e-02
   8.0936455e-01  -1.2661613e-02
   8.0602007e-01  -1.2786029e-02
   8.0267559e-01  -1.2905957e-02
   7.9933110e-01  -1.3021384e-02
   7.9598662e-01  -1.3132298e-02
   7.9264214e-01  -1.3238688e-02
   7.8929766e-01  -1.3340547e-02
   7.8595318e-01  -1.3437871e-02
   7.8260870e-01  -1.3530658e-02
   7.7926421e-01  -1.3618908e-02
   7.7591973e-01  -1.3702623e-02
   7.7257525e-01  -1.3781810e-02
   7.6923077e-01  -1.3856475e-02
   7.6588629e-01  -1.3926628e-02
   7.6254181e-01  -1.3992282e-02
   7.5919732e-01  -1.4053451e-02
   7.5585284e-01  -1.4110153e-02
   7.5250836e-01  -1.4162406e-02
   7.4916388e-01  -1.4210232e-02
   7.4581940e-01  -1.4253654e-02
   7.4247492e-01  -1.4292700e-02
   7.3913043e-01  -1.4327396e-02
   7.3578595e-01  -1.4357774e-02
   7.3244147e-01  -1.4383865e-02
   7.2909699e-01  -1.4405704e-02
   7.2575251e-01  -1.4423329e-02
   7.2240803e-01  -1.4436777e-02
   7.1906355e-01  -1.4446090e-02
   7.1571906e-01  -1.4451310e-02
   7.1237458e-01  -1.4452483e-02
   7.0903010e-01  -1.4449656e-02
   7.0568562e-01  -1.4442877e-02
   7.0234114e-01  -1.4432196e-02
   6.9899666e-01  -1.4417668e-02
   6.9565217e-01  -1.4399346e-02
   6.9230769e-01  -1.4377287e-02
   6.8896321e-01  -1.4351549e-02
   6.8561873e-01  -1.4322193e-02
   6.8227425e-01  -1.4289280e-02
   6.7892977e-01  -1.4252874e-02
   6.7558528e-01  -1.4213041e-02
   6.7224080e-01  -1.4169847e-02
   6.6889632e-01  -1.4123362e-02
   6.6555184e-01  -1.4073656e-02
   6.6220736e-01  -1.4020801e-02
   6.5886288e-01  -1.3964871e-02
   6.5551839e-01  -1.3905941e-02
   6.5217391e-01  -1.3844088e-02
   6.4882943e-01  -1.3779391e-02
   6.4548495e-01  -1.3711929e-02
   6.4214047e-01  -1.3641784e-02
   6.3879599e-01  -1.3569039e-02
   6.3545151e-01  -1.3493778e-02
   6.3210702e-01  -1.3416086e-02
   6.2876254e-01  -1.3336051e-02
   6.2541806e-01  -1.3253761e-02
   6.2207358e-01  -1.3169305e-02
   6.1872910e-01  -1.3082775e-02
   6.1538462e-01  -1.2994262e-02
   6.1204013e-01  -1.2903860e-02
   6.0869565e-01  -1.2811664e-02
   6.0535117e-01  -1.2717768e-02
   6.0200669e-01  -1.2622271e-02
   5.9866221e-01  -1.2525269e-02
   5.9531773e-01  -1.2426862e-02
   5.9197324e-01  -1.2327150e-02
   5.8862876e-01  -1.2226234e-02
   5.8528428e-01  -1.2124215e-02
   5.8193980e-01  -1.2021196e-02
   5.7859532e-01  -1.1917282e-02
   5.7525084e-01  -1.1812577e-02
   5.7190635e-01  -1.1707186e-02
   5.6856187e-01  -1.1601215e-02
   5.6521739e-01  -1.1494772e-02
   5.6187291e-01  -1.1387964e-02
   5.5852843e-01  -1.1280899e-02
   5.5518395e-01  -1.1173687e-02
   5.5183946e-01  -1.1066438e-02
   5.4849498e-01  -1.0959261e-02
   5.4515050e-01  -1.0852267e-02
   5.4180602e-01  -1.0745568e-02
   5.3846154e-01  -1.0639276e-02
   5.3511706e-01  -1.0533502e-02
   5.3177258e-01  -1.0428359e-02
   5.2842809e-01  -1.0323961e-02
   5.2508361e-01  -1.0220421e-02
   5.2173913e-01  -1.0117851e-02
   5.1839465e-01  -1.0016366e-02
   5.1505017e-01  -9.9160803e-03
   5.1170569e-01  -9.8171074e-03
   5.0836120e-01  -9.7195617e-03
   5.0501672e-01  -9.6235576e-03
   5.0167224e-01  -9.5292094e-03
   4.9832776e-01  -9.4366314e-03
   4.9498328e-01  -9.3459379e-03
   4.9163880e-01  -9.2572430e-03
   4.8829431e-01  -9.1706608e-03
   4.8494983e-01  -9.0863049e-03
   4.8160535e-01  -9.0042891e-03
   4.7826087e-01  -8.9247265e-03
   4.7491639e-01  -8.8477301e-03
   4.7157191e-01  -8.7734124e-03
   4.6822742e-01  -8.7018855e-03
   4.6488294e-01  -8.6332610e-03
   4.6153846e-01  -8.5676499e-03
   4.5819398e-01  -8.5051627e-03
   4.5484950e-01  -8.4459093e-03
   4.5150502e-01  -8.3899988e-03
   4.4816054e-01  -8.3375394e-03
   4.4481605e-01  -8.2886389e-03
   4.4147157e-01  -8.2434037e-03
   4.3812709e-01  -8.2019399e-03
   4.3478261e-01  -8.1643520e-03
   4.3143813e-01  -8.1307439e-03
   4.2809365e-01  -8.1012182e-03
   4.2474916e-01  -8.0758764e-03
   4.2140468e-01  -8.0548187e-03
   4.1806020e-01  -8.0381440e-03
   4.1471572e-01  -8.0259501e-03
   4.1137124e-01  -8.0183330e-03
   4.0802676e-01  -8.0153875e-03
   4.0468227e-01  -8.0172068e-03
   4.0133779e-01  -8.0238822e-03
   3.9799331e-01  -8.0355037e-03
   3.9464883e-01  -8.0521592e-03
   3.9130435e-01  -8.0739350e-03
   3.8795987e-01  -8.1009153e-03
   3.8461538e-01  -8.1331823e-03
   3.8127090e-01  -8.1708164e-03
   3.7792642e-01  -8.2138954e-03
   3.7458194e-01  -8.2624952e-03
   3.7123746e-01  -8.3166891e-03
   3.6789298e-01  -8.3765482e-03
   3.6454849e-01  -8.4421411e-03
   3.6120401e-01  -8.5135335e-03
   3.5785953e-01  -8.5907887e-03
   3.5451505e-01  -8.6739672e-03
   3.5117057e-01  -8.7631264e-03
   3.4782609e-01  -8.8583210e-03
   3.4448161e-01  -8.9596022e-03
   3.4113712e-01  -9.0670185e-03
   3.3779264e-01  -9.1806146e-03
   3.3444816e-01  -9.3004321e-03
   3.3110368e-01  -9.4265091e-03
   3.2775920e-01  -9.5588796e-03
   3.2441472e-01  -9.6975744e-03
   3.2107023e-01  -9.8426200e-03
   3.1772575e-01  -9.9940389e-03
   3.1438127e-01  -1.0151850e-02
   3.1103679e-01  -1.0316066e-02
   3.0769231e-01  -1.0486698e-02
   3.0434783e-01  -1.0663751e-02
   3.0100334e-01  -1.0847224e-02
   2.9765886e-01  -1.1037114e-02
   2.9431438e-01  -1.1233410e-02
   2.9096990e-01  -1.1436098e-02
   2.8762542e-01  -1.1645157e-02
   2.8428094e-01  -1.1860562e-02
   2.8093645e-01  -1.2082279e-02
   2.7759197e-01  -1.2310273e-02
   2.7424749e-01  -1.2544499e-02
   2.7090301e-01  -1.2784906e-02
   2.6755853e-01  -1.3031439e-02
   2.6421405e-01  -1.3284032e-02
   2.6086957e-01  -1.3542616e-02
   2.5752508e-01  -1.3807112e-02
   2.5418060e-01  -1.4077435e-02
   2.5083612e-01  -1.4353491e-02
   2.4749164e-01  -1.4635179e-02
   2.4414716e-01  -1.4922389e-02
   2.4080268e-01  -1.5215001e-02
   2.3745819e-01  -1.5512889e-02
   2.3411371e-01  -1.5815915e-02
   2.3076923e-01  -1.6123933e-02
   2.2742475e-01  -1.6436785e-02
   2.2408027e-01  -1.6754305e-02
   2.2073579e-01  -1.7076314e-02
   2.1739130e-01  -1.7402623e-02
   2.1404682e-01  -1.7733030e-02
   2.1070234e-01  -1.8067322e-02
   2.0735786e-01  -1.8405273e-02
   2.0401338e-01  -1.8746644e-02
   2.0066890e-01  -1.9091181e-02
   1.9732441e-01  -1.9438617e-02
   1.9397993e-01  -1.9788669e-02
   1.9063545e-01  -2.0141038e-02
   1.8729097e-01  -2.0495410e-02
   1.8394649e-01  -2.0851453e-02
   1.8060201e-01  -2.1208816e-02
   1.7725753e-01  -2.1567131e-02
   1.7391304e-01  -2.1926008e-02
   1.7056856e-01  -2.2285038e-02
   1.6722408e-01  -2.2643790e-02
   1.6387960e-01  -2.3001808e-02
   1.6053512e-01  -2.3358615e-02
   1.5719064e-01  -2.3713704e-02
   1.5384615e-01  -2.4066544e-02
   1.5050167e-01  -2.4416576e-02
   1.4715719e-01  -2.4763207e-02
   1.4381271e-01  -2.5105814e-02
   1.4046823e-01  -2.5443741e-02
   1.3712375e-01  -2.5776292e-02
   1.3377926e-01  -2.6102735e-02
   1.3043478e-01  -2.6422293e-02
   1.2709030e-01  -2.6734148e-02
   1.2374582e-01  -2.7037431e-02
   1.2040134e-01  -2.7331223e-02
   1.1705686e-01  -2.7614549e-02
   1.1371237e-01  -2.7886372e-02
   1.1036789e-01  -2.8145591e-02
   1.0702341e-01  -2.8391035e-02
   1.0367893e-01  -2.8621453e-02
   1.0033445e-01  -2.8835511e-02
   9.6989967e-02  -2.9031781e-02
   9.3645485e-02  -2.9208731e-02
   9.0301003e-02  -2.9364718e-02
   8.6956522e-02  -2.9497970e-02
   8.3612040e-02  -2.9606575e-02
   8.0267559e-02  -2.9688463e-02
   7.6923077e-02  -2.9741385e-02
   7.3578595e-02  -2.9762889e-02
   7.0234114e-02  -2.9750292e-02
   6.6889632e-02  -2.9700646e-02
   6.3545151e-02  -2.9610694e-02
   6.0200669e-02  -2.9476819e-02
   5.6856187e-02  -2.9294983e-02
   5.3511706e-02  -2.9060643e-02
   5.0167224e-02  -2.8768649e-02
   4.6822742e-02  -2.8413112e-02
   4.3478261e-02  -2.7987234e-02
   4.0133779e-02  -2.7483067e-02
   3.6789298e-02  -2.6891199e-02
   3.3444816e-02  -2.6200301e-02
   3.0100334e-02  -2.5396474e-02
   2.6755853e-02  -2.4462268e-02
   2.3411371e-02  -2.3375141e-02
   2.0066890e-02  -2.2104898e-02
   1.6722408e-02  -2.0609147e-02
   1.3377926e-02  -1.8824430e-02
   1.0033445e-02  -1.6646552e-02
   6.6889632e-03  -1.3877324e-02
   3.3444816e-03  -1.0017823e-02
   0.0000000e+00  -0.0000000e+00
