   0.0000000e+00   0.0000000e+00
   3.3444816e-03   8.9877428e-03
   6.6889632e-03   1.2667993e-02
   1.0033445e-02   1.5462890e-02
   1.3377926e-02   1.7794765e-02
   1.6722408e-02   1.9827798e-02
   2.0066890e-02   2.1646479e-02
   2.3411371e-02   2.3301170e-02
   2.6755853e-02   2.4824793e-02
   3.0100334e-02   2.6240294e-02
   3.3444816e-02   2.7564431e-02
   3.6789298e-02   2.8809900e-02
   4.0133779e-02   2.9986593e-02
   4.3478261e-02   3.1102406e-02
   4.6822742e-02   3.2163758e-02
   5.0167224e-02   3.3175960e-02
   5.3511706e-02   3.4143460e-02
   5.6856187e-02   3.5070037e-02
   6.0200669e-02   3.5958930e-02
   6.3545151e-02   3.6812941e-02
   6.6889632e-02   3.7634518e-02
   7.0234114e-02   3.8425811e-02
   7.3578595e-02   3.9188725e-02
   7.6923077e-02   3.9924953e-02
   8.0267559e-02   4.0636013e-02
   8.3612040e-02   4.1323270e-02
   8.6956522e-02   4.1987958e-02
   9.0301003e-02   4.2631195e-02
   9.3645485e-02   4.3254001e-02
   9.6989967e-02   4.3857309e-02
   1.0033445e-01   4.4441974e-02
   1.0367893e-01   4.5008782e-02
   1.0702341e-01   4.5558460e-02
   1.1036789e-01   4.6091679e-02
   1.1371237e-01   4.6609063e-02
   1.1705686e-01   4.7111190e-02
   1.2040134e-01   4.7598601e-02
   1.2374582e-01   4.8071801e-02
   1.2709030e-01   4.8531259e-02
   1.3043478e-01   4.8977420e-02
   1.3377926e-01   4.9410697e-02
   1.3712375e-01   4.9831483e-02
   1.4046823e-01   5.0240143e-02
   1.4381271e-01   5.0637027e-02
   1.4715719e-01   5.1022462e-02
   1.5050167e-01   5.1396758e-02
   1.5384615e-01   5.1760209e-02
   1.5719064e-01   5.2113096e-02
   1.6053512e-01   5.2455682e-02
   1.6387960e-01   5.2788220e-02
   1.6722408e-01   5.3110951e-02
   1.7056856e-01   5.3424101e-02
   1.7391304e-01   5.3727891e-02
   1.7725753e-01   5.4022528e-02
   1.8060201e-01   5.4308210e-02
   1.8394649e-01   5.4585130e-02
   1.8729097e-01   5.4853469e-02
   1.9063545e-01   5.5113401e-02
   1.9397993e-01   5.5365095e-02
   1.9732441e-01   5.5608711e-02
   2.0066890e-01   5.5844404e-02
   2.0401338e-01   5.6072322e-02
   2.0735786e-01   5.6292608e-02
   2.1070234e-01   5.6505400e-02
   2.1404682e-01   5.6710830e-02
   2.1739130e-01   5.6909026e-02
   2.2073579e-01   5.7100110e-02
   2.2408027e-01   5.7284202e-02
   2.2742475e-01   5.7461416e-02
   2.3076923e-01   5.7631862e-02
   2.3411371e-01   5.7795649e-02
   2.3745819e-01   5.7952880e-02
   2.4080268e-01   5.8103654e-02
   2.4414716e-01   5.8248068e-02
   2.4749164e-01   5.8386218e-02
   2.5083612e-01   5.8518192e-02
   2.5418060e-01   5.8644081e-02
   2.5752508e-01   5.8763969e-02
   2.6086957e-01   5.8877939e-02
   2.6421405e-01   5.8986072e-02
   2.6755853e-01   5.9088446e-02
   2.7090301e-01   5.9185137e-02
   2.7424749e-01   5.9276219e-02
   2.7759197e-01   5.9361764e-02
   2.8093645e-01   5.9441841e-02
   2.8428094e-01   5.9516519e-02
   2.8762542e-01   5.9585864e-02
   2.9096990e-01   5.9649940e-02
   2.9431438e-01   5.9708809e-02
   2.9765886e-01   5.9762533e-02
   3.0100334e-01   5.9811172e-02
   3.0434783e-01   5.9854783e-02
   3.0769231e-01   5.9893422e-02
   3.1103679e-01   5.9927146e-02
   3.1438127e-01   5.9956008e-02
   3.1772575e-01   5.9980060e-02
   3.2107023e-01   5.9999354e-02
   3.2441472e-01   6.0013940e-02
   3.2775920e-01   6.0023866e-02
   3.3110368e-01   6.0029182e-02
   3.3444816e-01   6.0029932e-02
   3.3779264e-01   6.0026164e-02
   3.4113712e-01   6.0017922e-02
   3.4448161e-01   6.0005249e-02
   3.4782609e-01   5.9988188e-02
   3.5117057e-01   5.9966781e-02
   3.5451505e-01   5.9941068e-02
   3.5785953e-01   5.9911091e-02
   3.6120401e-01   5.9876888e-02
   3.6454849e-01   5.9838498e-02
   3.6789298e-01   5.9795957e-02
   3.7123746e-01   5.9749304e-02
   3.7458194e-01   5.9698574e-02
   3.7792642e-01   5.9643803e-02
   3.8127090e-01   5.9585025e-02
   3.8461538e-01   5.9522274e-02
   3.8795987e-01   5.9455584e-02
   3.9130435e-01   5.9384988e-02
   3.9464883e-01   5.9310517e-02
   3.9799331e-01   5.9232204e-02
   4.0133779e-01   5.9150078e-02
   4.0468227e-01   5.9064171e-02
   4.0802676e-01   5.8974512e-02
   4.1137124e-01   5.8881130e-02
   4.1471572e-01   5.8784055e-02
   4.1806020e-01   5.8683315e-02
   4.2140468e-01   5.8578936e-02
   4.2474916e-01   5.8470947e-02
   4.2809365e-01   5.8359375e-02
   4.3143813e-01   5.8244245e-02
   4.3478261e-01   5.8125583e-02
   4.3812709e-01   5.8003416e-02
   4.4147157e-01   5.7877767e-02
   4.4481605e-01   5.7748662e-02
   4.4816054e-01   5.7616124e-02
   4.5150502e-01   5.7480178e-02
   4.5484950e-01   5.7340847e-02
   4.5819398e-01   5.7198154e-02
   4.6153846e-01   5.7052122e-02
   4.6488294e-01   5.6902772e-02
   4.6822742e-01   5.6750128e-02
   4.7157191e-01   5.6594210e-02
   4.7491639e-01   5.6435040e-02
   4.7826087e-01   5.6272638e-02
   4.8160535e-01   5.6107026e-02
   4.8494983e-01   5.5938224e-02
   4.8829431e-01   5.5766251e-02
   4.9163880e-01   5.5591128e-02
   4.9498328e-01   5.5412874e-02
   4.9832776e-01   5.5231508e-02
   5.0167224e-01   5.5047049e-02
   5.0501672e-01   5.4859515e-02
   5.0836120e-01   5.4668925e-02
   5.1170569e-01   5.4475298e-02
   5.1505017e-01   5.4278650e-02
   5.1839465e-01   5.4078999e-02
   5.2173913e-01   5.3876363e-02
   5.2508361e-01   5.3670759e-02
   5.2842809e-01   5.3462203e-02
   5.3177258e-01   5.3250713e-02
   5.3511706e-01   5.3036304e-02
   5.3846154e-01   5.2818993e-02
   5.4180602e-01   5.2598796e-02
   5.4515050e-01   5.2375728e-02
   5.4849498e-01   5.2149805e-02
   5.5183946e-01   5.1921042e-02
   5.5518395e-01   5.1689456e-02
   5.5852843e-01   5.1455059e-02
   5.6187291e-01   5.1217868e-02
   5.6521739e-01   5.0977896e-02
   5.6856187e-01   5.0735159e-02
   5.7190635e-01   5.0489669e-02
   5.7525084e-01   5.0241442e-02
   5.7859532e-01   4.9990492e-02
   5.8193980e-01   4.9736831e-02
   5.8528428e-01   4.9480473e-02
   5.8862876e-01   4.9221433e-02
   5.9197324e-01   4.8959721e-02
   5.9531773e-01   4.8695353e-02
   5.9866221e-01   4.8428341e-02
   6.0200669e-01   4.8158697e-02
   6.0535117e-01   4.7886434e-02
   6.0869565e-01   4.7611564e-02
   6.1204013e-01   4.7334101e-02
   6.1538462e-01   4.7054055e-02
   6.1872910e-01   4.6771438e-02
   6.2207358e-01   4.6486264e-02
   6.2541806e-01   4.6198542e-02
   6.2876254e-01   4.5908286e-02
   6.3210702e-01   4.5615506e-02
   6.3545151e-01   4.5320213e-02
   6.3879599e-01   4.5022420e-02
   6.4214047e-01   4.4722136e-02
   6.4548495e-01   4.4419373e-02
   6.4882943e-01   4.4114142e-02
   6.5217391e-01   4.3806453e-02
   6.5551839e-01   4.3496318e-02
   6.5886288e-01   4.3183745e-02
   6.6220736e-01   4.2868747e-02
   6.6555184e-01   4.2551333e-02
   6.6889632e-01   4.2231512e-02
   6.7224080e-01   4.1909297e-02
   6.7558528e-01   4.1584695e-02
   6.7892977e-01   4.1257717e-02
   6.8227425e-01   4.0928373e-02
   6.8561873e-01   4.0596672e-02
   6.8896321e-01   4.0262625e-02
   6.9230769e-01   3.9926239e-02
   6.9565217e-01   3.9587525e-02
   6.9899666e-01   3.9246492e-02
   7.0234114e-01   3.8903149e-02
   7.0568562e-01   3.8557505e-02
   7.0903010e-01   3.8209569e-02
   7.1237458e-01   3.7859350e-02
   7.1571906e-01   3.7506856e-02
   7.1906355e-01   3.7152097e-02
   7.2240803e-01   3.6795081e-02
   7.2575251e-01   3.6435816e-02
   7.2909699e-01   3.6074311e-02
   7.3244147e-01   3.5710575e-02
   7.3578595e-01   3.5344615e-02
   7.3913043e-01   3.4976440e-02
   7.4247492e-01   3.4606057e-02
   7.4581940e-01   3.4233476e-02
   7.4916388e-01   3.3858703e-02
   7.5250836e-01   3.3481748e-02
   7.5585284e-01   3.3102617e-02
   7.5919732e-01   3.2721318e-02
   7.6254181e-01   3.2337859e-02
   7.6588629e-01   3.1952248e-02
   7.6923077e-01   3.1564492e-02
   7.7257525e-01   3.1174599e-02
   7.7591973e-01   3.0782576e-02
   7.7926421e-01   3.0388430e-02
   7.8260870e-01   2.9992169e-02
   7.8595318e-01   2.9593799e-02
   7.8929766e-01   2.9193329e-02
   7.9264214e-01   2.8790765e-02
   7.9598662e-01   2.8386113e-02
   7.9933110e-01   2.7979382e-02
   8.0267559e-01   2.7570577e-02
   8.0602007e-01   2.7159707e-02
   8.0936455e-01   2.6746776e-02
   8.1270903e-01   2.6331793e-02
   8.1605351e-01   2.5914764e-02
   8.1939799e-01   2.5495695e-02
   8.2274247e-01   2.5074593e-02
   8.2608696e-01   2.4651464e-02
   8.2943144e-01   2.4226315e-02
   8.3277592e-01   2.3799153e-02
   8.3612040e-01   2.3369983e-02
   8.3946488e-01   2.2938812e-02
   8.4280936e-01   2.2505645e-02
   8.4615385e-01   2.2070490e-02
   8.4949833e-01   2.1633352e-02
   8.5284281e-01   2.1194238e-02
   8.5618729e-01   2.0753152e-02
   8.5953177e-01   2.0310102e-02
   8.6287625e-01   1.9865093e-02
   8.6622074e-01   1.9418131e-02
   8.6956522e-01   1.8969222e-02
   8.7290970e-01   1.8518371e-02
   8.7625418e-01   1.8065585e-02
   8.7959866e-01   1.7610869e-02
   8.8294314e-01   1.7154228e-02
   8.8628763e-01   1.6695668e-02
   8.8963211e-01   1.6235195e-02
   8.9297659e-01   1.5772815e-02
   8.9632107e-01   1.5308532e-02
   8.9966555e-01   1.4842351e-02
   9.0301003e-01   1.4374280e-02
   9.0635452e-01   1.3904322e-02
   9.0969900e-01   1.3432483e-02
   9.1304348e-01   1.2958768e-02
   9.1638796e-01   1.2483182e-02
   9.1973244e-01   1.2005731e-02
   9.2307692e-01   1.1526420e-02
   9.2642140e-01   1.1045253e-02
   9.2976589e-01   1.0562236e-02
   9.3311037e-01   1.0077374e-02
   9.3645485e-01   9.5906721e-03
   9.3979933e-01   9.1021344e-03
   9.4314381e-01   8.6117662e-03
   9.4648829e-01   8.1195723e-03
   9.4983278e-01   7.6255577e-03
   9.5317726e-01   7.1297270e-03
   9.5652174e-01   6.6320849e-03
   9.5986622e-01   6.1326363e-03
   9.6321070e-01   5.6313857e-03
   9.6655518e-01   5.1283377e-03
   9.6989967e-01   4.6234971e-03
   9.7324415e-01   4.1168682e-03
   9.7658863e-01   3.6084557e-03
   9.7993311e-01   3.0982641e-03
   9.8327759e-01   2.5862978e-03
   9.8662207e-01   2.0725613e-03
   9.8996656e-01   1.5570589e-03
   9.9331104e-01   1.0397950e-03
   9.9665552e-01   5.2077391e-04
   1.0000000e+00   0.0000000e+00
   1.0000000e+00   0.0000000e+00
   9.9665552e-01  -5.2076391e-04
   9.9331104e-01  -1.0397751e-03
   9.8996656e-01  -1.5570294e-03
   9.8662207e-01  -2.0725224e-03
   9.8327759e-01  -2.5862497e-03
   9.7993311e-01  -3.0982070e-03
   9.7658863e-01  -3.6083897e-03
   9.7324415e-01  -4.1167935e-03
   9.6989967e-01  -4.6234139e-03
   9.6655518e-01  -5.1282463e-03
   9.6321070e-01  -5.6312861e-03
   9.5986622e-01  -6.1325288e-03
   9.5652174e-01  -6.6319698e-03
   9.5317726e-01  -7.1296043e-03
   9.4983278e-01  -7.6254277e-03
   9.4648829e-01  -8.1194352e-03
   9.4314381e-01  -8.6116221e-03
   9.3979933e-01  -9.1019835e-03
   9.3645485e-01  -9.5905147e-03
   9.3311037e-01  -1.0077211e-02
   9.2976589e-01  -1.0562067e-02
   9.2642140e-01  -1.1045077e-02
   9.2307692e-01  -1.1526238e-02
   9.1973244e-01  -1.2005544e-02
   9.1638796e-01  -1.2482989e-02
   9.1304348e-01  -1.2958570e-02
   9.0969900e-01  -1.3432279e-02
   9.0635452e-01  -1.3904114e-02
   9.0301003e-01  -1.4374067e-02
   8.9966555e-01  -1.4842134e-02
   8.9632107e-01  -1.5308310e-02
   8.9297659e-01  -1.5772589e-02
   8.8963211e-01  -1.6234966e-02
   8.8628763e-01  -1.6695435e-02
   8.8294314e-01  -1.7153991e-02
   8.7959866e-01  -1.7610629e-02
   8.7625418e-01  -1.8065342e-02
   8.7290970e-01  -1.8518125e-02
   8.6956522e-01  -1.8968973e-02
   8.6622074e-01  -1.9417880e-02
   8.6287625e-01  -1.9864839e-02
   8.5953177e-01  -2.0309846e-02
   8.5618729e-01  -2.0752894e-02
   8.5284281e-01  -2.1193977e-02
   8.4949833e-01  -2.1633090e-02
   8.4615385e-01  -2.2070227e-02
   8.4280936e-01  -2.2505381e-02
   8.3946488e-01  -2.2938546e-02
   8.3612040e-01  -2.3369716e-02
   8.3277592e-01  -2.3798885e-02
   8.2943144e-01  -2.4226047e-02
   8.2608696e-01  -2.4651195e-02
   8.2274247e-01  -2.5074324e-02
   8.1939799e-01  -2.5495426e-02
   8.1605351e-01  -2.5914495e-02
   8.1270903e-01  -2.6331524e-02
   8.0936455e-01  -2.6746508e-02
   8.0602007e-01  -2.7159439e-02
   8.0267559e-01  -2.7570310e-02
   7.9933110e-01  -2.7979115e-02
   7.9598662e-01  -2.8385848e-02
   7.9264214e-01  -2.8790500e-02
   7.8929766e-01  -2.9193066e-02
   7.8595318e-01  -2.9593538e-02
   7.8260870e-01  -2.9991909e-02
   7.7926421e-01  -3.0388172e-02
   7.7591973e-01  -3.0782320e-02
   7.7257525e-01  -3.1174346e-02
   7.6923077e-01  -3.1564241e-02
   7.6588629e-01  -3.1952000e-02
   7.6254181e-01  -3.2337613e-02
   7.5919732e-01  -3.2721075e-02
   7.5585284e-01  -3.3102377e-02
   7.5250836e-01  -3.3481511e-02
   7.4916388e-01  -3.3858470e-02
   7.4581940e-01  -3.4233246e-02
   7.4247492e-01  -3.4605831e-02
   7.3913043e-01  -3.4976217e-02
   7.3578595e-01  -3.5344396e-02
   7.3244147e-01  -3.5710360e-02
   7.2909699e-01  -3.6074101e-02
   7.2575251e-01  -3.6435610e-02
   7.2240803e-01  -3.6794879e-02
   7.1906355e-01  -3.7151900e-02
   7.1571906e-01  -3.7506663e-02
   7.1237458e-01  -3.7859162e-02
   7.0903010e-01  -3.8209386e-02
   7.0568562e-01  -3.8557327e-02
   7.0234114e-01  -3.8902976e-02
   6.9899666e-01  -3.9246325e-02
   6.9565217e-01  -3.9587363e-02
   6.9230769e-01  -3.9926083e-02
   6.8896321e-01  -4.0262474e-02
   6.8561873e-01  -4.0596528e-02
   6.8227425e-01  -4.0928234e-02
   6.7892977e-01  -4.1257585e-02
   6.7558528e-01  -4.1584569e-02
   6.7224080e-01  -4.1909177e-02
   6.6889632e-01  -4.2231399e-02
   6.6555184e-01  -4.2551226e-02
   6.6220736e-01  -4.2868647e-02
   6.5886288e-01  -4.3183652e-02
   6.5551839e-01  -4.3496231e-02
   6.5217391e-01  -4.3806374e-02
   6.4882943e-01  -4.4114070e-02
   6.4548495e-01  -4.4419308e-02
   6.4214047e-01  -4.4722078e-02
   6.3879599e-01  -4.5022369e-02
   6.3545151e-01  -4.5320170e-02
   6.3210702e-01  -4.5615471e-02
   6.2876254e-01  -4.5908258e-02
   6.2541806e-01  -4.6198523e-02
   6.2207358e-01  -4.6486252e-02
   6.1872910e-01  -4.6771435e-02
   6.1538462e-01  -4.7054059e-02
   6.1204013e-01  -4.7334113e-02
   6.0869565e-01  -4.7611585e-02
   6.0535117e-01  -4.7886463e-02
   6.0200669e-01  -4.8158735e-02
   5.9866221e-01  -4.8428387e-02
   5.9531773e-01  -4.8695408e-02
   5.9197324e-01  -4.8959785e-02
   5.8862876e-01  -4.9221505e-02
   5.8528428e-01  -4.9480554e-02
   5.8193980e-01  -4.9736921e-02
   5.7859532e-01  -4.9990591e-02
   5.7525084e-01  -5.0241550e-02
   5.7190635e-01  -5.0489786e-02
   5.6856187e-01  -5.0735284e-02
   5.6521739e-01  -5.0978031e-02
   5.6187291e-01  -5.1218012e-02
   5.5852843e-01  -5.1455213e-02
   5.5518395e-01  -5.1689619e-02
   5.5183946e-01  -5.1921215e-02
   5.4849498e-01  -5.2149987e-02
   5.4515050e-01  -5.2375919e-02
   5.4180602e-01  -5.2598996e-02
   5.3846154e-01  -5.2819203e-02
   5.3511706e-01  -5.3036524e-02
   5.3177258e-01  -5.3250942e-02
   5.2842809e-01  -5.3462443e-02
   5.2508361e-01  -5.3671008e-02
   5.2173913e-01  -5.3876622e-02
   5.1839465e-01  -5.4079268e-02
   5.1505017e-01  -5.4278928e-02
   5.1170569e-01  -5.4475586e-02
   5.0836120e-01  -5.4669224e-02
   5.0501672e-01  -5.4859823e-02
   5.0167224e-01  -5.5047367e-02
   4.9832776e-01  -5.5231836e-02
   4.9498328e-01  -5.5413212e-02
   4.9163880e-01  -5.5591476e-02
   4.8829431e-01  -5.5766609e-02
   4.8494983e-01  -5.5938591e-02
   4.8160535e-01  -5.6107404e-02
   4.7826087e-01  -5.6273026e-02
   4.7491639e-01  -5.6435437e-02
   4.7157191e-01  -5.6594617e-02
   4.6822742e-01  -5.6750545e-02
   4.6488294e-01  -5.6903200e-02
   4.6153846e-01  -5.7052559e-02
   4.5819398e-01  -5.7198601e-02
   4.5484950e-01  -5.7341304e-02
   4.5150502e-01  -5.7480645e-02
   4.4816054e-01  -5.7616601e-02
   4.4481605e-01  -5.7749148e-02
   4.4147157e-01  -5.7878263e-02
   4.3812709e-01  -5.8003922e-02
   4.3478261e-01  -5.8126099e-02
   4.3143813e-01  -5.8244771e-02
   4.2809365e-01  -5.8359910e-02
   4.2474916e-01  -5.8471493e-02
   4.2140468e-01  -5.8579491e-02
   4.1806020e-01  -5.8683879e-02
   4.1471572e-01  -5.8784629e-02
   4.1137124e-01  -5.8881714e-02
   4.0802676e-01  -5.8975105e-02
   4.0468227e-01  -5.9064773e-02
   4.0133779e-01  -5.9150690e-02
   3.9799331e-01  -5.9232824e-02
   3.9464883e-01  -5.9311147e-02
   3.9130435e-01  -5.9385627e-02
   3.8795987e-01  -5.9456233e-02
   3.8461538e-01  -5.9522932e-02
   3.8127090e-01  -5.9585691e-02
   3.7792642e-01  -5.9644478e-02
   3.7458194e-01  -5.9699258e-02
   3.7123746e-01  -5.9749997e-02
   3.6789298e-01  -5.9796659e-02
   3.6454849e-01  -5.9839208e-02
   3.6120401e-01  -5.9877607e-02
   3.5785953e-01  -5.9911818e-02
   3.5451505e-01  -5.9941804e-02
   3.5117057e-01  -5.9967524e-02
   3.4782609e-01  -5.9988939e-02
   3.4448161e-01  -6.0006008e-02
   3.4113712e-01  -6.0018689e-02
   3.3779264e-01  -6.0026940e-02
   3.3444816e-01  -6.0030716e-02
   3.3110368e-01  -6.0029973e-02
   3.2775920e-01  -6.0024665e-02
   3.2441472e-01  -6.0014745e-02
   3.2107023e-01  -6.0000167e-02
   3.1772575e-01  -5.9980880e-02
   3.1438127e-01  -5.9956835e-02
   3.1103679e-01  -5.9927980e-02
   3.0769231e-01  -5.9894263e-02
   3.0434783e-01  -5.9855630e-02
   3.0100334e-01  -5.9812026e-02
   2.9765886e-01  -5.9763394e-02
   2.9431438e-01  -5.9709676e-02
   2.9096990e-01  -5.9650813e-02
   2.8762542e-01  -5.9586743e-02
   2.8428094e-01  -5.9517404e-02
   2.8093645e-01  -5.9442732e-02
   2.7759197e-01  -5.9362660e-02
   2.7424749e-01  -5.9277120e-02
   2.7090301e-01  -5.9186043e-02
   2.6755853e-01  -5.9089357e-02
   2.6421405e-01  -5.8986988e-02
   2.6086957e-01  -5.8878859e-02
   2.5752508e-01  -5.8764894e-02
   2.5418060e-01  -5.8645010e-02
   2.5083612e-01  -5.8519126e-02
   2.4749164e-01  -5.8387155e-02
   2.4414716e-01  -5.8249010e-02
   2.4080268e-01  -5.8104598e-02
   2.3745819e-01  -5.7953828e-02
   2.3411371e-01  -5.7796601e-02
   2.3076923e-01  -5.7632817e-02
   2.2742475e-01  -5.7462373e-02
   2.2408027e-01  -5.7285161e-02
   2.2073579e-01  -5.7101072e-02
   2.1739130e-01  -5.6909990e-02
   2.1404682e-01  -5.6711796e-02
   2.1070234e-01  -5.6506368e-02
   2.0735786e-01  -5.6293577e-02
   2.0401338e-01  -5.6073292e-02
   2.0066890e-01  -5.5845375e-02
   1.9732441e-01  -5.5609683e-02
   1.9397993e-01  -5.5366068e-02
   1.9063545e-01  -5.5114374e-02
   1.8729097e-01  -5.4854442e-02
   1.8394649e-01  -5.4586103e-02
   1.8060201e-01  -5.4309183e-02
   1.7725753e-01  -5.4023499e-02
   1.7391304e-01  -5.3728861e-02
   1.7056856e-01  -5.3425070e-02
   1.6722408e-01  -5.3111918e-02
   1.6387960e-01  -5.2789186e-02
   1.6053512e-01  -5.2456646e-02
   1.5719064e-01  -5.2114057e-02
   1.5384615e-01  -5.1761167e-02
   1.5050167e-01  -5.1397713e-02
   1.4715719e-01  -5.1023413e-02
   1.4381271e-01  -5.0637975e-02
   1.4046823e-01  -5.0241087e-02
   1.3712375e-01  -4.9832422e-02
   1.3377926e-01  -4.9411632e-02
   1.3043478e-01  -4.8978350e-02
   1.2709030e-01  -4.8532184e-02
   1.2374582e-01  -4.8072719e-02
   1.2040134e-01  -4.7599514e-02
   1.1705686e-01  -4.7112096e-02
   1.1371237e-01  -4.6609961e-02
   1.1036789e-01  -4.6092570e-02
   1.0702341e-01  -4.5559343e-02
   1.0367893e-01  -4.5009657e-02
   1.0033445e-01  -4.4442840e-02
   9.6989967e-02  -4.3858166e-02
   9.3645485e-02  -4.3254849e-02
   9.0301003e-02  -4.2632032e-02
   8.6956522e-02  -4.1988784e-02
   8.3612040e-02  -4.1324086e-02
   8.0267559e-02  -4.0636817e-02
   7.6923077e-02  -3.9925744e-02
   7.3578595e-02  -3.9189503e-02
   7.0234114e-02  -3.8426576e-02
   6.6889632e-02  -3.7635268e-02
   6.3545151e-02  -3.6813676e-02
   6.0200669e-02  -3.5959649e-02
   5.6856187e-02  -3.5070740e-02
   5.3511706e-02  -3.4144145e-02
   5.0167224e-02  -3.3176626e-02
   4.6822742e-02  -3.2164406e-02
   4.3478261e-02  -3.1103033e-02
   4.0133779e-02  -2.9987198e-02
   3.6789298e-02  -2.8810482e-02
   3.3444816e-02  -2.7564989e-02
   3.0100334e-02  -2.6240825e-02
   2.6755853e-02  -2.4825297e-02
   2.3411371e-02  -2.3301642e-02
   2.0066890e-02  -2.1646918e-02
   1.6722408e-02  -1.9828200e-02
   1.3377926e-02  -1.7795127e-02
   1.0033445e-02  -1.5463204e-02
   6.6889632e-03  -1.2668251e-02
   3.3444816e-03  -8.9879258e-03
   0.0000000e+00  -0.0000000e+00
