   0.0000000e+00   0.0000000e+00
   3.3444816e-03   1.2018546e-02
   6.6889632e-03   1.6914852e-02
   1.0033445e-02   2.0616515e-02
   1.3377926e-02   2.3691156e-02
   1.6722408e-02   2.6359858e-02
   2.0066890e-02   2.8736619e-02
   2.3411371e-02   3.0889524e-02
   2.6755853e-02   3.2863175e-02
   3.0100334e-02   3.4688720e-02
   3.3444816e-02   3.6388962e-02
   3.6789298e-02   3.7981212e-02
   4.0133779e-02   3.9478991e-02
   4.3478261e-02   4.0893115e-02
   4.6822742e-02   4.2232399e-02
   5.0167224e-02   4.3504152e-02
   5.3511706e-02   4.4714516e-02
   5.6856187e-02   4.5868715e-02
   6.0200669e-02   4.6971241e-02
   6.3545151e-02   4.8025991e-02
   6.6889632e-02   4.9036376e-02
   7.0234114e-02   5.0005401e-02
   7.3578595e-02   5.0935734e-02
   7.6923077e-02   5.1829753e-02
   8.0267559e-02   5.2689596e-02
   8.3612040e-02   5.3517190e-02
   8.6956522e-02   5.4314278e-02
   9.0301003e-02   5.5082451e-02
   9.3645485e-02   5.5823157e-02
   9.6989967e-02   5.6537727e-02
   1.0033445e-01   5.7227382e-02
   1.0367893e-01   5.7893250e-02
   1.0702341e-01   5.8536372e-02
   1.1036789e-01   5.9157717e-02
   1.1371237e-01   5.9758183e-02
   1.1705686e-01   6.0338608e-02
   1.2040134e-01   6.0899774e-02
   1.2374582e-01   6.1442414e-02
   1.2709030e-01   6.1967213e-02
   1.3043478e-01   6.2474816e-02
   1.3377926e-01   6.2965831e-02
   1.3712375e-01   6.3440828e-02
   1.4046823e-01   6.3900348e-02
   1.4381271e-01   6.4344900e-02
   1.4715719e-01   6.4774967e-02
   1.5050167e-01   6.5191007e-02
   1.5384615e-01   6.5593454e-02
   1.5719064e-01   6.5982721e-02
   1.6053512e-01   6.6359199e-02
   1.6387960e-01   6.6723263e-02
   1.6722408e-01   6.7075268e-02
   1.7056856e-01   6.7415553e-02
   1.7391304e-01   6.7744444e-02
   1.7725753e-01   6.8062250e-02
   1.8060201e-01   6.8369267e-02
   1.8394649e-01   6.8665780e-02
   1.8729097e-01   6.8952059e-02
   1.9063545e-01   6.9228366e-02
   1.9397993e-01   6.9494950e-02
   1.9732441e-01   6.9752051e-02
   2.0066890e-01   6.9999900e-02
   2.0401338e-01   7.0238719e-02
   2.0735786e-01   7.0468719e-02
   2.1070234e-01   7.0690107e-02
   2.1404682e-01   7.0903079e-02
   2.1739130e-01   7.1107826e-02
   2.2073579e-01   7.1304530e-02
   2.2408027e-01   7.1493367e-02
   2.2742475e-01   7.1674509e-02
   2.3076923e-01   7.1848119e-02
   2.3411371e-01   7.2014356e-02
   2.3745819e-01   7.2173373e-02
   2.4080268e-01   7.2325318e-02
   2.4414716e-01   7.2470332e-02
   2.4749164e-01   7.2608556e-02
   2.5083612e-01   7.2740121e-02
   2.5418060e-01   7.2865157e-02
   2.5752508e-01   7.2983788e-02
   2.6086957e-01   7.3096136e-02
   2.6421405e-01   7.3202318e-02
   2.6755853e-01   7.3302445e-02
   2.7090301e-01   7.3396629e-02
   2.7424749e-01   7.3484974e-02
   2.7759197e-01   7.3567584e-02
   2.8093645e-01   7.3644558e-02
   2.8428094e-01   7.3715992e-02
   2.8762542e-01   7.3781980e-02
   2.9096990e-01   7.3842612e-02
   2.9431438e-01   7.3897976e-02
   2.9765886e-01   7.3948156e-02
   3.0100334e-01   7.3993235e-02
   3.0434783e-01   7.4033294e-02
   3.0769231e-01   7.4068408e-02
   3.1103679e-01   7.4098653e-02
   3.1438127e-01   7.4124102e-02
   3.1772575e-01   7.4144825e-02
   3.2107023e-01   7.4160891e-02
   3.2441472e-01   7.4172365e-02
   3.2775920e-01   7.4179312e-02
   3.3110368e-01   7.4181793e-02
   3.3444816e-01   7.4179869e-02
   3.3779264e-01   7.4173599e-02
   3.4113712e-01   7.4163039e-02
   3.4448161e-01   7.4148243e-02
   3.4782609e-01   7.4129265e-02
   3.5117057e-01   7.4106155e-02
   3.5451505e-01   7.4078965e-02
   3.5785953e-01   7.4047741e-02
   3.6120401e-01   7.4012530e-02
   3.6454849e-01   7.3973378e-02
   3.6789298e-01   7.3930328e-02
   3.7123746e-01   7.3883422e-02
   3.7458194e-01   7.3832701e-02
   3.7792642e-01   7.3778204e-02
   3.8127090e-01   7.3719969e-02
   3.8461538e-01   7.3658034e-02
   3.8795987e-01   7.3592432e-02
   3.9130435e-01   7.3523199e-02
   3.9464883e-01   7.3450368e-02
   3.9799331e-01   7.3373970e-02
   4.0133779e-01   7.3294035e-02
   4.0468227e-01   7.3210594e-02
   4.0802676e-01   7.3123675e-02
   4.1137124e-01   7.3033304e-02
   4.1471572e-01   7.2939508e-02
   4.1806020e-01   7.2842312e-02
   4.2140468e-01   7.2741740e-02
   4.2474916e-01   7.2637815e-02
   4.2809365e-01   7.2530559e-02
   4.3143813e-01   7.2419992e-02
   4.3478261e-01   7.2306136e-02
   4.3812709e-01   7.2189010e-02
   4.4147157e-01   7.2068630e-02
   4.4481605e-01   7.1945016e-02
   4.4816054e-01   7.1818182e-02
   4.5150502e-01   7.1688145e-02
   4.5484950e-01   7.1554920e-02
   4.5819398e-01   7.1418520e-02
   4.6153846e-01   7.1278957e-02
   4.6488294e-01   7.1136245e-02
   4.6822742e-01   7.0990395e-02
   4.7157191e-01   7.0841417e-02
   4.7491639e-01   7.0689321e-02
   4.7826087e-01   7.0534116e-02
   4.8160535e-01   7.0375810e-02
   4.8494983e-01   7.0214411e-02
   4.8829431e-01   7.0049925e-02
   4.9163880e-01   6.9882359e-02
   4.9498328e-01   6.9711718e-02
   4.9832776e-01   6.9538006e-02
   5.0167224e-01   6.9361228e-02
   5.0501672e-01   6.9181387e-02
   5.0836120e-01   6.8998484e-02
   5.1170569e-01   6.8812523e-02
   5.1505017e-01   6.8623505e-02
   5.1839465e-01   6.8431429e-02
   5.2173913e-01   6.8236297e-02
   5.2508361e-01   6.8038107e-02
   5.2842809e-01   6.7836858e-02
   5.3177258e-01   6.7632548e-02
   5.3511706e-01   6.7425176e-02
   5.3846154e-01   6.7214736e-02
   5.4180602e-01   6.7001227e-02
   5.4515050e-01   6.6784643e-02
   5.4849498e-01   6.6564980e-02
   5.5183946e-01   6.6342232e-02
   5.5518395e-01   6.6116394e-02
   5.5852843e-01   6.5887458e-02
   5.6187291e-01   6.5655419e-02
   5.6521739e-01   6.5420267e-02
   5.6856187e-01   6.5181995e-02
   5.7190635e-01   6.4940594e-02
   5.7525084e-01   6.4696055e-02
   5.7859532e-01   6.4448368e-02
   5.8193980e-01   6.4197523e-02
   5.8528428e-01   6.3943509e-02
   5.8862876e-01   6.3686314e-02
   5.9197324e-01   6.3425927e-02
   5.9531773e-01   6.3162336e-02
   5.9866221e-01   6.2895528e-02
   6.0200669e-01   6.2625488e-02
   6.0535117e-01   6.2352205e-02
   6.0869565e-01   6.2075663e-02
   6.1204013e-01   6.1795847e-02
   6.1538462e-01   6.1512743e-02
   6.1872910e-01   6.1226334e-02
   6.2207358e-01   6.0936605e-02
   6.2541806e-01   6.0643540e-02
   6.2876254e-01   6.0347120e-02
   6.3210702e-01   6.0047328e-02
   6.3545151e-01   5.9744147e-02
   6.3879599e-01   5.9437558e-02
   6.4214047e-01   5.9127542e-02
   6.4548495e-01   5.8814080e-02
   6.4882943e-01   5.8497153e-02
   6.5217391e-01   5.8176740e-02
   6.5551839e-01   5.7852820e-02
   6.5886288e-01   5.7525373e-02
   6.6220736e-01   5.7194377e-02
   6.6555184e-01   5.6859811e-02
   6.6889632e-01   5.6521652e-02
   6.7224080e-01   5.6179877e-02
   6.7558528e-01   5.5834464e-02
   6.7892977e-01   5.5485389e-02
   6.8227425e-01   5.5132629e-02
   6.8561873e-01   5.4776158e-02
   6.8896321e-01   5.4415953e-02
   6.9230769e-01   5.4051988e-02
   6.9565217e-01   5.3684238e-02
   6.9899666e-01   5.3312677e-02
   7.0234114e-01   5.2937279e-02
   7.0568562e-01   5.2558017e-02
   7.0903010e-01   5.2174865e-02
   7.1237458e-01   5.1787795e-02
   7.1571906e-01   5.1396779e-02
   7.1906355e-01   5.1001789e-02
   7.2240803e-01   5.0602797e-02
   7.2575251e-01   5.0199774e-02
   7.2909699e-01   4.9792691e-02
   7.3244147e-01   4.9381518e-02
   7.3578595e-01   4.8966225e-02
   7.3913043e-01   4.8546782e-02
   7.4247492e-01   4.8123158e-02
   7.4581940e-01   4.7695323e-02
   7.4916388e-01   4.7263245e-02
   7.5250836e-01   4.6826892e-02
   7.5585284e-01   4.6386232e-02
   7.5919732e-01   4.5941233e-02
   7.6254181e-01   4.5491862e-02
   7.6588629e-01   4.5038086e-02
   7.6923077e-01   4.4579871e-02
   7.7257525e-01   4.4117184e-02
   7.7591973e-01   4.3649991e-02
   7.7926421e-01   4.3178257e-02
   7.8260870e-01   4.2701947e-02
   7.8595318e-01   4.2221026e-02
   7.8929766e-01   4.1735459e-02
   7.9264214e-01   4.1245209e-02
   7.9598662e-01   4.0750242e-02
   7.9933110e-01   4.0250520e-02
   8.0267559e-01   3.9746006e-02
   8.0602007e-01   3.9236663e-02
   8.0936455e-01   3.8722455e-02
   8.1270903e-01   3.8203342e-02
   8.1605351e-01   3.7679288e-02
   8.1939799e-01   3.7150253e-02
   8.2274247e-01   3.6616199e-02
   8.2608696e-01   3.6077087e-02
   8.2943144e-01   3.5532877e-02
   8.3277592e-01   3.4983530e-02
   8.3612040e-01   3.4429006e-02
   8.3946488e-01   3.3869264e-02
   8.4280936e-01   3.3304264e-02
   8.4615385e-01   3.2733965e-02
   8.4949833e-01   3.2158325e-02
   8.5284281e-01   3.1577304e-02
   8.5618729e-01   3.0990858e-02
   8.5953177e-01   3.0398947e-02
   8.6287625e-01   2.9801527e-02
   8.6622074e-01   2.9198556e-02
   8.6956522e-01   2.8589991e-02
   8.7290970e-01   2.7975788e-02
   8.7625418e-01   2.7355903e-02
   8.7959866e-01   2.6730293e-02
   8.8294314e-01   2.6098913e-02
   8.8628763e-01   2.5461719e-02
   8.8963211e-01   2.4818666e-02
   8.9297659e-01   2.4169709e-02
   8.9632107e-01   2.3514801e-02
   8.9966555e-01   2.2853898e-02
   9.0301003e-01   2.2186954e-02
   9.0635452e-01   2.1513921e-02
   9.0969900e-01   2.0834754e-02
   9.1304348e-01   2.0149405e-02
   9.1638796e-01   1.9457827e-02
   9.1973244e-01   1.8759973e-02
   9.2307692e-01   1.8055794e-02
   9.2642140e-01   1.7345243e-02
   9.2976589e-01   1.6628272e-02
   9.3311037e-01   1.5904831e-02
   9.3645485e-01   1.5174872e-02
   9.3979933e-01   1.4438346e-02
   9.4314381e-01   1.3695202e-02
   9.4648829e-01   1.2945391e-02
   9.4983278e-01   1.2188864e-02
   9.5317726e-01   1.1425569e-02
   9.5652174e-01   1.0655456e-02
   9.5986622e-01   9.8784745e-03
   9.6321070e-01   9.0945726e-03
   9.6655518e-01   8.3036991e-03
   9.6989967e-01   7.5058023e-03
   9.7324415e-01   6.7008300e-03
   9.7658863e-01   5.8887300e-03
   9.7993311e-01   5.0694496e-03
   9.8327759e-01   4.2429360e-03
   9.8662207e-01   3.4091360e-03
   9.8996656e-01   2.5679963e-03
   9.9331104e-01   1.7194631e-03
   9.9665552e-01   8.6348238e-04
   1.0000000e+00   0.0000000e+00
   1.0000000e+00   0.0000000e+00
   9.9665552e-01   1.8620543e-04
   9.9331104e-01   3.7368901e-04
   9.8996656e-01   5.6236963e-04
   9.8662207e-01   7.5216711e-04
   9.8327759e-01   9.4300222e-04
   9.7993311e-01   1.1347966e-03
   9.7658863e-01   1.3274730e-03
   9.7324415e-01   1.5209548e-03
   9.6989967e-01   1.7151665e-03
   9.6655518e-01   1.9100335e-03
   9.6321070e-01   2.1054822e-03
   9.5986622e-01   2.3014396e-03
   9.5652174e-01   2.4978340e-03
   9.5317726e-01   2.6945944e-03
   9.4983278e-01   2.8916507e-03
   9.4648829e-01   3.0889337e-03
   9.4314381e-01   3.2863752e-03
   9.3979933e-01   3.4839079e-03
   9.3645485e-01   3.6814652e-03
   9.3311037e-01   3.8789815e-03
   9.2976589e-01   4.0763923e-03
   9.2642140e-01   4.2736337e-03
   9.2307692e-01   4.4706427e-03
   9.1973244e-01   4.6673574e-03
   9.1638796e-01   4.8637165e-03
   9.1304348e-01   5.0596598e-03
   9.0969900e-01   5.2551279e-03
   9.0635452e-01   5.4500623e-03
   9.0301003e-01   5.6444052e-03
   8.9966555e-01   5.8380998e-03
   8.9632107e-01   6.0310903e-03
   8.9297659e-01   6.2233214e-03
   8.8963211e-01   6.4147390e-03
   8.8628763e-01   6.6052897e-03
   8.8294314e-01   6.7949209e-03
   8.7959866e-01   6.9835809e-03
   8.7625418e-01   7.1712190e-03
   8.7290970e-01   7.3577850e-03
   8.6956522e-01   7.5432298e-03
   8.6622074e-01   7.7275052e-03
   8.6287625e-01   7.9105635e-03
   8.5953177e-01   8.0923581e-03
   8.5618729e-01   8.2728431e-03
   8.5284281e-01   8.4519736e-03
   8.4949833e-01   8.6297053e-03
   8.4615385e-01   8.8059948e-03
   8.4280936e-01   8.9807996e-03
   8.3946488e-01   9.1540779e-03
   8.3612040e-01   9.3257886e-03
   8.3277592e-01   9.4958918e-03
   8.2943144e-01   9.6643480e-03
   8.2608696e-01   9.8311187e-03
   8.2274247e-01   9.9961660e-03
   8.1939799e-01   1.0159453e-02
   8.1605351e-01   1.0320944e-02
   8.1270903e-01   1.0480603e-02
   8.0936455e-01   1.0638395e-02
   8.0602007e-01   1.0794288e-02
   8.0267559e-01   1.0948246e-02
   7.9933110e-01   1.1100240e-02
   7.9598662e-01   1.1250236e-02
   7.9264214e-01   1.1398205e-02
   7.8929766e-01   1.1544116e-02
   7.8595318e-01   1.1687939e-02
   7.8260870e-01   1.1829648e-02
   7.7926421e-01   1.1969213e-02
   7.7591973e-01   1.2106608e-02
   7.7257525e-01   1.2241807e-02
   7.6923077e-01   1.2374784e-02
   7.6588629e-01   1.2505515e-02
   7.6254181e-01   1.2633976e-02
   7.5919732e-01   1.2760143e-02
   7.5585284e-01   1.2883993e-02
   7.5250836e-01   1.3005506e-02
   7.4916388e-01   1.3124660e-02
   7.4581940e-01   1.3241435e-02
   7.4247492e-01   1.3355811e-02
   7.3913043e-01   1.3467769e-02
   7.3578595e-01   1.3577291e-02
   7.3244147e-01   1.3684360e-02
   7.2909699e-01   1.3788959e-02
   7.2575251e-01   1.3891071e-02
   7.2240803e-01   1.3990683e-02
   7.1906355e-01   1.4087778e-02
   7.1571906e-01   1.4182342e-02
   7.1237458e-01   1.4274364e-02
   7.0903010e-01   1.4363829e-02
   7.0568562e-01   1.4450726e-02
   7.0234114e-01   1.4535045e-02
   6.9899666e-01   1.4616773e-02
   6.9565217e-01   1.4695902e-02
   6.9230769e-01   1.4772423e-02
   6.8896321e-01   1.4846326e-02
   6.8561873e-01   1.4917603e-02
   6.8227425e-01   1.4986249e-02
   6.7892977e-01   1.5052255e-02
   6.7558528e-01   1.5115616e-02
   6.7224080e-01   1.5176327e-02
   6.6889632e-01   1.5234383e-02
   6.6555184e-01   1.5289781e-02
   6.6220736e-01   1.5342516e-02
   6.5886288e-01   1.5392586e-02
   6.5551839e-01   1.5439990e-02
   6.5217391e-01   1.5484724e-02
   6.4882943e-01   1.5526790e-02
   6.4548495e-01   1.5566186e-02
   6.4214047e-01   1.5602913e-02
   6.3879599e-01   1.5636972e-02
   6.3545151e-01   1.5668364e-02
   6.3210702e-01   1.5697092e-02
   6.2876254e-01   1.5723158e-02
   6.2541806e-01   1.5746566e-02
   6.2207358e-01   1.5767321e-02
   6.1872910e-01   1.5785425e-02
   6.1538462e-01   1.5800886e-02
   6.1204013e-01   1.5813707e-02
   6.0869565e-01   1.5823897e-02
   6.0535117e-01   1.5831461e-02
   6.0200669e-01   1.5836408e-02
   5.9866221e-01   1.5838744e-02
   5.9531773e-01   1.5838479e-02
   5.9197324e-01   1.5835623e-02
   5.8862876e-01   1.5830184e-02
   5.8528428e-01   1.5822173e-02
   5.8193980e-01   1.5811600e-02
   5.7859532e-01   1.5798478e-02
   5.7525084e-01   1.5782817e-02
   5.7190635e-01   1.5764631e-02
   5.6856187e-01   1.5743933e-02
   5.6521739e-01   1.5720735e-02
   5.6187291e-01   1.5695052e-02
   5.5852843e-01   1.5666898e-02
   5.5518395e-01   1.5636289e-02
   5.5183946e-01   1.5603239e-02
   5.4849498e-01   1.5567766e-02
   5.4515050e-01   1.5529885e-02
   5.4180602e-01   1.5489613e-02
   5.3846154e-01   1.5446969e-02
   5.3511706e-01   1.5401969e-02
   5.3177258e-01   1.5354633e-02
   5.2842809e-01   1.5304980e-02
   5.2508361e-01   1.5253029e-02
   5.2173913e-01   1.5198799e-02
   5.1839465e-01   1.5142312e-02
   5.1505017e-01   1.5083589e-02
   5.1170569e-01   1.5022649e-02
   5.0836120e-01   1.4959516e-02
   5.0501672e-01   1.4894211e-02
   5.0167224e-01   1.4826758e-02
   4.9832776e-01   1.4757179e-02
   4.9498328e-01   1.4685497e-02
   4.9163880e-01   1.4611737e-02
   4.8829431e-01   1.4535924e-02
   4.8494983e-01   1.4458081e-02
   4.8160535e-01   1.4378234e-02
   4.7826087e-01   1.4296409e-02
   4.7491639e-01   1.4212632e-02
   4.7157191e-01   1.4126930e-02
   4.6822742e-01   1.4039328e-02
   4.6488294e-01   1.3949855e-02
   4.6153846e-01   1.3858538e-02
   4.5819398e-01   1.3765405e-02
   4.5484950e-01   1.3670484e-02
   4.5150502e-01   1.3573805e-02
   4.4816054e-01   1.3475395e-02
   4.4481605e-01   1.3375286e-02
   4.4147157e-01   1.3273506e-02
   4.3812709e-01   1.3170086e-02
   4.3478261e-01   1.3065057e-02
   4.3143813e-01   1.2958449e-02
   4.2809365e-01   1.2850294e-02
   4.2474916e-01   1.2740622e-02
   4.2140468e-01   1.2629467e-02
   4.1806020e-01   1.2516861e-02
   4.1471572e-01   1.2402835e-02
   4.1137124e-01   1.2287422e-02
   4.0802676e-01   1.2170657e-02
   4.0468227e-01   1.2052572e-02
   4.0133779e-01   1.1933201e-02
   3.9799331e-01   1.1812579e-02
   3.9464883e-01   1.1690739e-02
   3.9130435e-01   1.1567716e-02
   3.8795987e-01   1.1443545e-02
   3.8461538e-01   1.1318262e-02
   3.8127090e-01   1.1191901e-02
   3.7792642e-01   1.1064499e-02
   3.7458194e-01   1.0936091e-02
   3.7123746e-01   1.0806714e-02
   3.6789298e-01   1.0676404e-02
   3.6454849e-01   1.0545198e-02
   3.6120401e-01   1.0413132e-02
   3.5785953e-01   1.0280244e-02
   3.5451505e-01   1.0146571e-02
   3.5117057e-01   1.0012151e-02
   3.4782609e-01   9.8770219e-03
   3.4448161e-01   9.7412209e-03
   3.4113712e-01   9.6047867e-03
   3.3779264e-01   9.4677575e-03
   3.3444816e-01   9.3301719e-03
   3.3110368e-01   9.1920688e-03
   3.2775920e-01   9.0534869e-03
   3.2441472e-01   8.9144654e-03
   3.2107023e-01   8.7750435e-03
   3.1772575e-01   8.6352605e-03
   3.1438127e-01   8.4951561e-03
   3.1103679e-01   8.3547700e-03
   3.0769231e-01   8.2141418e-03
   3.0434783e-01   8.0733116e-03
   3.0100334e-01   7.9323195e-03
   2.9765886e-01   7.7912056e-03
   2.9431438e-01   7.6500103e-03
   2.9096990e-01   7.5087739e-03
   2.8762542e-01   7.3675369e-03
   2.8428094e-01   7.2263400e-03
   2.8093645e-01   7.0852237e-03
   2.7759197e-01   6.9442289e-03
   2.7424749e-01   6.8033964e-03
   2.7090301e-01   6.6627671e-03
   2.6755853e-01   6.5223819e-03
   2.6421405e-01   6.3822819e-03
   2.6086957e-01   6.2425080e-03
   2.5752508e-01   6.1031015e-03
   2.5418060e-01   5.9641033e-03
   2.5083612e-01   5.8255547e-03
   2.4749164e-01   5.6874968e-03
   2.4414716e-01   5.5499709e-03
   2.4080268e-01   5.4130181e-03
   2.3745819e-01   5.2766796e-03
   2.3411371e-01   5.1409967e-03
   2.3076923e-01   5.0060105e-03
   2.2742475e-01   4.8717621e-03
   2.2408027e-01   4.7382928e-03
   2.2073579e-01   4.6056437e-03
   2.1739130e-01   4.4738558e-03
   2.1404682e-01   4.3429702e-03
   2.1070234e-01   4.2130279e-03
   2.0735786e-01   4.0840698e-03
   2.0401338e-01   3.9561370e-03
   2.0066890e-01   3.8292701e-03
   1.9732441e-01   3.7035101e-03
   1.9397993e-01   3.5788976e-03
   1.9063545e-01   3.4554732e-03
   1.8729097e-01   3.3332776e-03
   1.8394649e-01   3.2123512e-03
   1.8060201e-01   3.0927345e-03
   1.7725753e-01   2.9744677e-03
   1.7391304e-01   2.8575912e-03
   1.7056856e-01   2.7421452e-03
   1.6722408e-01   2.6281697e-03
   1.6387960e-01   2.5157047e-03
   1.6053512e-01   2.4047902e-03
   1.5719064e-01   2.2954661e-03
   1.5384615e-01   2.1877721e-03
   1.5050167e-01   2.0817481e-03
   1.4715719e-01   1.9774337e-03
   1.4381271e-01   1.8748686e-03
   1.4046823e-01   1.7740923e-03
   1.3712375e-01   1.6751446e-03
   1.3377926e-01   1.5780650e-03
   1.3043478e-01   1.4828932e-03
   1.2709030e-01   1.3896690e-03
   1.2374582e-01   1.2984320e-03
   1.2040134e-01   1.2092224e-03
   1.1705686e-01   1.1220801e-03
   1.1371237e-01   1.0370454e-03
   1.1036789e-01   9.5415907e-04
   1.0702341e-01   8.7346191e-04
   1.0367893e-01   7.9499531e-04
   1.0033445e-01   7.1880114e-04
   9.6989967e-02   6.4492193e-04
   9.3645485e-02   5.7340092e-04
   9.0301003e-02   5.0428228e-04
   8.6956522e-02   4.3761128e-04
   8.3612040e-02   3.7343447e-04
   8.0267559e-02   3.1179997e-04
   7.6923077e-02   2.5275775e-04
   7.3578595e-02   1.9636003e-04
   7.0234114e-02   1.4266168e-04
   6.6889632e-02   9.1720816e-05
   6.3545151e-02   4.3599427e-05
   6.0200669e-02  -1.6357668e-06
   5.6856187e-02  -4.3912284e-05
   5.3511706e-02  -8.3150557e-05
   5.0167224e-02  -1.1926224e-04
   4.6822742e-02  -1.5214802e-04
   4.3478261e-02  -1.8169468e-04
   4.0133779e-02  -2.0777122e-04
   3.6789298e-02  -2.3022343e-04
   3.3444816e-02  -2.4886635e-04
   3.0100334e-02  -2.6347327e-04
   2.6755853e-02  -2.7375913e-04
   2.3411371e-02  -2.7935467e-04
   2.0066890e-02  -2.7976348e-04
   1.6722408e-02  -2.7428599e-04
   1.3377926e-02  -2.6187198e-04
   1.0033445e-02  -2.4079506e-04
   6.6889632e-03  -2.0777786e-04
   3.3444816e-03  -1.5462548e-04
   0.0000000e+00  -0.0000000e+00
