   0.0000000e+00   0.0000000e+00
   3.3444816e-03   8.2407469e-03
   6.6889632e-03   1.1648157e-02
   1.0033445e-02   1.4257795e-02
   1.3377926e-02   1.6453008e-02
   1.6722408e-02   1.8382232e-02
   2.0066890e-02   2.0121549e-02
   2.3411371e-02   2.1716117e-02
   2.6755853e-02   2.3195332e-02
   3.0100334e-02   2.4579590e-02
   3.3444816e-02   2.5883720e-02
   3.6789298e-02   2.7118903e-02
   4.0133779e-02   2.8293812e-02
   4.3478261e-02   2.9415334e-02
   4.6822742e-02   3.0489044e-02
   5.0167224e-02   3.1519529e-02
   5.3511706e-02   3.2510616e-02
   5.6856187e-02   3.3465537e-02
   6.0200669e-02   3.4387051e-02
   6.3545151e-02   3.5277534e-02
   6.6889632e-02   3.6139050e-02
   7.0234114e-02   3.6973407e-02
   7.3578595e-02   3.7782195e-02
   7.6923077e-02   3.8566827e-02
   8.0267559e-02   3.9328560e-02
   8.3612040e-02   4.0068521e-02
   8.6956522e-02   4.0787724e-02
   9.0301003e-02   4.1487089e-02
   9.3645485e-02   4.2167446e-02
   9.6989967e-02   4.2829557e-02
   1.0033445e-01   4.3474114e-02
   1.0367893e-01   4.4101756e-02
   1.0702341e-01   4.4713069e-02
   1.1036789e-01   4.5308593e-02
   1.1371237e-01   4.5888831e-02
   1.1705686e-01   4.6454249e-02
   1.2040134e-01   4.7005278e-02
   1.2374582e-01   4.7542324e-02
   1.2709030e-01   4.8065763e-02
   1.3043478e-01   4.8575951e-02
   1.3377926e-01   4.9073220e-02
   1.3712375e-01   4.9557883e-02
   1.4046823e-01   5.0030234e-02
   1.4381271e-01   5.0490554e-02
   1.4715719e-01   5.0939105e-02
   1.5050167e-01   5.1376137e-02
   1.5384615e-01   5.1801889e-02
   1.5719064e-01   5.2216585e-02
   1.6053512e-01   5.2620442e-02
   1.6387960e-01   5.3013665e-02
   1.6722408e-01   5.3396450e-02
   1.7056856e-01   5.3768984e-02
   1.7391304e-01   5.4131448e-02
   1.7725753e-01   5.4484014e-02
   1.8060201e-01   5.4826848e-02
   1.8394649e-01   5.5160110e-02
   1.8729097e-01   5.5483953e-02
   1.9063545e-01   5.5798525e-02
   1.9397993e-01   5.6103970e-02
   1.9732441e-01   5.6400425e-02
   2.0066890e-01   5.6688024e-02
   2.0401338e-01   5.6966896e-02
   2.0735786e-01   5.7237168e-02
   2.1070234e-01   5.7498961e-02
   2.1404682e-01   5.7752392e-02
   2.1739130e-01   5.7997578e-02
   2.2073579e-01   5.8234629e-02
   2.2408027e-01   5.8463654e-02
   2.2742475e-01   5.8684761e-02
   2.3076923e-01   5.8898051e-02
   2.3411371e-01   5.9103627e-02
   2.3745819e-01   5.9301586e-02
   2.4080268e-01   5.9492025e-02
   2.4414716e-01   5.9675038e-02
   2.4749164e-01   5.9850717e-02
   2.5083612e-01   6.0019154e-02
   2.5418060e-01   6.0180435e-02
   2.5752508e-01   6.0334649e-02
   2.6086957e-01   6.0481879e-02
   2.6421405e-01   6.0622210e-02
   2.6755853e-01   6.0755723e-02
   2.7090301e-01   6.0882500e-02
   2.7424749e-01   6.1002618e-02
   2.7759197e-01   6.1116157e-02
   2.8093645e-01   6.1223192e-02
   2.8428094e-01   6.1323799e-02
   2.8762542e-01   6.1418051e-02
   2.9096990e-01   6.1506023e-02
   2.9431438e-01   6.1587786e-02
   2.9765886e-01   6.1663410e-02
   3.0100334e-01   6.1732966e-02
   3.0434783e-01   6.1796523e-02
   3.0769231e-01   6.1854148e-02
   3.1103679e-01   6.1905909e-02
   3.1438127e-01   6.1951872e-02
   3.1772575e-01   6.1992101e-02
   3.2107023e-01   6.2026662e-02
   3.2441472e-01   6.2055618e-02
   3.2775920e-01   6.2079032e-02
   3.3110368e-01   6.2096966e-02
   3.3444816e-01   6.2109482e-02
   3.3779264e-01   6.2116640e-02
   3.4113712e-01   6.2118499e-02
   3.4448161e-01   6.2115120e-02
   3.4782609e-01   6.2106561e-02
   3.5117057e-01   6.2092879e-02
   3.5451505e-01   6.2074132e-02
   3.5785953e-01   6.2050377e-02
   3.6120401e-01   6.2021669e-02
   3.6454849e-01   6.1988064e-02
   3.6789298e-01   6.1949616e-02
   3.7123746e-01   6.1906380e-02
   3.7458194e-01   6.1858410e-02
   3.7792642e-01   6.1805757e-02
   3.8127090e-01   6.1748476e-02
   3.8461538e-01   6.1686617e-02
   3.8795987e-01   6.1620232e-02
   3.9130435e-01   6.1549372e-02
   3.9464883e-01   6.1474086e-02
   3.9799331e-01   6.1394425e-02
   4.0133779e-01   6.1310438e-02
   4.0468227e-01   6.1222173e-02
   4.0802676e-01   6.1129678e-02
   4.1137124e-01   6.1033001e-02
   4.1471572e-01   6.0932189e-02
   4.1806020e-01   6.0827289e-02
   4.2140468e-01   6.0718346e-02
   4.2474916e-01   6.0605405e-02
   4.2809365e-01   6.0488513e-02
   4.3143813e-01   6.0367714e-02
   4.3478261e-01   6.0243050e-02
   4.3812709e-01   6.0114567e-02
   4.4147157e-01   5.9982306e-02
   4.4481605e-01   5.9846311e-02
   4.4816054e-01   5.9706623e-02
   4.5150502e-01   5.9563284e-02
   4.5484950e-01   5.9416334e-02
   4.5819398e-01   5.9265815e-02
   4.6153846e-01   5.9111766e-02
   4.6488294e-01   5.8954226e-02
   4.6822742e-01   5.8793235e-02
   4.7157191e-01   5.8628831e-02
   4.7491639e-01   5.8461052e-02
   4.7826087e-01   5.8289935e-02
   4.8160535e-01   5.8115518e-02
   4.8494983e-01   5.7937837e-02
   4.8829431e-01   5.7756927e-02
   4.9163880e-01   5.7572824e-02
   4.9498328e-01   5.7385564e-02
   4.9832776e-01   5.7195180e-02
   5.0167224e-01   5.7001706e-02
   5.0501672e-01   5.6805176e-02
   5.0836120e-01   5.6605623e-02
   5.1170569e-01   5.6403079e-02
   5.1505017e-01   5.6197576e-02
   5.1839465e-01   5.5989145e-02
   5.2173913e-01   5.5777817e-02
   5.2508361e-01   5.5563622e-02
   5.2842809e-01   5.5346590e-02
   5.3177258e-01   5.5126750e-02
   5.3511706e-01   5.4904131e-02
   5.3846154e-01   5.4678761e-02
   5.4180602e-01   5.4450667e-02
   5.4515050e-01   5.4219877e-02
   5.4849498e-01   5.3986418e-02
   5.5183946e-01   5.3750314e-02
   5.5518395e-01   5.3511592e-02
   5.5852843e-01   5.3270276e-02
   5.6187291e-01   5.3026391e-02
   5.6521739e-01   5.2779961e-02
   5.6856187e-01   5.2531008e-02
   5.7190635e-01   5.2279556e-02
   5.7525084e-01   5.2025626e-02
   5.7859532e-01   5.1769240e-02
   5.8193980e-01   5.1510418e-02
   5.8528428e-01   5.1249183e-02
   5.8862876e-01   5.0985552e-02
   5.9197324e-01   5.0719546e-02
   5.9531773e-01   5.0451182e-02
   5.9866221e-01   5.0180480e-02
   6.0200669e-01   4.9907456e-02
   6.0535117e-01   4.9632127e-02
   6.0869565e-01   4.9354510e-02
   6.1204013e-01   4.9074620e-02
   6.1538462e-01   4.8792473e-02
   6.1872910e-01   4.8508082e-02
   6.2207358e-01   4.8221462e-02
   6.2541806e-01   4.7932627e-02
   6.2876254e-01   4.7641587e-02
   6.3210702e-01   4.7348357e-02
   6.3545151e-01   4.7052946e-02
   6.3879599e-01   4.6755367e-02
   6.4214047e-01   4.6455628e-02
   6.4548495e-01   4.6153740e-02
   6.4882943e-01   4.5849712e-02
   6.5217391e-01   4.5543551e-02
   6.5551839e-01   4.5235265e-02
   6.5886288e-01   4.4924862e-02
   6.6220736e-01   4.4612348e-02
   6.6555184e-01   4.4297728e-02
   6.6889632e-01   4.3981007e-02
   6.7224080e-01   4.3662190e-02
   6.7558528e-01   4.3341280e-02
   6.7892977e-01   4.3018281e-02
   6.8227425e-01   4.2693195e-02
   6.8561873e-01   4.2366024e-02
   6.8896321e-01   4.2036768e-02
   6.9230769e-01   4.1705428e-02
   6.9565217e-01   4.1372004e-02
   6.9899666e-01   4.1036495e-02
   7.0234114e-01   4.0698899e-02
   7.0568562e-01   4.0359213e-02
   7.0903010e-01   4.0017435e-02
   7.1237458e-01   3.9673561e-02
   7.1571906e-01   3.9327587e-02
   7.1906355e-01   3.8979507e-02
   7.2240803e-01   3.8629315e-02
   7.2575251e-01   3.8277005e-02
   7.2909699e-01   3.7922569e-02
   7.3244147e-01   3.7566000e-02
   7.3578595e-01   3.7207289e-02
   7.3913043e-01   3.6846426e-02
   7.4247492e-01   3.6483401e-02
   7.4581940e-01   3.6118203e-02
   7.4916388e-01   3.5750822e-02
   7.5250836e-01   3.5381243e-02
   7.5585284e-01   3.5009454e-02
   7.5919732e-01   3.4635442e-02
   7.6254181e-01   3.4259192e-02
   7.6588629e-01   3.3880687e-02
   7.6923077e-01   3.3499913e-02
   7.7257525e-01   3.3116853e-02
   7.7591973e-01   3.2731488e-02
   7.7926421e-01   3.2343800e-02
   7.8260870e-01   3.1953771e-02
   7.8595318e-01   3.1561379e-02
   7.8929766e-01   3.1166606e-02
   7.9264214e-01   3.0769428e-02
   7.9598662e-01   3.0369824e-02
   7.9933110e-01   2.9967771e-02
   8.0267559e-01   2.9563245e-02
   8.0602007e-01   2.9156221e-02
   8.0936455e-01   2.8746674e-02
   8.1270903e-01   2.8334578e-02
   8.1605351e-01   2.7919906e-02
   8.1939799e-01   2.7502629e-02
   8.2274247e-01   2.7082720e-02
   8.2608696e-01   2.6660149e-02
   8.2943144e-01   2.6234885e-02
   8.3277592e-01   2.5806898e-02
   8.3612040e-01   2.5376156e-02
   8.3946488e-01   2.4942625e-02
   8.4280936e-01   2.4506274e-02
   8.4615385e-01   2.4067066e-02
   8.4949833e-01   2.3624968e-02
   8.5284281e-01   2.3179942e-02
   8.5618729e-01   2.2731952e-02
   8.5953177e-01   2.2280962e-02
   8.6287625e-01   2.1826930e-02
   8.6622074e-01   2.1369820e-02
   8.6956522e-01   2.0909590e-02
   8.7290970e-01   2.0446199e-02
   8.7625418e-01   1.9979605e-02
   8.7959866e-01   1.9509765e-02
   8.8294314e-01   1.9036637e-02
   8.8628763e-01   1.8560174e-02
   8.8963211e-01   1.8080333e-02
   8.9297659e-01   1.7597066e-02
   8.9632107e-01   1.7110326e-02
   8.9966555e-01   1.6620066e-02
   9.0301003e-01   1.6126236e-02
   9.0635452e-01   1.5628786e-02
   9.0969900e-01   1.5127667e-02
   9.1304348e-01   1.4622826e-02
   9.1638796e-01   1.4114210e-02
   9.1973244e-01   1.3601767e-02
   9.2307692e-01   1.3085443e-02
   9.2642140e-01   1.2565181e-02
   9.2976589e-01   1.2040926e-02
   9.3311037e-01   1.1512621e-02
   9.3645485e-01   1.0980208e-02
   9.3979933e-01   1.0443628e-02
   9.4314381e-01   9.9028209e-03
   9.4648829e-01   9.3577268e-03
   9.4983278e-01   8.8082838e-03
   9.5317726e-01   8.2544292e-03
   9.5652174e-01   7.6960997e-03
   9.5986622e-01   7.1332308e-03
   9.6321070e-01   6.5657572e-03
   9.6655518e-01   5.9936126e-03
   9.6989967e-01   5.4167298e-03
   9.7324415e-01   4.8350405e-03
   9.7658863e-01   4.2484758e-03
   9.7993311e-01   3.6569654e-03
   9.8327759e-01   3.0604384e-03
   9.8662207e-01   2.4588227e-03
   9.8996656e-01   1.8520454e-03
   9.9331104e-01   1.2400327e-03
   9.9665552e-01   6.2270946e-04
   1.0000000e+00   0.0000000e+00
   1.0000000e+00   0.0000000e+00
   9.9665552e-01   1.2589947e-04
   9.9331104e-01   2.4188237e-04
   9.8996656e-01   3.4812886e-04
   9.8662207e-01   4.4481745e-04
   9.8327759e-01   5.3212498e-04
   9.7993311e-01   6.1022668e-04
   9.7658863e-01   6.7929610e-04
   9.7324415e-01   7.3950519e-04
   9.6989967e-01   7.9102426e-04
   9.6655518e-01   8.3402199e-04
   9.6321070e-01   8.6866545e-04
   9.5986622e-01   8.9512008e-04
   9.5652174e-01   9.1354975e-04
   9.5317726e-01   9.2411670e-04
   9.4983278e-01   9.2698156e-04
   9.4648829e-01   9.2230341e-04
   9.4314381e-01   9.1023970e-04
   9.3979933e-01   8.9094633e-04
   9.3645485e-01   8.6457762e-04
   9.3311037e-01   8.3128631e-04
   9.2976589e-01   7.9122357e-04
   9.2642140e-01   7.4453904e-04
   9.2307692e-01   6.9138078e-04
   9.1973244e-01   6.3189532e-04
   9.1638796e-01   5.6622763e-04
   9.1304348e-01   4.9452115e-04
   9.0969900e-01   4.1691781e-04
   9.0635452e-01   3.3355798e-04
   9.0301003e-01   2.4458053e-04
   8.9966555e-01   1.5012281e-04
   8.9632107e-01   5.0320682e-05
   8.9297659e-01  -5.4691529e-05
   8.8963211e-01  -1.6478097e-04
   8.8628763e-01  -2.7981629e-04
   8.8294314e-01  -3.9966762e-04
   8.7959866e-01  -5.2420657e-04
   8.7625418e-01  -6.5330622e-04
   8.7290970e-01  -7.8684113e-04
   8.6956522e-01  -9.2468730e-04
   8.6622074e-01  -1.0667222e-03
   8.6287625e-01  -1.2128248e-03
   8.5953177e-01  -1.3628754e-03
   8.5618729e-01  -1.5167558e-03
   8.5284281e-01  -1.6743493e-03
   8.4949833e-01  -1.8355406e-03
   8.4615385e-01  -2.0002156e-03
   8.4280936e-01  -2.1682619e-03
   8.3946488e-01  -2.3395685e-03
   8.3612040e-01  -2.5140256e-03
   8.3277592e-01  -2.6915248e-03
   8.2943144e-01  -2.8719594e-03
   8.2608696e-01  -3.0552238e-03
   8.2274247e-01  -3.2412138e-03
   8.1939799e-01  -3.4298267e-03
   8.1605351e-01  -3.6209610e-03
   8.1270903e-01  -3.8145168e-03
   8.0936455e-01  -4.0103952e-03
   8.0602007e-01  -4.2084989e-03
   8.0267559e-01  -4.4087320e-03
   7.9933110e-01  -4.6109997e-03
   7.9598662e-01  -4.8152087e-03
   7.9264214e-01  -5.0212670e-03
   7.8929766e-01  -5.2290837e-03
   7.8595318e-01  -5.4385696e-03
   7.8260870e-01  -5.6496364e-03
   7.7926421e-01  -5.8621974e-03
   7.7591973e-01  -6.0761670e-03
   7.7257525e-01  -6.2914610e-03
   7.6923077e-01  -6.5079964e-03
   7.6588629e-01  -6.7256914e-03
   7.6254181e-01  -6.9444657e-03
   7.5919732e-01  -7.1642399e-03
   7.5585284e-01  -7.3849362e-03
   7.5250836e-01  -7.6064778e-03
   7.4916388e-01  -7.8287892e-03
   7.4581940e-01  -8.0517963e-03
   7.4247492e-01  -8.2754258e-03
   7.3913043e-01  -8.4996060e-03
   7.3578595e-01  -8.7242663e-03
   7.3244147e-01  -8.9493373e-03
   7.2909699e-01  -9.1747506e-03
   7.2575251e-01  -9.4004393e-03
   7.2240803e-01  -9.6263374e-03
   7.1906355e-01  -9.8523802e-03
   7.1571906e-01  -1.0078504e-02
   7.1237458e-01  -1.0304647e-02
   7.0903010e-01  -1.0530747e-02
   7.0568562e-01  -1.0756745e-02
   7.0234114e-01  -1.0982581e-02
   6.9899666e-01  -1.1208198e-02
   6.9565217e-01  -1.1433538e-02
   6.9230769e-01  -1.1658547e-02
   6.8896321e-01  -1.1883169e-02
   6.8561873e-01  -1.2107351e-02
   6.8227425e-01  -1.2331041e-02
   6.7892977e-01  -1.2554187e-02
   6.7558528e-01  -1.2776740e-02
   6.7224080e-01  -1.2998650e-02
   6.6889632e-01  -1.3219868e-02
   6.6555184e-01  -1.3440349e-02
   6.6220736e-01  -1.3660045e-02
   6.5886288e-01  -1.3878913e-02
   6.5551839e-01  -1.4096907e-02
   6.5217391e-01  -1.4313985e-02
   6.4882943e-01  -1.4530105e-02
   6.4548495e-01  -1.4745225e-02
   6.4214047e-01  -1.4959307e-02
   6.3879599e-01  -1.5172311e-02
   6.3545151e-01  -1.5384198e-02
   6.3210702e-01  -1.5594932e-02
   6.2876254e-01  -1.5804477e-02
   6.2541806e-01  -1.6012797e-02
   6.2207358e-01  -1.6219859e-02
   6.1872910e-01  -1.6425628e-02
   6.1538462e-01  -1.6630072e-02
   6.1204013e-01  -1.6833161e-02
   6.0869565e-01  -1.7034862e-02
   6.0535117e-01  -1.7235147e-02
   6.0200669e-01  -1.7433986e-02
   5.9866221e-01  -1.7631352e-02
   5.9531773e-01  -1.7827218e-02
   5.9197324e-01  -1.8021556e-02
   5.8862876e-01  -1.8214342e-02
   5.8528428e-01  -1.8405551e-02
   5.8193980e-01  -1.8595159e-02
   5.7859532e-01  -1.8783144e-02
   5.7525084e-01  -1.8969482e-02
   5.7190635e-01  -1.9154153e-02
   5.6856187e-01  -1.9337136e-02
   5.6521739e-01  -1.9518411e-02
   5.6187291e-01  -1.9697958e-02
   5.5852843e-01  -1.9875760e-02
   5.5518395e-01  -2.0051799e-02
   5.5183946e-01  -2.0226058e-02
   5.4849498e-01  -2.0398521e-02
   5.4515050e-01  -2.0569171e-02
   5.4180602e-01  -2.0737995e-02
   5.3846154e-01  -2.0904978e-02
   5.3511706e-01  -2.1070107e-02
   5.3177258e-01  -2.1233369e-02
   5.2842809e-01  -2.1394751e-02
   5.2508361e-01  -2.1554243e-02
   5.2173913e-01  -2.1711832e-02
   5.1839465e-01  -2.1867510e-02
   5.1505017e-01  -2.2021266e-02
   5.1170569e-01  -2.2173090e-02
   5.0836120e-01  -2.2322975e-02
   5.0501672e-01  -2.2470912e-02
   5.0167224e-01  -2.2616894e-02
   4.9832776e-01  -2.2760914e-02
   4.9498328e-01  -2.2902966e-02
   4.9163880e-01  -2.3043042e-02
   4.8829431e-01  -2.3181139e-02
   4.8494983e-01  -2.3317251e-02
   4.8160535e-01  -2.3451373e-02
   4.7826087e-01  -2.3583501e-02
   4.7491639e-01  -2.3713632e-02
   4.7157191e-01  -2.3841763e-02
   4.6822742e-01  -2.3967890e-02
   4.6488294e-01  -2.4092011e-02
   4.6153846e-01  -2.4214124e-02
   4.5819398e-01  -2.4334228e-02
   4.5484950e-01  -2.4452320e-02
   4.5150502e-01  -2.4568400e-02
   4.4816054e-01  -2.4682467e-02
   4.4481605e-01  -2.4794520e-02
   4.4147157e-01  -2.4904560e-02
   4.3812709e-01  -2.5012586e-02
   4.3478261e-01  -2.5118598e-02
   4.3143813e-01  -2.5222598e-02
   4.2809365e-01  -2.5324585e-02
   4.2474916e-01  -2.5424560e-02
   4.2140468e-01  -2.5522525e-02
   4.1806020e-01  -2.5618480e-02
   4.1471572e-01  -2.5712427e-02
   4.1137124e-01  -2.5804367e-02
   4.0802676e-01  -2.5894301e-02
   4.0468227e-01  -2.5982232e-02
   4.0133779e-01  -2.6068160e-02
   3.9799331e-01  -2.6152086e-02
   3.9464883e-01  -2.6234014e-02
   3.9130435e-01  -2.6313943e-02
   3.8795987e-01  -2.6391876e-02
   3.8461538e-01  -2.6467813e-02
   3.8127090e-01  -2.6541756e-02
   3.7792642e-01  -2.6613705e-02
   3.7458194e-01  -2.6683663e-02
   3.7123746e-01  -2.6751629e-02
   3.6789298e-01  -2.6817603e-02
   3.6454849e-01  -2.6881587e-02
   3.6120401e-01  -2.6943581e-02
   3.5785953e-01  -2.7003583e-02
   3.5451505e-01  -2.7061593e-02
   3.5117057e-01  -2.7117610e-02
   3.4782609e-01  -2.7171633e-02
   3.4448161e-01  -2.7223659e-02
   3.4113712e-01  -2.7273687e-02
   3.3779264e-01  -2.7321714e-02
   3.3444816e-01  -2.7367736e-02
   3.3110368e-01  -2.7411749e-02
   3.2775920e-01  -2.7453748e-02
   3.2441472e-01  -2.7493730e-02
   3.2107023e-01  -2.7531686e-02
   3.1772575e-01  -2.7567612e-02
   3.1438127e-01  -2.7601499e-02
   3.1103679e-01  -2.7633339e-02
   3.0769231e-01  -2.7663122e-02
   3.0434783e-01  -2.7690840e-02
   3.0100334e-01  -2.7716481e-02
   2.9765886e-01  -2.7740032e-02
   2.9431438e-01  -2.7761481e-02
   2.9096990e-01  -2.7780813e-02
   2.8762542e-01  -2.7798013e-02
   2.8428094e-01  -2.7813064e-02
   2.8093645e-01  -2.7825947e-02
   2.7759197e-01  -2.7836644e-02
   2.7424749e-01  -2.7845134e-02
   2.7090301e-01  -2.7851393e-02
   2.6755853e-01  -2.7855399e-02
   2.6421405e-01  -2.7857124e-02
   2.6086957e-01  -2.7856543e-02
   2.5752508e-01  -2.7853624e-02
   2.5418060e-01  -2.7848338e-02
   2.5083612e-01  -2.7840650e-02
   2.4749164e-01  -2.7830526e-02
   2.4414716e-01  -2.7817927e-02
   2.4080268e-01  -2.7802813e-02
   2.3745819e-01  -2.7785142e-02
   2.3411371e-01  -2.7764870e-02
   2.3076923e-01  -2.7741947e-02
   2.2742475e-01  -2.7716324e-02
   2.2408027e-01  -2.7687946e-02
   2.2073579e-01  -2.7656758e-02
   2.1739130e-01  -2.7622699e-02
   2.1404682e-01  -2.7585706e-02
   2.1070234e-01  -2.7545711e-02
   2.0735786e-01  -2.7502644e-02
   2.0401338e-01  -2.7456429e-02
   2.0066890e-01  -2.7406988e-02
   1.9732441e-01  -2.7354237e-02
   1.9397993e-01  -2.7298088e-02
   1.9063545e-01  -2.7238448e-02
   1.8729097e-01  -2.7175217e-02
   1.8394649e-01  -2.7108292e-02
   1.8060201e-01  -2.7037563e-02
   1.7725753e-01  -2.6962914e-02
   1.7391304e-01  -2.6884223e-02
   1.7056856e-01  -2.6801359e-02
   1.6722408e-01  -2.6714187e-02
   1.6387960e-01  -2.6622560e-02
   1.6053512e-01  -2.6526326e-02
   1.5719064e-01  -2.6425324e-02
   1.5384615e-01  -2.6319380e-02
   1.5050167e-01  -2.6208314e-02
   1.4715719e-01  -2.6091934e-02
   1.4381271e-01  -2.5970034e-02
   1.4046823e-01  -2.5842399e-02
   1.3712375e-01  -2.5708798e-02
   1.3377926e-01  -2.5568986e-02
   1.3043478e-01  -2.5422704e-02
   1.2709030e-01  -2.5269675e-02
   1.2374582e-01  -2.5109604e-02
   1.2040134e-01  -2.4942174e-02
   1.1705686e-01  -2.4767050e-02
   1.1371237e-01  -2.4583871e-02
   1.1036789e-01  -2.4392251e-02
   1.0702341e-01  -2.4191776e-02
   1.0367893e-01  -2.3981998e-02
   1.0033445e-01  -2.3762439e-02
   9.6989967e-02  -2.3532580e-02
   9.3645485e-02  -2.3291859e-02
   9.0301003e-02  -2.3039668e-02
   8.6956522e-02  -2.2775345e-02
   8.3612040e-02  -2.2498168e-02
   8.0267559e-02  -2.2207347e-02
   7.6923077e-02  -2.1902014e-02
   7.3578595e-02  -2.1581213e-02
   7.0234114e-02  -2.1243886e-02
   6.6889632e-02  -2.0888856e-02
   6.3545151e-02  -2.0514807e-02
   6.0200669e-02  -2.0120260e-02
   5.6856187e-02  -1.9703544e-02
   5.3511706e-02  -1.9262752e-02
   5.0167224e-02  -1.8795697e-02
   4.6822742e-02  -1.8299843e-02
   4.3478261e-02  -1.7772221e-02
   4.0133779e-02  -1.7209312e-02
   3.6789298e-02  -1.6606892e-02
   3.3444816e-02  -1.5959799e-02
   3.0100334e-02  -1.5261613e-02
   2.6755853e-02  -1.4504151e-02
   2.3411371e-02  -1.3676686e-02
   2.0066890e-02  -1.2764636e-02
   1.6722408e-02  -1.1747222e-02
   1.3377926e-02  -1.0592879e-02
   1.0033445e-02  -9.2490033e-03
   6.6889632e-03  -7.6140555e-03
   3.3444816e-03  -5.4285547e-03
   0.0000000e+00  -0.0000000e+00
