   0.0000000e+00   0.0000000e+00
   3.3444816e-03   1.3209974e-02
   6.6889632e-03   1.8563103e-02
   1.0033445e-02   2.2592173e-02
   1.3377926e-02   2.5924912e-02
   1.6722408e-02   2.8806486e-02
   2.0066890e-02   3.1363668e-02
   2.3411371e-02   3.3672399e-02
   2.6755853e-02   3.5782576e-02
   3.0100334e-02   3.7729156e-02
   3.3444816e-02   3.9537807e-02
   3.6789298e-02   4.1228074e-02
   4.0133779e-02   4.2815271e-02
   4.3478261e-02   4.4311678e-02
   4.6822742e-02   4.5727336e-02
   5.0167224e-02   4.7070587e-02
   5.3511706e-02   4.8348459e-02
   5.6856187e-02   4.9566942e-02
   6.0200669e-02   5.0731195e-02
   6.3545151e-02   5.1845703e-02
   6.6889632e-02   5.2914393e-02
   7.0234114e-02   5.3940729e-02
   7.3578595e-02   5.4927787e-02
   7.6923077e-02   5.5878313e-02
   8.0267559e-02   5.6794770e-02
   8.3612040e-02   5.7679377e-02
   8.6956522e-02   5.8534145e-02
   9.0301003e-02   5.9360898e-02
   9.3645485e-02   6.0161300e-02
   9.6989967e-02   6.0936870e-02
   1.0033445e-01   6.1689005e-02
   1.0367893e-01   6.2418983e-02
   1.0702341e-01   6.3127988e-02
   1.1036789e-01   6.3817107e-02
   1.1371237e-01   6.4487349e-02
   1.1705686e-01   6.5139648e-02
   1.2040134e-01   6.5774872e-02
   1.2374582e-01   6.6393825e-02
   1.2709030e-01   6.6997257e-02
   1.3043478e-01   6.7585868e-02
   1.3377926e-01   6.8160309e-02
   1.3712375e-01   6.8721188e-02
   1.4046823e-01   6.9269074e-02
   1.4381271e-01   6.9804499e-02
   1.4715719e-01   7.0327959e-02
   1.5050167e-01   7.0839922e-02
   1.5384615e-01   7.1340823e-02
   1.5719064e-01   7.1831071e-02
   1.6053512e-01   7.2311049e-02
   1.6387960e-01   7.2781117e-02
   1.6722408e-01   7.3241611e-02
   1.7056856e-01   7.3692848e-02
   1.7391304e-01   7.4135122e-02
   1.7725753e-01   7.4568713e-02
   1.8060201e-01   7.4993879e-02
   1.8394649e-01   7.5410864e-02
   1.8729097e-01   7.5819898e-02
   1.9063545e-01   7.6221193e-02
   1.9397993e-01   7.6614949e-02
   1.9732441e-01   7.7001353e-02
   2.0066890e-01   7.7380580e-02
   2.0401338e-01   7.7752791e-02
   2.0735786e-01   7.8118139e-02
   2.1070234e-01   7.8476765e-02
   2.1404682e-01   7.8828800e-02
   2.1739130e-01   7.9174365e-02
   2.2073579e-01   7.9513574e-02
   2.2408027e-01   7.9846529e-02
   2.2742475e-01   8.0173328e-02
   2.3076923e-01   8.0494058e-02
   2.3411371e-01   8.0808800e-02
   2.3745819e-01   8.1117628e-02
   2.4080268e-01   8.1420609e-02
   2.4414716e-01   8.1717804e-02
   2.4749164e-01   8.2009267e-02
   2.5083612e-01   8.2295047e-02
   2.5418060e-01   8.2575187e-02
   2.5752508e-01   8.2849726e-02
   2.6086957e-01   8.3118696e-02
   2.6421405e-01   8.3382127e-02
   2.6755853e-01   8.3640040e-02
   2.7090301e-01   8.3892457e-02
   2.7424749e-01   8.4139391e-02
   2.7759197e-01   8.4380855e-02
   2.8093645e-01   8.4616855e-02
   2.8428094e-01   8.4847395e-02
   2.8762542e-01   8.5072476e-02
   2.9096990e-01   8.5292096e-02
   2.9431438e-01   8.5506247e-02
   2.9765886e-01   8.5714922e-02
   3.0100334e-01   8.5918108e-02
   3.0434783e-01   8.6115792e-02
   3.0769231e-01   8.6307956e-02
   3.1103679e-01   8.6494581e-02
   3.1438127e-01   8.6675645e-02
   3.1772575e-01   8.6851125e-02
   3.2107023e-01   8.7020996e-02
   3.2441472e-01   8.7185228e-02
   3.2775920e-01   8.7343794e-02
   3.3110368e-01   8.7496661e-02
   3.3444816e-01   8.7643797e-02
   3.3779264e-01   8.7785168e-02
   3.4113712e-01   8.7920738e-02
   3.4448161e-01   8.8050469e-02
   3.4782609e-01   8.8174324e-02
   3.5117057e-01   8.8292263e-02
   3.5451505e-01   8.8404246e-02
   3.5785953e-01   8.8510231e-02
   3.6120401e-01   8.8610176e-02
   3.6454849e-01   8.8704037e-02
   3.6789298e-01   8.8791771e-02
   3.7123746e-01   8.8873334e-02
   3.7458194e-01   8.8948679e-02
   3.7792642e-01   8.9017762e-02
   3.8127090e-01   8.9080536e-02
   3.8461538e-01   8.9136954e-02
   3.8795987e-01   8.9186971e-02
   3.9130435e-01   8.9230538e-02
   3.9464883e-01   8.9267608e-02
   3.9799331e-01   8.9298135e-02
   4.0133779e-01   8.9322069e-02
   4.0468227e-01   8.9339365e-02
   4.0802676e-01   8.9349974e-02
   4.1137124e-01   8.9353849e-02
   4.1471572e-01   8.9350942e-02
   4.1806020e-01   8.9341207e-02
   4.2140468e-01   8.9324597e-02
   4.2474916e-01   8.9301065e-02
   4.2809365e-01   8.9270566e-02
   4.3143813e-01   8.9233052e-02
   4.3478261e-01   8.9188480e-02
   4.3812709e-01   8.9136804e-02
   4.4147157e-01   8.9077980e-02
   4.4481605e-01   8.9011964e-02
   4.4816054e-01   8.8938714e-02
   4.5150502e-01   8.8858187e-02
   4.5484950e-01   8.8770341e-02
   4.5819398e-01   8.8675136e-02
   4.6153846e-01   8.8572531e-02
   4.6488294e-01   8.8462488e-02
   4.6822742e-01   8.8344967e-02
   4.7157191e-01   8.8219933e-02
   4.7491639e-01   8.8087347e-02
   4.7826087e-01   8.7947176e-02
   4.8160535e-01   8.7799384e-02
   4.8494983e-01   8.7643939e-02
   4.8829431e-01   8.7480808e-02
   4.9163880e-01   8.7309960e-02
   4.9498328e-01   8.7131366e-02
   4.9832776e-01   8.6944996e-02
   5.0167224e-01   8.6750825e-02
   5.0501672e-01   8.6548825e-02
   5.0836120e-01   8.6338971e-02
   5.1170569e-01   8.6121242e-02
   5.1505017e-01   8.5895615e-02
   5.1839465e-01   8.5662069e-02
   5.2173913e-01   8.5420585e-02
   5.2508361e-01   8.5171146e-02
   5.2842809e-01   8.4913737e-02
   5.3177258e-01   8.4648341e-02
   5.3511706e-01   8.4374948e-02
   5.3846154e-01   8.4093545e-02
   5.4180602e-01   8.3804123e-02
   5.4515050e-01   8.3506674e-02
   5.4849498e-01   8.3201192e-02
   5.5183946e-01   8.2887673e-02
   5.5518395e-01   8.2566114e-02
   5.5852843e-01   8.2236513e-02
   5.6187291e-01   8.1898873e-02
   5.6521739e-01   8.1553195e-02
   5.6856187e-01   8.1199485e-02
   5.7190635e-01   8.0837749e-02
   5.7525084e-01   8.0467995e-02
   5.7859532e-01   8.0090235e-02
   5.8193980e-01   7.9704480e-02
   5.8528428e-01   7.9310745e-02
   5.8862876e-01   7.8909047e-02
   5.9197324e-01   7.8499403e-02
   5.9531773e-01   7.8081836e-02
   5.9866221e-01   7.7656367e-02
   6.0200669e-01   7.7223021e-02
   6.0535117e-01   7.6781827e-02
   6.0869565e-01   7.6332811e-02
   6.1204013e-01   7.5876007e-02
   6.1538462e-01   7.5411449e-02
   6.1872910e-01   7.4939171e-02
   6.2207358e-01   7.4459212e-02
   6.2541806e-01   7.3971613e-02
   6.2876254e-01   7.3476416e-02
   6.3210702e-01   7.2973668e-02
   6.3545151e-01   7.2463415e-02
   6.3879599e-01   7.1945708e-02
   6.4214047e-01   7.1420598e-02
   6.4548495e-01   7.0888141e-02
   6.4882943e-01   7.0348395e-02
   6.5217391e-01   6.9801418e-02
   6.5551839e-01   6.9247274e-02
   6.5886288e-01   6.8686027e-02
   6.6220736e-01   6.8117745e-02
   6.6555184e-01   6.7542497e-02
   6.6889632e-01   6.6960356e-02
   6.7224080e-01   6.6371398e-02
   6.7558528e-01   6.5775700e-02
   6.7892977e-01   6.5173342e-02
   6.8227425e-01   6.4564409e-02
   6.8561873e-01   6.3948985e-02
   6.8896321e-01   6.3327159e-02
   6.9230769e-01   6.2699023e-02
   6.9565217e-01   6.2064671e-02
   6.9899666e-01   6.1424200e-02
   7.0234114e-01   6.0777709e-02
   7.0568562e-01   6.0125300e-02
   7.0903010e-01   5.9467079e-02
   7.1237458e-01   5.8803155e-02
   7.1571906e-01   5.8133638e-02
   7.1906355e-01   5.7458642e-02
   7.2240803e-01   5.6778285e-02
   7.2575251e-01   5.6092685e-02
   7.2909699e-01   5.5401966e-02
   7.3244147e-01   5.4706253e-02
   7.3578595e-01   5.4005675e-02
   7.3913043e-01   5.3300364e-02
   7.4247492e-01   5.2590454e-02
   7.4581940e-01   5.1876084e-02
   7.4916388e-01   5.1157393e-02
   7.5250836e-01   5.0434527e-02
   7.5585284e-01   4.9707632e-02
   7.5919732e-01   4.8976858e-02
   7.6254181e-01   4.8242359e-02
   7.6588629e-01   4.7504290e-02
   7.6923077e-01   4.6762812e-02
   7.7257525e-01   4.6018087e-02
   7.7591973e-01   4.5270282e-02
   7.7926421e-01   4.4519565e-02
   7.8260870e-01   4.3766109e-02
   7.8595318e-01   4.3010090e-02
   7.8929766e-01   4.2251687e-02
   7.9264214e-01   4.1491081e-02
   7.9598662e-01   4.0728459e-02
   7.9933110e-01   3.9964010e-02
   8.0267559e-01   3.9197925e-02
   8.0602007e-01   3.8430401e-02
   8.0936455e-01   3.7661636e-02
   8.1270903e-01   3.6891833e-02
   8.1605351e-01   3.6121197e-02
   8.1939799e-01   3.5349938e-02
   8.2274247e-01   3.4578268e-02
   8.2608696e-01   3.3806404e-02
   8.2943144e-01   3.3034564e-02
   8.3277592e-01   3.2262973e-02
   8.3612040e-01   3.1491857e-02
   8.3946488e-01   3.0721445e-02
   8.4280936e-01   2.9951971e-02
   8.4615385e-01   2.9183674e-02
   8.4949833e-01   2.8416792e-02
   8.5284281e-01   2.7651571e-02
   8.5618729e-01   2.6888259e-02
   8.5953177e-01   2.6127107e-02
   8.6287625e-01   2.5368370e-02
   8.6622074e-01   2.4612308e-02
   8.6956522e-01   2.3859182e-02
   8.7290970e-01   2.3109259e-02
   8.7625418e-01   2.2362808e-02
   8.7959866e-01   2.1620104e-02
   8.8294314e-01   2.0881423e-02
   8.8628763e-01   2.0147046e-02
   8.8963211e-01   1.9417259e-02
   8.9297659e-01   1.8692350e-02
   8.9632107e-01   1.7972610e-02
   8.9966555e-01   1.7258337e-02
   9.0301003e-01   1.6549830e-02
   9.0635452e-01   1.5847393e-02
   9.0969900e-01   1.5151334e-02
   9.1304348e-01   1.4461963e-02
   9.1638796e-01   1.3779597e-02
   9.1973244e-01   1.3104554e-02
   9.2307692e-01   1.2437157e-02
   9.2642140e-01   1.1777734e-02
   9.2976589e-01   1.1126615e-02
   9.3311037e-01   1.0484136e-02
   9.3645485e-01   9.8506349e-03
   9.3979933e-01   9.2264547e-03
   9.4314381e-01   8.6119421e-03
   9.4648829e-01   8.0074481e-03
   9.4983278e-01   7.4133274e-03
   9.5317726e-01   6.8299387e-03
   9.5652174e-01   6.2576450e-03
   9.5986622e-01   5.6968131e-03
   9.6321070e-01   5.1478140e-03
   9.6655518e-01   4.6110228e-03
   9.6989967e-01   4.0868186e-03
   9.7324415e-01   3.5755847e-03
   9.7658863e-01   3.0777084e-03
   9.7993311e-01   2.5935813e-03
   9.8327759e-01   2.1235990e-03
   9.8662207e-01   1.6681614e-03
   9.8996656e-01   1.2276724e-03
   9.9331104e-01   8.0254015e-04
   9.9665552e-01   3.9317717e-04
   1.0000000e+00   0.0000000e+00
   1.0000000e+00   0.0000000e+00
   9.9665552e-01  -3.9316986e-04
   9.9331104e-01  -8.0252597e-04
   9.8996656e-01  -1.2276517e-03
   9.8662207e-01  -1.6681347e-03
   9.8327759e-01  -2.1235668e-03
   9.7993311e-01  -2.5935438e-03
   9.7658863e-01  -3.0776661e-03
   9.7324415e-01  -3.5755379e-03
   9.6989967e-01  -4.0867677e-03
   9.6655518e-01  -4.6109681e-03
   9.6321070e-01  -5.1477559e-03
   9.5986622e-01  -5.6967519e-03
   9.5652174e-01  -6.2575810e-03
   9.5317726e-01  -6.8298722e-03
   9.4983278e-01  -7.4132587e-03
   9.4648829e-01  -8.0073776e-03
   9.4314381e-01  -8.6118700e-03
   9.3979933e-01  -9.2263812e-03
   9.3645485e-01  -9.8505603e-03
   9.3311037e-01  -1.0484061e-02
   9.2976589e-01  -1.1126539e-02
   9.2642140e-01  -1.1777658e-02
   9.2307692e-01  -1.2437080e-02
   9.1973244e-01  -1.3104477e-02
   9.1638796e-01  -1.3779520e-02
   9.1304348e-01  -1.4461887e-02
   9.0969900e-01  -1.5151259e-02
   9.0635452e-01  -1.5847319e-02
   9.0301003e-01  -1.6549757e-02
   8.9966555e-01  -1.7258265e-02
   8.9632107e-01  -1.7972540e-02
   8.9297659e-01  -1.8692280e-02
   8.8963211e-01  -1.9417191e-02
   8.8628763e-01  -2.0146980e-02
   8.8294314e-01  -2.0881359e-02
   8.7959866e-01  -2.1620042e-02
   8.7625418e-01  -2.2362748e-02
   8.7290970e-01  -2.3109201e-02
   8.6956522e-01  -2.3859126e-02
   8.6622074e-01  -2.4612255e-02
   8.6287625e-01  -2.5368320e-02
   8.5953177e-01  -2.6127059e-02
   8.5618729e-01  -2.6888214e-02
   8.5284281e-01  -2.7651528e-02
   8.4949833e-01  -2.8416752e-02
   8.4615385e-01  -2.9183636e-02
   8.4280936e-01  -2.9951937e-02
   8.3946488e-01  -3.0721413e-02
   8.3612040e-01  -3.1491828e-02
   8.3277592e-01  -3.2262947e-02
   8.2943144e-01  -3.3034541e-02
   8.2608696e-01  -3.3806383e-02
   8.2274247e-01  -3.4578251e-02
   8.1939799e-01  -3.5349923e-02
   8.1605351e-01  -3.6121186e-02
   8.1270903e-01  -3.6891824e-02
   8.0936455e-01  -3.7661631e-02
   8.0602007e-01  -3.8430399e-02
   8.0267559e-01  -3.9197926e-02
   7.9933110e-01  -3.9964013e-02
   7.9598662e-01  -4.0728466e-02
   7.9264214e-01  -4.1491090e-02
   7.8929766e-01  -4.2251699e-02
   7.8595318e-01  -4.3010105e-02
   7.8260870e-01  -4.3766127e-02
   7.7926421e-01  -4.4519585e-02
   7.7591973e-01  -4.5270305e-02
   7.7257525e-01  -4.6018113e-02
   7.6923077e-01  -4.6762840e-02
   7.6588629e-01  -4.7504320e-02
   7.6254181e-01  -4.8242391e-02
   7.5919732e-01  -4.8976893e-02
   7.5585284e-01  -4.9707669e-02
   7.5250836e-01  -5.0434567e-02
   7.4916388e-01  -5.1157435e-02
   7.4581940e-01  -5.1876127e-02
   7.4247492e-01  -5.2590500e-02
   7.3913043e-01  -5.3300411e-02
   7.3578595e-01  -5.4005724e-02
   7.3244147e-01  -5.4706304e-02
   7.2909699e-01  -5.5402018e-02
   7.2575251e-01  -5.6092739e-02
   7.2240803e-01  -5.6778340e-02
   7.1906355e-01  -5.7458699e-02
   7.1571906e-01  -5.8133696e-02
   7.1237458e-01  -5.8803214e-02
   7.0903010e-01  -5.9467140e-02
   7.0568562e-01  -6.0125361e-02
   7.0234114e-01  -6.0777770e-02
   6.9899666e-01  -6.1424262e-02
   6.9565217e-01  -6.2064735e-02
   6.9230769e-01  -6.2699087e-02
   6.8896321e-01  -6.3327223e-02
   6.8561873e-01  -6.3949049e-02
   6.8227425e-01  -6.4564473e-02
   6.7892977e-01  -6.5173407e-02
   6.7558528e-01  -6.5775764e-02
   6.7224080e-01  -6.6371462e-02
   6.6889632e-01  -6.6960420e-02
   6.6555184e-01  -6.7542561e-02
   6.6220736e-01  -6.8117808e-02
   6.5886288e-01  -6.8686090e-02
   6.5551839e-01  -6.9247336e-02
   6.5217391e-01  -6.9801480e-02
   6.4882943e-01  -7.0348455e-02
   6.4548495e-01  -7.0888201e-02
   6.4214047e-01  -7.1420656e-02
   6.3879599e-01  -7.1945765e-02
   6.3545151e-01  -7.2463471e-02
   6.3210702e-01  -7.2973722e-02
   6.2876254e-01  -7.3476469e-02
   6.2541806e-01  -7.3971664e-02
   6.2207358e-01  -7.4459261e-02
   6.1872910e-01  -7.4939218e-02
   6.1538462e-01  -7.5411494e-02
   6.1204013e-01  -7.5876050e-02
   6.0869565e-01  -7.6332852e-02
   6.0535117e-01  -7.6781865e-02
   6.0200669e-01  -7.7223057e-02
   5.9866221e-01  -7.7656400e-02
   5.9531773e-01  -7.8081867e-02
   5.9197324e-01  -7.8499431e-02
   5.8862876e-01  -7.8909072e-02
   5.8528428e-01  -7.9310767e-02
   5.8193980e-01  -7.9704499e-02
   5.7859532e-01  -8.0090251e-02
   5.7525084e-01  -8.0468008e-02
   5.7190635e-01  -8.0837758e-02
   5.6856187e-01  -8.1199491e-02
   5.6521739e-01  -8.1553198e-02
   5.6187291e-01  -8.1898872e-02
   5.5852843e-01  -8.2236509e-02
   5.5518395e-01  -8.2566105e-02
   5.5183946e-01  -8.2887661e-02
   5.4849498e-01  -8.3201176e-02
   5.4515050e-01  -8.3506654e-02
   5.4180602e-01  -8.3804099e-02
   5.3846154e-01  -8.4093517e-02
   5.3511706e-01  -8.4374916e-02
   5.3177258e-01  -8.4648305e-02
   5.2842809e-01  -8.4913696e-02
   5.2508361e-01  -8.5171101e-02
   5.2173913e-01  -8.5420535e-02
   5.1839465e-01  -8.5662015e-02
   5.1505017e-01  -8.5895556e-02
   5.1170569e-01  -8.6121179e-02
   5.0836120e-01  -8.6338904e-02
   5.0501672e-01  -8.6548752e-02
   5.0167224e-01  -8.6750747e-02
   4.9832776e-01  -8.6944914e-02
   4.9498328e-01  -8.7131279e-02
   4.9163880e-01  -8.7309869e-02
   4.8829431e-01  -8.7480712e-02
   4.8494983e-01  -8.7643838e-02
   4.8160535e-01  -8.7799278e-02
   4.7826087e-01  -8.7947065e-02
   4.7491639e-01  -8.8087232e-02
   4.7157191e-01  -8.8219812e-02
   4.6822742e-01  -8.8344842e-02
   4.6488294e-01  -8.8462357e-02
   4.6153846e-01  -8.8572395e-02
   4.5819398e-01  -8.8674995e-02
   4.5484950e-01  -8.8770195e-02
   4.5150502e-01  -8.8858036e-02
   4.4816054e-01  -8.8938559e-02
   4.4481605e-01  -8.9011804e-02
   4.4147157e-01  -8.9077815e-02
   4.3812709e-01  -8.9136634e-02
   4.3478261e-01  -8.9188305e-02
   4.3143813e-01  -8.9232873e-02
   4.2809365e-01  -8.9270381e-02
   4.2474916e-01  -8.9300876e-02
   4.2140468e-01  -8.9324404e-02
   4.1806020e-01  -8.9341009e-02
   4.1471572e-01  -8.9350739e-02
   4.1137124e-01  -8.9353641e-02
   4.0802676e-01  -8.9349762e-02
   4.0468227e-01  -8.9339149e-02
   4.0133779e-01  -8.9321849e-02
   3.9799331e-01  -8.9297909e-02
   3.9464883e-01  -8.9267379e-02
   3.9130435e-01  -8.9230304e-02
   3.8795987e-01  -8.9186733e-02
   3.8461538e-01  -8.9136713e-02
   3.8127090e-01  -8.9080290e-02
   3.7792642e-01  -8.9017512e-02
   3.7458194e-01  -8.8948426e-02
   3.7123746e-01  -8.8873077e-02
   3.6789298e-01  -8.8791511e-02
   3.6454849e-01  -8.8703773e-02
   3.6120401e-01  -8.8609908e-02
   3.5785953e-01  -8.8509960e-02
   3.5451505e-01  -8.8403972e-02
   3.5117057e-01  -8.8291986e-02
   3.4782609e-01  -8.8174044e-02
   3.4448161e-01  -8.8050186e-02
   3.4113712e-01  -8.7920452e-02
   3.3779264e-01  -8.7784880e-02
   3.3444816e-01  -8.7643507e-02
   3.3110368e-01  -8.7496369e-02
   3.2775920e-01  -8.7343499e-02
   3.2441472e-01  -8.7184932e-02
   3.2107023e-01  -8.7020697e-02
   3.1772575e-01  -8.6850825e-02
   3.1438127e-01  -8.6675343e-02
   3.1103679e-01  -8.6494277e-02
   3.0769231e-01  -8.6307651e-02
   3.0434783e-01  -8.6115486e-02
   3.0100334e-01  -8.5917802e-02
   2.9765886e-01  -8.5714615e-02
   2.9431438e-01  -8.5505939e-02
   2.9096990e-01  -8.5291787e-02
   2.8762542e-01  -8.5072167e-02
   2.8428094e-01  -8.4847086e-02
   2.8093645e-01  -8.4616546e-02
   2.7759197e-01  -8.4380546e-02
   2.7424749e-01  -8.4139083e-02
   2.7090301e-01  -8.3892149e-02
   2.6755853e-01  -8.3639733e-02
   2.6421405e-01  -8.3381821e-02
   2.6086957e-01  -8.3118392e-02
   2.5752508e-01  -8.2849423e-02
   2.5418060e-01  -8.2574885e-02
   2.5083612e-01  -8.2294747e-02
   2.4749164e-01  -8.2008968e-02
   2.4414716e-01  -8.1717508e-02
   2.4080268e-01  -8.1420315e-02
   2.3745819e-01  -8.1117337e-02
   2.3411371e-01  -8.0808512e-02
   2.3076923e-01  -8.0493773e-02
   2.2742475e-01  -8.0173046e-02
   2.2408027e-01  -7.9846250e-02
   2.2073579e-01  -7.9513298e-02
   2.1739130e-01  -7.9174094e-02
   2.1404682e-01  -7.8828532e-02
   2.1070234e-01  -7.8476502e-02
   2.0735786e-01  -7.8117880e-02
   2.0401338e-01  -7.7752536e-02
   2.0066890e-01  -7.7380330e-02
   1.9732441e-01  -7.7001108e-02
   1.9397993e-01  -7.6614709e-02
   1.9063545e-01  -7.6220959e-02
   1.8729097e-01  -7.5819669e-02
   1.8394649e-01  -7.5410641e-02
   1.8060201e-01  -7.4993661e-02
   1.7725753e-01  -7.4568501e-02
   1.7391304e-01  -7.4134917e-02
   1.7056856e-01  -7.3692649e-02
   1.6722408e-01  -7.3241420e-02
   1.6387960e-01  -7.2780933e-02
   1.6053512e-01  -7.2310872e-02
   1.5719064e-01  -7.1830901e-02
   1.5384615e-01  -7.1340660e-02
   1.5050167e-01  -7.0839766e-02
   1.4715719e-01  -7.0327811e-02
   1.4381271e-01  -6.9804358e-02
   1.4046823e-01  -6.9268942e-02
   1.3712375e-01  -6.8721064e-02
   1.3377926e-01  -6.8160193e-02
   1.3043478e-01  -6.7585760e-02
   1.2709030e-01  -6.6997158e-02
   1.2374582e-01  -6.6393734e-02
   1.2040134e-01  -6.5774790e-02
   1.1705686e-01  -6.5139575e-02
   1.1371237e-01  -6.4487284e-02
   1.1036789e-01  -6.3817051e-02
   1.0702341e-01  -6.3127941e-02
   1.0367893e-01  -6.2418946e-02
   1.0033445e-01  -6.1688976e-02
   9.6989967e-02  -6.0936850e-02
   9.3645485e-02  -6.0161289e-02
   9.0301003e-02  -5.9360896e-02
   8.6956522e-02  -5.8534152e-02
   8.3612040e-02  -5.7679393e-02
   8.0267559e-02  -5.6794794e-02
   7.6923077e-02  -5.5878346e-02
   7.3578595e-02  -5.4927828e-02
   7.0234114e-02  -5.3940778e-02
   6.6889632e-02  -5.2914450e-02
   6.3545151e-02  -5.1845768e-02
   6.0200669e-02  -5.0731268e-02
   5.6856187e-02  -4.9567021e-02
   5.3511706e-02  -4.8348545e-02
   5.0167224e-02  -4.7070680e-02
   4.6822742e-02  -4.5727434e-02
   4.3478261e-02  -4.4311782e-02
   4.0133779e-02  -4.2815380e-02
   3.6789298e-02  -4.1228187e-02
   3.3444816e-02  -3.9537924e-02
   3.0100334e-02  -3.7729275e-02
   2.6755853e-02  -3.5782696e-02
   2.3411371e-02  -3.3672518e-02
   2.0066890e-02  -3.1363786e-02
   1.6722408e-02  -2.8806600e-02
   1.3377926e-02  -2.5925021e-02
   1.0033445e-02  -2.2592272e-02
   6.6889632e-03  -1.8563189e-02
   3.3444816e-03  -1.3210038e-02
   0.0000000e+00  -0.0000000e+00
