   0.0000000e+00   0.0000000e+00
   3.3444816e-03   1.0420357e-02
   6.6889632e-03   1.4627036e-02
   1.0033445e-02   1.7781514e-02
   1.3377926e-02   2.0380412e-02
   1.6722408e-02   2.2617828e-02
   2.0066890e-02   2.4594192e-02
   2.3411371e-02   2.6369697e-02
   2.6755853e-02   2.7983912e-02
   3.0100334e-02   2.9464575e-02
   3.3444816e-02   3.0832062e-02
   3.6789298e-02   3.2101901e-02
   4.0133779e-02   3.3286265e-02
   4.3478261e-02   3.4394924e-02
   4.6822742e-02   3.5435872e-02
   5.0167224e-02   3.6415759e-02
   5.3511706e-02   3.7340193e-02
   5.6856187e-02   3.8213961e-02
   6.0200669e-02   3.9041192e-02
   6.3545151e-02   3.9825481e-02
   6.6889632e-02   4.0569981e-02
   7.0234114e-02   4.1277482e-02
   7.3578595e-02   4.1950465e-02
   7.6923077e-02   4.2591150e-02
   8.0267559e-02   4.3201536e-02
   8.3612040e-02   4.3783430e-02
   8.6956522e-02   4.4338471e-02
   9.0301003e-02   4.4868155e-02
   9.3645485e-02   4.5373851e-02
   9.6989967e-02   4.5856815e-02
   1.0033445e-01   4.6318203e-02
   1.0367893e-01   4.6759085e-02
   1.0702341e-01   4.7180450e-02
   1.1036789e-01   4.7583217e-02
   1.1371237e-01   4.7968241e-02
   1.1705686e-01   4.8336318e-02
   1.2040134e-01   4.8688193e-02
   1.2374582e-01   4.9024564e-02
   1.2709030e-01   4.9346084e-02
   1.3043478e-01   4.9653367e-02
   1.3377926e-01   4.9946990e-02
   1.3712375e-01   5.0227497e-02
   1.4046823e-01   5.0495400e-02
   1.4381271e-01   5.0751184e-02
   1.4715719e-01   5.0995308e-02
   1.5050167e-01   5.1228203e-02
   1.5384615e-01   5.1450281e-02
   1.5719064e-01   5.1661930e-02
   1.6053512e-01   5.1863521e-02
   1.6387960e-01   5.2055404e-02
   1.6722408e-01   5.2237914e-02
   1.7056856e-01   5.2411367e-02
   1.7391304e-01   5.2576065e-02
   1.7725753e-01   5.2732298e-02
   1.8060201e-01   5.2880339e-02
   1.8394649e-01   5.3020451e-02
   1.8729097e-01   5.3152882e-02
   1.9063545e-01   5.3277873e-02
   1.9397993e-01   5.3395651e-02
   1.9732441e-01   5.3506433e-02
   2.0066890e-01   5.3610429e-02
   2.0401338e-01   5.3707837e-02
   2.0735786e-01   5.3798848e-02
   2.1070234e-01   5.3883645e-02
   2.1404682e-01   5.3962403e-02
   2.1739130e-01   5.4035288e-02
   2.2073579e-01   5.4102461e-02
   2.2408027e-01   5.4164076e-02
   2.2742475e-01   5.4220279e-02
   2.3076923e-01   5.4271212e-02
   2.3411371e-01   5.4317011e-02
   2.3745819e-01   5.4357804e-02
   2.4080268e-01   5.4393716e-02
   2.4414716e-01   5.4424867e-02
   2.4749164e-01   5.4451370e-02
   2.5083612e-01   5.4473335e-02
   2.5418060e-01   5.4490868e-02
   2.5752508e-01   5.4504070e-02
   2.6086957e-01   5.4513036e-02
   2.6421405e-01   5.4517861e-02
   2.6755853e-01   5.4518632e-02
   2.7090301e-01   5.4515436e-02
   2.7424749e-01   5.4508354e-02
   2.7759197e-01   5.4497464e-02
   2.8093645e-01   5.4482843e-02
   2.8428094e-01   5.4464562e-02
   2.8762542e-01   5.4442690e-02
   2.9096990e-01   5.4417294e-02
   2.9431438e-01   5.4388437e-02
   2.9765886e-01   5.4356179e-02
   3.0100334e-01   5.4320580e-02
   3.0434783e-01   5.4281695e-02
   3.0769231e-01   5.4239577e-02
   3.1103679e-01   5.4194278e-02
   3.1438127e-01   5.4145846e-02
   3.1772575e-01   5.4094328e-02
   3.2107023e-01   5.4039770e-02
   3.2441472e-01   5.3982212e-02
   3.2775920e-01   5.3921698e-02
   3.3110368e-01   5.3858264e-02
   3.3444816e-01   5.3791949e-02
   3.3779264e-01   5.3722789e-02
   3.4113712e-01   5.3650816e-02
   3.4448161e-01   5.3576063e-02
   3.4782609e-01   5.3498561e-02
   3.5117057e-01   5.3418340e-02
   3.5451505e-01   5.3335426e-02
   3.5785953e-01   5.3249847e-02
   3.6120401e-01   5.3161627e-02
   3.6454849e-01   5.3070791e-02
   3.6789298e-01   5.2977360e-02
   3.7123746e-01   5.2881357e-02
   3.7458194e-01   5.2782802e-02
   3.7792642e-01   5.2681714e-02
   3.8127090e-01   5.2578111e-02
   3.8461538e-01   5.2472011e-02
   3.8795987e-01   5.2363429e-02
   3.9130435e-01   5.2252381e-02
   3.9464883e-01   5.2138881e-02
   3.9799331e-01   5.2022942e-02
   4.0133779e-01   5.1904578e-02
   4.0468227e-01   5.1783800e-02
   4.0802676e-01   5.1660619e-02
   4.1137124e-01   5.1535046e-02
   4.1471572e-01   5.1407090e-02
   4.1806020e-01   5.1276760e-02
   4.2140468e-01   5.1144065e-02
   4.2474916e-01   5.1009012e-02
   4.2809365e-01   5.0871610e-02
   4.3143813e-01   5.0731863e-02
   4.3478261e-01   5.0589779e-02
   4.3812709e-01   5.0445363e-02
   4.4147157e-01   5.0298620e-02
   4.4481605e-01   5.0149555e-02
   4.4816054e-01   4.9998172e-02
   4.5150502e-01   4.9844475e-02
   4.5484950e-01   4.9688467e-02
   4.5819398e-01   4.9530152e-02
   4.6153846e-01   4.9369533e-02
   4.6488294e-01   4.9206611e-02
   4.6822742e-01   4.9041389e-02
   4.7157191e-01   4.8873870e-02
   4.7491639e-01   4.8704054e-02
   4.7826087e-01   4.8531943e-02
   4.8160535e-01   4.8357539e-02
   4.8494983e-01   4.8180842e-02
   4.8829431e-01   4.8001853e-02
   4.9163880e-01   4.7820574e-02
   4.9498328e-01   4.7637005e-02
   4.9832776e-01   4.7451145e-02
   5.0167224e-01   4.7262997e-02
   5.0501672e-01   4.7072559e-02
   5.0836120e-01   4.6879833e-02
   5.1170569e-01   4.6684818e-02
   5.1505017e-01   4.6487515e-02
   5.1839465e-01   4.6287923e-02
   5.2173913e-01   4.6086044e-02
   5.2508361e-01   4.5881876e-02
   5.2842809e-01   4.5675422e-02
   5.3177258e-01   4.5466680e-02
   5.3511706e-01   4.5255650e-02
   5.3846154e-01   4.5042335e-02
   5.4180602e-01   4.4826733e-02
   5.4515050e-01   4.4608846e-02
   5.4849498e-01   4.4388675e-02
   5.5183946e-01   4.4166219e-02
   5.5518395e-01   4.3941481e-02
   5.5852843e-01   4.3714461e-02
   5.6187291e-01   4.3485161e-02
   5.6521739e-01   4.3253582e-02
   5.6856187e-01   4.3019726e-02
   5.7190635e-01   4.2783595e-02
   5.7525084e-01   4.2545191e-02
   5.7859532e-01   4.2304517e-02
   5.8193980e-01   4.2061575e-02
   5.8528428e-01   4.1816368e-02
   5.8862876e-01   4.1568900e-02
   5.9197324e-01   4.1319173e-02
   5.9531773e-01   4.1067192e-02
   5.9866221e-01   4.0812960e-02
   6.0200669e-01   4.0556483e-02
   6.0535117e-01   4.0297764e-02
   6.0869565e-01   4.0036809e-02
   6.1204013e-01   3.9773623e-02
   6.1538462e-01   3.9508212e-02
   6.1872910e-01   3.9240582e-02
   6.2207358e-01   3.8970739e-02
   6.2541806e-01   3.8698692e-02
   6.2876254e-01   3.8424446e-02
   6.3210702e-01   3.8148009e-02
   6.3545151e-01   3.7869390e-02
   6.3879599e-01   3.7588598e-02
   6.4214047e-01   3.7305641e-02
   6.4548495e-01   3.7020528e-02
   6.4882943e-01   3.6733270e-02
   6.5217391e-01   3.6443877e-02
   6.5551839e-01   3.6152360e-02
   6.5886288e-01   3.5858731e-02
   6.6220736e-01   3.5563000e-02
   6.6555184e-01   3.5265181e-02
   6.6889632e-01   3.4965286e-02
   6.7224080e-01   3.4663328e-02
   6.7558528e-01   3.4359323e-02
   6.7892977e-01   3.4053283e-02
   6.8227425e-01   3.3745225e-02
   6.8561873e-01   3.3435163e-02
   6.8896321e-01   3.3123114e-02
   6.9230769e-01   3.2809094e-02
   6.9565217e-01   3.2493122e-02
   6.9899666e-01   3.2175214e-02
   7.0234114e-01   3.1855389e-02
   7.0568562e-01   3.1533666e-02
   7.0903010e-01   3.1210065e-02
   7.1237458e-01   3.0884606e-02
   7.1571906e-01   3.0557311e-02
   7.1906355e-01   3.0228200e-02
   7.2240803e-01   2.9897296e-02
   7.2575251e-01   2.9564622e-02
   7.2909699e-01   2.9230202e-02
   7.3244147e-01   2.8894058e-02
   7.3578595e-01   2.8556218e-02
   7.3913043e-01   2.8216705e-02
   7.4247492e-01   2.7875547e-02
   7.4581940e-01   2.7532770e-02
   7.4916388e-01   2.7188402e-02
   7.5250836e-01   2.6842471e-02
   7.5585284e-01   2.6495006e-02
   7.5919732e-01   2.6146037e-02
   7.6254181e-01   2.5795595e-02
   7.6588629e-01   2.5443711e-02
   7.6923077e-01   2.5090417e-02
   7.7257525e-01   2.4735746e-02
   7.7591973e-01   2.4379731e-02
   7.7926421e-01   2.4022406e-02
   7.8260870e-01   2.3663807e-02
   7.8595318e-01   2.3303970e-02
   7.8929766e-01   2.2942930e-02
   7.9264214e-01   2.2580726e-02
   7.9598662e-01   2.2217396e-02
   7.9933110e-01   2.1852979e-02
   8.0267559e-01   2.1487514e-02
   8.0602007e-01   2.1121043e-02
   8.0936455e-01   2.0753606e-02
   8.1270903e-01   2.0385246e-02
   8.1605351e-01   2.0016007e-02
   8.1939799e-01   1.9645932e-02
   8.2274247e-01   1.9275066e-02
   8.2608696e-01   1.8903454e-02
   8.2943144e-01   1.8531144e-02
   8.3277592e-01   1.8158183e-02
   8.3612040e-01   1.7784619e-02
   8.3946488e-01   1.7410501e-02
   8.4280936e-01   1.7035880e-02
   8.4615385e-01   1.6660805e-02
   8.4949833e-01   1.6285330e-02
   8.5284281e-01   1.5909507e-02
   8.5618729e-01   1.5533389e-02
   8.5953177e-01   1.5157031e-02
   8.6287625e-01   1.4780489e-02
   8.6622074e-01   1.4403819e-02
   8.6956522e-01   1.4027078e-02
   8.7290970e-01   1.3650325e-02
   8.7625418e-01   1.3273619e-02
   8.7959866e-01   1.2897020e-02
   8.8294314e-01   1.2520589e-02
   8.8628763e-01   1.2144388e-02
   8.8963211e-01   1.1768481e-02
   8.9297659e-01   1.1392932e-02
   8.9632107e-01   1.1017804e-02
   8.9966555e-01   1.0643166e-02
   9.0301003e-01   1.0269082e-02
   9.0635452e-01   9.8956219e-03
   9.0969900e-01   9.5228540e-03
   9.1304348e-01   9.1508485e-03
   9.1638796e-01   8.7796761e-03
   9.1973244e-01   8.4094090e-03
   9.2307692e-01   8.0401201e-03
   9.2642140e-01   7.6718835e-03
   9.2976589e-01   7.3047742e-03
   9.3311037e-01   6.9388682e-03
   9.3645485e-01   6.5742428e-03
   9.3979933e-01   6.2109761e-03
   9.4314381e-01   5.8491472e-03
   9.4648829e-01   5.4888366e-03
   9.4983278e-01   5.1301254e-03
   9.5317726e-01   4.7730961e-03
   9.5652174e-01   4.4178322e-03
   9.5986622e-01   4.0644182e-03
   9.6321070e-01   3.7129397e-03
   9.6655518e-01   3.3634834e-03
   9.6989967e-01   3.0161371e-03
   9.7324415e-01   2.6709897e-03
   9.7658863e-01   2.3281311e-03
   9.7993311e-01   1.9876525e-03
   9.8327759e-01   1.6496460e-03
   9.8662207e-01   1.3142049e-03
   9.8996656e-01   9.8142366e-04
   9.9331104e-01   6.5139779e-04
   9.9665552e-01   3.2422397e-04
   1.0000000e+00   0.0000000e+00
   1.0000000e+00   0.0000000e+00
   9.9665552e-01  -1.8269822e-04
   9.9331104e-01  -3.7035980e-04
   9.8996656e-01  -5.6283293e-04
   9.8662207e-01  -7.5996771e-04
   9.8327759e-01  -9.6161619e-04
   9.7993311e-01  -1.1676323e-03
   9.7658863e-01  -1.3778720e-03
   9.7324415e-01  -1.5921931e-03
   9.6989967e-01  -1.8104552e-03
   9.6655518e-01  -2.0325199e-03
   9.6321070e-01  -2.2582507e-03
   9.5986622e-01  -2.4875129e-03
   9.5652174e-01  -2.7201739e-03
   9.5317726e-01  -2.9561025e-03
   9.4983278e-01  -3.1951699e-03
   9.4648829e-01  -3.4372487e-03
   9.4314381e-01  -3.6822136e-03
   9.3979933e-01  -3.9299410e-03
   9.3645485e-01  -4.1803091e-03
   9.3311037e-01  -4.4331982e-03
   9.2976589e-01  -4.6884899e-03
   9.2642140e-01  -4.9460681e-03
   9.2307692e-01  -5.2058181e-03
   9.1973244e-01  -5.4676272e-03
   9.1638796e-01  -5.7313844e-03
   9.1304348e-01  -5.9969805e-03
   9.0969900e-01  -6.2643081e-03
   9.0635452e-01  -6.5332613e-03
   9.0301003e-01  -6.8037362e-03
   8.9966555e-01  -7.0756305e-03
   8.9632107e-01  -7.3488437e-03
   8.9297659e-01  -7.6232770e-03
   8.8963211e-01  -7.8988331e-03
   8.8628763e-01  -8.1754167e-03
   8.8294314e-01  -8.4529341e-03
   8.7959866e-01  -8.7312930e-03
   8.7625418e-01  -9.0104032e-03
   8.7290970e-01  -9.2901758e-03
   8.6956522e-01  -9.5705238e-03
   8.6622074e-01  -9.8513617e-03
   8.6287625e-01  -1.0132606e-02
   8.5953177e-01  -1.0414173e-02
   8.5618729e-01  -1.0695984e-02
   8.5284281e-01  -1.0977959e-02
   8.4949833e-01  -1.1260021e-02
   8.4615385e-01  -1.1542094e-02
   8.4280936e-01  -1.1824104e-02
   8.3946488e-01  -1.2105978e-02
   8.3612040e-01  -1.2387644e-02
   8.3277592e-01  -1.2669034e-02
   8.2943144e-01  -1.2950080e-02
   8.2608696e-01  -1.3230714e-02
   8.2274247e-01  -1.3510872e-02
   8.1939799e-01  -1.3790490e-02
   8.1605351e-01  -1.4069507e-02
   8.1270903e-01  -1.4347861e-02
   8.0936455e-01  -1.4625495e-02
   8.0602007e-01  -1.4902349e-02
   8.0267559e-01  -1.5178369e-02
   7.9933110e-01  -1.5453499e-02
   7.9598662e-01  -1.5727687e-02
   7.9264214e-01  -1.6000880e-02
   7.8929766e-01  -1.6273029e-02
   7.8595318e-01  -1.6544084e-02
   7.8260870e-01  -1.6813997e-02
   7.7926421e-01  -1.7082724e-02
   7.7591973e-01  -1.7350218e-02
   7.7257525e-01  -1.7616436e-02
   7.6923077e-01  -1.7881337e-02
   7.6588629e-01  -1.8144880e-02
   7.6254181e-01  -1.8407025e-02
   7.5919732e-01  -1.8667734e-02
   7.5585284e-01  -1.8926971e-02
   7.5250836e-01  -1.9184700e-02
   7.4916388e-01  -1.9440887e-02
   7.4581940e-01  -1.9695499e-02
   7.4247492e-01  -1.9948505e-02
   7.3913043e-01  -2.0199874e-02
   7.3578595e-01  -2.0449578e-02
   7.3244147e-01  -2.0697588e-02
   7.2909699e-01  -2.0943877e-02
   7.2575251e-01  -2.1188421e-02
   7.2240803e-01  -2.1431196e-02
   7.1906355e-01  -2.1672177e-02
   7.1571906e-01  -2.1911344e-02
   7.1237458e-01  -2.2148676e-02
   7.0903010e-01  -2.2384153e-02
   7.0568562e-01  -2.2617757e-02
   7.0234114e-01  -2.2849471e-02
   6.9899666e-01  -2.3079278e-02
   6.9565217e-01  -2.3307164e-02
   6.9230769e-01  -2.3533115e-02
   6.8896321e-01  -2.3757118e-02
   6.8561873e-01  -2.3979161e-02
   6.8227425e-01  -2.4199233e-02
   6.7892977e-01  -2.4417326e-02
   6.7558528e-01  -2.4633430e-02
   6.7224080e-01  -2.4847537e-02
   6.6889632e-01  -2.5059642e-02
   6.6555184e-01  -2.5269738e-02
   6.6220736e-01  -2.5477822e-02
   6.5886288e-01  -2.5683889e-02
   6.5551839e-01  -2.5887936e-02
   6.5217391e-01  -2.6089963e-02
   6.4882943e-01  -2.6289968e-02
   6.4548495e-01  -2.6487951e-02
   6.4214047e-01  -2.6683913e-02
   6.3879599e-01  -2.6877856e-02
   6.3545151e-01  -2.7069784e-02
   6.3210702e-01  -2.7259699e-02
   6.2876254e-01  -2.7447606e-02
   6.2541806e-01  -2.7633510e-02
   6.2207358e-01  -2.7817418e-02
   6.1872910e-01  -2.7999336e-02
   6.1538462e-01  -2.8179272e-02
   6.1204013e-01  -2.8357234e-02
   6.0869565e-01  -2.8533233e-02
   6.0535117e-01  -2.8707276e-02
   6.0200669e-01  -2.8879376e-02
   5.9866221e-01  -2.9049544e-02
   5.9531773e-01  -2.9217791e-02
   5.9197324e-01  -2.9384131e-02
   5.8862876e-01  -2.9548577e-02
   5.8528428e-01  -2.9711143e-02
   5.8193980e-01  -2.9871843e-02
   5.7859532e-01  -3.0030693e-02
   5.7525084e-01  -3.0187708e-02
   5.7190635e-01  -3.0342906e-02
   5.6856187e-01  -3.0496303e-02
   5.6521739e-01  -3.0647916e-02
   5.6187291e-01  -3.0797764e-02
   5.5852843e-01  -3.0945866e-02
   5.5518395e-01  -3.1092240e-02
   5.5183946e-01  -3.1236905e-02
   5.4849498e-01  -3.1379883e-02
   5.4515050e-01  -3.1521192e-02
   5.4180602e-01  -3.1660855e-02
   5.3846154e-01  -3.1798892e-02
   5.3511706e-01  -3.1935324e-02
   5.3177258e-01  -3.2070175e-02
   5.2842809e-01  -3.2203465e-02
   5.2508361e-01  -3.2335218e-02
   5.2173913e-01  -3.2465456e-02
   5.1839465e-01  -3.2594203e-02
   5.1505017e-01  -3.2721481e-02
   5.1170569e-01  -3.2847315e-02
   5.0836120e-01  -3.2971728e-02
   5.0501672e-01  -3.3094745e-02
   5.0167224e-01  -3.3216389e-02
   4.9832776e-01  -3.3336685e-02
   4.9498328e-01  -3.3455657e-02
   4.9163880e-01  -3.3573330e-02
   4.8829431e-01  -3.3689727e-02
   4.8494983e-01  -3.3804875e-02
   4.8160535e-01  -3.3918797e-02
   4.7826087e-01  -3.4031519e-02
   4.7491639e-01  -3.4143064e-02
   4.7157191e-01  -3.4253457e-02
   4.6822742e-01  -3.4362723e-02
   4.6488294e-01  -3.4470886e-02
   4.6153846e-01  -3.4577971e-02
   4.5819398e-01  -3.4684000e-02
   4.5484950e-01  -3.4788999e-02
   4.5150502e-01  -3.4892991e-02
   4.4816054e-01  -3.4995999e-02
   4.4481605e-01  -3.5098046e-02
   4.4147157e-01  -3.5199155e-02
   4.3812709e-01  -3.5299349e-02
   4.3478261e-01  -3.5398649e-02
   4.3143813e-01  -3.5497078e-02
   4.2809365e-01  -3.5594656e-02
   4.2474916e-01  -3.5691404e-02
   4.2140468e-01  -3.5787343e-02
   4.1806020e-01  -3.5882491e-02
   4.1471572e-01  -3.5976870e-02
   4.1137124e-01  -3.6070495e-02
   4.0802676e-01  -3.6163387e-02
   4.0468227e-01  -3.6255562e-02
   4.0133779e-01  -3.6347035e-02
   3.9799331e-01  -3.6437824e-02
   3.9464883e-01  -3.6527943e-02
   3.9130435e-01  -3.6617405e-02
   3.8795987e-01  -3.6706224e-02
   3.8461538e-01  -3.6794413e-02
   3.8127090e-01  -3.6881982e-02
   3.7792642e-01  -3.6968942e-02
   3.7458194e-01  -3.7055301e-02
   3.7123746e-01  -3.7141068e-02
   3.6789298e-01  -3.7226249e-02
   3.6454849e-01  -3.7310851e-02
   3.6120401e-01  -3.7394876e-02
   3.5785953e-01  -3.7478329e-02
   3.5451505e-01  -3.7561212e-02
   3.5117057e-01  -3.7643523e-02
   3.4782609e-01  -3.7725262e-02
   3.4448161e-01  -3.7806425e-02
   3.4113712e-01  -3.7887009e-02
   3.3779264e-01  -3.7967007e-02
   3.3444816e-01  -3.8046411e-02
   3.3110368e-01  -3.8125212e-02
   3.2775920e-01  -3.8203396e-02
   3.2441472e-01  -3.8280952e-02
   3.2107023e-01  -3.8357863e-02
   3.1772575e-01  -3.8434111e-02
   3.1438127e-01  -3.8509677e-02
   3.1103679e-01  -3.8584538e-02
   3.0769231e-01  -3.8658669e-02
   3.0434783e-01  -3.8732043e-02
   3.0100334e-01  -3.8804631e-02
   2.9765886e-01  -3.8876400e-02
   2.9431438e-01  -3.8947314e-02
   2.9096990e-01  -3.9017338e-02
   2.8762542e-01  -3.9086428e-02
   2.8428094e-01  -3.9154542e-02
   2.8093645e-01  -3.9221631e-02
   2.7759197e-01  -3.9287647e-02
   2.7424749e-01  -3.9352534e-02
   2.7090301e-01  -3.9416235e-02
   2.6755853e-01  -3.9478690e-02
   2.6421405e-01  -3.9539833e-02
   2.6086957e-01  -3.9599595e-02
   2.5752508e-01  -3.9657902e-02
   2.5418060e-01  -3.9714679e-02
   2.5083612e-01  -3.9769841e-02
   2.4749164e-01  -3.9823304e-02
   2.4414716e-01  -3.9874974e-02
   2.4080268e-01  -3.9924757e-02
   2.3745819e-01  -3.9972549e-02
   2.3411371e-01  -4.0018243e-02
   2.3076923e-01  -4.0061727e-02
   2.2742475e-01  -4.0102881e-02
   2.2408027e-01  -4.0141580e-02
   2.2073579e-01  -4.0177692e-02
   2.1739130e-01  -4.0211078e-02
   2.1404682e-01  -4.0241593e-02
   2.1070234e-01  -4.0269083e-02
   2.0735786e-01  -4.0293388e-02
   2.0401338e-01  -4.0314339e-02
   2.0066890e-01  -4.0331757e-02
   1.9732441e-01  -4.0345457e-02
   1.9397993e-01  -4.0355242e-02
   1.9063545e-01  -4.0360906e-02
   1.8729097e-01  -4.0362234e-02
   1.8394649e-01  -4.0358998e-02
   1.8060201e-01  -4.0350959e-02
   1.7725753e-01  -4.0337866e-02
   1.7391304e-01  -4.0319457e-02
   1.7056856e-01  -4.0295453e-02
   1.6722408e-01  -4.0265563e-02
   1.6387960e-01  -4.0229481e-02
   1.6053512e-01  -4.0186884e-02
   1.5719064e-01  -4.0137432e-02
   1.5384615e-01  -4.0080767e-02
   1.5050167e-01  -4.0016512e-02
   1.4715719e-01  -3.9944268e-02
   1.4381271e-01  -3.9863616e-02
   1.4046823e-01  -3.9774112e-02
   1.3712375e-01  -3.9675286e-02
   1.3377926e-01  -3.9566643e-02
   1.3043478e-01  -3.9447658e-02
   1.2709030e-01  -3.9317772e-02
   1.2374582e-01  -3.9176395e-02
   1.2040134e-01  -3.9022899e-02
   1.1705686e-01  -3.8856616e-02
   1.1371237e-01  -3.8676832e-02
   1.1036789e-01  -3.8482789e-02
   1.0702341e-01  -3.8273673e-02
   1.0367893e-01  -3.8048616e-02
   1.0033445e-01  -3.7806685e-02
   9.6989967e-02  -3.7546875e-02
   9.3645485e-02  -3.7268107e-02
   9.0301003e-02  -3.6969213e-02
   8.6956522e-02  -3.6648928e-02
   8.3612040e-02  -3.6305878e-02
   8.0267559e-02  -3.5938566e-02
   7.6923077e-02  -3.5545355e-02
   7.3578595e-02  -3.5124447e-02
   7.0234114e-02  -3.4673862e-02
   6.6889632e-02  -3.4191403e-02
   6.3545151e-02  -3.3674628e-02
   6.0200669e-02  -3.3120802e-02
   5.6856187e-02  -3.2526841e-02
   5.3511706e-02  -3.1889247e-02
   5.0167224e-02  -3.1204020e-02
   4.6822742e-02  -3.0466539e-02
   4.3478261e-02  -2.9671415e-02
   4.0133779e-02  -2.8812287e-02
   3.6789298e-02  -2.7881543e-02
   3.3444816e-02  -2.6869920e-02
   3.0100334e-02  -2.5765931e-02
   2.6755853e-02  -2.4554996e-02
   2.3411371e-02  -2.3218064e-02
   2.0066890e-02  -2.1729328e-02
   1.6722408e-02  -2.0052136e-02
   1.3377926e-02  -1.8130997e-02
   1.0033445e-02  -1.5873738e-02
   6.6889632e-03  -1.3103008e-02
   3.3444816e-03  -9.3670692e-03
   0.0000000e+00  -0.0000000e+00
