   0.0000000e+00   0.0000000e+00
   3.3444816e-03   8.2260614e-03
   6.6889632e-03   1.1586621e-02
   1.0033445e-02   1.4133338e-02
   1.3377926e-02   1.6253571e-02
   1.6722408e-02   1.8098012e-02
   2.0066890e-02   1.9744263e-02
   2.3411371e-02   2.1238612e-02
   2.6755853e-02   2.2611337e-02
   3.0100334e-02   2.3883556e-02
   3.3444816e-02   2.5070703e-02
   3.6789298e-02   2.6184478e-02
   4.0133779e-02   2.7234008e-02
   4.3478261e-02   2.8226578e-02
   4.6822742e-02   2.9168120e-02
   5.0167224e-02   3.0063542e-02
   5.3511706e-02   3.0916961e-02
   5.6856187e-02   3.1731877e-02
   6.0200669e-02   3.2511291e-02
   6.3545151e-02   3.3257805e-02
   6.6889632e-02   3.3973692e-02
   7.0234114e-02   3.4660950e-02
   7.3578595e-02   3.5321352e-02
   7.6923077e-02   3.5956477e-02
   8.0267559e-02   3.6567741e-02
   8.3612040e-02   3.7156418e-02
   8.6956522e-02   3.7723663e-02
   9.0301003e-02   3.8270522e-02
   9.3645485e-02   3.8797953e-02
   9.6989967e-02   3.9306831e-02
   1.0033445e-01   3.9797960e-02
   1.0367893e-01   4.0272082e-02
   1.0702341e-01   4.0729882e-02
   1.1036789e-01   4.1171994e-02
   1.1371237e-01   4.1599009e-02
   1.1705686e-01   4.2011475e-02
   1.2040134e-01   4.2409907e-02
   1.2374582e-01   4.2794783e-02
   1.2709030e-01   4.3166554e-02
   1.3043478e-01   4.3525642e-02
   1.3377926e-01   4.3872445e-02
   1.3712375e-01   4.4207338e-02
   1.4046823e-01   4.4530675e-02
   1.4381271e-01   4.4842791e-02
   1.4715719e-01   4.5144001e-02
   1.5050167e-01   4.5434608e-02
   1.5384615e-01   4.5714897e-02
   1.5719064e-01   4.5985139e-02
   1.6053512e-01   4.6245594e-02
   1.6387960e-01   4.6496507e-02
   1.6722408e-01   4.6738113e-02
   1.7056856e-01   4.6970639e-02
   1.7391304e-01   4.7194299e-02
   1.7725753e-01   4.7409298e-02
   1.8060201e-01   4.7615835e-02
   1.8394649e-01   4.7814099e-02
   1.8729097e-01   4.8004272e-02
   1.9063545e-01   4.8186528e-02
   1.9397993e-01   4.8361036e-02
   1.9732441e-01   4.8527957e-02
   2.0066890e-01   4.8687448e-02
   2.0401338e-01   4.8839658e-02
   2.0735786e-01   4.8984734e-02
   2.1070234e-01   4.9122815e-02
   2.1404682e-01   4.9254037e-02
   2.1739130e-01   4.9378530e-02
   2.2073579e-01   4.9496421e-02
   2.2408027e-01   4.9607834e-02
   2.2742475e-01   4.9712886e-02
   2.3076923e-01   4.9811693e-02
   2.3411371e-01   4.9904367e-02
   2.3745819e-01   4.9991016e-02
   2.4080268e-01   5.0071745e-02
   2.4414716e-01   5.0146657e-02
   2.4749164e-01   5.0215851e-02
   2.5083612e-01   5.0279423e-02
   2.5418060e-01   5.0337469e-02
   2.5752508e-01   5.0390078e-02
   2.6086957e-01   5.0437341e-02
   2.6421405e-01   5.0479344e-02
   2.6755853e-01   5.0516171e-02
   2.7090301e-01   5.0547906e-02
   2.7424749e-01   5.0574628e-02
   2.7759197e-01   5.0596417e-02
   2.8093645e-01   5.0613349e-02
   2.8428094e-01   5.0625498e-02
   2.8762542e-01   5.0632938e-02
   2.9096990e-01   5.0635740e-02
   2.9431438e-01   5.0633974e-02
   2.9765886e-01   5.0627708e-02
   3.0100334e-01   5.0617009e-02
   3.0434783e-01   5.0601943e-02
   3.0769231e-01   5.0582573e-02
   3.1103679e-01   5.0558961e-02
   3.1438127e-01   5.0531170e-02
   3.1772575e-01   5.0499259e-02
   3.2107023e-01   5.0463287e-02
   3.2441472e-01   5.0423311e-02
   3.2775920e-01   5.0379388e-02
   3.3110368e-01   5.0331574e-02
   3.3444816e-01   5.0279923e-02
   3.3779264e-01   5.0224487e-02
   3.4113712e-01   5.0165320e-02
   3.4448161e-01   5.0102473e-02
   3.4782609e-01   5.0035995e-02
   3.5117057e-01   4.9965936e-02
   3.5451505e-01   4.9892346e-02
   3.5785953e-01   4.9815271e-02
   3.6120401e-01   4.9734758e-02
   3.6454849e-01   4.9650853e-02
   3.6789298e-01   4.9563602e-02
   3.7123746e-01   4.9473049e-02
   3.7458194e-01   4.9379238e-02
   3.7792642e-01   4.9282210e-02
   3.8127090e-01   4.9182010e-02
   3.8461538e-01   4.9078677e-02
   3.8795987e-01   4.8972253e-02
   3.9130435e-01   4.8862778e-02
   3.9464883e-01   4.8750291e-02
   3.9799331e-01   4.8634832e-02
   4.0133779e-01   4.8516438e-02
   4.0468227e-01   4.8395147e-02
   4.0802676e-01   4.8270996e-02
   4.1137124e-01   4.8144021e-02
   4.1471572e-01   4.8014258e-02
   4.1806020e-01   4.7881743e-02
   4.2140468e-01   4.7746509e-02
   4.2474916e-01   4.7608592e-02
   4.2809365e-01   4.7468025e-02
   4.3143813e-01   4.7324841e-02
   4.3478261e-01   4.7179073e-02
   4.3812709e-01   4.7030752e-02
   4.4147157e-01   4.6879911e-02
   4.4481605e-01   4.6726580e-02
   4.4816054e-01   4.6570790e-02
   4.5150502e-01   4.6412572e-02
   4.5484950e-01   4.6251955e-02
   4.5819398e-01   4.6088968e-02
   4.6153846e-01   4.5923641e-02
   4.6488294e-01   4.5756002e-02
   4.6822742e-01   4.5586078e-02
   4.7157191e-01   4.5413898e-02
   4.7491639e-01   4.5239488e-02
   4.7826087e-01   4.5062876e-02
   4.8160535e-01   4.4884088e-02
   4.8494983e-01   4.4703149e-02
   4.8829431e-01   4.4520086e-02
   4.9163880e-01   4.4334924e-02
   4.9498328e-01   4.4147686e-02
   4.9832776e-01   4.3958399e-02
   5.0167224e-01   4.3767086e-02
   5.0501672e-01   4.3573770e-02
   5.0836120e-01   4.3378476e-02
   5.1170569e-01   4.3181225e-02
   5.1505017e-01   4.2982042e-02
   5.1839465e-01   4.2780947e-02
   5.2173913e-01   4.2577964e-02
   5.2508361e-01   4.2373114e-02
   5.2842809e-01   4.2166417e-02
   5.3177258e-01   4.1957896e-02
   5.3511706e-01   4.1747571e-02
   5.3846154e-01   4.1535462e-02
   5.4180602e-01   4.1321589e-02
   5.4515050e-01   4.1105971e-02
   5.4849498e-01   4.0888629e-02
   5.5183946e-01   4.0669582e-02
   5.5518395e-01   4.0448847e-02
   5.5852843e-01   4.0226445e-02
   5.6187291e-01   4.0002392e-02
   5.6521739e-01   3.9776706e-02
   5.6856187e-01   3.9549406e-02
   5.7190635e-01   3.9320509e-02
   5.7525084e-01   3.9090031e-02
   5.7859532e-01   3.8857989e-02
   5.8193980e-01   3.8624400e-02
   5.8528428e-01   3.8389279e-02
   5.8862876e-01   3.8152644e-02
   5.9197324e-01   3.7914508e-02
   5.9531773e-01   3.7674888e-02
   5.9866221e-01   3.7433799e-02
   6.0200669e-01   3.7191255e-02
   6.0535117e-01   3.6947271e-02
   6.0869565e-01   3.6701860e-02
   6.1204013e-01   3.6455038e-02
   6.1538462e-01   3.6206817e-02
   6.1872910e-01   3.5957211e-02
   6.2207358e-01   3.5706233e-02
   6.2541806e-01   3.5453897e-02
   6.2876254e-01   3.5200213e-02
   6.3210702e-01   3.4945196e-02
   6.3545151e-01   3.4688856e-02
   6.3879599e-01   3.4431207e-02
   6.4214047e-01   3.4172259e-02
   6.4548495e-01   3.3912023e-02
   6.4882943e-01   3.3650512e-02
   6.5217391e-01   3.3387735e-02
   6.5551839e-01   3.3123703e-02
   6.5886288e-01   3.2858426e-02
   6.6220736e-01   3.2591916e-02
   6.6555184e-01   3.2324180e-02
   6.6889632e-01   3.2055229e-02
   6.7224080e-01   3.1785073e-02
   6.7558528e-01   3.1513720e-02
   6.7892977e-01   3.1241179e-02
   6.8227425e-01   3.0967458e-02
   6.8561873e-01   3.0692567e-02
   6.8896321e-01   3.0416513e-02
   6.9230769e-01   3.0139303e-02
   6.9565217e-01   2.9860947e-02
   6.9899666e-01   2.9581450e-02
   7.0234114e-01   2.9300820e-02
   7.0568562e-01   2.9019064e-02
   7.0903010e-01   2.8736189e-02
   7.1237458e-01   2.8452201e-02
   7.1571906e-01   2.8167106e-02
   7.1906355e-01   2.7880910e-02
   7.2240803e-01   2.7593619e-02
   7.2575251e-01   2.7305238e-02
   7.2909699e-01   2.7015773e-02
   7.3244147e-01   2.6725228e-02
   7.3578595e-01   2.6433608e-02
   7.3913043e-01   2.6140918e-02
   7.4247492e-01   2.5847162e-02
   7.4581940e-01   2.5552344e-02
   7.4916388e-01   2.5256468e-02
   7.5250836e-01   2.4959538e-02
   7.5585284e-01   2.4661556e-02
   7.5919732e-01   2.4362526e-02
   7.6254181e-01   2.4062452e-02
   7.6588629e-01   2.3761334e-02
   7.6923077e-01   2.3459177e-02
   7.7257525e-01   2.3155981e-02
   7.7591973e-01   2.2851750e-02
   7.7926421e-01   2.2546485e-02
   7.8260870e-01   2.2240186e-02
   7.8595318e-01   2.1932857e-02
   7.8929766e-01   2.1624497e-02
   7.9264214e-01   2.1315107e-02
   7.9598662e-01   2.1004688e-02
   7.9933110e-01   2.0693241e-02
   8.0267559e-01   2.0380765e-02
   8.0602007e-01   2.0067260e-02
   8.0936455e-01   1.9752726e-02
   8.1270903e-01   1.9437163e-02
   8.1605351e-01   1.9120569e-02
   8.1939799e-01   1.8802944e-02
   8.2274247e-01   1.8484286e-02
   8.2608696e-01   1.8164594e-02
   8.2943144e-01   1.7843865e-02
   8.3277592e-01   1.7522099e-02
   8.3612040e-01   1.7199293e-02
   8.3946488e-01   1.6875445e-02
   8.4280936e-01   1.6550551e-02
   8.4615385e-01   1.6224610e-02
   8.4949833e-01   1.5897617e-02
   8.5284281e-01   1.5569570e-02
   8.5618729e-01   1.5240465e-02
   8.5953177e-01   1.4910298e-02
   8.6287625e-01   1.4579065e-02
   8.6622074e-01   1.4246762e-02
   8.6956522e-01   1.3913385e-02
   8.7290970e-01   1.3578928e-02
   8.7625418e-01   1.3243388e-02
   8.7959866e-01   1.2906758e-02
   8.8294314e-01   1.2569033e-02
   8.8628763e-01   1.2230208e-02
   8.8963211e-01   1.1890277e-02
   8.9297659e-01   1.1549234e-02
   8.9632107e-01   1.1207071e-02
   8.9966555e-01   1.0863784e-02
   9.0301003e-01   1.0519365e-02
   9.0635452e-01   1.0173807e-02
   9.0969900e-01   9.8271024e-03
   9.1304348e-01   9.4792444e-03
   9.1638796e-01   9.1302250e-03
   9.1973244e-01   8.7800362e-03
   9.2307692e-01   8.4286701e-03
   9.2642140e-01   8.0761180e-03
   9.2976589e-01   7.7223714e-03
   9.3311037e-01   7.3674215e-03
   9.3645485e-01   7.0112591e-03
   9.3979933e-01   6.6538749e-03
   9.4314381e-01   6.2952593e-03
   9.4648829e-01   5.9354026e-03
   9.4983278e-01   5.5742947e-03
   9.5317726e-01   5.2119254e-03
   9.5652174e-01   4.8482841e-03
   9.5986622e-01   4.4833601e-03
   9.6321070e-01   4.1171426e-03
   9.6655518e-01   3.7496202e-03
   9.6989967e-01   3.3807816e-03
   9.7324415e-01   3.0106150e-03
   9.7658863e-01   2.6391086e-03
   9.7993311e-01   2.2662503e-03
   9.8327759e-01   1.8920277e-03
   9.8662207e-01   1.5164281e-03
   9.8996656e-01   1.1394387e-03
   9.9331104e-01   7.6104649e-04
   9.9665552e-01   3.8123810e-04
   1.0000000e+00   0.0000000e+00
   1.0000000e+00   0.0000000e+00
   9.9665552e-01  -3.8130022e-04
   9.9331104e-01  -7.6116812e-04
   9.8996656e-01  -1.1396173e-03
   9.8662207e-01  -1.5166612e-03
   9.8327759e-01  -1.8923129e-03
   9.7993311e-01  -2.2665854e-03
   9.7658863e-01  -2.6394912e-03
   9.7324415e-01  -3.0110428e-03
   9.6989967e-01  -3.3812524e-03
   9.6655518e-01  -3.7501320e-03
   9.6321070e-01  -4.1176932e-03
   9.5986622e-01  -4.4839476e-03
   9.5652174e-01  -4.8489064e-03
   9.5317726e-01  -5.2125807e-03
   9.4983278e-01  -5.5749811e-03
   9.4648829e-01  -5.9361183e-03
   9.4314381e-01  -6.2960025e-03
   9.3979933e-01  -6.6546439e-03
   9.3645485e-01  -7.0120523e-03
   9.3311037e-01  -7.3682372e-03
   9.2976589e-01  -7.7232081e-03
   9.2642140e-01  -8.0769742e-03
   9.2307692e-01  -8.4295442e-03
   9.1973244e-01  -8.7809269e-03
   9.1638796e-01  -9.1311308e-03
   9.1304348e-01  -9.4801640e-03
   9.0969900e-01  -9.8280346e-03
   9.0635452e-01  -1.0174750e-02
   9.0301003e-01  -1.0520318e-02
   8.9966555e-01  -1.0864746e-02
   8.9632107e-01  -1.1208042e-02
   8.9297659e-01  -1.1550210e-02
   8.8963211e-01  -1.1891259e-02
   8.8628763e-01  -1.2231195e-02
   8.8294314e-01  -1.2570024e-02
   8.7959866e-01  -1.2907751e-02
   8.7625418e-01  -1.3244383e-02
   8.7290970e-01  -1.3579924e-02
   8.6956522e-01  -1.3914381e-02
   8.6622074e-01  -1.4247757e-02
   8.6287625e-01  -1.4580059e-02
   8.5953177e-01  -1.4911289e-02
   8.5618729e-01  -1.5241453e-02
   8.5284281e-01  -1.5570555e-02
   8.4949833e-01  -1.5898598e-02
   8.4615385e-01  -1.6225586e-02
   8.4280936e-01  -1.6551522e-02
   8.3946488e-01  -1.6876410e-02
   8.3612040e-01  -1.7200252e-02
   8.3277592e-01  -1.7523051e-02
   8.2943144e-01  -1.7844810e-02
   8.2608696e-01  -1.8165530e-02
   8.2274247e-01  -1.8485214e-02
   8.1939799e-01  -1.8803864e-02
   8.1605351e-01  -1.9121480e-02
   8.1270903e-01  -1.9438065e-02
   8.0936455e-01  -1.9753619e-02
   8.0602007e-01  -2.0068143e-02
   8.0267559e-01  -2.0381638e-02
   7.9933110e-01  -2.0694103e-02
   7.9598662e-01  -2.1005540e-02
   7.9264214e-01  -2.1315949e-02
   7.8929766e-01  -2.1625328e-02
   7.8595318e-01  -2.1933677e-02
   7.8260870e-01  -2.2240996e-02
   7.7926421e-01  -2.2547283e-02
   7.7591973e-01  -2.2852537e-02
   7.7257525e-01  -2.3156757e-02
   7.6923077e-01  -2.3459941e-02
   7.6588629e-01  -2.3762088e-02
   7.6254181e-01  -2.4063194e-02
   7.5919732e-01  -2.4363257e-02
   7.5585284e-01  -2.4662276e-02
   7.5250836e-01  -2.4960246e-02
   7.4916388e-01  -2.5257166e-02
   7.4581940e-01  -2.5553031e-02
   7.4247492e-01  -2.5847838e-02
   7.3913043e-01  -2.6141583e-02
   7.3578595e-01  -2.6434262e-02
   7.3244147e-01  -2.6725871e-02
   7.2909699e-01  -2.7016406e-02
   7.2575251e-01  -2.7305861e-02
   7.2240803e-01  -2.7594231e-02
   7.1906355e-01  -2.7881513e-02
   7.1571906e-01  -2.8167699e-02
   7.1237458e-01  -2.8452784e-02
   7.0903010e-01  -2.8736763e-02
   7.0568562e-01  -2.9019629e-02
   7.0234114e-01  -2.9301376e-02
   6.9899666e-01  -2.9581997e-02
   6.9565217e-01  -2.9861485e-02
   6.9230769e-01  -3.0139834e-02
   6.8896321e-01  -3.0417035e-02
   6.8561873e-01  -3.0693081e-02
   6.8227425e-01  -3.0967965e-02
   6.7892977e-01  -3.1241678e-02
   6.7558528e-01  -3.1514212e-02
   6.7224080e-01  -3.1785559e-02
   6.6889632e-01  -3.2055709e-02
   6.6555184e-01  -3.2324653e-02
   6.6220736e-01  -3.2592383e-02
   6.5886288e-01  -3.2858888e-02
   6.5551839e-01  -3.3124159e-02
   6.5217391e-01  -3.3388186e-02
   6.4882943e-01  -3.3650959e-02
   6.4548495e-01  -3.3912466e-02
   6.4214047e-01  -3.4172697e-02
   6.3879599e-01  -3.4431641e-02
   6.3545151e-01  -3.4689287e-02
   6.3210702e-01  -3.4945624e-02
   6.2876254e-01  -3.5200638e-02
   6.2541806e-01  -3.5454319e-02
   6.2207358e-01  -3.5706653e-02
   6.1872910e-01  -3.5957629e-02
   6.1538462e-01  -3.6207233e-02
   6.1204013e-01  -3.6455452e-02
   6.0869565e-01  -3.6702273e-02
   6.0535117e-01  -3.6947683e-02
   6.0200669e-01  -3.7191666e-02
   5.9866221e-01  -3.7434210e-02
   5.9531773e-01  -3.7675299e-02
   5.9197324e-01  -3.7914919e-02
   5.8862876e-01  -3.8153055e-02
   5.8528428e-01  -3.8389691e-02
   5.8193980e-01  -3.8624812e-02
   5.7859532e-01  -3.8858402e-02
   5.7525084e-01  -3.9090445e-02
   5.7190635e-01  -3.9320925e-02
   5.6856187e-01  -3.9549824e-02
   5.6521739e-01  -3.9777126e-02
   5.6187291e-01  -4.0002813e-02
   5.5852843e-01  -4.0226869e-02
   5.5518395e-01  -4.0449274e-02
   5.5183946e-01  -4.0670011e-02
   5.4849498e-01  -4.0889062e-02
   5.4515050e-01  -4.1106406e-02
   5.4180602e-01  -4.1322027e-02
   5.3846154e-01  -4.1535903e-02
   5.3511706e-01  -4.1748016e-02
   5.3177258e-01  -4.1958345e-02
   5.2842809e-01  -4.2166869e-02
   5.2508361e-01  -4.2373569e-02
   5.2173913e-01  -4.2578424e-02
   5.1839465e-01  -4.2781411e-02
   5.1505017e-01  -4.2982509e-02
   5.1170569e-01  -4.3181697e-02
   5.0836120e-01  -4.3378951e-02
   5.0501672e-01  -4.3574250e-02
   5.0167224e-01  -4.3767569e-02
   4.9832776e-01  -4.3958887e-02
   4.9498328e-01  -4.4148178e-02
   4.9163880e-01  -4.4335420e-02
   4.8829431e-01  -4.4520586e-02
   4.8494983e-01  -4.4703654e-02
   4.8160535e-01  -4.4884596e-02
   4.7826087e-01  -4.5063388e-02
   4.7491639e-01  -4.5240004e-02
   4.7157191e-01  -4.5414418e-02
   4.6822742e-01  -4.5586602e-02
   4.6488294e-01  -4.5756529e-02
   4.6153846e-01  -4.5924171e-02
   4.5819398e-01  -4.6089502e-02
   4.5484950e-01  -4.6252492e-02
   4.5150502e-01  -4.6413112e-02
   4.4816054e-01  -4.6571333e-02
   4.4481605e-01  -4.6727125e-02
   4.4147157e-01  -4.6880458e-02
   4.3812709e-01  -4.7031302e-02
   4.3478261e-01  -4.7179624e-02
   4.3143813e-01  -4.7325394e-02
   4.2809365e-01  -4.7468580e-02
   4.2474916e-01  -4.7609148e-02
   4.2140468e-01  -4.7747066e-02
   4.1806020e-01  -4.7882300e-02
   4.1471572e-01  -4.8014815e-02
   4.1137124e-01  -4.8144578e-02
   4.0802676e-01  -4.8271552e-02
   4.0468227e-01  -4.8395702e-02
   4.0133779e-01  -4.8516992e-02
   3.9799331e-01  -4.8635385e-02
   3.9464883e-01  -4.8750842e-02
   3.9130435e-01  -4.8863326e-02
   3.8795987e-01  -4.8972798e-02
   3.8461538e-01  -4.9079219e-02
   3.8127090e-01  -4.9182548e-02
   3.7792642e-01  -4.9282744e-02
   3.7458194e-01  -4.9379767e-02
   3.7123746e-01  -4.9473573e-02
   3.6789298e-01  -4.9564120e-02
   3.6454849e-01  -4.9651365e-02
   3.6120401e-01  -4.9735263e-02
   3.5785953e-01  -4.9815768e-02
   3.5451505e-01  -4.9892835e-02
   3.5117057e-01  -4.9966417e-02
   3.4782609e-01  -5.0036467e-02
   3.4448161e-01  -5.0102935e-02
   3.4113712e-01  -5.0165772e-02
   3.3779264e-01  -5.0224928e-02
   3.3444816e-01  -5.0280352e-02
   3.3110368e-01  -5.0331992e-02
   3.2775920e-01  -5.0379793e-02
   3.2441472e-01  -5.0423702e-02
   3.2107023e-01  -5.0463664e-02
   3.1772575e-01  -5.0499621e-02
   3.1438127e-01  -5.0531517e-02
   3.1103679e-01  -5.0559292e-02
   3.0769231e-01  -5.0582886e-02
   3.0434783e-01  -5.0602239e-02
   3.0100334e-01  -5.0617287e-02
   2.9765886e-01  -5.0627966e-02
   2.9431438e-01  -5.0634212e-02
   2.9096990e-01  -5.0635958e-02
   2.8762542e-01  -5.0633134e-02
   2.8428094e-01  -5.0625672e-02
   2.8093645e-01  -5.0613501e-02
   2.7759197e-01  -5.0596546e-02
   2.7424749e-01  -5.0574733e-02
   2.7090301e-01  -5.0547985e-02
   2.6755853e-01  -5.0516225e-02
   2.6421405e-01  -5.0479370e-02
   2.6086957e-01  -5.0437340e-02
   2.5752508e-01  -5.0390049e-02
   2.5418060e-01  -5.0337411e-02
   2.5083612e-01  -5.0279336e-02
   2.4749164e-01  -5.0215734e-02
   2.4414716e-01  -5.0146509e-02
   2.4080268e-01  -5.0071565e-02
   2.3745819e-01  -4.9990803e-02
   2.3411371e-01  -4.9904121e-02
   2.3076923e-01  -4.9811413e-02
   2.2742475e-01  -4.9712571e-02
   2.2408027e-01  -4.9607484e-02
   2.2073579e-01  -4.9496035e-02
   2.1739130e-01  -4.9378107e-02
   2.1404682e-01  -4.9253576e-02
   2.1070234e-01  -4.9122316e-02
   2.0735786e-01  -4.8984196e-02
   2.0401338e-01  -4.8839081e-02
   2.0066890e-01  -4.8686830e-02
   1.9732441e-01  -4.8527299e-02
   1.9397993e-01  -4.8360336e-02
   1.9063545e-01  -4.8185787e-02
   1.8729097e-01  -4.8003488e-02
   1.8394649e-01  -4.7813273e-02
   1.8060201e-01  -4.7614966e-02
   1.7725753e-01  -4.7408385e-02
   1.7391304e-01  -4.7193342e-02
   1.7056856e-01  -4.6969637e-02
   1.6722408e-01  -4.6737067e-02
   1.6387960e-01  -4.6495415e-02
   1.6053512e-01  -4.6244457e-02
   1.5719064e-01  -4.5983957e-02
   1.5384615e-01  -4.5713669e-02
   1.5050167e-01  -4.5433335e-02
   1.4715719e-01  -4.5142682e-02
   1.4381271e-01  -4.4841425e-02
   1.4046823e-01  -4.4529264e-02
   1.3712375e-01  -4.4205882e-02
   1.3377926e-01  -4.3870943e-02
   1.3043478e-01  -4.3524095e-02
   1.2709030e-01  -4.3164962e-02
   1.2374582e-01  -4.2793146e-02
   1.2040134e-01  -4.2408226e-02
   1.1705686e-01  -4.2009751e-02
   1.1371237e-01  -4.1597242e-02
   1.1036789e-01  -4.1170186e-02
   1.0702341e-01  -4.0728033e-02
   1.0367893e-01  -4.0270193e-02
   1.0033445e-01  -3.9796033e-02
   9.6989967e-02  -3.9304866e-02
   9.3645485e-02  -3.8795952e-02
   9.0301003e-02  -3.8268487e-02
   8.6956522e-02  -3.7721595e-02
   8.3612040e-02  -3.7154320e-02
   8.0267559e-02  -3.6565615e-02
   7.6923077e-02  -3.5954325e-02
   7.3578595e-02  -3.5319176e-02
   7.0234114e-02  -3.4658754e-02
   6.6889632e-02  -3.3971478e-02
   6.3545151e-02  -3.3255578e-02
   6.0200669e-02  -3.2509054e-02
   5.6856187e-02  -3.1729634e-02
   5.3511706e-02  -3.0914717e-02
   5.0167224e-02  -3.0061301e-02
   4.6822742e-02  -2.9165889e-02
   4.3478261e-02  -2.8224363e-02
   4.0133779e-02  -2.7231816e-02
   3.6789298e-02  -2.6182318e-02
   3.3444816e-02  -2.5068582e-02
   3.0100334e-02  -2.3881485e-02
   2.6755853e-02  -2.2609329e-02
   2.3411371e-02  -2.1236680e-02
   2.0066890e-02  -1.9742424e-02
   1.6722408e-02  -1.8096285e-02
   1.3377926e-02  -1.6251984e-02
   1.0033445e-02  -1.4131925e-02
   6.6889632e-03  -1.1585437e-02
   3.3444816e-03  -8.2252010e-03
   0.0000000e+00  -0.0000000e+00
