   0.0000000e+00   0.0000000e+00
   3.3444816e-03   3.5523383e-02
   6.6889632e-03   4.9760059e-02
   1.0033445e-02   6.0365677e-02
   1.3377926e-02   6.9045472e-02
   1.6722408e-02   7.6467754e-02
   2.0066890e-02   8.2979276e-02
   2.3411371e-02   8.8788446e-02
   2.6755853e-02   9.4032671e-02
   3.0100334e-02   9.8808539e-02
   3.3444816e-02   1.0318723e-01
   3.6789298e-02   1.0722312e-01
   4.0133779e-02   1.1095900e-01
   4.3478261e-02   1.1442928e-01
   4.6822742e-02   1.1766222e-01
   5.0167224e-02   1.2068139e-01
   5.3511706e-02   1.2350673e-01
   5.6856187e-02   1.2615530e-01
   6.0200669e-02   1.2864185e-01
   6.3545151e-02   1.3097928e-01
   6.6889632e-02   1.3317891e-01
   7.0234114e-02   1.3525080e-01
   7.3578595e-02   1.3720390e-01
   7.6923077e-02   1.3904625e-01
   8.0267559e-02   1.4078511e-01
   8.3612040e-02   1.4242705e-01
   8.6956522e-02   1.4397803e-01
   9.0301003e-02   1.4544353e-01
   9.3645485e-02   1.4682854e-01
   9.6989967e-02   1.4813767e-01
   1.0033445e-01   1.4937517e-01
   1.0367893e-01   1.5054496e-01
   1.0702341e-01   1.5165069e-01
   1.1036789e-01   1.5269575e-01
   1.1371237e-01   1.5368328e-01
   1.1705686e-01   1.5461623e-01
   1.2040134e-01   1.5549737e-01
   1.2374582e-01   1.5632925e-01
   1.2709030e-01   1.5711431e-01
   1.3043478e-01   1.5785482e-01
   1.3377926e-01   1.5855292e-01
   1.3712375e-01   1.5921062e-01
   1.4046823e-01   1.5982982e-01
   1.4381271e-01   1.6041232e-01
   1.4715719e-01   1.6095981e-01
   1.5050167e-01   1.6147391e-01
   1.5384615e-01   1.6195612e-01
   1.5719064e-01   1.6240789e-01
   1.6053512e-01   1.6283059e-01
   1.6387960e-01   1.6322551e-01
   1.6722408e-01   1.6359388e-01
   1.7056856e-01   1.6393688e-01
   1.7391304e-01   1.6425560e-01
   1.7725753e-01   1.6455112e-01
   1.8060201e-01   1.6482444e-01
   1.8394649e-01   1.6507650e-01
   1.8729097e-01   1.6530824e-01
   1.9063545e-01   1.6552051e-01
   1.9397993e-01   1.6571414e-01
   1.9732441e-01   1.6588992e-01
   2.0066890e-01   1.6604860e-01
   2.0401338e-01   1.6619090e-01
   2.0735786e-01   1.6631751e-01
   2.1070234e-01   1.6642906e-01
   2.1404682e-01   1.6652618e-01
   2.1739130e-01   1.6660947e-01
   2.2073579e-01   1.6667949e-01
   2.2408027e-01   1.6673677e-01
   2.2742475e-01   1.6678183e-01
   2.3076923e-01   1.6681515e-01
   2.3411371e-01   1.6683721e-01
   2.3745819e-01   1.6684844e-01
   2.4080268e-01   1.6684926e-01
   2.4414716e-01   1.6684009e-01
   2.4749164e-01   1.6682129e-01
   2.5083612e-01   1.6679323e-01
   2.5418060e-01   1.6675627e-01
   2.5752508e-01   1.6671071e-01
   2.6086957e-01   1.6665689e-01
   2.6421405e-01   1.6659509e-01
   2.6755853e-01   1.6652560e-01
   2.7090301e-01   1.6644867e-01
   2.7424749e-01   1.6636457e-01
   2.7759197e-01   1.6627353e-01
   2.8093645e-01   1.6617577e-01
   2.8428094e-01   1.6607150e-01
   2.8762542e-01   1.6596093e-01
   2.9096990e-01   1.6584425e-01
   2.9431438e-01   1.6572163e-01
   2.9765886e-01   1.6559323e-01
   3.0100334e-01   1.6545922e-01
   3.0434783e-01   1.6531973e-01
   3.0769231e-01   1.6517490e-01
   3.1103679e-01   1.6502487e-01
   3.1438127e-01   1.6486974e-01
   3.1772575e-01   1.6470963e-01
   3.2107023e-01   1.6454462e-01
   3.2441472e-01   1.6437483e-01
   3.2775920e-01   1.6420032e-01
   3.3110368e-01   1.6402117e-01
   3.3444816e-01   1.6383746e-01
   3.3779264e-01   1.6364925e-01
   3.4113712e-01   1.6345658e-01
   3.4448161e-01   1.6325951e-01
   3.4782609e-01   1.6305808e-01
   3.5117057e-01   1.6285232e-01
   3.5451505e-01   1.6264227e-01
   3.5785953e-01   1.6242794e-01
   3.6120401e-01   1.6220937e-01
   3.6454849e-01   1.6198655e-01
   3.6789298e-01   1.6175950e-01
   3.7123746e-01   1.6152822e-01
   3.7458194e-01   1.6129271e-01
   3.7792642e-01   1.6105297e-01
   3.8127090e-01   1.6080897e-01
   3.8461538e-01   1.6056072e-01
   3.8795987e-01   1.6030818e-01
   3.9130435e-01   1.6005134e-01
   3.9464883e-01   1.5979017e-01
   3.9799331e-01   1.5952465e-01
   4.0133779e-01   1.5925472e-01
   4.0468227e-01   1.5898037e-01
   4.0802676e-01   1.5870155e-01
   4.1137124e-01   1.5841822e-01
   4.1471572e-01   1.5813033e-01
   4.1806020e-01   1.5783783e-01
   4.2140468e-01   1.5754068e-01
   4.2474916e-01   1.5723881e-01
   4.2809365e-01   1.5693218e-01
   4.3143813e-01   1.5662072e-01
   4.3478261e-01   1.5630437e-01
   4.3812709e-01   1.5598308e-01
   4.4147157e-01   1.5565677e-01
   4.4481605e-01   1.5532539e-01
   4.4816054e-01   1.5498885e-01
   4.5150502e-01   1.5464711e-01
   4.5484950e-01   1.5430007e-01
   4.5819398e-01   1.5394768e-01
   4.6153846e-01   1.5358985e-01
   4.6488294e-01   1.5322652e-01
   4.6822742e-01   1.5285760e-01
   4.7157191e-01   1.5248302e-01
   4.7491639e-01   1.5210271e-01
   4.7826087e-01   1.5171657e-01
   4.8160535e-01   1.5132454e-01
   4.8494983e-01   1.5092653e-01
   4.8829431e-01   1.5052247e-01
   4.9163880e-01   1.5011227e-01
   4.9498328e-01   1.4969584e-01
   4.9832776e-01   1.4927312e-01
   5.0167224e-01   1.4884401e-01
   5.0501672e-01   1.4840844e-01
   5.0836120e-01   1.4796631e-01
   5.1170569e-01   1.4751756e-01
   5.1505017e-01   1.4706209e-01
   5.1839465e-01   1.4659983e-01
   5.2173913e-01   1.4613068e-01
   5.2508361e-01   1.4565458e-01
   5.2842809e-01   1.4517144e-01
   5.3177258e-01   1.4468118e-01
   5.3511706e-01   1.4418371e-01
   5.3846154e-01   1.4367896e-01
   5.4180602e-01   1.4316685e-01
   5.4515050e-01   1.4264729e-01
   5.4849498e-01   1.4212022e-01
   5.5183946e-01   1.4158556e-01
   5.5518395e-01   1.4104322e-01
   5.5852843e-01   1.4049313e-01
   5.6187291e-01   1.3993522e-01
   5.6521739e-01   1.3936941e-01
   5.6856187e-01   1.3879564e-01
   5.7190635e-01   1.3821383e-01
   5.7525084e-01   1.3762391e-01
   5.7859532e-01   1.3702581e-01
   5.8193980e-01   1.3641946e-01
   5.8528428e-01   1.3580481e-01
   5.8862876e-01   1.3518178e-01
   5.9197324e-01   1.3455031e-01
   5.9531773e-01   1.3391035e-01
   5.9866221e-01   1.3326182e-01
   6.0200669e-01   1.3260467e-01
   6.0535117e-01   1.3193886e-01
   6.0869565e-01   1.3126431e-01
   6.1204013e-01   1.3058098e-01
   6.1538462e-01   1.2988882e-01
   6.1872910e-01   1.2918777e-01
   6.2207358e-01   1.2847780e-01
   6.2541806e-01   1.2775885e-01
   6.2876254e-01   1.2703089e-01
   6.3210702e-01   1.2629386e-01
   6.3545151e-01   1.2554774e-01
   6.3879599e-01   1.2479249e-01
   6.4214047e-01   1.2402806e-01
   6.4548495e-01   1.2325444e-01
   6.4882943e-01   1.2247158e-01
   6.5217391e-01   1.2167947e-01
   6.5551839e-01   1.2087807e-01
   6.5886288e-01   1.2006737e-01
   6.6220736e-01   1.1924734e-01
   6.6555184e-01   1.1841796e-01
   6.6889632e-01   1.1757923e-01
   6.7224080e-01   1.1673113e-01
   6.7558528e-01   1.1587365e-01
   6.7892977e-01   1.1500678e-01
   6.8227425e-01   1.1413051e-01
   6.8561873e-01   1.1324486e-01
   6.8896321e-01   1.1234981e-01
   6.9230769e-01   1.1144538e-01
   6.9565217e-01   1.1053156e-01
   6.9899666e-01   1.0960838e-01
   7.0234114e-01   1.0867584e-01
   7.0568562e-01   1.0773395e-01
   7.0903010e-01   1.0678275e-01
   7.1237458e-01   1.0582225e-01
   7.1571906e-01   1.0485247e-01
   7.1906355e-01   1.0387345e-01
   7.2240803e-01   1.0288522e-01
   7.2575251e-01   1.0188781e-01
   7.2909699e-01   1.0088126e-01
   7.3244147e-01   9.9865614e-02
   7.3578595e-01   9.8840916e-02
   7.3913043e-01   9.7807215e-02
   7.4247492e-01   9.6764563e-02
   7.4581940e-01   9.5713015e-02
   7.4916388e-01   9.4652631e-02
   7.5250836e-01   9.3583473e-02
   7.5585284e-01   9.2505607e-02
   7.5919732e-01   9.1419104e-02
   7.6254181e-01   9.0324036e-02
   7.6588629e-01   8.9220481e-02
   7.6923077e-01   8.8108519e-02
   7.7257525e-01   8.6988236e-02
   7.7591973e-01   8.5859719e-02
   7.7926421e-01   8.4723062e-02
   7.8260870e-01   8.3578359e-02
   7.8595318e-01   8.2425711e-02
   7.8929766e-01   8.1265222e-02
   7.9264214e-01   8.0097000e-02
   7.9598662e-01   7.8921155e-02
   7.9933110e-01   7.7737806e-02
   8.0267559e-01   7.6547070e-02
   8.0602007e-01   7.5349072e-02
   8.0936455e-01   7.4143940e-02
   8.1270903e-01   7.2931807e-02
   8.1605351e-01   7.1712808e-02
   8.1939799e-01   7.0487084e-02
   8.2274247e-01   6.9254780e-02
   8.2608696e-01   6.8016045e-02
   8.2943144e-01   6.6771033e-02
   8.3277592e-01   6.5519900e-02
   8.3612040e-01   6.4262809e-02
   8.3946488e-01   6.2999926e-02
   8.4280936e-01   6.1731423e-02
   8.4615385e-01   6.0457474e-02
   8.4949833e-01   5.9178259e-02
   8.5284281e-01   5.7893962e-02
   8.5618729e-01   5.6604772e-02
   8.5953177e-01   5.5310883e-02
   8.6287625e-01   5.4012491e-02
   8.6622074e-01   5.2709800e-02
   8.6956522e-01   5.1403017e-02
   8.7290970e-01   5.0092353e-02
   8.7625418e-01   4.8778026e-02
   8.7959866e-01   4.7460255e-02
   8.8294314e-01   4.6139267e-02
   8.8628763e-01   4.4815294e-02
   8.8963211e-01   4.3488569e-02
   8.9297659e-01   4.2159335e-02
   8.9632107e-01   4.0827835e-02
   8.9966555e-01   3.9494321e-02
   9.0301003e-01   3.8159047e-02
   9.0635452e-01   3.6822272e-02
   9.0969900e-01   3.5484264e-02
   9.1304348e-01   3.4145290e-02
   9.1638796e-01   3.2805626e-02
   9.1973244e-01   3.1465552e-02
   9.2307692e-01   3.0125354e-02
   9.2642140e-01   2.8785321e-02
   9.2976589e-01   2.7445748e-02
   9.3311037e-01   2.6106937e-02
   9.3645485e-01   2.4769192e-02
   9.3979933e-01   2.3432826e-02
   9.4314381e-01   2.2098153e-02
   9.4648829e-01   2.0765495e-02
   9.4983278e-01   1.9435179e-02
   9.5317726e-01   1.8107536e-02
   9.5652174e-01   1.6782905e-02
   9.5986622e-01   1.5461627e-02
   9.6321070e-01   1.4144051e-02
   9.6655518e-01   1.2830529e-02
   9.6989967e-01   1.1521422e-02
   9.7324415e-01   1.0217092e-02
   9.7658863e-01   8.9179106e-03
   9.7993311e-01   7.6242520e-03
   9.8327759e-01   6.3364973e-03
   9.8662207e-01   5.0550329e-03
   9.8996656e-01   3.7802506e-03
   9.9331104e-01   2.5125480e-03
   9.9665552e-01   1.2523282e-03
   1.0000000e+00   0.0000000e+00
   1.0000000e+00   0.0000000e+00
   9.9665552e-01  -2.2540058e-06
   9.9331104e-01   7.3472498e-06
   9.8996656e-01   2.8440825e-05
   9.8662207e-01   6.0668296e-05
   9.8327759e-01   1.0367574e-04
   9.7993311e-01   1.5711371e-04
   9.7658863e-01   2.2063725e-04
   9.7324415e-01   2.9390583e-04
   9.6989967e-01   3.7658338e-04
   9.6655518e-01   4.6833824e-04
   9.6321070e-01   5.6884316e-04
   9.5986622e-01   6.7777528e-04
   9.5652174e-01   7.9481611e-04
   9.5317726e-01   9.1965152e-04
   9.4983278e-01   1.0519717e-03
   9.4648829e-01   1.1914713e-03
   9.4314381e-01   1.3378490e-03
   9.3979933e-01   1.4908080e-03
   9.3645485e-01   1.6500558e-03
   9.3311037e-01   1.8153039e-03
   9.2976589e-01   1.9862684e-03
   9.2642140e-01   2.1626694e-03
   9.2307692e-01   2.3442312e-03
   9.1973244e-01   2.5306823e-03
   9.1638796e-01   2.7217556e-03
   9.1304348e-01   2.9171878e-03
   9.0969900e-01   3.1167200e-03
   9.0635452e-01   3.3200974e-03
   9.0301003e-01   3.5270692e-03
   8.9966555e-01   3.7373888e-03
   8.9632107e-01   3.9508136e-03
   8.9297659e-01   4.1671051e-03
   8.8963211e-01   4.3860288e-03
   8.8628763e-01   4.6073544e-03
   8.8294314e-01   4.8308552e-03
   8.7959866e-01   5.0563089e-03
   8.7625418e-01   5.2834971e-03
   8.7290970e-01   5.5122051e-03
   8.6956522e-01   5.7422224e-03
   8.6622074e-01   5.9733423e-03
   8.6287625e-01   6.2053620e-03
   8.5953177e-01   6.4380827e-03
   8.5618729e-01   6.6713094e-03
   8.5284281e-01   6.9048508e-03
   8.4949833e-01   7.1385195e-03
   8.4615385e-01   7.3721322e-03
   8.4280936e-01   7.6055089e-03
   8.3946488e-01   7.8384738e-03
   8.3612040e-01   8.0708547e-03
   8.3277592e-01   8.3024830e-03
   8.2943144e-01   8.5331940e-03
   8.2608696e-01   8.7628266e-03
   8.2274247e-01   8.9912236e-03
   8.1939799e-01   9.2182311e-03
   8.1605351e-01   9.4436991e-03
   8.1270903e-01   9.6674812e-03
   8.0936455e-01   9.8894345e-03
   8.0602007e-01   1.0109420e-02
   8.0267559e-01   1.0327301e-02
   7.9933110e-01   1.0542947e-02
   7.9598662e-01   1.0756229e-02
   7.9264214e-01   1.0967020e-02
   7.8929766e-01   1.1175201e-02
   7.8595318e-01   1.1380653e-02
   7.8260870e-01   1.1583261e-02
   7.7926421e-01   1.1782914e-02
   7.7591973e-01   1.1979503e-02
   7.7257525e-01   1.2172926e-02
   7.6923077e-01   1.2363080e-02
   7.6588629e-01   1.2549868e-02
   7.6254181e-01   1.2733195e-02
   7.5919732e-01   1.2912972e-02
   7.5585284e-01   1.3089108e-02
   7.5250836e-01   1.3261521e-02
   7.4916388e-01   1.3430129e-02
   7.4581940e-01   1.3594855e-02
   7.4247492e-01   1.3755622e-02
   7.3913043e-01   1.3912360e-02
   7.3578595e-01   1.4065000e-02
   7.3244147e-01   1.4213477e-02
   7.2909699e-01   1.4357728e-02
   7.2575251e-01   1.4497696e-02
   7.2240803e-01   1.4633323e-02
   7.1906355e-01   1.4764556e-02
   7.1571906e-01   1.4891347e-02
   7.1237458e-01   1.5013648e-02
   7.0903010e-01   1.5131415e-02
   7.0568562e-01   1.5244607e-02
   7.0234114e-01   1.5353186e-02
   6.9899666e-01   1.5457118e-02
   6.9565217e-01   1.5556370e-02
   6.9230769e-01   1.5650914e-02
   6.8896321e-01   1.5740721e-02
   6.8561873e-01   1.5825771e-02
   6.8227425e-01   1.5906040e-02
   6.7892977e-01   1.5981512e-02
   6.7558528e-01   1.6052172e-02
   6.7224080e-01   1.6118007e-02
   6.6889632e-01   1.6179008e-02
   6.6555184e-01   1.6235167e-02
   6.6220736e-01   1.6286480e-02
   6.5886288e-01   1.6332946e-02
   6.5551839e-01   1.6374565e-02
   6.5217391e-01   1.6411342e-02
   6.4882943e-01   1.6443282e-02
   6.4548495e-01   1.6470395e-02
   6.4214047e-01   1.6492691e-02
   6.3879599e-01   1.6510184e-02
   6.3545151e-01   1.6522891e-02
   6.3210702e-01   1.6530830e-02
   6.2876254e-01   1.6534023e-02
   6.2541806e-01   1.6532493e-02
   6.2207358e-01   1.6526266e-02
   6.1872910e-01   1.6515370e-02
   6.1538462e-01   1.6499836e-02
   6.1204013e-01   1.6479697e-02
   6.0869565e-01   1.6454988e-02
   6.0535117e-01   1.6425747e-02
   6.0200669e-01   1.6392013e-02
   5.9866221e-01   1.6353829e-02
   5.9531773e-01   1.6311237e-02
   5.9197324e-01   1.6264285e-02
   5.8862876e-01   1.6213021e-02
   5.8528428e-01   1.6157495e-02
   5.8193980e-01   1.6097759e-02
   5.7859532e-01   1.6033869e-02
   5.7525084e-01   1.5965880e-02
   5.7190635e-01   1.5893851e-02
   5.6856187e-01   1.5817843e-02
   5.6521739e-01   1.5737917e-02
   5.6187291e-01   1.5654139e-02
   5.5852843e-01   1.5566573e-02
   5.5518395e-01   1.5475289e-02
   5.5183946e-01   1.5380355e-02
   5.4849498e-01   1.5281844e-02
   5.4515050e-01   1.5179828e-02
   5.4180602e-01   1.5074382e-02
   5.3846154e-01   1.4965583e-02
   5.3511706e-01   1.4853509e-02
   5.3177258e-01   1.4738240e-02
   5.2842809e-01   1.4619857e-02
   5.2508361e-01   1.4498443e-02
   5.2173913e-01   1.4374084e-02
   5.1839465e-01   1.4246864e-02
   5.1505017e-01   1.4116871e-02
   5.1170569e-01   1.3984193e-02
   5.0836120e-01   1.3848923e-02
   5.0501672e-01   1.3711149e-02
   5.0167224e-01   1.3570966e-02
   4.9832776e-01   1.3428468e-02
   4.9498328e-01   1.3283750e-02
   4.9163880e-01   1.3136909e-02
   4.8829431e-01   1.2988041e-02
   4.8494983e-01   1.2837247e-02
   4.8160535e-01   1.2684626e-02
   4.7826087e-01   1.2530280e-02
   4.7491639e-01   1.2374309e-02
   4.7157191e-01   1.2216818e-02
   4.6822742e-01   1.2057911e-02
   4.6488294e-01   1.1897691e-02
   4.6153846e-01   1.1736266e-02
   4.5819398e-01   1.1573741e-02
   4.5484950e-01   1.1410223e-02
   4.5150502e-01   1.1245822e-02
   4.4816054e-01   1.1080646e-02
   4.4481605e-01   1.0914804e-02
   4.4147157e-01   1.0748406e-02
   4.3812709e-01   1.0581563e-02
   4.3478261e-01   1.0414387e-02
   4.3143813e-01   1.0246988e-02
   4.2809365e-01   1.0079479e-02
   4.2474916e-01   9.9119730e-03
   4.2140468e-01   9.7445823e-03
   4.1806020e-01   9.5774201e-03
   4.1471572e-01   9.4105999e-03
   4.1137124e-01   9.2442353e-03
   4.0802676e-01   9.0784400e-03
   4.0468227e-01   8.9133281e-03
   4.0133779e-01   8.7490134e-03
   3.9799331e-01   8.5856098e-03
   3.9464883e-01   8.4232314e-03
   3.9130435e-01   8.2619918e-03
   3.8795987e-01   8.1020048e-03
   3.8461538e-01   7.9433838e-03
   3.8127090e-01   7.7862420e-03
   3.7792642e-01   7.6306922e-03
   3.7458194e-01   7.4768469e-03
   3.7123746e-01   7.3248182e-03
   3.6789298e-01   7.1747175e-03
   3.6454849e-01   7.0266559e-03
   3.6120401e-01   6.8807437e-03
   3.5785953e-01   6.7370906e-03
   3.5451505e-01   6.5958054e-03
   3.5117057e-01   6.4569965e-03
   3.4782609e-01   6.3207708e-03
   3.4448161e-01   6.1872347e-03
   3.4113712e-01   6.0564935e-03
   3.3779264e-01   5.9286512e-03
   3.3444816e-01   5.8038109e-03
   3.3110368e-01   5.6820743e-03
   3.2775920e-01   5.5635418e-03
   3.2441472e-01   5.4483124e-03
   3.2107023e-01   5.3364836e-03
   3.1772575e-01   5.2281515e-03
   3.1438127e-01   5.1234103e-03
   3.1103679e-01   5.0223526e-03
   3.0769231e-01   4.9250693e-03
   3.0434783e-01   4.8316491e-03
   3.0100334e-01   4.7421789e-03
   2.9765886e-01   4.6567435e-03
   2.9431438e-01   4.5754254e-03
   2.9096990e-01   4.4983048e-03
   2.8762542e-01   4.4254596e-03
   2.8428094e-01   4.3569651e-03
   2.8093645e-01   4.2928940e-03
   2.7759197e-01   4.2333162e-03
   2.7424749e-01   4.1782988e-03
   2.7090301e-01   4.1279061e-03
   2.6755853e-01   4.0821988e-03
   2.6421405e-01   4.0412350e-03
   2.6086957e-01   4.0050689e-03
   2.5752508e-01   3.9737514e-03
   2.5418060e-01   3.9473298e-03
   2.5083612e-01   3.9258476e-03
   2.4749164e-01   3.9093443e-03
   2.4414716e-01   3.8978552e-03
   2.4080268e-01   3.8914115e-03
   2.3745819e-01   3.8900397e-03
   2.3411371e-01   3.8937619e-03
   2.3076923e-01   3.9025954e-03
   2.2742475e-01   3.9165522e-03
   2.2408027e-01   3.9356393e-03
   2.2073579e-01   3.9598583e-03
   2.1739130e-01   3.9892050e-03
   2.1404682e-01   4.0236693e-03
   2.1070234e-01   4.0632351e-03
   2.0735786e-01   4.1078798e-03
   2.0401338e-01   4.1575743e-03
   2.0066890e-01   4.2122822e-03
   1.9732441e-01   4.2719602e-03
   1.9397993e-01   4.3365574e-03
   1.9063545e-01   4.4060148e-03
   1.8729097e-01   4.4802653e-03
   1.8394649e-01   4.5592332e-03
   1.8060201e-01   4.6428337e-03
   1.7725753e-01   4.7309726e-03
   1.7391304e-01   4.8235460e-03
   1.7056856e-01   4.9204393e-03
   1.6722408e-01   5.0215274e-03
   1.6387960e-01   5.1266735e-03
   1.6053512e-01   5.2357291e-03
   1.5719064e-01   5.3485329e-03
   1.5384615e-01   5.4649104e-03
   1.5050167e-01   5.5846732e-03
   1.4715719e-01   5.7076180e-03
   1.4381271e-01   5.8335259e-03
   1.4046823e-01   5.9621616e-03
   1.3712375e-01   6.0932724e-03
   1.3377926e-01   6.2265866e-03
   1.3043478e-01   6.3618131e-03
   1.2709030e-01   6.4986397e-03
   1.2374582e-01   6.6367316e-03
   1.2040134e-01   6.7757300e-03
   1.1705686e-01   6.9152505e-03
   1.1371237e-01   7.0548807e-03
   1.1036789e-01   7.1941787e-03
   1.0702341e-01   7.3326701e-03
   1.0367893e-01   7.4698458e-03
   1.0033445e-01   7.6051586e-03
   9.6989967e-02   7.7380202e-03
   9.3645485e-02   7.8677968e-03
   9.0301003e-02   7.9938052e-03
   8.6956522e-02   8.1153073e-03
   8.3612040e-02   8.2315042e-03
   8.0267559e-02   8.3415296e-03
   7.6923077e-02   8.4444417e-03
   7.3578595e-02   8.5392135e-03
   7.0234114e-02   8.6247218e-03
   6.6889632e-02   8.6997336e-03
   6.3545151e-02   8.7628897e-03
   6.0200669e-02   8.8126853e-03
   5.6856187e-02   8.8474445e-03
   5.3511706e-02   8.8652904e-03
   5.0167224e-02   8.8641057e-03
   4.6822742e-02   8.8414828e-03
   4.3478261e-02   8.7946578e-03
   4.0133779e-02   8.7204233e-03
   3.6789298e-02   8.6150087e-03
   3.3444816e-02   8.4739127e-03
   3.0100334e-02   8.2916618e-03
   2.6755853e-02   8.0614481e-03
   2.3411371e-02   7.7745639e-03
   2.0066890e-02   7.4194668e-03
   1.6722408e-02   6.9801254e-03
   1.3377926e-02   6.4328074e-03
   1.0033445e-02   5.7389819e-03
   6.6889632e-03   4.8261908e-03
   3.3444816e-03   3.5141204e-03
   0.0000000e+00   0.0000000e+00
