   0.0000000e+00   0.0000000e+00
   3.3444816e-03   1.3459332e-02
   6.6889632e-03   1.8902482e-02
   1.0033445e-02   2.2990969e-02
   1.3377926e-02   2.6365252e-02
   1.6722408e-02   2.9275524e-02
   2.0066890e-02   3.1851179e-02
   2.3411371e-02   3.4169732e-02
   2.6755853e-02   3.6282121e-02
   3.0100334e-02   3.8224029e-02
   3.3444816e-02   4.0021667e-02
   3.6789298e-02   4.1694989e-02
   4.0133779e-02   4.3259636e-02
   4.3478261e-02   4.4728154e-02
   4.6822742e-02   4.6110802e-02
   5.0167224e-02   4.7416111e-02
   5.3511706e-02   4.8651268e-02
   5.6856187e-02   4.9822406e-02
   6.0200669e-02   5.0934812e-02
   6.3545151e-02   5.1993082e-02
   6.6889632e-02   5.3001250e-02
   7.0234114e-02   5.3962878e-02
   7.3578595e-02   5.4881132e-02
   7.6923077e-02   5.5758845e-02
   8.0267559e-02   5.6598561e-02
   8.3612040e-02   5.7402581e-02
   8.6956522e-02   5.8172989e-02
   9.0301003e-02   5.8911686e-02
   9.3645485e-02   5.9620406e-02
   9.6989967e-02   6.0300743e-02
   1.0033445e-01   6.0954160e-02
   1.0367893e-01   6.1582007e-02
   1.0702341e-01   6.2185535e-02
   1.1036789e-01   6.2765901e-02
   1.1371237e-01   6.3324181e-02
   1.1705686e-01   6.3861377e-02
   1.2040134e-01   6.4378422e-02
   1.2374582e-01   6.4876191e-02
   1.2709030e-01   6.5355500e-02
   1.3043478e-01   6.5817115e-02
   1.3377926e-01   6.6261756e-02
   1.3712375e-01   6.6690099e-02
   1.4046823e-01   6.7102780e-02
   1.4381271e-01   6.7500399e-02
   1.4715719e-01   6.7883521e-02
   1.5050167e-01   6.8252681e-02
   1.5384615e-01   6.8608384e-02
   1.5719064e-01   6.8951107e-02
   1.6053512e-01   6.9281302e-02
   1.6387960e-01   6.9599398e-02
   1.6722408e-01   6.9905802e-02
   1.7056856e-01   7.0200899e-02
   1.7391304e-01   7.0485054e-02
   1.7725753e-01   7.0758616e-02
   1.8060201e-01   7.1021915e-02
   1.8394649e-01   7.1275265e-02
   1.8729097e-01   7.1518964e-02
   1.9063545e-01   7.1753298e-02
   1.9397993e-01   7.1978537e-02
   1.9732441e-01   7.2194939e-02
   2.0066890e-01   7.2402749e-02
   2.0401338e-01   7.2602202e-02
   2.0735786e-01   7.2793520e-02
   2.1070234e-01   7.2976916e-02
   2.1404682e-01   7.3152592e-02
   2.1739130e-01   7.3320742e-02
   2.2073579e-01   7.3481549e-02
   2.2408027e-01   7.3635191e-02
   2.2742475e-01   7.3781833e-02
   2.3076923e-01   7.3921635e-02
   2.3411371e-01   7.4054751e-02
   2.3745819e-01   7.4181324e-02
   2.4080268e-01   7.4301494e-02
   2.4414716e-01   7.4415393e-02
   2.4749164e-01   7.4523146e-02
   2.5083612e-01   7.4624873e-02
   2.5418060e-01   7.4720689e-02
   2.5752508e-01   7.4810702e-02
   2.6086957e-01   7.4895015e-02
   2.6421405e-01   7.4973728e-02
   2.6755853e-01   7.5046935e-02
   2.7090301e-01   7.5114724e-02
   2.7424749e-01   7.5177181e-02
   2.7759197e-01   7.5234386e-02
   2.8093645e-01   7.5286416e-02
   2.8428094e-01   7.5333344e-02
   2.8762542e-01   7.5375239e-02
   2.9096990e-01   7.5412166e-02
   2.9431438e-01   7.5444188e-02
   2.9765886e-01   7.5471363e-02
   3.0100334e-01   7.5493748e-02
   3.0434783e-01   7.5511394e-02
   3.0769231e-01   7.5524351e-02
   3.1103679e-01   7.5532667e-02
   3.1438127e-01   7.5536385e-02
   3.1772575e-01   7.5535547e-02
   3.2107023e-01   7.5530192e-02
   3.2441472e-01   7.5520358e-02
   3.2775920e-01   7.5506078e-02
   3.3110368e-01   7.5487385e-02
   3.3444816e-01   7.5464309e-02
   3.3779264e-01   7.5436878e-02
   3.4113712e-01   7.5405118e-02
   3.4448161e-01   7.5369054e-02
   3.4782609e-01   7.5328709e-02
   3.5117057e-01   7.5284102e-02
   3.5451505e-01   7.5235254e-02
   3.5785953e-01   7.5182182e-02
   3.6120401e-01   7.5124902e-02
   3.6454849e-01   7.5063429e-02
   3.6789298e-01   7.4997777e-02
   3.7123746e-01   7.4927956e-02
   3.7458194e-01   7.4853979e-02
   3.7792642e-01   7.4775854e-02
   3.8127090e-01   7.4693590e-02
   3.8461538e-01   7.4607194e-02
   3.8795987e-01   7.4516673e-02
   3.9130435e-01   7.4422033e-02
   3.9464883e-01   7.4323276e-02
   3.9799331e-01   7.4220408e-02
   4.0133779e-01   7.4113430e-02
   4.0468227e-01   7.4002344e-02
   4.0802676e-01   7.3887152e-02
   4.1137124e-01   7.3767854e-02
   4.1471572e-01   7.3644450e-02
   4.1806020e-01   7.3516939e-02
   4.2140468e-01   7.3385319e-02
   4.2474916e-01   7.3249589e-02
   4.2809365e-01   7.3109747e-02
   4.3143813e-01   7.2965788e-02
   4.3478261e-01   7.2817711e-02
   4.3812709e-01   7.2665510e-02
   4.4147157e-01   7.2509183e-02
   4.4481605e-01   7.2348725e-02
   4.4816054e-01   7.2184130e-02
   4.5150502e-01   7.2015395e-02
   4.5484950e-01   7.1842514e-02
   4.5819398e-01   7.1665481e-02
   4.6153846e-01   7.1484292e-02
   4.6488294e-01   7.1298940e-02
   4.6822742e-01   7.1109421e-02
   4.7157191e-01   7.0915727e-02
   4.7491639e-01   7.0717854e-02
   4.7826087e-01   7.0515795e-02
   4.8160535e-01   7.0309545e-02
   4.8494983e-01   7.0099098e-02
   4.8829431e-01   6.9884448e-02
   4.9163880e-01   6.9665591e-02
   4.9498328e-01   6.9442519e-02
   4.9832776e-01   6.9215229e-02
   5.0167224e-01   6.8983714e-02
   5.0501672e-01   6.8747970e-02
   5.0836120e-01   6.8507993e-02
   5.1170569e-01   6.8263777e-02
   5.1505017e-01   6.8015320e-02
   5.1839465e-01   6.7762615e-02
   5.2173913e-01   6.7505662e-02
   5.2508361e-01   6.7244455e-02
   5.2842809e-01   6.6978992e-02
   5.3177258e-01   6.6709270e-02
   5.3511706e-01   6.6435289e-02
   5.3846154e-01   6.6157045e-02
   5.4180602e-01   6.5874537e-02
   5.4515050e-01   6.5587766e-02
   5.4849498e-01   6.5296730e-02
   5.5183946e-01   6.5001430e-02
   5.5518395e-01   6.4701867e-02
   5.5852843e-01   6.4398041e-02
   5.6187291e-01   6.4089955e-02
   5.6521739e-01   6.3777611e-02
   5.6856187e-01   6.3461013e-02
   5.7190635e-01   6.3140163e-02
   5.7525084e-01   6.2815066e-02
   5.7859532e-01   6.2485727e-02
   5.8193980e-01   6.2152152e-02
   5.8528428e-01   6.1814347e-02
   5.8862876e-01   6.1472319e-02
   5.9197324e-01   6.1126075e-02
   5.9531773e-01   6.0775625e-02
   5.9866221e-01   6.0420977e-02
   6.0200669e-01   6.0062141e-02
   6.0535117e-01   5.9699128e-02
   6.0869565e-01   5.9331950e-02
   6.1204013e-01   5.8960618e-02
   6.1538462e-01   5.8585147e-02
   6.1872910e-01   5.8205550e-02
   6.2207358e-01   5.7821842e-02
   6.2541806e-01   5.7434039e-02
   6.2876254e-01   5.7042158e-02
   6.3210702e-01   5.6646216e-02
   6.3545151e-01   5.6246231e-02
   6.3879599e-01   5.5842224e-02
   6.4214047e-01   5.5434214e-02
   6.4548495e-01   5.5022224e-02
   6.4882943e-01   5.4606275e-02
   6.5217391e-01   5.4186390e-02
   6.5551839e-01   5.3762595e-02
   6.5886288e-01   5.3334914e-02
   6.6220736e-01   5.2903373e-02
   6.6555184e-01   5.2468002e-02
   6.6889632e-01   5.2028826e-02
   6.7224080e-01   5.1585878e-02
   6.7558528e-01   5.1139186e-02
   6.7892977e-01   5.0688783e-02
   6.8227425e-01   5.0234702e-02
   6.8561873e-01   4.9776977e-02
   6.8896321e-01   4.9315643e-02
   6.9230769e-01   4.8850736e-02
   6.9565217e-01   4.8382293e-02
   6.9899666e-01   4.7910354e-02
   7.0234114e-01   4.7434958e-02
   7.0568562e-01   4.6956147e-02
   7.0903010e-01   4.6473961e-02
   7.1237458e-01   4.5988446e-02
   7.1571906e-01   4.5499645e-02
   7.1906355e-01   4.5007604e-02
   7.2240803e-01   4.4512372e-02
   7.2575251e-01   4.4013995e-02
   7.2909699e-01   4.3512524e-02
   7.3244147e-01   4.3008010e-02
   7.3578595e-01   4.2500506e-02
   7.3913043e-01   4.1990064e-02
   7.4247492e-01   4.1476741e-02
   7.4581940e-01   4.0960591e-02
   7.4916388e-01   4.0441674e-02
   7.5250836e-01   3.9920047e-02
   7.5585284e-01   3.9395772e-02
   7.5919732e-01   3.8868910e-02
   7.6254181e-01   3.8339524e-02
   7.6588629e-01   3.7807679e-02
   7.6923077e-01   3.7273440e-02
   7.7257525e-01   3.6736876e-02
   7.7591973e-01   3.6198055e-02
   7.7926421e-01   3.5657047e-02
   7.8260870e-01   3.5113924e-02
   7.8595318e-01   3.4568759e-02
   7.8929766e-01   3.4021627e-02
   7.9264214e-01   3.3472603e-02
   7.9598662e-01   3.2921767e-02
   7.9933110e-01   3.2369196e-02
   8.0267559e-01   3.1814971e-02
   8.0602007e-01   3.1259175e-02
   8.0936455e-01   3.0701891e-02
   8.1270903e-01   3.0143205e-02
   8.1605351e-01   2.9583202e-02
   8.1939799e-01   2.9021973e-02
   8.2274247e-01   2.8459606e-02
   8.2608696e-01   2.7896192e-02
   8.2943144e-01   2.7331826e-02
   8.3277592e-01   2.6766602e-02
   8.3612040e-01   2.6200616e-02
   8.3946488e-01   2.5633966e-02
   8.4280936e-01   2.5066751e-02
   8.4615385e-01   2.4499073e-02
   8.4949833e-01   2.3931035e-02
   8.5284281e-01   2.3362740e-02
   8.5618729e-01   2.2794296e-02
   8.5953177e-01   2.2225810e-02
   8.6287625e-01   2.1657391e-02
   8.6622074e-01   2.1089150e-02
   8.6956522e-01   2.0521201e-02
   8.7290970e-01   1.9953659e-02
   8.7625418e-01   1.9386638e-02
   8.7959866e-01   1.8820258e-02
   8.8294314e-01   1.8254638e-02
   8.8628763e-01   1.7689899e-02
   8.8963211e-01   1.7126166e-02
   8.9297659e-01   1.6563562e-02
   8.9632107e-01   1.6002215e-02
   8.9966555e-01   1.5442253e-02
   9.0301003e-01   1.4883806e-02
   9.0635452e-01   1.4327008e-02
   9.0969900e-01   1.3771990e-02
   9.1304348e-01   1.3218890e-02
   9.1638796e-01   1.2667845e-02
   9.1973244e-01   1.2118994e-02
   9.2307692e-01   1.1572478e-02
   9.2642140e-01   1.1028440e-02
   9.2976589e-01   1.0487026e-02
   9.3311037e-01   9.9483823e-03
   9.3645485e-01   9.4126570e-03
   9.3979933e-01   8.8800009e-03
   9.4314381e-01   8.3505662e-03
   9.4648829e-01   7.8245074e-03
   9.4983278e-01   7.3019806e-03
   9.5317726e-01   6.7831438e-03
   9.5652174e-01   6.2681570e-03
   9.5986622e-01   5.7571821e-03
   9.6321070e-01   5.2503830e-03
   9.6655518e-01   4.7479254e-03
   9.6989967e-01   4.2499769e-03
   9.7324415e-01   3.7567074e-03
   9.7658863e-01   3.2682884e-03
   9.7993311e-01   2.7848934e-03
   9.8327759e-01   2.3066981e-03
   9.8662207e-01   1.8338799e-03
   9.8996656e-01   1.3666185e-03
   9.9331104e-01   9.0509537e-04
   9.9665552e-01   4.4949402e-04
   1.0000000e+00   0.0000000e+00
   1.0000000e+00   0.0000000e+00
   9.9665552e-01  -5.4974635e-04
   9.9331104e-01  -1.0918276e-03
   9.8996656e-01  -1.6263186e-03
   9.8662207e-01  -2.1532938e-03
   9.8327759e-01  -2.6728272e-03
   9.7993311e-01  -3.1849925e-03
   9.7658863e-01  -3.6898631e-03
   9.7324415e-01  -4.1875118e-03
   9.6989967e-01  -4.6780112e-03
   9.6655518e-01  -5.1614333e-03
   9.6321070e-01  -5.6378501e-03
   9.5986622e-01  -6.1073328e-03
   9.5652174e-01  -6.5699524e-03
   9.5317726e-01  -7.0257796e-03
   9.4983278e-01  -7.4748846e-03
   9.4648829e-01  -7.9173372e-03
   9.4314381e-01  -8.3532068e-03
   9.3979933e-01  -8.7825626e-03
   9.3645485e-01  -9.2054733e-03
   9.3311037e-01  -9.6220070e-03
   9.2976589e-01  -1.0032232e-02
   9.2642140e-01  -1.0436215e-02
   9.2307692e-01  -1.0834025e-02
   9.1973244e-01  -1.1225726e-02
   9.1638796e-01  -1.1611387e-02
   9.1304348e-01  -1.1991072e-02
   9.0969900e-01  -1.2364848e-02
   9.0635452e-01  -1.2732780e-02
   9.0301003e-01  -1.3094933e-02
   8.9966555e-01  -1.3451370e-02
   8.9632107e-01  -1.3802157e-02
   8.9297659e-01  -1.4147356e-02
   8.8963211e-01  -1.4487032e-02
   8.8628763e-01  -1.4821246e-02
   8.8294314e-01  -1.5150062e-02
   8.7959866e-01  -1.5473542e-02
   8.7625418e-01  -1.5791748e-02
   8.7290970e-01  -1.6104740e-02
   8.6956522e-01  -1.6412581e-02
   8.6622074e-01  -1.6715329e-02
   8.6287625e-01  -1.7013047e-02
   8.5953177e-01  -1.7305793e-02
   8.5618729e-01  -1.7593627e-02
   8.5284281e-01  -1.7876608e-02
   8.4949833e-01  -1.8154795e-02
   8.4615385e-01  -1.8428246e-02
   8.4280936e-01  -1.8697019e-02
   8.3946488e-01  -1.8961171e-02
   8.3612040e-01  -1.9220760e-02
   8.3277592e-01  -1.9475842e-02
   8.2943144e-01  -1.9726474e-02
   8.2608696e-01  -1.9972712e-02
   8.2274247e-01  -2.0214611e-02
   8.1939799e-01  -2.0452226e-02
   8.1605351e-01  -2.0685612e-02
   8.1270903e-01  -2.0914824e-02
   8.0936455e-01  -2.1139916e-02
   8.0602007e-01  -2.1360941e-02
   8.0267559e-01  -2.1577953e-02
   7.9933110e-01  -2.1791003e-02
   7.9598662e-01  -2.2000146e-02
   7.9264214e-01  -2.2205433e-02
   7.8929766e-01  -2.2406915e-02
   7.8595318e-01  -2.2604644e-02
   7.8260870e-01  -2.2798671e-02
   7.7926421e-01  -2.2989046e-02
   7.7591973e-01  -2.3175819e-02
   7.7257525e-01  -2.3359040e-02
   7.6923077e-01  -2.3538759e-02
   7.6588629e-01  -2.3715024e-02
   7.6254181e-01  -2.3887884e-02
   7.5919732e-01  -2.4057387e-02
   7.5585284e-01  -2.4223580e-02
   7.5250836e-01  -2.4386512e-02
   7.4916388e-01  -2.4546228e-02
   7.4581940e-01  -2.4702777e-02
   7.4247492e-01  -2.4856202e-02
   7.3913043e-01  -2.5006552e-02
   7.3578595e-01  -2.5153869e-02
   7.3244147e-01  -2.5298201e-02
   7.2909699e-01  -2.5439591e-02
   7.2575251e-01  -2.5578084e-02
   7.2240803e-01  -2.5713722e-02
   7.1906355e-01  -2.5846550e-02
   7.1571906e-01  -2.5976611e-02
   7.1237458e-01  -2.6103947e-02
   7.0903010e-01  -2.6228600e-02
   7.0568562e-01  -2.6350611e-02
   7.0234114e-01  -2.6470023e-02
   6.9899666e-01  -2.6586876e-02
   6.9565217e-01  -2.6701211e-02
   6.9230769e-01  -2.6813067e-02
   6.8896321e-01  -2.6922485e-02
   6.8561873e-01  -2.7029504e-02
   6.8227425e-01  -2.7134162e-02
   6.7892977e-01  -2.7236499e-02
   6.7558528e-01  -2.7336551e-02
   6.7224080e-01  -2.7434357e-02
   6.6889632e-01  -2.7529955e-02
   6.6555184e-01  -2.7623380e-02
   6.6220736e-01  -2.7714669e-02
   6.5886288e-01  -2.7803858e-02
   6.5551839e-01  -2.7890984e-02
   6.5217391e-01  -2.7976080e-02
   6.4882943e-01  -2.8059181e-02
   6.4548495e-01  -2.8140323e-02
   6.4214047e-01  -2.8219538e-02
   6.3879599e-01  -2.8296860e-02
   6.3545151e-01  -2.8372323e-02
   6.3210702e-01  -2.8445958e-02
   6.2876254e-01  -2.8517799e-02
   6.2541806e-01  -2.8587876e-02
   6.2207358e-01  -2.8656221e-02
   6.1872910e-01  -2.8722865e-02
   6.1538462e-01  -2.8787838e-02
   6.1204013e-01  -2.8851171e-02
   6.0869565e-01  -2.8912892e-02
   6.0535117e-01  -2.8973032e-02
   6.0200669e-01  -2.9031618e-02
   5.9866221e-01  -2.9088679e-02
   5.9531773e-01  -2.9144243e-02
   5.9197324e-01  -2.9198337e-02
   5.8862876e-01  -2.9250988e-02
   5.8528428e-01  -2.9302222e-02
   5.8193980e-01  -2.9352066e-02
   5.7859532e-01  -2.9400545e-02
   5.7525084e-01  -2.9447684e-02
   5.7190635e-01  -2.9493508e-02
   5.6856187e-01  -2.9538040e-02
   5.6521739e-01  -2.9581306e-02
   5.6187291e-01  -2.9623327e-02
   5.5852843e-01  -2.9664127e-02
   5.5518395e-01  -2.9703727e-02
   5.5183946e-01  -2.9742151e-02
   5.4849498e-01  -2.9779419e-02
   5.4515050e-01  -2.9815552e-02
   5.4180602e-01  -2.9850571e-02
   5.3846154e-01  -2.9884495e-02
   5.3511706e-01  -2.9917344e-02
   5.3177258e-01  -2.9949137e-02
   5.2842809e-01  -2.9979892e-02
   5.2508361e-01  -3.0009628e-02
   5.2173913e-01  -3.0038361e-02
   5.1839465e-01  -3.0066109e-02
   5.1505017e-01  -3.0092889e-02
   5.1170569e-01  -3.0118716e-02
   5.0836120e-01  -3.0143605e-02
   5.0501672e-01  -3.0167572e-02
   5.0167224e-01  -3.0190632e-02
   4.9832776e-01  -3.0212797e-02
   4.9498328e-01  -3.0234082e-02
   4.9163880e-01  -3.0254499e-02
   4.8829431e-01  -3.0274060e-02
   4.8494983e-01  -3.0292778e-02
   4.8160535e-01  -3.0310664e-02
   4.7826087e-01  -3.0327728e-02
   4.7491639e-01  -3.0343980e-02
   4.7157191e-01  -3.0359430e-02
   4.6822742e-01  -3.0374087e-02
   4.6488294e-01  -3.0387960e-02
   4.6153846e-01  -3.0401056e-02
   4.5819398e-01  -3.0413383e-02
   4.5484950e-01  -3.0424947e-02
   4.5150502e-01  -3.0435755e-02
   4.4816054e-01  -3.0445812e-02
   4.4481605e-01  -3.0455122e-02
   4.4147157e-01  -3.0463691e-02
   4.3812709e-01  -3.0471522e-02
   4.3478261e-01  -3.0478619e-02
   4.3143813e-01  -3.0484982e-02
   4.2809365e-01  -3.0490615e-02
   4.2474916e-01  -3.0495519e-02
   4.2140468e-01  -3.0499694e-02
   4.1806020e-01  -3.0503140e-02
   4.1471572e-01  -3.0505856e-02
   4.1137124e-01  -3.0507840e-02
   4.0802676e-01  -3.0509091e-02
   4.0468227e-01  -3.0509606e-02
   4.0133779e-01  -3.0509381e-02
   3.9799331e-01  -3.0508411e-02
   3.9464883e-01  -3.0506693e-02
   3.9130435e-01  -3.0504219e-02
   3.8795987e-01  -3.0500984e-02
   3.8461538e-01  -3.0496980e-02
   3.8127090e-01  -3.0492200e-02
   3.7792642e-01  -3.0486634e-02
   3.7458194e-01  -3.0480273e-02
   3.7123746e-01  -3.0473106e-02
   3.6789298e-01  -3.0465123e-02
   3.6454849e-01  -3.0456310e-02
   3.6120401e-01  -3.0446657e-02
   3.5785953e-01  -3.0436147e-02
   3.5451505e-01  -3.0424767e-02
   3.5117057e-01  -3.0412502e-02
   3.4782609e-01  -3.0399334e-02
   3.4448161e-01  -3.0385247e-02
   3.4113712e-01  -3.0370221e-02
   3.3779264e-01  -3.0354239e-02
   3.3444816e-01  -3.0337278e-02
   3.3110368e-01  -3.0319318e-02
   3.2775920e-01  -3.0300337e-02
   3.2441472e-01  -3.0280310e-02
   3.2107023e-01  -3.0259215e-02
   3.1772575e-01  -3.0237023e-02
   3.1438127e-01  -3.0213710e-02
   3.1103679e-01  -3.0189247e-02
   3.0769231e-01  -3.0163605e-02
   3.0434783e-01  -3.0136753e-02
   3.0100334e-01  -3.0108659e-02
   2.9765886e-01  -3.0079292e-02
   2.9431438e-01  -3.0048616e-02
   2.9096990e-01  -3.0016596e-02
   2.8762542e-01  -2.9983196e-02
   2.8428094e-01  -2.9948375e-02
   2.8093645e-01  -2.9912095e-02
   2.7759197e-01  -2.9874315e-02
   2.7424749e-01  -2.9834990e-02
   2.7090301e-01  -2.9794076e-02
   2.6755853e-01  -2.9751528e-02
   2.6421405e-01  -2.9707297e-02
   2.6086957e-01  -2.9661332e-02
   2.5752508e-01  -2.9613584e-02
   2.5418060e-01  -2.9563997e-02
   2.5083612e-01  -2.9512516e-02
   2.4749164e-01  -2.9459084e-02
   2.4414716e-01  -2.9403641e-02
   2.4080268e-01  -2.9346125e-02
   2.3745819e-01  -2.9286471e-02
   2.3411371e-01  -2.9224614e-02
   2.3076923e-01  -2.9160483e-02
   2.2742475e-01  -2.9094009e-02
   2.2408027e-01  -2.9025115e-02
   2.2073579e-01  -2.8953725e-02
   2.1739130e-01  -2.8879759e-02
   2.1404682e-01  -2.8803135e-02
   2.1070234e-01  -2.8723764e-02
   2.0735786e-01  -2.8641559e-02
   2.0401338e-01  -2.8556426e-02
   2.0066890e-01  -2.8468269e-02
   1.9732441e-01  -2.8376986e-02
   1.9397993e-01  -2.8282473e-02
   1.9063545e-01  -2.8184622e-02
   1.8729097e-01  -2.8083318e-02
   1.8394649e-01  -2.7978445e-02
   1.8060201e-01  -2.7869879e-02
   1.7725753e-01  -2.7757492e-02
   1.7391304e-01  -2.7641150e-02
   1.7056856e-01  -2.7520713e-02
   1.6722408e-01  -2.7396036e-02
   1.6387960e-01  -2.7266966e-02
   1.6053512e-01  -2.7133344e-02
   1.5719064e-01  -2.6995002e-02
   1.5384615e-01  -2.6851765e-02
   1.5050167e-01  -2.6703449e-02
   1.4715719e-01  -2.6549862e-02
   1.4381271e-01  -2.6390800e-02
   1.4046823e-01  -2.6226051e-02
   1.3712375e-01  -2.6055389e-02
   1.3377926e-01  -2.5878577e-02
   1.3043478e-01  -2.5695364e-02
   1.2709030e-01  -2.5505487e-02
   1.2374582e-01  -2.5308663e-02
   1.2040134e-01  -2.5104595e-02
   1.1705686e-01  -2.4892968e-02
   1.1371237e-01  -2.4673444e-02
   1.1036789e-01  -2.4445663e-02
   1.0702341e-01  -2.4209243e-02
   1.0367893e-01  -2.3963772e-02
   1.0033445e-01  -2.3708810e-02
   9.6989967e-02  -2.3443880e-02
   9.3645485e-02  -2.3168472e-02
   9.0301003e-02  -2.2882032e-02
   8.6956522e-02  -2.2583957e-02
   8.3612040e-02  -2.2273595e-02
   8.0267559e-02  -2.1950229e-02
   7.6923077e-02  -2.1613076e-02
   7.3578595e-02  -2.1261273e-02
   7.0234114e-02  -2.0893864e-02
   6.6889632e-02  -2.0509787e-02
   6.3545151e-02  -2.0107856e-02
   6.0200669e-02  -1.9686736e-02
   5.6856187e-02  -1.9244915e-02
   5.3511706e-02  -1.8780672e-02
   5.0167224e-02  -1.8292025e-02
   4.6822742e-02  -1.7776674e-02
   4.3478261e-02  -1.7231924e-02
   4.0133779e-02  -1.6654571e-02
   3.6789298e-02  -1.6040762e-02
   3.3444816e-02  -1.5385777e-02
   3.0100334e-02  -1.4683730e-02
   2.6755853e-02  -1.3927097e-02
   2.3411371e-02  -1.3105990e-02
   2.0066890e-02  -1.2206924e-02
   1.6722408e-02  -1.1210628e-02
   1.3377926e-02  -1.0087736e-02
   1.0033445e-02  -8.7891624e-03
   6.6889632e-03  -7.2198679e-03
   3.3444816e-03  -5.1362459e-03
   0.0000000e+00  -0.0000000e+00
