   0.0000000e+00   0.0000000e+00
   3.3444816e-03   1.3663481e-02
   6.6889632e-03   1.9190204e-02
   1.0033445e-02   2.3341446e-02
   1.3377926e-02   2.6766956e-02
   1.6722408e-02   2.9720438e-02
   2.0066890e-02   3.2333033e-02
   2.3411371e-02   3.4683256e-02
   2.6755853e-02   3.6822673e-02
   3.0100334e-02   3.8787387e-02
   3.3444816e-02   4.0603896e-02
   3.6789298e-02   4.2292370e-02
   4.0133779e-02   4.3868606e-02
   4.3478261e-02   4.5345272e-02
   4.6822742e-02   4.6732722e-02
   5.0167224e-02   4.8039564e-02
   5.3511706e-02   4.9273052e-02
   5.6856187e-02   5.0439371e-02
   6.0200669e-02   5.1543857e-02
   6.3545151e-02   5.2591151e-02
   6.6889632e-02   5.3585324e-02
   7.0234114e-02   5.4529975e-02
   7.3578595e-02   5.5428308e-02
   7.6923077e-02   5.6283187e-02
   8.0267559e-02   5.7097193e-02
   8.3612040e-02   5.7872658e-02
   8.6956522e-02   5.8611701e-02
   9.0301003e-02   5.9316255e-02
   9.3645485e-02   5.9988090e-02
   9.6989967e-02   6.0628834e-02
   1.0033445e-01   6.1239987e-02
   1.0367893e-01   6.1822935e-02
   1.0702341e-01   6.2378964e-02
   1.1036789e-01   6.2909272e-02
   1.1371237e-01   6.3414972e-02
   1.1705686e-01   6.3897107e-02
   1.2040134e-01   6.4356651e-02
   1.2374582e-01   6.4794519e-02
   1.2709030e-01   6.5211572e-02
   1.3043478e-01   6.5608618e-02
   1.3377926e-01   6.5986422e-02
   1.3712375e-01   6.6345705e-02
   1.4046823e-01   6.6687149e-02
   1.4381271e-01   6.7011400e-02
   1.4715719e-01   6.7319074e-02
   1.5050167e-01   6.7610751e-02
   1.5384615e-01   6.7886987e-02
   1.5719064e-01   6.8148308e-02
   1.6053512e-01   6.8395219e-02
   1.6387960e-01   6.8628198e-02
   1.6722408e-01   6.8847704e-02
   1.7056856e-01   6.9054175e-02
   1.7391304e-01   6.9248030e-02
   1.7725753e-01   6.9429671e-02
   1.8060201e-01   6.9599483e-02
   1.8394649e-01   6.9757833e-02
   1.8729097e-01   6.9905078e-02
   1.9063545e-01   7.0041555e-02
   1.9397993e-01   7.0167593e-02
   1.9732441e-01   7.0283506e-02
   2.0066890e-01   7.0389596e-02
   2.0401338e-01   7.0486154e-02
   2.0735786e-01   7.0573461e-02
   2.1070234e-01   7.0651787e-02
   2.1404682e-01   7.0721393e-02
   2.1739130e-01   7.0782530e-02
   2.2073579e-01   7.0835442e-02
   2.2408027e-01   7.0880362e-02
   2.2742475e-01   7.0917516e-02
   2.3076923e-01   7.0947125e-02
   2.3411371e-01   7.0969398e-02
   2.3745819e-01   7.0984541e-02
   2.4080268e-01   7.0992751e-02
   2.4414716e-01   7.0994220e-02
   2.4749164e-01   7.0989132e-02
   2.5083612e-01   7.0977668e-02
   2.5418060e-01   7.0960000e-02
   2.5752508e-01   7.0936298e-02
   2.6086957e-01   7.0906723e-02
   2.6421405e-01   7.0871434e-02
   2.6755853e-01   7.0830584e-02
   2.7090301e-01   7.0784320e-02
   2.7424749e-01   7.0732788e-02
   2.7759197e-01   7.0676126e-02
   2.8093645e-01   7.0614469e-02
   2.8428094e-01   7.0547949e-02
   2.8762542e-01   7.0476693e-02
   2.9096990e-01   7.0400825e-02
   2.9431438e-01   7.0320463e-02
   2.9765886e-01   7.0235724e-02
   3.0100334e-01   7.0146722e-02
   3.0434783e-01   7.0053565e-02
   3.0769231e-01   6.9956359e-02
   3.1103679e-01   6.9855207e-02
   3.1438127e-01   6.9750210e-02
   3.1772575e-01   6.9641465e-02
   3.2107023e-01   6.9529065e-02
   3.2441472e-01   6.9413101e-02
   3.2775920e-01   6.9293663e-02
   3.3110368e-01   6.9170837e-02
   3.3444816e-01   6.9044705e-02
   3.3779264e-01   6.8915348e-02
   3.4113712e-01   6.8782846e-02
   3.4448161e-01   6.8647274e-02
   3.4782609e-01   6.8508706e-02
   3.5117057e-01   6.8367213e-02
   3.5451505e-01   6.8222865e-02
   3.5785953e-01   6.8075728e-02
   3.6120401e-01   6.7925869e-02
   3.6454849e-01   6.7773350e-02
   3.6789298e-01   6.7618232e-02
   3.7123746e-01   6.7460574e-02
   3.7458194e-01   6.7300434e-02
   3.7792642e-01   6.7137866e-02
   3.8127090e-01   6.6972925e-02
   3.8461538e-01   6.6805662e-02
   3.8795987e-01   6.6636128e-02
   3.9130435e-01   6.6464370e-02
   3.9464883e-01   6.6290435e-02
   3.9799331e-01   6.6114368e-02
   4.0133779e-01   6.5936213e-02
   4.0468227e-01   6.5756012e-02
   4.0802676e-01   6.5573805e-02
   4.1137124e-01   6.5389631e-02
   4.1471572e-01   6.5203528e-02
   4.1806020e-01   6.5015531e-02
   4.2140468e-01   6.4825674e-02
   4.2474916e-01   6.4633992e-02
   4.2809365e-01   6.4440516e-02
   4.3143813e-01   6.4245277e-02
   4.3478261e-01   6.4048303e-02
   4.3812709e-01   6.3849623e-02
   4.4147157e-01   6.3649263e-02
   4.4481605e-01   6.3447248e-02
   4.4816054e-01   6.3243604e-02
   4.5150502e-01   6.3038352e-02
   4.5484950e-01   6.2831515e-02
   4.5819398e-01   6.2623114e-02
   4.6153846e-01   6.2413167e-02
   4.6488294e-01   6.2201694e-02
   4.6822742e-01   6.1988712e-02
   4.7157191e-01   6.1774236e-02
   4.7491639e-01   6.1558283e-02
   4.7826087e-01   6.1340865e-02
   4.8160535e-01   6.1121997e-02
   4.8494983e-01   6.0901691e-02
   4.8829431e-01   6.0679957e-02
   4.9163880e-01   6.0456806e-02
   4.9498328e-01   6.0232246e-02
   4.9832776e-01   6.0006287e-02
   5.0167224e-01   5.9778935e-02
   5.0501672e-01   5.9550197e-02
   5.0836120e-01   5.9320077e-02
   5.1170569e-01   5.9088581e-02
   5.1505017e-01   5.8855712e-02
   5.1839465e-01   5.8621474e-02
   5.2173913e-01   5.8385867e-02
   5.2508361e-01   5.8148893e-02
   5.2842809e-01   5.7910552e-02
   5.3177258e-01   5.7670843e-02
   5.3511706e-01   5.7429766e-02
   5.3846154e-01   5.7187317e-02
   5.4180602e-01   5.6943494e-02
   5.4515050e-01   5.6698293e-02
   5.4849498e-01   5.6451709e-02
   5.5183946e-01   5.6203737e-02
   5.5518395e-01   5.5954371e-02
   5.5852843e-01   5.5703604e-02
   5.6187291e-01   5.5451429e-02
   5.6521739e-01   5.5197836e-02
   5.6856187e-01   5.4942818e-02
   5.7190635e-01   5.4686363e-02
   5.7525084e-01   5.4428463e-02
   5.7859532e-01   5.4169105e-02
   5.8193980e-01   5.3908278e-02
   5.8528428e-01   5.3645969e-02
   5.8862876e-01   5.3382165e-02
   5.9197324e-01   5.3116852e-02
   5.9531773e-01   5.2850016e-02
   5.9866221e-01   5.2581641e-02
   6.0200669e-01   5.2311712e-02
   6.0535117e-01   5.2040212e-02
   6.0869565e-01   5.1767125e-02
   6.1204013e-01   5.1492432e-02
   6.1538462e-01   5.1216115e-02
   6.1872910e-01   5.0938155e-02
   6.2207358e-01   5.0658533e-02
   6.2541806e-01   5.0377229e-02
   6.2876254e-01   5.0094221e-02
   6.3210702e-01   4.9809490e-02
   6.3545151e-01   4.9523012e-02
   6.3879599e-01   4.9234765e-02
   6.4214047e-01   4.8944727e-02
   6.4548495e-01   4.8652873e-02
   6.4882943e-01   4.8359181e-02
   6.5217391e-01   4.8063624e-02
   6.5551839e-01   4.7766178e-02
   6.5886288e-01   4.7466817e-02
   6.6220736e-01   4.7165515e-02
   6.6555184e-01   4.6862244e-02
   6.6889632e-01   4.6556978e-02
   6.7224080e-01   4.6249689e-02
   6.7558528e-01   4.5940348e-02
   6.7892977e-01   4.5628927e-02
   6.8227425e-01   4.5315396e-02
   6.8561873e-01   4.4999725e-02
   6.8896321e-01   4.4681883e-02
   6.9230769e-01   4.4361841e-02
   6.9565217e-01   4.4039565e-02
   6.9899666e-01   4.3715026e-02
   7.0234114e-01   4.3388190e-02
   7.0568562e-01   4.3059024e-02
   7.0903010e-01   4.2727495e-02
   7.1237458e-01   4.2393570e-02
   7.1571906e-01   4.2057213e-02
   7.1906355e-01   4.1718392e-02
   7.2240803e-01   4.1377069e-02
   7.2575251e-01   4.1033210e-02
   7.2909699e-01   4.0686779e-02
   7.3244147e-01   4.0337739e-02
   7.3578595e-01   3.9986054e-02
   7.3913043e-01   3.9631685e-02
   7.4247492e-01   3.9274595e-02
   7.4581940e-01   3.8914746e-02
   7.4916388e-01   3.8552099e-02
   7.5250836e-01   3.8186615e-02
   7.5585284e-01   3.7818254e-02
   7.5919732e-01   3.7446977e-02
   7.6254181e-01   3.7072743e-02
   7.6588629e-01   3.6695511e-02
   7.6923077e-01   3.6315241e-02
   7.7257525e-01   3.5931890e-02
   7.7591973e-01   3.5545417e-02
   7.7926421e-01   3.5155779e-02
   7.8260870e-01   3.4762933e-02
   7.8595318e-01   3.4366836e-02
   7.8929766e-01   3.3967445e-02
   7.9264214e-01   3.3564716e-02
   7.9598662e-01   3.3158604e-02
   7.9933110e-01   3.2749064e-02
   8.0267559e-01   3.2336052e-02
   8.0602007e-01   3.1919521e-02
   8.0936455e-01   3.1499426e-02
   8.1270903e-01   3.1075721e-02
   8.1605351e-01   3.0648359e-02
   8.1939799e-01   3.0217293e-02
   8.2274247e-01   2.9782476e-02
   8.2608696e-01   2.9343859e-02
   8.2943144e-01   2.8901396e-02
   8.3277592e-01   2.8455036e-02
   8.3612040e-01   2.8004732e-02
   8.3946488e-01   2.7550434e-02
   8.4280936e-01   2.7092093e-02
   8.4615385e-01   2.6629659e-02
   8.4949833e-01   2.6163082e-02
   8.5284281e-01   2.5692310e-02
   8.5618729e-01   2.5217294e-02
   8.5953177e-01   2.4737981e-02
   8.6287625e-01   2.4254321e-02
   8.6622074e-01   2.3766261e-02
   8.6956522e-01   2.3273749e-02
   8.7290970e-01   2.2776732e-02
   8.7625418e-01   2.2275158e-02
   8.7959866e-01   2.1768973e-02
   8.8294314e-01   2.1258123e-02
   8.8628763e-01   2.0742555e-02
   8.8963211e-01   2.0222214e-02
   8.9297659e-01   1.9697046e-02
   8.9632107e-01   1.9166996e-02
   8.9966555e-01   1.8632009e-02
   9.0301003e-01   1.8092028e-02
   9.0635452e-01   1.7546999e-02
   9.0969900e-01   1.6996865e-02
   9.1304348e-01   1.6441569e-02
   9.1638796e-01   1.5881055e-02
   9.1973244e-01   1.5315266e-02
   9.2307692e-01   1.4744144e-02
   9.2642140e-01   1.4167631e-02
   9.2976589e-01   1.3585670e-02
   9.3311037e-01   1.2998203e-02
   9.3645485e-01   1.2405169e-02
   9.3979933e-01   1.1806512e-02
   9.4314381e-01   1.1202171e-02
   9.4648829e-01   1.0592086e-02
   9.4983278e-01   9.9761993e-03
   9.5317726e-01   9.3544493e-03
   9.5652174e-01   8.7267758e-03
   9.5986622e-01   8.0931184e-03
   9.6321070e-01   7.4534159e-03
   9.6655518e-01   6.8076072e-03
   9.6989967e-01   6.1556307e-03
   9.7324415e-01   5.4974246e-03
   9.7658863e-01   4.8329269e-03
   9.7993311e-01   4.1620750e-03
   9.8327759e-01   3.4848064e-03
   9.8662207e-01   2.8010581e-03
   9.8996656e-01   2.1107670e-03
   9.9331104e-01   1.4138695e-03
   9.9665552e-01   7.1030182e-04
   1.0000000e+00   0.0000000e+00
   1.0000000e+00   0.0000000e+00
   9.9665552e-01  -3.3668533e-05
   9.9331104e-01  -6.5236506e-05
   9.8996656e-01  -9.4764443e-05
   9.8662207e-01  -1.2231204e-04
   9.8327759e-01  -1.4793817e-04
   9.7993311e-01  -1.7170087e-04
   9.7658863e-01  -1.9365738e-04
   9.7324415e-01  -2.1386411e-04
   9.6989967e-01  -2.3237665e-04
   9.6655518e-01  -2.4924980e-04
   9.6321070e-01  -2.6453754e-04
   9.5986622e-01  -2.7829306e-04
   9.5652174e-01  -2.9056872e-04
   9.5317726e-01  -3.0141612e-04
   9.4983278e-01  -3.1088606e-04
   9.4648829e-01  -3.1902852e-04
   9.4314381e-01  -3.2589272e-04
   9.3979933e-01  -3.3152711e-04
   9.3645485e-01  -3.3597933e-04
   9.3311037e-01  -3.3929625e-04
   9.2976589e-01  -3.4152399e-04
   9.2642140e-01  -3.4270788e-04
   9.2307692e-01  -3.4289247e-04
   9.1973244e-01  -3.4212159e-04
   9.1638796e-01  -3.4043827e-04
   9.1304348e-01  -3.3788481e-04
   9.0969900e-01  -3.3450275e-04
   9.0635452e-01  -3.3033286e-04
   9.0301003e-01  -3.2541521e-04
   8.9966555e-01  -3.1978908e-04
   8.9632107e-01  -3.1349306e-04
   8.9297659e-01  -3.0656495e-04
   8.8963211e-01  -2.9904187e-04
   8.8628763e-01  -2.9096018e-04
   8.8294314e-01  -2.8235553e-04
   8.7959866e-01  -2.7326284e-04
   8.7625418e-01  -2.6371633e-04
   8.7290970e-01  -2.5374949e-04
   8.6956522e-01  -2.4339511e-04
   8.6622074e-01  -2.3268527e-04
   8.6287625e-01  -2.2165134e-04
   8.5953177e-01  -2.1032401e-04
   8.5618729e-01  -1.9873326e-04
   8.5284281e-01  -1.8690839e-04
   8.4949833e-01  -1.7487800e-04
   8.4615385e-01  -1.6267002e-04
   8.4280936e-01  -1.5031168e-04
   8.3946488e-01  -1.3782956e-04
   8.3612040e-01  -1.2524956e-04
   8.3277592e-01  -1.1259688e-04
   8.2943144e-01  -9.9896113e-05
   8.2608696e-01  -8.7171141e-05
   8.2274247e-01  -7.4445214e-05
   8.1939799e-01  -6.1740923e-05
   8.1605351e-01  -4.9080210e-05
   8.1270903e-01  -3.6484373e-05
   8.0936455e-01  -2.3974067e-05
   8.0602007e-01  -1.1569310e-05
   8.0267559e-01   7.1051011e-07
   7.9933110e-01   1.2846639e-05
   7.9598662e-01   2.4820944e-05
   7.9264214e-01   3.6615917e-05
   7.8929766e-01   4.8214663e-05
   7.8595318e-01   5.9600904e-05
   7.8260870e-01   7.0758967e-05
   7.7926421e-01   8.1673788e-05
   7.7591973e-01   9.2330898e-05
   7.7257525e-01   1.0271643e-04
   7.6923077e-01   1.1281711e-04
   7.6588629e-01   1.2262024e-04
   7.6254181e-01   1.3211372e-04
   7.5919732e-01   1.4128603e-04
   7.5585284e-01   1.5012621e-04
   7.5250836e-01   1.5862388e-04
   7.4916388e-01   1.6676924e-04
   7.4581940e-01   1.7455302e-04
   7.4247492e-01   1.8196654e-04
   7.3913043e-01   1.8900166e-04
   7.3578595e-01   1.9565079e-04
   7.3244147e-01   2.0190687e-04
   7.2909699e-01   2.0776341e-04
   7.2575251e-01   2.1321444e-04
   7.2240803e-01   2.1825451e-04
   7.1906355e-01   2.2287871e-04
   7.1571906e-01   2.2708265e-04
   7.1237458e-01   2.3086245e-04
   7.0903010e-01   2.3421477e-04
   7.0568562e-01   2.3713673e-04
   7.0234114e-01   2.3962599e-04
   6.9899666e-01   2.4168071e-04
   6.9565217e-01   2.4329951e-04
   6.9230769e-01   2.4448154e-04
   6.8896321e-01   2.4522641e-04
   6.8561873e-01   2.4553420e-04
   6.8227425e-01   2.4540550e-04
   6.7892977e-01   2.4484134e-04
   6.7558528e-01   2.4384321e-04
   6.7224080e-01   2.4241309e-04
   6.6889632e-01   2.4055338e-04
   6.6555184e-01   2.3826696e-04
   6.6220736e-01   2.3555714e-04
   6.5886288e-01   2.3242765e-04
   6.5551839e-01   2.2888270e-04
   6.5217391e-01   2.2492688e-04
   6.4882943e-01   2.2056523e-04
   6.4548495e-01   2.1580321e-04
   6.4214047e-01   2.1064669e-04
   6.3879599e-01   2.0510193e-04
   6.3545151e-01   1.9917562e-04
   6.3210702e-01   1.9287482e-04
   6.2876254e-01   1.8620700e-04
   6.2541806e-01   1.7918002e-04
   6.2207358e-01   1.7180210e-04
   6.1872910e-01   1.6408185e-04
   6.1538462e-01   1.5602823e-04
   6.1204013e-01   1.4765059e-04
   6.0869565e-01   1.3895863e-04
   6.0535117e-01   1.2996238e-04
   6.0200669e-01   1.2067224e-04
   5.9866221e-01   1.1109894e-04
   5.9531773e-01   1.0125355e-04
   5.9197324e-01   9.1147459e-05
   5.8862876e-01   8.0792381e-05
   5.8528428e-01   7.0200350e-05
   5.8193980e-01   5.9383705e-05
   5.7859532e-01   4.8355091e-05
   5.7525084e-01   3.7127449e-05
   5.7190635e-01   2.5714012e-05
   5.6856187e-01   1.4128294e-05
   5.6521739e-01   2.3840911e-06
   5.6187291e-01  -9.5045315e-06
   5.5852843e-01  -2.1523243e-05
   5.5518395e-01  -3.3657455e-05
   5.5183946e-01  -4.5892327e-05
   5.4849498e-01  -5.8212774e-05
   5.4515050e-01  -7.0603474e-05
   5.4180602e-01  -8.3048872e-05
   5.3846154e-01  -9.5533190e-05
   5.3511706e-01  -1.0804044e-04
   5.3177258e-01  -1.2055440e-04
   5.2842809e-01  -1.3305868e-04
   5.2508361e-01  -1.4553668e-04
   5.2173913e-01  -1.5797160e-04
   5.1839465e-01  -1.7034647e-04
   5.1505017e-01  -1.8264414e-04
   5.1170569e-01  -1.9484732e-04
   5.0836120e-01  -2.0693854e-04
   5.0501672e-01  -2.1890017e-04
   5.0167224e-01  -2.3071446e-04
   4.9832776e-01  -2.4236352e-04
   4.9498328e-01  -2.5382934e-04
   4.9163880e-01  -2.6509377e-04
   4.8829431e-01  -2.7613858e-04
   4.8494983e-01  -2.8694542e-04
   4.8160535e-01  -2.9749585e-04
   4.7826087e-01  -3.0777135e-04
   4.7491639e-01  -3.1775333e-04
   4.7157191e-01  -3.2742312e-04
   4.6822742e-01  -3.3676201e-04
   4.6488294e-01  -3.4575123e-04
   4.6153846e-01  -3.5437198e-04
   4.5819398e-01  -3.6260542e-04
   4.5484950e-01  -3.7043270e-04
   4.5150502e-01  -3.7783494e-04
   4.4816054e-01  -3.8479330e-04
   4.4481605e-01  -3.9128891e-04
   4.4147157e-01  -3.9730293e-04
   4.3812709e-01  -4.0281657e-04
   4.3478261e-01  -4.0781105e-04
   4.3143813e-01  -4.1226766e-04
   4.2809365e-01  -4.1616775e-04
   4.2474916e-01  -4.1949273e-04
   4.2140468e-01  -4.2222412e-04
   4.1806020e-01  -4.2434350e-04
   4.1471572e-01  -4.2583258e-04
   4.1137124e-01  -4.2667319e-04
   4.0802676e-01  -4.2684728e-04
   4.0468227e-01  -4.2633694e-04
   4.0133779e-01  -4.2512442e-04
   3.9799331e-01  -4.2319214e-04
   3.9464883e-01  -4.2052269e-04
   3.9130435e-01  -4.1709886e-04
   3.8795987e-01  -4.1290365e-04
   3.8461538e-01  -4.0792027e-04
   3.8127090e-01  -4.0213217e-04
   3.7792642e-01  -3.9552304e-04
   3.7458194e-01  -3.8807685e-04
   3.7123746e-01  -3.7977783e-04
   3.6789298e-01  -3.7061049e-04
   3.6454849e-01  -3.6055969e-04
   3.6120401e-01  -3.4961057e-04
   3.5785953e-01  -3.3774864e-04
   3.5451505e-01  -3.2495973e-04
   3.5117057e-01  -3.1123008e-04
   3.4782609e-01  -2.9654630e-04
   3.4448161e-01  -2.8089541e-04
   3.4113712e-01  -2.6426485e-04
   3.3779264e-01  -2.4664252e-04
   3.3444816e-01  -2.2801676e-04
   3.3110368e-01  -2.0837641e-04
   3.2775920e-01  -1.8771081e-04
   3.2441472e-01  -1.6600981e-04
   3.2107023e-01  -1.4326382e-04
   3.1772575e-01  -1.1946380e-04
   3.1438127e-01  -9.4601315e-05
   3.1103679e-01  -6.8668530e-05
   3.0769231e-01  -4.1658245e-05
   3.0434783e-01  -1.3563920e-05
   3.0100334e-01   1.5620299e-05
   2.9765886e-01   4.5899559e-05
   2.9431438e-01   7.7278270e-05
   2.9096990e-01   1.0976008e-04
   2.8762542e-01   1.4334784e-04
   2.8428094e-01   1.7804358e-04
   2.8093645e-01   2.1384848e-04
   2.7759197e-01   2.5076284e-04
   2.7424749e-01   2.8878603e-04
   2.7090301e-01   3.2791650e-04
   2.6755853e-01   3.6815167e-04
   2.6421405e-01   4.0948798e-04
   2.6086957e-01   4.5192079e-04
   2.5752508e-01   4.9544437e-04
   2.5418060e-01   5.4005184e-04
   2.5083612e-01   5.8573515e-04
   2.4749164e-01   6.3248502e-04
   2.4414716e-01   6.8029089e-04
   2.4080268e-01   7.2914091e-04
   2.3745819e-01   7.7902182e-04
   2.3411371e-01   8.2991896e-04
   2.3076923e-01   8.8181619e-04
   2.2742475e-01   9.3469584e-04
   2.2408027e-01   9.8853862e-04
   2.2073579e-01   1.0433236e-03
   2.1739130e-01   1.0990282e-03
   2.1404682e-01   1.1556279e-03
   2.1070234e-01   1.2130963e-03
   2.0735786e-01   1.2714053e-03
   2.0401338e-01   1.3305245e-03
   2.0066890e-01   1.3904216e-03
   1.9732441e-01   1.4510618e-03
   1.9397993e-01   1.5124084e-03
   1.9063545e-01   1.5744220e-03
   1.8729097e-01   1.6370607e-03
   1.8394649e-01   1.7002801e-03
   1.8060201e-01   1.7640329e-03
   1.7725753e-01   1.8282692e-03
   1.7391304e-01   1.8929356e-03
   1.7056856e-01   1.9579760e-03
   1.6722408e-01   2.0233307e-03
   1.6387960e-01   2.0889366e-03
   1.6053512e-01   2.1547267e-03
   1.5719064e-01   2.2206303e-03
   1.5384615e-01   2.2865726e-03
   1.5050167e-01   2.3524744e-03
   1.4715719e-01   2.4182518e-03
   1.4381271e-01   2.4838161e-03
   1.4046823e-01   2.5490735e-03
   1.3712375e-01   2.6139245e-03
   1.3377926e-01   2.6782639e-03
   1.3043478e-01   2.7419802e-03
   1.2709030e-01   2.8049551e-03
   1.2374582e-01   2.8670632e-03
   1.2040134e-01   2.9281715e-03
   1.1705686e-01   2.9881384e-03
   1.1371237e-01   3.0468137e-03
   1.1036789e-01   3.1040373e-03
   1.0702341e-01   3.1596387e-03
   1.0367893e-01   3.2134358e-03
   1.0033445e-01   3.2652341e-03
   9.6989967e-02   3.3148256e-03
   9.3645485e-02   3.3619871e-03
   9.0301003e-02   3.4064787e-03
   8.6956522e-02   3.4480423e-03
   8.3612040e-02   3.4863993e-03
   8.0267559e-02   3.5212481e-03
   7.6923077e-02   3.5522614e-03
   7.3578595e-02   3.5790827e-03
   7.0234114e-02   3.6013225e-03
   6.6889632e-02   3.6185531e-03
   6.3545151e-02   3.6303028e-03
   6.0200669e-02   3.6360491e-03
   5.6856187e-02   3.6352093e-03
   5.3511706e-02   3.6271294e-03
   5.0167224e-02   3.6110701e-03
   4.6822742e-02   3.5861882e-03
   4.3478261e-02   3.5515129e-03
   4.0133779e-02   3.5059128e-03
   3.6789298e-02   3.4480526e-03
   3.3444816e-02   3.3763307e-03
   3.0100334e-02   3.2887894e-03
   2.6755853e-02   3.1829805e-03
   2.3411371e-02   3.0557543e-03
   2.0066890e-02   2.9029098e-03
   1.6722408e-02   2.7185747e-03
   1.3377926e-02   2.4939984e-03
   1.0033445e-02   2.2148786e-03
   6.6889632e-03   1.8541388e-03
   3.3444816e-03   1.3439452e-03
   0.0000000e+00   0.0000000e+00
