   0.0000000e+00   0.0000000e+00
   3.3444816e-03   8.6456509e-03
   6.6889632e-03   1.2123954e-02
   1.0033445e-02   1.4724251e-02
   1.3377926e-02   1.6860006e-02
   1.6722408e-02   1.8693037e-02
   2.0066890e-02   2.0307184e-02
   2.3411371e-02   2.1752767e-02
   2.6755853e-02   2.3062915e-02
   3.0100334e-02   2.4260882e-02
   3.3444816e-02   2.5363779e-02
   3.6789298e-02   2.6384662e-02
   4.0133779e-02   2.7333785e-02
   4.3478261e-02   2.8219388e-02
   4.6822742e-02   2.9048224e-02
   5.0167224e-02   2.9825920e-02
   5.3511706e-02   3.0557227e-02
   5.6856187e-02   3.1246206e-02
   6.0200669e-02   3.1896366e-02
   6.3545151e-02   3.2510766e-02
   6.6889632e-02   3.3092093e-02
   7.0234114e-02   3.3642727e-02
   7.3578595e-02   3.4164788e-02
   7.6923077e-02   3.4660174e-02
   8.0267559e-02   3.5130598e-02
   8.3612040e-02   3.5577608e-02
   8.6956522e-02   3.6002611e-02
   9.0301003e-02   3.6406894e-02
   9.3645485e-02   3.6791631e-02
   9.6989967e-02   3.7157905e-02
   1.0033445e-01   3.7506712e-02
   1.0367893e-01   3.7838974e-02
   1.0702341e-01   3.8155544e-02
   1.1036789e-01   3.8457215e-02
   1.1371237e-01   3.8744726e-02
   1.1705686e-01   3.9018765e-02
   1.2040134e-01   3.9279976e-02
   1.2374582e-01   3.9528961e-02
   1.2709030e-01   3.9766287e-02
   1.3043478e-01   3.9992484e-02
   1.3377926e-01   4.0208051e-02
   1.3712375e-01   4.0413458e-02
   1.4046823e-01   4.0609151e-02
   1.4381271e-01   4.0795546e-02
   1.4715719e-01   4.0973041e-02
   1.5050167e-01   4.1142009e-02
   1.5384615e-01   4.1302805e-02
   1.5719064e-01   4.1455766e-02
   1.6053512e-01   4.1601209e-02
   1.6387960e-01   4.1739438e-02
   1.6722408e-01   4.1870741e-02
   1.7056856e-01   4.1995390e-02
   1.7391304e-01   4.2113645e-02
   1.7725753e-01   4.2225753e-02
   1.8060201e-01   4.2331951e-02
   1.8394649e-01   4.2432461e-02
   1.8729097e-01   4.2527499e-02
   1.9063545e-01   4.2617266e-02
   1.9397993e-01   4.2701959e-02
   1.9732441e-01   4.2781761e-02
   2.0066890e-01   4.2856849e-02
   2.0401338e-01   4.2927392e-02
   2.0735786e-01   4.2993552e-02
   2.1070234e-01   4.3055481e-02
   2.1404682e-01   4.3113326e-02
   2.1739130e-01   4.3167228e-02
   2.2073579e-01   4.3217320e-02
   2.2408027e-01   4.3263729e-02
   2.2742475e-01   4.3306578e-02
   2.3076923e-01   4.3345982e-02
   2.3411371e-01   4.3382054e-02
   2.3745819e-01   4.3414899e-02
   2.4080268e-01   4.3444619e-02
   2.4414716e-01   4.3471309e-02
   2.4749164e-01   4.3495062e-02
   2.5083612e-01   4.3515967e-02
   2.5418060e-01   4.3534106e-02
   2.5752508e-01   4.3549560e-02
   2.6086957e-01   4.3562405e-02
   2.6421405e-01   4.3572714e-02
   2.6755853e-01   4.3580555e-02
   2.7090301e-01   4.3585994e-02
   2.7424749e-01   4.3589094e-02
   2.7759197e-01   4.3589914e-02
   2.8093645e-01   4.3588510e-02
   2.8428094e-01   4.3584937e-02
   2.8762542e-01   4.3579244e-02
   2.9096990e-01   4.3571480e-02
   2.9431438e-01   4.3561690e-02
   2.9765886e-01   4.3549917e-02
   3.0100334e-01   4.3536203e-02
   3.0434783e-01   4.3520585e-02
   3.0769231e-01   4.3503099e-02
   3.1103679e-01   4.3483780e-02
   3.1438127e-01   4.3462659e-02
   3.1772575e-01   4.3439766e-02
   3.2107023e-01   4.3415130e-02
   3.2441472e-01   4.3388776e-02
   3.2775920e-01   4.3360728e-02
   3.3110368e-01   4.3331010e-02
   3.3444816e-01   4.3299642e-02
   3.3779264e-01   4.3266644e-02
   3.4113712e-01   4.3232033e-02
   3.4448161e-01   4.3195826e-02
   3.4782609e-01   4.3158036e-02
   3.5117057e-01   4.3118679e-02
   3.5451505e-01   4.3077765e-02
   3.5785953e-01   4.3035306e-02
   3.6120401e-01   4.2991311e-02
   3.6454849e-01   4.2945788e-02
   3.6789298e-01   4.2898745e-02
   3.7123746e-01   4.2850187e-02
   3.7458194e-01   4.2800119e-02
   3.7792642e-01   4.2748545e-02
   3.8127090e-01   4.2695467e-02
   3.8461538e-01   4.2640889e-02
   3.8795987e-01   4.2584810e-02
   3.9130435e-01   4.2527231e-02
   3.9464883e-01   4.2468150e-02
   3.9799331e-01   4.2407566e-02
   4.0133779e-01   4.2345477e-02
   4.0468227e-01   4.2281878e-02
   4.0802676e-01   4.2216767e-02
   4.1137124e-01   4.2150139e-02
   4.1471572e-01   4.2081987e-02
   4.1806020e-01   4.2012306e-02
   4.2140468e-01   4.1941089e-02
   4.2474916e-01   4.1868330e-02
   4.2809365e-01   4.1794019e-02
   4.3143813e-01   4.1718149e-02
   4.3478261e-01   4.1640710e-02
   4.3812709e-01   4.1561694e-02
   4.4147157e-01   4.1481090e-02
   4.4481605e-01   4.1398887e-02
   4.4816054e-01   4.1315076e-02
   4.5150502e-01   4.1229645e-02
   4.5484950e-01   4.1142582e-02
   4.5819398e-01   4.1053876e-02
   4.6153846e-01   4.0963513e-02
   4.6488294e-01   4.0871483e-02
   4.6822742e-01   4.0777770e-02
   4.7157191e-01   4.0682364e-02
   4.7491639e-01   4.0585249e-02
   4.7826087e-01   4.0486413e-02
   4.8160535e-01   4.0385841e-02
   4.8494983e-01   4.0283520e-02
   4.8829431e-01   4.0179435e-02
   4.9163880e-01   4.0073571e-02
   4.9498328e-01   3.9965915e-02
   4.9832776e-01   3.9856451e-02
   5.0167224e-01   3.9745164e-02
   5.0501672e-01   3.9632040e-02
   5.0836120e-01   3.9517064e-02
   5.1170569e-01   3.9400220e-02
   5.1505017e-01   3.9281494e-02
   5.1839465e-01   3.9160870e-02
   5.2173913e-01   3.9038333e-02
   5.2508361e-01   3.8913868e-02
   5.2842809e-01   3.8787460e-02
   5.3177258e-01   3.8659093e-02
   5.3511706e-01   3.8528753e-02
   5.3846154e-01   3.8396424e-02
   5.4180602e-01   3.8262092e-02
   5.4515050e-01   3.8125741e-02
   5.4849498e-01   3.7987357e-02
   5.5183946e-01   3.7846925e-02
   5.5518395e-01   3.7704430e-02
   5.5852843e-01   3.7559859e-02
   5.6187291e-01   3.7413196e-02
   5.6521739e-01   3.7264428e-02
   5.6856187e-01   3.7113540e-02
   5.7190635e-01   3.6960519e-02
   5.7525084e-01   3.6805351e-02
   5.7859532e-01   3.6648023e-02
   5.8193980e-01   3.6488522e-02
   5.8528428e-01   3.6326835e-02
   5.8862876e-01   3.6162948e-02
   5.9197324e-01   3.5996851e-02
   5.9531773e-01   3.5828530e-02
   5.9866221e-01   3.5657973e-02
   6.0200669e-01   3.5485169e-02
   6.0535117e-01   3.5310108e-02
   6.0869565e-01   3.5132776e-02
   6.1204013e-01   3.4953165e-02
   6.1538462e-01   3.4771264e-02
   6.1872910e-01   3.4587062e-02
   6.2207358e-01   3.4400551e-02
   6.2541806e-01   3.4211720e-02
   6.2876254e-01   3.4020560e-02
   6.3210702e-01   3.3827065e-02
   6.3545151e-01   3.3631224e-02
   6.3879599e-01   3.3433030e-02
   6.4214047e-01   3.3232477e-02
   6.4548495e-01   3.3029557e-02
   6.4882943e-01   3.2824263e-02
   6.5217391e-01   3.2616590e-02
   6.5551839e-01   3.2406532e-02
   6.5886288e-01   3.2194083e-02
   6.6220736e-01   3.1979240e-02
   6.6555184e-01   3.1761997e-02
   6.6889632e-01   3.1542352e-02
   6.7224080e-01   3.1320300e-02
   6.7558528e-01   3.1095840e-02
   6.7892977e-01   3.0868968e-02
   6.8227425e-01   3.0639683e-02
   6.8561873e-01   3.0407985e-02
   6.8896321e-01   3.0173871e-02
   6.9230769e-01   2.9937343e-02
   6.9565217e-01   2.9698401e-02
   6.9899666e-01   2.9457044e-02
   7.0234114e-01   2.9213276e-02
   7.0568562e-01   2.8967098e-02
   7.0903010e-01   2.8718514e-02
   7.1237458e-01   2.8467525e-02
   7.1571906e-01   2.8214136e-02
   7.1906355e-01   2.7958352e-02
   7.2240803e-01   2.7700178e-02
   7.2575251e-01   2.7439619e-02
   7.2909699e-01   2.7176681e-02
   7.3244147e-01   2.6911373e-02
   7.3578595e-01   2.6643701e-02
   7.3913043e-01   2.6373673e-02
   7.4247492e-01   2.6101300e-02
   7.4581940e-01   2.5826589e-02
   7.4916388e-01   2.5549552e-02
   7.5250836e-01   2.5270199e-02
   7.5585284e-01   2.4988543e-02
   7.5919732e-01   2.4704594e-02
   7.6254181e-01   2.4418368e-02
   7.6588629e-01   2.4129876e-02
   7.6923077e-01   2.3839134e-02
   7.7257525e-01   2.3546157e-02
   7.7591973e-01   2.3250961e-02
   7.7926421e-01   2.2953562e-02
   7.8260870e-01   2.2653978e-02
   7.8595318e-01   2.2352227e-02
   7.8929766e-01   2.2048327e-02
   7.9264214e-01   2.1742299e-02
   7.9598662e-01   2.1434163e-02
   7.9933110e-01   2.1123939e-02
   8.0267559e-01   2.0811651e-02
   8.0602007e-01   2.0497320e-02
   8.0936455e-01   2.0180971e-02
   8.1270903e-01   1.9862627e-02
   8.1605351e-01   1.9542314e-02
   8.1939799e-01   1.9220058e-02
   8.2274247e-01   1.8895885e-02
   8.2608696e-01   1.8569823e-02
   8.2943144e-01   1.8241901e-02
   8.3277592e-01   1.7912148e-02
   8.3612040e-01   1.7580593e-02
   8.3946488e-01   1.7247269e-02
   8.4280936e-01   1.6912206e-02
   8.4615385e-01   1.6575438e-02
   8.4949833e-01   1.6236997e-02
   8.5284281e-01   1.5896919e-02
   8.5618729e-01   1.5555238e-02
   8.5953177e-01   1.5211992e-02
   8.6287625e-01   1.4867216e-02
   8.6622074e-01   1.4520949e-02
   8.6956522e-01   1.4173230e-02
   8.7290970e-01   1.3824098e-02
   8.7625418e-01   1.3473595e-02
   8.7959866e-01   1.3121761e-02
   8.8294314e-01   1.2768640e-02
   8.8628763e-01   1.2414274e-02
   8.8963211e-01   1.2058709e-02
   8.9297659e-01   1.1701989e-02
   8.9632107e-01   1.1344161e-02
   8.9966555e-01   1.0985272e-02
   9.0301003e-01   1.0625371e-02
   9.0635452e-01   1.0264505e-02
   9.0969900e-01   9.9027268e-03
   9.1304348e-01   9.5400858e-03
   9.1638796e-01   9.1766345e-03
   9.1973244e-01   8.8124260e-03
   9.2307692e-01   8.4475142e-03
   9.2642140e-01   8.0819544e-03
   9.2976589e-01   7.7158025e-03
   9.3311037e-01   7.3491156e-03
   9.3645485e-01   6.9819517e-03
   9.3979933e-01   6.6143699e-03
   9.4314381e-01   6.2464303e-03
   9.4648829e-01   5.8781941e-03
   9.4983278e-01   5.5097233e-03
   9.5317726e-01   5.1410813e-03
   9.5652174e-01   4.7723321e-03
   9.5986622e-01   4.4035412e-03
   9.6321070e-01   4.0347747e-03
   9.6655518e-01   3.6661002e-03
   9.6989967e-01   3.2975860e-03
   9.7324415e-01   2.9293017e-03
   9.7658863e-01   2.5613179e-03
   9.7993311e-01   2.1937062e-03
   9.8327759e-01   1.8265393e-03
   9.8662207e-01   1.4598911e-03
   9.8996656e-01   1.0938365e-03
   9.9331104e-01   7.2845154e-04
   9.9665552e-01   3.6381330e-04
   1.0000000e+00   0.0000000e+00
   1.0000000e+00   0.0000000e+00
   9.9665552e-01  -1.2654610e-04
   9.9331104e-01  -2.5712092e-04
   9.8996656e-01  -3.9163101e-04
   9.8662207e-01  -5.2998383e-04
   9.8327759e-01  -6.7208780e-04
   9.7993311e-01  -8.1785224e-04
   9.7658863e-01  -9.6718739e-04
   9.7324415e-01  -1.1200044e-03
   9.6989967e-01  -1.2762154e-03
   9.6655518e-01  -1.4357333e-03
   9.6321070e-01  -1.5984720e-03
   9.5986622e-01  -1.7643464e-03
   9.5652174e-01  -1.9332721e-03
   9.5317726e-01  -2.1051657e-03
   9.4983278e-01  -2.2799447e-03
   9.4648829e-01  -2.4575275e-03
   9.4314381e-01  -2.6378333e-03
   9.3979933e-01  -2.8207823e-03
   9.3645485e-01  -3.0062955e-03
   9.3311037e-01  -3.1942949e-03
   9.2976589e-01  -3.3847031e-03
   9.2642140e-01  -3.5774438e-03
   9.2307692e-01  -3.7724415e-03
   9.1973244e-01  -3.9696216e-03
   9.1638796e-01  -4.1689104e-03
   9.1304348e-01  -4.3702348e-03
   9.0969900e-01  -4.5735229e-03
   9.0635452e-01  -4.7787034e-03
   9.0301003e-01  -4.9857058e-03
   8.9966555e-01  -5.1944608e-03
   8.9632107e-01  -5.4048996e-03
   8.9297659e-01  -5.6169542e-03
   8.8963211e-01  -5.8305578e-03
   8.8628763e-01  -6.0456439e-03
   8.8294314e-01  -6.2621474e-03
   8.7959866e-01  -6.4800035e-03
   8.7625418e-01  -6.6991485e-03
   8.7290970e-01  -6.9195195e-03
   8.6956522e-01  -7.1410542e-03
   8.6622074e-01  -7.3636915e-03
   8.6287625e-01  -7.5873706e-03
   8.5953177e-01  -7.8120319e-03
   8.5618729e-01  -8.0376165e-03
   8.5284281e-01  -8.2640660e-03
   8.4949833e-01  -8.4913231e-03
   8.4615385e-01  -8.7193313e-03
   8.4280936e-01  -8.9480346e-03
   8.3946488e-01  -9.1773781e-03
   8.3612040e-01  -9.4073073e-03
   8.3277592e-01  -9.6377688e-03
   8.2943144e-01  -9.8687098e-03
   8.2608696e-01  -1.0100078e-02
   8.2274247e-01  -1.0331823e-02
   8.1939799e-01  -1.0563893e-02
   8.1605351e-01  -1.0796239e-02
   8.1270903e-01  -1.1028812e-02
   8.0936455e-01  -1.1261564e-02
   8.0602007e-01  -1.1494446e-02
   8.0267559e-01  -1.1727412e-02
   7.9933110e-01  -1.1960417e-02
   7.9598662e-01  -1.2193414e-02
   7.9264214e-01  -1.2426358e-02
   7.8929766e-01  -1.2659207e-02
   7.8595318e-01  -1.2891916e-02
   7.8260870e-01  -1.3124443e-02
   7.7926421e-01  -1.3356746e-02
   7.7591973e-01  -1.3588783e-02
   7.7257525e-01  -1.3820515e-02
   7.6923077e-01  -1.4051902e-02
   7.6588629e-01  -1.4282903e-02
   7.6254181e-01  -1.4513482e-02
   7.5919732e-01  -1.4743599e-02
   7.5585284e-01  -1.4973218e-02
   7.5250836e-01  -1.5202302e-02
   7.4916388e-01  -1.5430816e-02
   7.4581940e-01  -1.5658724e-02
   7.4247492e-01  -1.5885992e-02
   7.3913043e-01  -1.6112586e-02
   7.3578595e-01  -1.6338472e-02
   7.3244147e-01  -1.6563618e-02
   7.2909699e-01  -1.6787992e-02
   7.2575251e-01  -1.7011562e-02
   7.2240803e-01  -1.7234297e-02
   7.1906355e-01  -1.7456169e-02
   7.1571906e-01  -1.7677146e-02
   7.1237458e-01  -1.7897200e-02
   7.0903010e-01  -1.8116303e-02
   7.0568562e-01  -1.8334426e-02
   7.0234114e-01  -1.8551543e-02
   6.9899666e-01  -1.8767627e-02
   6.9565217e-01  -1.8982652e-02
   6.9230769e-01  -1.9196592e-02
   6.8896321e-01  -1.9409423e-02
   6.8561873e-01  -1.9621120e-02
   6.8227425e-01  -1.9831659e-02
   6.7892977e-01  -2.0041017e-02
   6.7558528e-01  -2.0249172e-02
   6.7224080e-01  -2.0456101e-02
   6.6889632e-01  -2.0661783e-02
   6.6555184e-01  -2.0866196e-02
   6.6220736e-01  -2.1069320e-02
   6.5886288e-01  -2.1271135e-02
   6.5551839e-01  -2.1471621e-02
   6.5217391e-01  -2.1670759e-02
   6.4882943e-01  -2.1868531e-02
   6.4548495e-01  -2.2064918e-02
   6.4214047e-01  -2.2259903e-02
   6.3879599e-01  -2.2453469e-02
   6.3545151e-01  -2.2645599e-02
   6.3210702e-01  -2.2836278e-02
   6.2876254e-01  -2.3025488e-02
   6.2541806e-01  -2.3213215e-02
   6.2207358e-01  -2.3399445e-02
   6.1872910e-01  -2.3584162e-02
   6.1538462e-01  -2.3767353e-02
   6.1204013e-01  -2.3949004e-02
   6.0869565e-01  -2.4129103e-02
   6.0535117e-01  -2.4307636e-02
   6.0200669e-01  -2.4484591e-02
   5.9866221e-01  -2.4659957e-02
   5.9531773e-01  -2.4833721e-02
   5.9197324e-01  -2.5005873e-02
   5.8862876e-01  -2.5176403e-02
   5.8528428e-01  -2.5345299e-02
   5.8193980e-01  -2.5512552e-02
   5.7859532e-01  -2.5678152e-02
   5.7525084e-01  -2.5842090e-02
   5.7190635e-01  -2.6004356e-02
   5.6856187e-01  -2.6164943e-02
   5.6521739e-01  -2.6323842e-02
   5.6187291e-01  -2.6481046e-02
   5.5852843e-01  -2.6636545e-02
   5.5518395e-01  -2.6790334e-02
   5.5183946e-01  -2.6942405e-02
   5.4849498e-01  -2.7092752e-02
   5.4515050e-01  -2.7241367e-02
   5.4180602e-01  -2.7388245e-02
   5.3846154e-01  -2.7533379e-02
   5.3511706e-01  -2.7676765e-02
   5.3177258e-01  -2.7818397e-02
   5.2842809e-01  -2.7958268e-02
   5.2508361e-01  -2.8096376e-02
   5.2173913e-01  -2.8232714e-02
   5.1839465e-01  -2.8367278e-02
   5.1505017e-01  -2.8500064e-02
   5.1170569e-01  -2.8631067e-02
   5.0836120e-01  -2.8760284e-02
   5.0501672e-01  -2.8887711e-02
   5.0167224e-01  -2.9013344e-02
   4.9832776e-01  -2.9137180e-02
   4.9498328e-01  -2.9259214e-02
   4.9163880e-01  -2.9379445e-02
   4.8829431e-01  -2.9497869e-02
   4.8494983e-01  -2.9614483e-02
   4.8160535e-01  -2.9729283e-02
   4.7826087e-01  -2.9842268e-02
   4.7491639e-01  -2.9953433e-02
   4.7157191e-01  -3.0062778e-02
   4.6822742e-01  -3.0170298e-02
   4.6488294e-01  -3.0275991e-02
   4.6153846e-01  -3.0379856e-02
   4.5819398e-01  -3.0481888e-02
   4.5484950e-01  -3.0582085e-02
   4.5150502e-01  -3.0680446e-02
   4.4816054e-01  -3.0776966e-02
   4.4481605e-01  -3.0871644e-02
   4.4147157e-01  -3.0964477e-02
   4.3812709e-01  -3.1055462e-02
   4.3478261e-01  -3.1144595e-02
   4.3143813e-01  -3.1231875e-02
   4.2809365e-01  -3.1317298e-02
   4.2474916e-01  -3.1400860e-02
   4.2140468e-01  -3.1482558e-02
   4.1806020e-01  -3.1562389e-02
   4.1471572e-01  -3.1640348e-02
   4.1137124e-01  -3.1716433e-02
   4.0802676e-01  -3.1790638e-02
   4.0468227e-01  -3.1862959e-02
   4.0133779e-01  -3.1933393e-02
   3.9799331e-01  -3.2001933e-02
   3.9464883e-01  -3.2068574e-02
   3.9130435e-01  -3.2133311e-02
   3.8795987e-01  -3.2196139e-02
   3.8461538e-01  -3.2257050e-02
   3.8127090e-01  -3.2316039e-02
   3.7792642e-01  -3.2373098e-02
   3.7458194e-01  -3.2428220e-02
   3.7123746e-01  -3.2481397e-02
   3.6789298e-01  -3.2532621e-02
   3.6454849e-01  -3.2581883e-02
   3.6120401e-01  -3.2629173e-02
   3.5785953e-01  -3.2674482e-02
   3.5451505e-01  -3.2717800e-02
   3.5117057e-01  -3.2759115e-02
   3.4782609e-01  -3.2798415e-02
   3.4448161e-01  -3.2835689e-02
   3.4113712e-01  -3.2870923e-02
   3.3779264e-01  -3.2904104e-02
   3.3444816e-01  -3.2935217e-02
   3.3110368e-01  -3.2964247e-02
   3.2775920e-01  -3.2991177e-02
   3.2441472e-01  -3.3015992e-02
   3.2107023e-01  -3.3038672e-02
   3.1772575e-01  -3.3059200e-02
   3.1438127e-01  -3.3077555e-02
   3.1103679e-01  -3.3093717e-02
   3.0769231e-01  -3.3107664e-02
   3.0434783e-01  -3.3119373e-02
   3.0100334e-01  -3.3128819e-02
   2.9765886e-01  -3.3135979e-02
   2.9431438e-01  -3.3140824e-02
   2.9096990e-01  -3.3143328e-02
   2.8762542e-01  -3.3143460e-02
   2.8428094e-01  -3.3141191e-02
   2.8093645e-01  -3.3136488e-02
   2.7759197e-01  -3.3129318e-02
   2.7424749e-01  -3.3119645e-02
   2.7090301e-01  -3.3107433e-02
   2.6755853e-01  -3.3092642e-02
   2.6421405e-01  -3.3075232e-02
   2.6086957e-01  -3.3055161e-02
   2.5752508e-01  -3.3032385e-02
   2.5418060e-01  -3.3006856e-02
   2.5083612e-01  -3.2978526e-02
   2.4749164e-01  -3.2947344e-02
   2.4414716e-01  -3.2913257e-02
   2.4080268e-01  -3.2876209e-02
   2.3745819e-01  -3.2836142e-02
   2.3411371e-01  -3.2792995e-02
   2.3076923e-01  -3.2746703e-02
   2.2742475e-01  -3.2697199e-02
   2.2408027e-01  -3.2644415e-02
   2.2073579e-01  -3.2588276e-02
   2.1739130e-01  -3.2528706e-02
   2.1404682e-01  -3.2465625e-02
   2.1070234e-01  -3.2398948e-02
   2.0735786e-01  -3.2328587e-02
   2.0401338e-01  -3.2254451e-02
   2.0066890e-01  -3.2176443e-02
   1.9732441e-01  -3.2094462e-02
   1.9397993e-01  -3.2008401e-02
   1.9063545e-01  -3.1918151e-02
   1.8729097e-01  -3.1823593e-02
   1.8394649e-01  -3.1724606e-02
   1.8060201e-01  -3.1621062e-02
   1.7725753e-01  -3.1512825e-02
   1.7391304e-01  -3.1399755e-02
   1.7056856e-01  -3.1281703e-02
   1.6722408e-01  -3.1158512e-02
   1.6387960e-01  -3.1030018e-02
   1.6053512e-01  -3.0896048e-02
   1.5719064e-01  -3.0756419e-02
   1.5384615e-01  -3.0610939e-02
   1.5050167e-01  -3.0459406e-02
   1.4715719e-01  -3.0301606e-02
   1.4381271e-01  -3.0137311e-02
   1.4046823e-01  -2.9966284e-02
   1.3712375e-01  -2.9788270e-02
   1.3377926e-01  -2.9603002e-02
   1.3043478e-01  -2.9410194e-02
   1.2709030e-01  -2.9209544e-02
   1.2374582e-01  -2.9000731e-02
   1.2040134e-01  -2.8783412e-02
   1.1705686e-01  -2.8557222e-02
   1.1371237e-01  -2.8321770e-02
   1.1036789e-01  -2.8076639e-02
   1.0702341e-01  -2.7821381e-02
   1.0367893e-01  -2.7555516e-02
   1.0033445e-01  -2.7278525e-02
   9.6989967e-02  -2.6989851e-02
   9.3645485e-02  -2.6688891e-02
   9.0301003e-02  -2.6374989e-02
   8.6956522e-02  -2.6047435e-02
   8.3612040e-02  -2.5705452e-02
   8.0267559e-02  -2.5348193e-02
   7.6923077e-02  -2.4974724e-02
   7.3578595e-02  -2.4584018e-02
   7.0234114e-02  -2.4174937e-02
   6.6889632e-02  -2.3746214e-02
   6.3545151e-02  -2.3296435e-02
   6.0200669e-02  -2.2824006e-02
   5.6856187e-02  -2.2327123e-02
   5.3511706e-02  -2.1803729e-02
   5.0167224e-02  -2.1251460e-02
   4.6822742e-02  -2.0667572e-02
   4.3478261e-02  -2.0048846e-02
   4.0133779e-02  -1.9391466e-02
   3.6789298e-02  -1.8690837e-02
   3.3444816e-02  -1.7941343e-02
   3.0100334e-02  -1.7135980e-02
   2.6755853e-02  -1.6265808e-02
   2.3411371e-02  -1.5319087e-02
   2.0066890e-02  -1.4279829e-02
   1.6722408e-02  -1.3125209e-02
   1.3377926e-02  -1.1820489e-02
   1.0033445e-02  -1.0307675e-02
   6.6889632e-03  -8.4746172e-03
   3.3444816e-03  -6.0342118e-03
   0.0000000e+00  -0.0000000e+00
