   0.0000000e+00   0.0000000e+00
   3.3444816e-03   8.9993384e-03
   6.6889632e-03   1.2682897e-02
   1.0033445e-02   1.5479734e-02
   1.3377926e-02   1.7813066e-02
   1.6722408e-02   1.9847503e-02
   2.0066890e-02   2.1667805e-02
   2.3411371e-02   2.3324531e-02
   2.6755853e-02   2.4850754e-02
   3.0100334e-02   2.6269540e-02
   3.3444816e-02   2.7597755e-02
   3.6789298e-02   2.8848180e-02
   4.0133779e-02   3.0030787e-02
   4.3478261e-02   3.1153539e-02
   4.6822742e-02   3.2222916e-02
   5.0167224e-02   3.3244281e-02
   5.3511706e-02   3.4222135e-02
   5.6856187e-02   3.5160299e-02
   6.0200669e-02   3.6062050e-02
   6.3545151e-02   3.6930230e-02
   6.6889632e-02   3.7767318e-02
   7.0234114e-02   3.8575493e-02
   7.3578595e-02   3.9356687e-02
   7.6923077e-02   4.0112619e-02
   8.0267559e-02   4.0844828e-02
   8.3612040e-02   4.1554698e-02
   8.6956522e-02   4.2243481e-02
   9.0301003e-02   4.2912311e-02
   9.3645485e-02   4.3562222e-02
   9.6989967e-02   4.4194158e-02
   1.0033445e-01   4.4808985e-02
   1.0367893e-01   4.5407499e-02
   1.0702341e-01   4.5990434e-02
   1.1036789e-01   4.6558466e-02
   1.1371237e-01   4.7112225e-02
   1.1705686e-01   4.7652292e-02
   1.2040134e-01   4.8179211e-02
   1.2374582e-01   4.8693486e-02
   1.2709030e-01   4.9195589e-02
   1.3043478e-01   4.9685962e-02
   1.3377926e-01   5.0165016e-02
   1.3712375e-01   5.0633141e-02
   1.4046823e-01   5.1090699e-02
   1.4381271e-01   5.1538034e-02
   1.4715719e-01   5.1975467e-02
   1.5050167e-01   5.2403302e-02
   1.5384615e-01   5.2821826e-02
   1.5719064e-01   5.3231310e-02
   1.6053512e-01   5.3632010e-02
   1.6387960e-01   5.4024168e-02
   1.6722408e-01   5.4408013e-02
   1.7056856e-01   5.4783764e-02
   1.7391304e-01   5.5151626e-02
   1.7725753e-01   5.5511795e-02
   1.8060201e-01   5.5864457e-02
   1.8394649e-01   5.6209789e-02
   1.8729097e-01   5.6547959e-02
   1.9063545e-01   5.6879126e-02
   1.9397993e-01   5.7203443e-02
   1.9732441e-01   5.7521055e-02
   2.0066890e-01   5.7832099e-02
   2.0401338e-01   5.8136707e-02
   2.0735786e-01   5.8435004e-02
   2.1070234e-01   5.8727109e-02
   2.1404682e-01   5.9013137e-02
   2.1739130e-01   5.9293196e-02
   2.2073579e-01   5.9567390e-02
   2.2408027e-01   5.9835818e-02
   2.2742475e-01   6.0098574e-02
   2.3076923e-01   6.0355747e-02
   2.3411371e-01   6.0607425e-02
   2.3745819e-01   6.0853690e-02
   2.4080268e-01   6.1094619e-02
   2.4414716e-01   6.1330287e-02
   2.4749164e-01   6.1560766e-02
   2.5083612e-01   6.1786124e-02
   2.5418060e-01   6.2006427e-02
   2.5752508e-01   6.2221735e-02
   2.6086957e-01   6.2432108e-02
   2.6421405e-01   6.2637604e-02
   2.6755853e-01   6.2838275e-02
   2.7090301e-01   6.3034172e-02
   2.7424749e-01   6.3225346e-02
   2.7759197e-01   6.3411842e-02
   2.8093645e-01   6.3593705e-02
   2.8428094e-01   6.3770976e-02
   2.8762542e-01   6.3943697e-02
   2.9096990e-01   6.4111905e-02
   2.9431438e-01   6.4275637e-02
   2.9765886e-01   6.4434927e-02
   3.0100334e-01   6.4589807e-02
   3.0434783e-01   6.4740310e-02
   3.0769231e-01   6.4886463e-02
   3.1103679e-01   6.5028295e-02
   3.1438127e-01   6.5165833e-02
   3.1772575e-01   6.5299100e-02
   3.2107023e-01   6.5428120e-02
   3.2441472e-01   6.5552915e-02
   3.2775920e-01   6.5673507e-02
   3.3110368e-01   6.5789913e-02
   3.3444816e-01   6.5902153e-02
   3.3779264e-01   6.6010243e-02
   3.4113712e-01   6.6114200e-02
   3.4448161e-01   6.6214038e-02
   3.4782609e-01   6.6309770e-02
   3.5117057e-01   6.6401410e-02
   3.5451505e-01   6.6488968e-02
   3.5785953e-01   6.6572456e-02
   3.6120401e-01   6.6651883e-02
   3.6454849e-01   6.6727259e-02
   3.6789298e-01   6.6798590e-02
   3.7123746e-01   6.6865885e-02
   3.7458194e-01   6.6929149e-02
   3.7792642e-01   6.6988388e-02
   3.8127090e-01   6.7043607e-02
   3.8461538e-01   6.7094810e-02
   3.8795987e-01   6.7142000e-02
   3.9130435e-01   6.7185179e-02
   3.9464883e-01   6.7224351e-02
   3.9799331e-01   6.7259515e-02
   4.0133779e-01   6.7290672e-02
   4.0468227e-01   6.7317824e-02
   4.0802676e-01   6.7340968e-02
   4.1137124e-01   6.7360105e-02
   4.1471572e-01   6.7375232e-02
   4.1806020e-01   6.7386348e-02
   4.2140468e-01   6.7393449e-02
   4.2474916e-01   6.7396532e-02
   4.2809365e-01   6.7395595e-02
   4.3143813e-01   6.7390633e-02
   4.3478261e-01   6.7381641e-02
   4.3812709e-01   6.7368614e-02
   4.4147157e-01   6.7351547e-02
   4.4481605e-01   6.7330435e-02
   4.4816054e-01   6.7305271e-02
   4.5150502e-01   6.7276049e-02
   4.5484950e-01   6.7242761e-02
   4.5819398e-01   6.7205402e-02
   4.6153846e-01   6.7163962e-02
   4.6488294e-01   6.7118435e-02
   4.6822742e-01   6.7068812e-02
   4.7157191e-01   6.7015084e-02
   4.7491639e-01   6.6957244e-02
   4.7826087e-01   6.6895282e-02
   4.8160535e-01   6.6829188e-02
   4.8494983e-01   6.6758954e-02
   4.8829431e-01   6.6684570e-02
   4.9163880e-01   6.6606025e-02
   4.9498328e-01   6.6523309e-02
   4.9832776e-01   6.6436413e-02
   5.0167224e-01   6.6345325e-02
   5.0501672e-01   6.6250035e-02
   5.0836120e-01   6.6150532e-02
   5.1170569e-01   6.6046805e-02
   5.1505017e-01   6.5938842e-02
   5.1839465e-01   6.5826632e-02
   5.2173913e-01   6.5710163e-02
   5.2508361e-01   6.5589425e-02
   5.2842809e-01   6.5464404e-02
   5.3177258e-01   6.5335089e-02
   5.3511706e-01   6.5201468e-02
   5.3846154e-01   6.5063530e-02
   5.4180602e-01   6.4921260e-02
   5.4515050e-01   6.4774648e-02
   5.4849498e-01   6.4623681e-02
   5.5183946e-01   6.4468346e-02
   5.5518395e-01   6.4308630e-02
   5.5852843e-01   6.4144522e-02
   5.6187291e-01   6.3976008e-02
   5.6521739e-01   6.3803076e-02
   5.6856187e-01   6.3625713e-02
   5.7190635e-01   6.3443906e-02
   5.7525084e-01   6.3257643e-02
   5.7859532e-01   6.3066910e-02
   5.8193980e-01   6.2871694e-02
   5.8528428e-01   6.2671983e-02
   5.8862876e-01   6.2467765e-02
   5.9197324e-01   6.2259025e-02
   5.9531773e-01   6.2045751e-02
   5.9866221e-01   6.1827931e-02
   6.0200669e-01   6.1605551e-02
   6.0535117e-01   6.1378599e-02
   6.0869565e-01   6.1147062e-02
   6.1204013e-01   6.0910927e-02
   6.1538462e-01   6.0670182e-02
   6.1872910e-01   6.0424813e-02
   6.2207358e-01   6.0174809e-02
   6.2541806e-01   5.9920157e-02
   6.2876254e-01   5.9660843e-02
   6.3210702e-01   5.9396857e-02
   6.3545151e-01   5.9128185e-02
   6.3879599e-01   5.8854815e-02
   6.4214047e-01   5.8576735e-02
   6.4548495e-01   5.8293934e-02
   6.4882943e-01   5.8006398e-02
   6.5217391e-01   5.7714116e-02
   6.5551839e-01   5.7417076e-02
   6.5886288e-01   5.7115267e-02
   6.6220736e-01   5.6808677e-02
   6.6555184e-01   5.6497294e-02
   6.6889632e-01   5.6181107e-02
   6.7224080e-01   5.5860104e-02
   6.7558528e-01   5.5534276e-02
   6.7892977e-01   5.5203609e-02
   6.8227425e-01   5.4868095e-02
   6.8561873e-01   5.4527721e-02
   6.8896321e-01   5.4182478e-02
   6.9230769e-01   5.3832354e-02
   6.9565217e-01   5.3477340e-02
   6.9899666e-01   5.3117426e-02
   7.0234114e-01   5.2752600e-02
   7.0568562e-01   5.2382855e-02
   7.0903010e-01   5.2008179e-02
   7.1237458e-01   5.1628563e-02
   7.1571906e-01   5.1243998e-02
   7.1906355e-01   5.0854475e-02
   7.2240803e-01   5.0459985e-02
   7.2575251e-01   5.0060518e-02
   7.2909699e-01   4.9656067e-02
   7.3244147e-01   4.9246623e-02
   7.3578595e-01   4.8832177e-02
   7.3913043e-01   4.8412722e-02
   7.4247492e-01   4.7988249e-02
   7.4581940e-01   4.7558751e-02
   7.4916388e-01   4.7124221e-02
   7.5250836e-01   4.6684651e-02
   7.5585284e-01   4.6240033e-02
   7.5919732e-01   4.5790362e-02
   7.6254181e-01   4.5335631e-02
   7.6588629e-01   4.4875833e-02
   7.6923077e-01   4.4410962e-02
   7.7257525e-01   4.3941012e-02
   7.7591973e-01   4.3465977e-02
   7.7926421e-01   4.2985853e-02
   7.8260870e-01   4.2500632e-02
   7.8595318e-01   4.2010311e-02
   7.8929766e-01   4.1514885e-02
   7.9264214e-01   4.1014349e-02
   7.9598662e-01   4.0508699e-02
   7.9933110e-01   3.9997931e-02
   8.0267559e-01   3.9482041e-02
   8.0602007e-01   3.8961025e-02
   8.0936455e-01   3.8434880e-02
   8.1270903e-01   3.7903604e-02
   8.1605351e-01   3.7367193e-02
   8.1939799e-01   3.6825644e-02
   8.2274247e-01   3.6278956e-02
   8.2608696e-01   3.5727127e-02
   8.2943144e-01   3.5170155e-02
   8.3277592e-01   3.4608038e-02
   8.3612040e-01   3.4040775e-02
   8.3946488e-01   3.3468366e-02
   8.4280936e-01   3.2890810e-02
   8.4615385e-01   3.2308107e-02
   8.4949833e-01   3.1720256e-02
   8.5284281e-01   3.1127258e-02
   8.5618729e-01   3.0529113e-02
   8.5953177e-01   2.9925823e-02
   8.6287625e-01   2.9317388e-02
   8.6622074e-01   2.8703811e-02
   8.6956522e-01   2.8085092e-02
   8.7290970e-01   2.7461234e-02
   8.7625418e-01   2.6832239e-02
   8.7959866e-01   2.6198110e-02
   8.8294314e-01   2.5558850e-02
   8.8628763e-01   2.4914462e-02
   8.8963211e-01   2.4264950e-02
   8.9297659e-01   2.3610318e-02
   8.9632107e-01   2.2950570e-02
   8.9966555e-01   2.2285711e-02
   9.0301003e-01   2.1615746e-02
   9.0635452e-01   2.0940680e-02
   9.0969900e-01   2.0260518e-02
   9.1304348e-01   1.9575267e-02
   9.1638796e-01   1.8884932e-02
   9.1973244e-01   1.8189521e-02
   9.2307692e-01   1.7489041e-02
   9.2642140e-01   1.6783498e-02
   9.2976589e-01   1.6072900e-02
   9.3311037e-01   1.5357256e-02
   9.3645485e-01   1.4636573e-02
   9.3979933e-01   1.3910860e-02
   9.4314381e-01   1.3180127e-02
   9.4648829e-01   1.2444382e-02
   9.4983278e-01   1.1703636e-02
   9.5317726e-01   1.0957899e-02
   9.5652174e-01   1.0207180e-02
   9.5986622e-01   9.4514911e-03
   9.6321070e-01   8.6908433e-03
   9.6655518e-01   7.9252481e-03
   9.6989967e-01   7.1547175e-03
   9.7324415e-01   6.3792637e-03
   9.7658863e-01   5.5988994e-03
   9.7993311e-01   4.8136376e-03
   9.8327759e-01   4.0234919e-03
   9.8662207e-01   3.2284760e-03
   9.8996656e-01   2.4286041e-03
   9.9331104e-01   1.6238907e-03
   9.9665552e-01   8.1435091e-04
   1.0000000e+00   0.0000000e+00
   1.0000000e+00   0.0000000e+00
   9.9665552e-01  -3.9514294e-04
   9.9331104e-01  -7.8974799e-04
   9.8996656e-01  -1.1837715e-03
   9.8662207e-01  -1.5771705e-03
   9.8327759e-01  -1.9699026e-03
   9.7993311e-01  -2.3619259e-03
   9.7658863e-01  -2.7531993e-03
   9.7324415e-01  -3.1436823e-03
   9.6989967e-01  -3.5333348e-03
   9.6655518e-01  -3.9221174e-03
   9.6321070e-01  -4.3099915e-03
   9.5986622e-01  -4.6969188e-03
   9.5652174e-01  -5.0828617e-03
   9.5317726e-01  -5.4677832e-03
   9.4983278e-01  -5.8516469e-03
   9.4648829e-01  -6.2344170e-03
   9.4314381e-01  -6.6160582e-03
   9.3979933e-01  -6.9965358e-03
   9.3645485e-01  -7.3758158e-03
   9.3311037e-01  -7.7538645e-03
   9.2976589e-01  -8.1306491e-03
   9.2642140e-01  -8.5061371e-03
   9.2307692e-01  -8.8802967e-03
   9.1973244e-01  -9.2530966e-03
   9.1638796e-01  -9.6245061e-03
   9.1304348e-01  -9.9944951e-03
   9.0969900e-01  -1.0363034e-02
   9.0635452e-01  -1.0730093e-02
   9.0301003e-01  -1.1095645e-02
   8.9966555e-01  -1.1459661e-02
   8.9632107e-01  -1.1822113e-02
   8.9297659e-01  -1.2182976e-02
   8.8963211e-01  -1.2542221e-02
   8.8628763e-01  -1.2899825e-02
   8.8294314e-01  -1.3255760e-02
   8.7959866e-01  -1.3610003e-02
   8.7625418e-01  -1.3962529e-02
   8.7290970e-01  -1.4313315e-02
   8.6956522e-01  -1.4662336e-02
   8.6622074e-01  -1.5009571e-02
   8.6287625e-01  -1.5354997e-02
   8.5953177e-01  -1.5698592e-02
   8.5618729e-01  -1.6040335e-02
   8.5284281e-01  -1.6380206e-02
   8.4949833e-01  -1.6718183e-02
   8.4615385e-01  -1.7054248e-02
   8.4280936e-01  -1.7388380e-02
   8.3946488e-01  -1.7720562e-02
   8.3612040e-01  -1.8050774e-02
   8.3277592e-01  -1.8379000e-02
   8.2943144e-01  -1.8705220e-02
   8.2608696e-01  -1.9029420e-02
   8.2274247e-01  -1.9351581e-02
   8.1939799e-01  -1.9671688e-02
   8.1605351e-01  -1.9989726e-02
   8.1270903e-01  -2.0305680e-02
   8.0936455e-01  -2.0619534e-02
   8.0602007e-01  -2.0931275e-02
   8.0267559e-01  -2.1240889e-02
   7.9933110e-01  -2.1548362e-02
   7.9598662e-01  -2.1853682e-02
   7.9264214e-01  -2.2156836e-02
   7.8929766e-01  -2.2457813e-02
   7.8595318e-01  -2.2756599e-02
   7.8260870e-01  -2.3053186e-02
   7.7926421e-01  -2.3347561e-02
   7.7591973e-01  -2.3639714e-02
   7.7257525e-01  -2.3929635e-02
   7.6923077e-01  -2.4217315e-02
   7.6588629e-01  -2.4502745e-02
   7.6254181e-01  -2.4785916e-02
   7.5919732e-01  -2.5066819e-02
   7.5585284e-01  -2.5345446e-02
   7.5250836e-01  -2.5621791e-02
   7.4916388e-01  -2.5895845e-02
   7.4581940e-01  -2.6167602e-02
   7.4247492e-01  -2.6437056e-02
   7.3913043e-01  -2.6704200e-02
   7.3578595e-01  -2.6969028e-02
   7.3244147e-01  -2.7231536e-02
   7.2909699e-01  -2.7491718e-02
   7.2575251e-01  -2.7749569e-02
   7.2240803e-01  -2.8005086e-02
   7.1906355e-01  -2.8258264e-02
   7.1571906e-01  -2.8509099e-02
   7.1237458e-01  -2.8757589e-02
   7.0903010e-01  -2.9003729e-02
   7.0568562e-01  -2.9247519e-02
   7.0234114e-01  -2.9488954e-02
   6.9899666e-01  -2.9728034e-02
   6.9565217e-01  -2.9964756e-02
   6.9230769e-01  -3.0199119e-02
   6.8896321e-01  -3.0431122e-02
   6.8561873e-01  -3.0660763e-02
   6.8227425e-01  -3.0888044e-02
   6.7892977e-01  -3.1112962e-02
   6.7558528e-01  -3.1335519e-02
   6.7224080e-01  -3.1555714e-02
   6.6889632e-01  -3.1773548e-02
   6.6555184e-01  -3.1989022e-02
   6.6220736e-01  -3.2202137e-02
   6.5886288e-01  -3.2412894e-02
   6.5551839e-01  -3.2621295e-02
   6.5217391e-01  -3.2827342e-02
   6.4882943e-01  -3.3031036e-02
   6.4548495e-01  -3.3232381e-02
   6.4214047e-01  -3.3431378e-02
   6.3879599e-01  -3.3628030e-02
   6.3545151e-01  -3.3822340e-02
   6.3210702e-01  -3.4014311e-02
   6.2876254e-01  -3.4203947e-02
   6.2541806e-01  -3.4391252e-02
   6.2207358e-01  -3.4576228e-02
   6.1872910e-01  -3.4758880e-02
   6.1538462e-01  -3.4939213e-02
   6.1204013e-01  -3.5117229e-02
   6.0869565e-01  -3.5292934e-02
   6.0535117e-01  -3.5466333e-02
   6.0200669e-01  -3.5637430e-02
   5.9866221e-01  -3.5806229e-02
   5.9531773e-01  -3.5972737e-02
   5.9197324e-01  -3.6136958e-02
   5.8862876e-01  -3.6298897e-02
   5.8528428e-01  -3.6458561e-02
   5.8193980e-01  -3.6615954e-02
   5.7859532e-01  -3.6771082e-02
   5.7525084e-01  -3.6923950e-02
   5.7190635e-01  -3.7074566e-02
   5.6856187e-01  -3.7222934e-02
   5.6521739e-01  -3.7369061e-02
   5.6187291e-01  -3.7512953e-02
   5.5852843e-01  -3.7654616e-02
   5.5518395e-01  -3.7794055e-02
   5.5183946e-01  -3.7931278e-02
   5.4849498e-01  -3.8066291e-02
   5.4515050e-01  -3.8199099e-02
   5.4180602e-01  -3.8329710e-02
   5.3846154e-01  -3.8458129e-02
   5.3511706e-01  -3.8584363e-02
   5.3177258e-01  -3.8708418e-02
   5.2842809e-01  -3.8830301e-02
   5.2508361e-01  -3.8950018e-02
   5.2173913e-01  -3.9067575e-02
   5.1839465e-01  -3.9182978e-02
   5.1505017e-01  -3.9296234e-02
   5.1170569e-01  -3.9407349e-02
   5.0836120e-01  -3.9516328e-02
   5.0501672e-01  -3.9623178e-02
   5.0167224e-01  -3.9727905e-02
   4.9832776e-01  -3.9830515e-02
   4.9498328e-01  -3.9931012e-02
   4.9163880e-01  -4.0029404e-02
   4.8829431e-01  -4.0125695e-02
   4.8494983e-01  -4.0219890e-02
   4.8160535e-01  -4.0311995e-02
   4.7826087e-01  -4.0402015e-02
   4.7491639e-01  -4.0489954e-02
   4.7157191e-01  -4.0575817e-02
   4.6822742e-01  -4.0659609e-02
   4.6488294e-01  -4.0741334e-02
   4.6153846e-01  -4.0820996e-02
   4.5819398e-01  -4.0898598e-02
   4.5484950e-01  -4.0974144e-02
   4.5150502e-01  -4.1047638e-02
   4.4816054e-01  -4.1119082e-02
   4.4481605e-01  -4.1188479e-02
   4.4147157e-01  -4.1255831e-02
   4.3812709e-01  -4.1321141e-02
   4.3478261e-01  -4.1384410e-02
   4.3143813e-01  -4.1445639e-02
   4.2809365e-01  -4.1504830e-02
   4.2474916e-01  -4.1561982e-02
   4.2140468e-01  -4.1617097e-02
   4.1806020e-01  -4.1670175e-02
   4.1471572e-01  -4.1721213e-02
   4.1137124e-01  -4.1770212e-02
   4.0802676e-01  -4.1817169e-02
   4.0468227e-01  -4.1862084e-02
   4.0133779e-01  -4.1904952e-02
   3.9799331e-01  -4.1945771e-02
   3.9464883e-01  -4.1984538e-02
   3.9130435e-01  -4.2021247e-02
   3.8795987e-01  -4.2055895e-02
   3.8461538e-01  -4.2088476e-02
   3.8127090e-01  -4.2118983e-02
   3.7792642e-01  -4.2147411e-02
   3.7458194e-01  -4.2173751e-02
   3.7123746e-01  -4.2197995e-02
   3.6789298e-01  -4.2220135e-02
   3.6454849e-01  -4.2240161e-02
   3.6120401e-01  -4.2258062e-02
   3.5785953e-01  -4.2273828e-02
   3.5451505e-01  -4.2287445e-02
   3.5117057e-01  -4.2298902e-02
   3.4782609e-01  -4.2308183e-02
   3.4448161e-01  -4.2315275e-02
   3.4113712e-01  -4.2320161e-02
   3.3779264e-01  -4.2322825e-02
   3.3444816e-01  -4.2323248e-02
   3.3110368e-01  -4.2321412e-02
   3.2775920e-01  -4.2317297e-02
   3.2441472e-01  -4.2310880e-02
   3.2107023e-01  -4.2302141e-02
   3.1772575e-01  -4.2291054e-02
   3.1438127e-01  -4.2277595e-02
   3.1103679e-01  -4.2261738e-02
   3.0769231e-01  -4.2243454e-02
   3.0434783e-01  -4.2222715e-02
   3.0100334e-01  -4.2199490e-02
   2.9765886e-01  -4.2173746e-02
   2.9431438e-01  -4.2145450e-02
   2.9096990e-01  -4.2114565e-02
   2.8762542e-01  -4.2081055e-02
   2.8428094e-01  -4.2044881e-02
   2.8093645e-01  -4.2006002e-02
   2.7759197e-01  -4.1964374e-02
   2.7424749e-01  -4.1919952e-02
   2.7090301e-01  -4.1872691e-02
   2.6755853e-01  -4.1822540e-02
   2.6421405e-01  -4.1769449e-02
   2.6086957e-01  -4.1713362e-02
   2.5752508e-01  -4.1654225e-02
   2.5418060e-01  -4.1591978e-02
   2.5083612e-01  -4.1526560e-02
   2.4749164e-01  -4.1457907e-02
   2.4414716e-01  -4.1385951e-02
   2.4080268e-01  -4.1310623e-02
   2.3745819e-01  -4.1231849e-02
   2.3411371e-01  -4.1149553e-02
   2.3076923e-01  -4.1063655e-02
   2.2742475e-01  -4.0974071e-02
   2.2408027e-01  -4.0880714e-02
   2.2073579e-01  -4.0783494e-02
   2.1739130e-01  -4.0682314e-02
   2.1404682e-01  -4.0577076e-02
   2.1070234e-01  -4.0467675e-02
   2.0735786e-01  -4.0354003e-02
   2.0401338e-01  -4.0235946e-02
   2.0066890e-01  -4.0113385e-02
   1.9732441e-01  -3.9986196e-02
   1.9397993e-01  -3.9854249e-02
   1.9063545e-01  -3.9717407e-02
   1.8729097e-01  -3.9575527e-02
   1.8394649e-01  -3.9428461e-02
   1.8060201e-01  -3.9276052e-02
   1.7725753e-01  -3.9118135e-02
   1.7391304e-01  -3.8954539e-02
   1.7056856e-01  -3.8785082e-02
   1.6722408e-01  -3.8609575e-02
   1.6387960e-01  -3.8427819e-02
   1.6053512e-01  -3.8239604e-02
   1.5719064e-01  -3.8044709e-02
   1.5384615e-01  -3.7842902e-02
   1.5050167e-01  -3.7633938e-02
   1.4715719e-01  -3.7417560e-02
   1.4381271e-01  -3.7193495e-02
   1.4046823e-01  -3.6961455e-02
   1.3712375e-01  -3.6721136e-02
   1.3377926e-01  -3.6472215e-02
   1.3043478e-01  -3.6214351e-02
   1.2709030e-01  -3.5947182e-02
   1.2374582e-01  -3.5670321e-02
   1.2040134e-01  -3.5383359e-02
   1.1705686e-01  -3.5085859e-02
   1.1371237e-01  -3.4777355e-02
   1.1036789e-01  -3.4457346e-02
   1.0702341e-01  -3.4125298e-02
   1.0367893e-01  -3.3780638e-02
   1.0033445e-01  -3.3422748e-02
   9.6989967e-02  -3.3050961e-02
   9.3645485e-02  -3.2664559e-02
   9.0301003e-02  -3.2262760e-02
   8.6956522e-02  -3.1844716e-02
   8.3612040e-02  -3.1409503e-02
   8.0267559e-02  -3.0956109e-02
   7.6923077e-02  -3.0483423e-02
   7.3578595e-02  -2.9990219e-02
   7.0234114e-02  -2.9475141e-02
   6.6889632e-02  -2.8936680e-02
   6.3545151e-02  -2.8373148e-02
   6.0200669e-02  -2.7782643e-02
   5.6856187e-02  -2.7163015e-02
   5.3511706e-02  -2.6511808e-02
   5.0167224e-02  -2.5826200e-02
   4.6822742e-02  -2.5102913e-02
   4.3478261e-02  -2.4338103e-02
   4.0133779e-02  -2.3527206e-02
   3.6789298e-02  -2.2664729e-02
   3.3444816e-02  -2.1743949e-02
   3.0100334e-02  -2.0756480e-02
   2.6755853e-02  -1.9691612e-02
   2.3411371e-02  -1.8535271e-02
   2.0066890e-02  -1.7268276e-02
   1.6722408e-02  -1.5863231e-02
   1.3377926e-02  -1.4278407e-02
   1.0033445e-02  -1.2444095e-02
   6.6889632e-03  -1.0225403e-02
   3.3444816e-03  -7.2767594e-03
   0.0000000e+00  -0.0000000e+00
