   0.0000000e+00   0.0000000e+00
   3.3444816e-03   9.5658999e-03
   6.6889632e-03   1.3439551e-02
   1.0033445e-02   1.6352306e-02
   1.3377926e-02   1.8758661e-02
   1.6722408e-02   2.0836042e-02
   2.0066890e-02   2.2676148e-02
   2.3411371e-02   2.4333875e-02
   2.6755853e-02   2.5845273e-02
   3.0100334e-02   2.7235581e-02
   3.3444816e-02   2.8523324e-02
   3.6789298e-02   2.9722604e-02
   4.0133779e-02   3.0844465e-02
   4.3478261e-02   3.1897764e-02
   4.6822742e-02   3.2889744e-02
   5.0167224e-02   3.3826424e-02
   5.3511706e-02   3.4712877e-02
   5.6856187e-02   3.5553432e-02
   6.0200669e-02   3.6351823e-02
   6.3545151e-02   3.7111298e-02
   6.6889632e-02   3.7834706e-02
   7.0234114e-02   3.8524570e-02
   7.3578595e-02   3.9183131e-02
   7.6923077e-02   3.9812397e-02
   8.0267559e-02   4.0414175e-02
   8.3612040e-02   4.0990101e-02
   8.6956522e-02   4.1541660e-02
   9.0301003e-02   4.2070208e-02
   9.3645485e-02   4.2576986e-02
   9.6989967e-02   4.3063136e-02
   1.0033445e-01   4.3529710e-02
   1.0367893e-01   4.3977680e-02
   1.0702341e-01   4.4407951e-02
   1.1036789e-01   4.4821362e-02
   1.1371237e-01   4.5218694e-02
   1.1705686e-01   4.5600680e-02
   1.2040134e-01   4.5968004e-02
   1.2374582e-01   4.6321308e-02
   1.2709030e-01   4.6661196e-02
   1.3043478e-01   4.6988236e-02
   1.3377926e-01   4.7302964e-02
   1.3712375e-01   4.7605887e-02
   1.4046823e-01   4.7897483e-02
   1.4381271e-01   4.8178206e-02
   1.4715719e-01   4.8448485e-02
   1.5050167e-01   4.8708730e-02
   1.5384615e-01   4.8959328e-02
   1.5719064e-01   4.9200650e-02
   1.6053512e-01   4.9433047e-02
   1.6387960e-01   4.9656854e-02
   1.6722408e-01   4.9872392e-02
   1.7056856e-01   5.0079967e-02
   1.7391304e-01   5.0279871e-02
   1.7725753e-01   5.0472385e-02
   1.8060201e-01   5.0657775e-02
   1.8394649e-01   5.0836299e-02
   1.8729097e-01   5.1008203e-02
   1.9063545e-01   5.1173722e-02
   1.9397993e-01   5.1333083e-02
   1.9732441e-01   5.1486503e-02
   2.0066890e-01   5.1634191e-02
   2.0401338e-01   5.1776348e-02
   2.0735786e-01   5.1913167e-02
   2.1070234e-01   5.2044833e-02
   2.1404682e-01   5.2171525e-02
   2.1739130e-01   5.2293414e-02
   2.2073579e-01   5.2410667e-02
   2.2408027e-01   5.2523442e-02
   2.2742475e-01   5.2631893e-02
   2.3076923e-01   5.2736167e-02
   2.3411371e-01   5.2836408e-02
   2.3745819e-01   5.2932753e-02
   2.4080268e-01   5.3025333e-02
   2.4414716e-01   5.3114276e-02
   2.4749164e-01   5.3199706e-02
   2.5083612e-01   5.3281741e-02
   2.5418060e-01   5.3360496e-02
   2.5752508e-01   5.3436079e-02
   2.6086957e-01   5.3508599e-02
   2.6421405e-01   5.3578156e-02
   2.6755853e-01   5.3644850e-02
   2.7090301e-01   5.3708776e-02
   2.7424749e-01   5.3770025e-02
   2.7759197e-01   5.3828687e-02
   2.8093645e-01   5.3884845e-02
   2.8428094e-01   5.3938582e-02
   2.8762542e-01   5.3989976e-02
   2.9096990e-01   5.4039104e-02
   2.9431438e-01   5.4086039e-02
   2.9765886e-01   5.4130850e-02
   3.0100334e-01   5.4173605e-02
   3.0434783e-01   5.4214370e-02
   3.0769231e-01   5.4253205e-02
   3.1103679e-01   5.4290172e-02
   3.1438127e-01   5.4325327e-02
   3.1772575e-01   5.4358725e-02
   3.2107023e-01   5.4390418e-02
   3.2441472e-01   5.4420458e-02
   3.2775920e-01   5.4448891e-02
   3.3110368e-01   5.4475764e-02
   3.3444816e-01   5.4501121e-02
   3.3779264e-01   5.4525003e-02
   3.4113712e-01   5.4547451e-02
   3.4448161e-01   5.4568500e-02
   3.4782609e-01   5.4588188e-02
   3.5117057e-01   5.4606548e-02
   3.5451505e-01   5.4623612e-02
   3.5785953e-01   5.4639411e-02
   3.6120401e-01   5.4653971e-02
   3.6454849e-01   5.4667321e-02
   3.6789298e-01   5.4679485e-02
   3.7123746e-01   5.4690485e-02
   3.7458194e-01   5.4700344e-02
   3.7792642e-01   5.4709081e-02
   3.8127090e-01   5.4716715e-02
   3.8461538e-01   5.4723261e-02
   3.8795987e-01   5.4728736e-02
   3.9130435e-01   5.4733152e-02
   3.9464883e-01   5.4736521e-02
   3.9799331e-01   5.4738855e-02
   4.0133779e-01   5.4740162e-02
   4.0468227e-01   5.4740449e-02
   4.0802676e-01   5.4739724e-02
   4.1137124e-01   5.4737990e-02
   4.1471572e-01   5.4735251e-02
   4.1806020e-01   5.4731509e-02
   4.2140468e-01   5.4726765e-02
   4.2474916e-01   5.4721019e-02
   4.2809365e-01   5.4714267e-02
   4.3143813e-01   5.4706508e-02
   4.3478261e-01   5.4697736e-02
   4.3812709e-01   5.4687946e-02
   4.4147157e-01   5.4677130e-02
   4.4481605e-01   5.4665281e-02
   4.4816054e-01   5.4652389e-02
   4.5150502e-01   5.4638443e-02
   4.5484950e-01   5.4623431e-02
   4.5819398e-01   5.4607341e-02
   4.6153846e-01   5.4590158e-02
   4.6488294e-01   5.4571867e-02
   4.6822742e-01   5.4552451e-02
   4.7157191e-01   5.4531892e-02
   4.7491639e-01   5.4510172e-02
   4.7826087e-01   5.4487271e-02
   4.8160535e-01   5.4463168e-02
   4.8494983e-01   5.4437841e-02
   4.8829431e-01   5.4411267e-02
   4.9163880e-01   5.4383421e-02
   4.9498328e-01   5.4354278e-02
   4.9832776e-01   5.4323812e-02
   5.0167224e-01   5.4291995e-02
   5.0501672e-01   5.4258800e-02
   5.0836120e-01   5.4224196e-02
   5.1170569e-01   5.4188153e-02
   5.1505017e-01   5.4150640e-02
   5.1839465e-01   5.4111624e-02
   5.2173913e-01   5.4071072e-02
   5.2508361e-01   5.4028949e-02
   5.2842809e-01   5.3985219e-02
   5.3177258e-01   5.3939847e-02
   5.3511706e-01   5.3892795e-02
   5.3846154e-01   5.3844025e-02
   5.4180602e-01   5.3793497e-02
   5.4515050e-01   5.3741171e-02
   5.4849498e-01   5.3687005e-02
   5.5183946e-01   5.3630959e-02
   5.5518395e-01   5.3572987e-02
   5.5852843e-01   5.3513048e-02
   5.6187291e-01   5.3451095e-02
   5.6521739e-01   5.3387083e-02
   5.6856187e-01   5.3320964e-02
   5.7190635e-01   5.3252693e-02
   5.7525084e-01   5.3182218e-02
   5.7859532e-01   5.3109493e-02
   5.8193980e-01   5.3034465e-02
   5.8528428e-01   5.2957083e-02
   5.8862876e-01   5.2877297e-02
   5.9197324e-01   5.2795052e-02
   5.9531773e-01   5.2710294e-02
   5.9866221e-01   5.2622969e-02
   6.0200669e-01   5.2533022e-02
   6.0535117e-01   5.2440395e-02
   6.0869565e-01   5.2345032e-02
   6.1204013e-01   5.2246873e-02
   6.1538462e-01   5.2145861e-02
   6.1872910e-01   5.2041935e-02
   6.2207358e-01   5.1935034e-02
   6.2541806e-01   5.1825097e-02
   6.2876254e-01   5.1712061e-02
   6.3210702e-01   5.1595863e-02
   6.3545151e-01   5.1476439e-02
   6.3879599e-01   5.1353724e-02
   6.4214047e-01   5.1227652e-02
   6.4548495e-01   5.1098157e-02
   6.4882943e-01   5.0965171e-02
   6.5217391e-01   5.0828625e-02
   6.5551839e-01   5.0688451e-02
   6.5886288e-01   5.0544579e-02
   6.6220736e-01   5.0396938e-02
   6.6555184e-01   5.0245457e-02
   6.6889632e-01   5.0090063e-02
   6.7224080e-01   4.9930684e-02
   6.7558528e-01   4.9767244e-02
   6.7892977e-01   4.9599670e-02
   6.8227425e-01   4.9427886e-02
   6.8561873e-01   4.9251816e-02
   6.8896321e-01   4.9071383e-02
   6.9230769e-01   4.8886508e-02
   6.9565217e-01   4.8697113e-02
   6.9899666e-01   4.8503118e-02
   7.0234114e-01   4.8304444e-02
   7.0568562e-01   4.8101009e-02
   7.0903010e-01   4.7892731e-02
   7.1237458e-01   4.7679527e-02
   7.1571906e-01   4.7461315e-02
   7.1906355e-01   4.7238010e-02
   7.2240803e-01   4.7009528e-02
   7.2575251e-01   4.6775781e-02
   7.2909699e-01   4.6536685e-02
   7.3244147e-01   4.6292151e-02
   7.3578595e-01   4.6042092e-02
   7.3913043e-01   4.5786418e-02
   7.4247492e-01   4.5525041e-02
   7.4581940e-01   4.5257869e-02
   7.4916388e-01   4.4984813e-02
   7.5250836e-01   4.4705779e-02
   7.5585284e-01   4.4420675e-02
   7.5919732e-01   4.4129408e-02
   7.6254181e-01   4.3831884e-02
   7.6588629e-01   4.3528007e-02
   7.6923077e-01   4.3217683e-02
   7.7257525e-01   4.2900814e-02
   7.7591973e-01   4.2577304e-02
   7.7926421e-01   4.2247054e-02
   7.8260870e-01   4.1909966e-02
   7.8595318e-01   4.1565940e-02
   7.8929766e-01   4.1214877e-02
   7.9264214e-01   4.0856675e-02
   7.9598662e-01   4.0491233e-02
   7.9933110e-01   4.0118447e-02
   8.0267559e-01   3.9738216e-02
   8.0602007e-01   3.9350435e-02
   8.0936455e-01   3.8954999e-02
   8.1270903e-01   3.8551803e-02
   8.1605351e-01   3.8140741e-02
   8.1939799e-01   3.7721706e-02
   8.2274247e-01   3.7294590e-02
   8.2608696e-01   3.6859285e-02
   8.2943144e-01   3.6415681e-02
   8.3277592e-01   3.5963670e-02
   8.3612040e-01   3.5503140e-02
   8.3946488e-01   3.5033979e-02
   8.4280936e-01   3.4556077e-02
   8.4615385e-01   3.4069320e-02
   8.4949833e-01   3.3573594e-02
   8.5284281e-01   3.3068785e-02
   8.5618729e-01   3.2554779e-02
   8.5953177e-01   3.2031459e-02
   8.6287625e-01   3.1498709e-02
   8.6622074e-01   3.0956412e-02
   8.6956522e-01   3.0404449e-02
   8.7290970e-01   2.9842702e-02
   8.7625418e-01   2.9271053e-02
   8.7959866e-01   2.8689379e-02
   8.8294314e-01   2.8097562e-02
   8.8628763e-01   2.7495478e-02
   8.8963211e-01   2.6883006e-02
   8.9297659e-01   2.6260022e-02
   8.9632107e-01   2.5626404e-02
   8.9966555e-01   2.4982025e-02
   9.0301003e-01   2.4326762e-02
   9.0635452e-01   2.3660488e-02
   9.0969900e-01   2.2983075e-02
   9.1304348e-01   2.2294398e-02
   9.1638796e-01   2.1594328e-02
   9.1973244e-01   2.0882735e-02
   9.2307692e-01   2.0159490e-02
   9.2642140e-01   1.9424464e-02
   9.2976589e-01   1.8677524e-02
   9.3311037e-01   1.7918539e-02
   9.3645485e-01   1.7147376e-02
   9.3979933e-01   1.6363903e-02
   9.4314381e-01   1.5567985e-02
   9.4648829e-01   1.4759487e-02
   9.4983278e-01   1.3938275e-02
   9.5317726e-01   1.3104211e-02
   9.5652174e-01   1.2257160e-02
   9.5986622e-01   1.1396983e-02
   9.6321070e-01   1.0523542e-02
   9.6655518e-01   9.6366984e-03
   9.6989967e-01   8.7363121e-03
   9.7324415e-01   7.8222428e-03
   9.7658863e-01   6.8943491e-03
   9.7993311e-01   5.9524893e-03
   9.8327759e-01   4.9965205e-03
   9.8662207e-01   4.0262995e-03
   9.8996656e-01   3.0416821e-03
   9.9331104e-01   2.0425235e-03
   9.9665552e-01   1.0286783e-03
   1.0000000e+00   0.0000000e+00
   1.0000000e+00   0.0000000e+00
   9.9665552e-01   8.6063506e-04
   9.9331104e-01   1.6775027e-03
   9.8996656e-01   2.4514250e-03
   9.8662207e-01   3.1832162e-03
   9.8327759e-01   3.8736831e-03
   9.7993311e-01   4.5236244e-03
   9.7658863e-01   5.1338312e-03
   9.7324415e-01   5.7050871e-03
   9.6989967e-01   6.2381677e-03
   9.6655518e-01   6.7338413e-03
   9.6321070e-01   7.1928684e-03
   9.5986622e-01   7.6160020e-03
   9.5652174e-01   8.0039874e-03
   9.5317726e-01   8.3575625e-03
   9.4983278e-01   8.6774576e-03
   9.4648829e-01   8.9643956e-03
   9.4314381e-01   9.2190918e-03
   9.3979933e-01   9.4422541e-03
   9.3645485e-01   9.6345831e-03
   9.3311037e-01   9.7967718e-03
   9.2976589e-01   9.9295059e-03
   9.2642140e-01   1.0033464e-02
   9.2307692e-01   1.0109317e-02
   9.1973244e-01   1.0157728e-02
   9.1638796e-01   1.0179355e-02
   9.1304348e-01   1.0174846e-02
   9.0969900e-01   1.0144844e-02
   9.0635452e-01   1.0089983e-02
   9.0301003e-01   1.0010890e-02
   8.9966555e-01   9.9081874e-03
   8.9632107e-01   9.7824871e-03
   8.9297659e-01   9.6343959e-03
   8.8963211e-01   9.4645129e-03
   8.8628763e-01   9.2734303e-03
   8.8294314e-01   9.0617331e-03
   8.7959866e-01   8.8299997e-03
   8.7625418e-01   8.5788010e-03
   8.7290970e-01   8.3087014e-03
   8.6956522e-01   8.0202581e-03
   8.6622074e-01   7.7140216e-03
   8.6287625e-01   7.3905355e-03
   8.5953177e-01   7.0503363e-03
   8.5618729e-01   6.6939541e-03
   8.5284281e-01   6.3219120e-03
   8.4949833e-01   5.9347262e-03
   8.4615385e-01   5.5329065e-03
   8.4280936e-01   5.1169558e-03
   8.3946488e-01   4.6873702e-03
   8.3612040e-01   4.2446394e-03
   8.3277592e-01   3.7892463e-03
   8.2943144e-01   3.3216674e-03
   8.2608696e-01   2.8423723e-03
   8.2274247e-01   2.3518243e-03
   8.1939799e-01   1.8504802e-03
   8.1605351e-01   1.3387903e-03
   8.1270903e-01   8.1719821e-04
   8.0936455e-01   2.8614140e-04
   8.0602007e-01  -2.5394920e-04
   8.0267559e-01  -8.0264902e-04
   7.9933110e-01  -1.3595398e-03
   7.9598662e-01  -1.9242097e-03
   7.9264214e-01  -2.4962531e-03
   7.8929766e-01  -3.0752706e-03
   7.8595318e-01  -3.6608692e-03
   7.8260870e-01  -4.2526618e-03
   7.7926421e-01  -4.8502677e-03
   7.7591973e-01  -5.4533125e-03
   7.7257525e-01  -6.0614275e-03
   7.6923077e-01  -6.6742505e-03
   7.6588629e-01  -7.2914250e-03
   7.6254181e-01  -7.9126008e-03
   7.5919732e-01  -8.5374337e-03
   7.5585284e-01  -9.1655852e-03
   7.5250836e-01  -9.7967230e-03
   7.4916388e-01  -1.0430521e-02
   7.4581940e-01  -1.1066657e-02
   7.4247492e-01  -1.1704819e-02
   7.3913043e-01  -1.2344696e-02
   7.3578595e-01  -1.2985985e-02
   7.3244147e-01  -1.3628389e-02
   7.2909699e-01  -1.4271617e-02
   7.2575251e-01  -1.4915382e-02
   7.2240803e-01  -1.5559404e-02
   7.1906355e-01  -1.6203408e-02
   7.1571906e-01  -1.6847126e-02
   7.1237458e-01  -1.7490294e-02
   7.0903010e-01  -1.8132654e-02
   7.0568562e-01  -1.8773953e-02
   7.0234114e-01  -1.9413944e-02
   6.9899666e-01  -2.0052386e-02
   6.9565217e-01  -2.0689043e-02
   6.9230769e-01  -2.1323684e-02
   6.8896321e-01  -2.1956084e-02
   6.8561873e-01  -2.2586022e-02
   6.8227425e-01  -2.3213283e-02
   6.7892977e-01  -2.3837659e-02
   6.7558528e-01  -2.4458944e-02
   6.7224080e-01  -2.5076939e-02
   6.6889632e-01  -2.5691451e-02
   6.6555184e-01  -2.6302289e-02
   6.6220736e-01  -2.6909271e-02
   6.5886288e-01  -2.7512218e-02
   6.5551839e-01  -2.8110954e-02
   6.5217391e-01  -2.8705313e-02
   6.4882943e-01  -2.9295129e-02
   6.4548495e-01  -2.9880244e-02
   6.4214047e-01  -3.0460502e-02
   6.3879599e-01  -3.1035756e-02
   6.3545151e-01  -3.1605860e-02
   6.3210702e-01  -3.2170674e-02
   6.2876254e-01  -3.2730063e-02
   6.2541806e-01  -3.3283897e-02
   6.2207358e-01  -3.3832049e-02
   6.1872910e-01  -3.4374399e-02
   6.1538462e-01  -3.4910829e-02
   6.1204013e-01  -3.5441228e-02
   6.0869565e-01  -3.5965488e-02
   6.0535117e-01  -3.6483505e-02
   6.0200669e-01  -3.6995181e-02
   5.9866221e-01  -3.7500421e-02
   5.9531773e-01  -3.7999135e-02
   5.9197324e-01  -3.8491237e-02
   5.8862876e-01  -3.8976646e-02
   5.8528428e-01  -3.9455284e-02
   5.8193980e-01  -3.9927077e-02
   5.7859532e-01  -4.0391958e-02
   5.7525084e-01  -4.0849859e-02
   5.7190635e-01  -4.1300722e-02
   5.6856187e-01  -4.1744488e-02
   5.6521739e-01  -4.2181104e-02
   5.6187291e-01  -4.2610522e-02
   5.5852843e-01  -4.3032697e-02
   5.5518395e-01  -4.3447585e-02
   5.5183946e-01  -4.3855151e-02
   5.4849498e-01  -4.4255360e-02
   5.4515050e-01  -4.4648182e-02
   5.4180602e-01  -4.5033591e-02
   5.3846154e-01  -4.5411562e-02
   5.3511706e-01  -4.5782078e-02
   5.3177258e-01  -4.6145122e-02
   5.2842809e-01  -4.6500681e-02
   5.2508361e-01  -4.6848747e-02
   5.2173913e-01  -4.7189314e-02
   5.1839465e-01  -4.7522379e-02
   5.1505017e-01  -4.7847944e-02
   5.1170569e-01  -4.8166013e-02
   5.0836120e-01  -4.8476593e-02
   5.0501672e-01  -4.8779695e-02
   5.0167224e-01  -4.9075332e-02
   4.9832776e-01  -4.9363520e-02
   4.9498328e-01  -4.9644280e-02
   4.9163880e-01  -4.9917633e-02
   4.8829431e-01  -5.0183605e-02
   4.8494983e-01  -5.0442225e-02
   4.8160535e-01  -5.0693522e-02
   4.7826087e-01  -5.0937531e-02
   4.7491639e-01  -5.1174288e-02
   4.7157191e-01  -5.1403831e-02
   4.6822742e-01  -5.1626203e-02
   4.6488294e-01  -5.1841446e-02
   4.6153846e-01  -5.2049608e-02
   4.5819398e-01  -5.2250736e-02
   4.5484950e-01  -5.2444881e-02
   4.5150502e-01  -5.2632098e-02
   4.4816054e-01  -5.2812440e-02
   4.4481605e-01  -5.2985966e-02
   4.4147157e-01  -5.3152735e-02
   4.3812709e-01  -5.3312808e-02
   4.3478261e-01  -5.3466249e-02
   4.3143813e-01  -5.3613123e-02
   4.2809365e-01  -5.3753497e-02
   4.2474916e-01  -5.3887440e-02
   4.2140468e-01  -5.4015022e-02
   4.1806020e-01  -5.4136315e-02
   4.1471572e-01  -5.4251393e-02
   4.1137124e-01  -5.4360330e-02
   4.0802676e-01  -5.4463204e-02
   4.0468227e-01  -5.4560091e-02
   4.0133779e-01  -5.4651070e-02
   3.9799331e-01  -5.4736221e-02
   3.9464883e-01  -5.4815626e-02
   3.9130435e-01  -5.4889366e-02
   3.8795987e-01  -5.4957524e-02
   3.8461538e-01  -5.5020183e-02
   3.8127090e-01  -5.5077429e-02
   3.7792642e-01  -5.5129345e-02
   3.7458194e-01  -5.5176019e-02
   3.7123746e-01  -5.5217535e-02
   3.6789298e-01  -5.5253980e-02
   3.6454849e-01  -5.5285441e-02
   3.6120401e-01  -5.5312005e-02
   3.5785953e-01  -5.5333758e-02
   3.5451505e-01  -5.5350789e-02
   3.5117057e-01  -5.5363182e-02
   3.4782609e-01  -5.5371026e-02
   3.4448161e-01  -5.5374406e-02
   3.4113712e-01  -5.5373408e-02
   3.3779264e-01  -5.5368118e-02
   3.3444816e-01  -5.5358620e-02
   3.3110368e-01  -5.5344997e-02
   3.2775920e-01  -5.5327334e-02
   3.2441472e-01  -5.5305711e-02
   3.2107023e-01  -5.5280210e-02
   3.1772575e-01  -5.5250909e-02
   3.1438127e-01  -5.5217888e-02
   3.1103679e-01  -5.5181222e-02
   3.0769231e-01  -5.5140986e-02
   3.0434783e-01  -5.5097254e-02
   3.0100334e-01  -5.5050095e-02
   2.9765886e-01  -5.4999580e-02
   2.9431438e-01  -5.4945773e-02
   2.9096990e-01  -5.4888740e-02
   2.8762542e-01  -5.4828542e-02
   2.8428094e-01  -5.4765236e-02
   2.8093645e-01  -5.4698880e-02
   2.7759197e-01  -5.4629524e-02
   2.7424749e-01  -5.4557218e-02
   2.7090301e-01  -5.4482007e-02
   2.6755853e-01  -5.4403932e-02
   2.6421405e-01  -5.4323032e-02
   2.6086957e-01  -5.4239339e-02
   2.5752508e-01  -5.4152882e-02
   2.5418060e-01  -5.4063684e-02
   2.5083612e-01  -5.3971766e-02
   2.4749164e-01  -5.3877140e-02
   2.4414716e-01  -5.3779814e-02
   2.4080268e-01  -5.3679792e-02
   2.3745819e-01  -5.3577069e-02
   2.3411371e-01  -5.3471636e-02
   2.3076923e-01  -5.3363474e-02
   2.2742475e-01  -5.3252560e-02
   2.2408027e-01  -5.3138862e-02
   2.2073579e-01  -5.3022340e-02
   2.1739130e-01  -5.2902948e-02
   2.1404682e-01  -5.2780627e-02
   2.1070234e-01  -5.2655313e-02
   2.0735786e-01  -5.2526929e-02
   2.0401338e-01  -5.2395391e-02
   2.0066890e-01  -5.2260602e-02
   1.9732441e-01  -5.2122454e-02
   1.9397993e-01  -5.1980829e-02
   1.9063545e-01  -5.1835593e-02
   1.8729097e-01  -5.1686603e-02
   1.8394649e-01  -5.1533699e-02
   1.8060201e-01  -5.1376707e-02
   1.7725753e-01  -5.1215439e-02
   1.7391304e-01  -5.1049688e-02
   1.7056856e-01  -5.0879233e-02
   1.6722408e-01  -5.0703832e-02
   1.6387960e-01  -5.0523223e-02
   1.6053512e-01  -5.0337127e-02
   1.5719064e-01  -5.0145239e-02
   1.5384615e-01  -4.9947234e-02
   1.5050167e-01  -4.9742759e-02
   1.4715719e-01  -4.9531437e-02
   1.4381271e-01  -4.9312861e-02
   1.4046823e-01  -4.9086596e-02
   1.3712375e-01  -4.8852173e-02
   1.3377926e-01  -4.8609088e-02
   1.3043478e-01  -4.8356799e-02
   1.2709030e-01  -4.8094728e-02
   1.2374582e-01  -4.7822248e-02
   1.2040134e-01  -4.7538688e-02
   1.1705686e-01  -4.7243327e-02
   1.1371237e-01  -4.6935386e-02
   1.1036789e-01  -4.6614028e-02
   1.0702341e-01  -4.6278350e-02
   1.0367893e-01  -4.5927375e-02
   1.0033445e-01  -4.5560049e-02
   9.6989967e-02  -4.5175228e-02
   9.3645485e-02  -4.4771674e-02
   9.0301003e-02  -4.4348039e-02
   8.6956522e-02  -4.3902855e-02
   8.3612040e-02  -4.3434520e-02
   8.0267559e-02  -4.2941279e-02
   7.6923077e-02  -4.2421204e-02
   7.3578595e-02  -4.1872173e-02
   7.0234114e-02  -4.1291835e-02
   6.6889632e-02  -4.0677582e-02
   6.3545151e-02  -4.0026501e-02
   6.0200669e-02  -3.9335325e-02
   5.6856187e-02  -3.8600366e-02
   5.3511706e-02  -3.7817432e-02
   5.0167224e-02  -3.6981725e-02
   4.6822742e-02  -3.6087702e-02
   4.3478261e-02  -3.5128893e-02
   4.0133779e-02  -3.4097665e-02
   3.6789298e-02  -3.2984880e-02
   3.3444816e-02  -3.1779432e-02
   3.0100334e-02  -3.0467557e-02
   2.6755853e-02  -2.9031796e-02
   2.3411371e-02  -2.7449370e-02
   2.0066890e-02  -2.5689459e-02
   1.6722408e-02  -2.3708354e-02
   1.3377926e-02  -2.1439966e-02
   1.0033445e-02  -1.8774684e-02
   6.6889632e-03  -1.5501889e-02
   3.3444816e-03  -1.1085786e-02
   0.0000000e+00  -0.0000000e+00
