   0.0000000e+00   0.0000000e+00
   3.3444816e-03   1.2536345e-02
   6.6889632e-03   1.7740420e-02
   1.0033445e-02   2.1738930e-02
   1.3377926e-02   2.5112359e-02
   1.6722408e-02   2.8085005e-02
   2.0066890e-02   3.0771579e-02
   2.3411371e-02   3.3240009e-02
   2.6755853e-02   3.5534400e-02
   3.0100334e-02   3.7685270e-02
   3.3444816e-02   3.9714752e-02
   3.6789298e-02   4.1639483e-02
   4.0133779e-02   4.3472332e-02
   4.3478261e-02   4.5223488e-02
   4.6822742e-02   4.6901173e-02
   5.0167224e-02   4.8512133e-02
   5.3511706e-02   5.0061981e-02
   5.6856187e-02   5.1555440e-02
   6.0200669e-02   5.2996533e-02
   6.3545151e-02   5.4388714e-02
   6.6889632e-02   5.5734976e-02
   7.0234114e-02   5.7037933e-02
   7.3578595e-02   5.8299881e-02
   7.6923077e-02   5.9522851e-02
   8.0267559e-02   6.0708651e-02
   8.3612040e-02   6.1858898e-02
   8.6956522e-02   6.2975044e-02
   9.0301003e-02   6.4058403e-02
   9.3645485e-02   6.5110164e-02
   9.6989967e-02   6.6131411e-02
   1.0033445e-01   6.7123137e-02
   1.0367893e-01   6.8086249e-02
   1.0702341e-01   6.9021586e-02
   1.1036789e-01   6.9929922e-02
   1.1371237e-01   7.0811974e-02
   1.1705686e-01   7.1668409e-02
   1.2040134e-01   7.2499849e-02
   1.2374582e-01   7.3306876e-02
   1.2709030e-01   7.4090034e-02
   1.3043478e-01   7.4849838e-02
   1.3377926e-01   7.5586770e-02
   1.3712375e-01   7.6301286e-02
   1.4046823e-01   7.6993821e-02
   1.4381271e-01   7.7664784e-02
   1.4715719e-01   7.8314567e-02
   1.5050167e-01   7.8943542e-02
   1.5384615e-01   7.9552065e-02
   1.5719064e-01   8.0140478e-02
   1.6053512e-01   8.0709107e-02
   1.6387960e-01   8.1258267e-02
   1.6722408e-01   8.1788261e-02
   1.7056856e-01   8.2299381e-02
   1.7391304e-01   8.2791909e-02
   1.7725753e-01   8.3266118e-02
   1.8060201e-01   8.3722274e-02
   1.8394649e-01   8.4160633e-02
   1.8729097e-01   8.4581444e-02
   1.9063545e-01   8.4984952e-02
   1.9397993e-01   8.5371393e-02
   1.9732441e-01   8.5740999e-02
   2.0066890e-01   8.6093997e-02
   2.0401338e-01   8.6430606e-02
   2.0735786e-01   8.6751044e-02
   2.1070234e-01   8.7055523e-02
   2.1404682e-01   8.7344252e-02
   2.1739130e-01   8.7617436e-02
   2.2073579e-01   8.7875275e-02
   2.2408027e-01   8.8117969e-02
   2.2742475e-01   8.8345711e-02
   2.3076923e-01   8.8558695e-02
   2.3411371e-01   8.8757110e-02
   2.3745819e-01   8.8941143e-02
   2.4080268e-01   8.9110979e-02
   2.4414716e-01   8.9266801e-02
   2.4749164e-01   8.9408788e-02
   2.5083612e-01   8.9537120e-02
   2.5418060e-01   8.9651974e-02
   2.5752508e-01   8.9753524e-02
   2.6086957e-01   8.9841945e-02
   2.6421405e-01   8.9917407e-02
   2.6755853e-01   8.9980081e-02
   2.7090301e-01   9.0030136e-02
   2.7424749e-01   9.0067739e-02
   2.7759197e-01   9.0093058e-02
   2.8093645e-01   9.0106256e-02
   2.8428094e-01   9.0107499e-02
   2.8762542e-01   9.0096949e-02
   2.9096990e-01   9.0074767e-02
   2.9431438e-01   9.0041114e-02
   2.9765886e-01   8.9996151e-02
   3.0100334e-01   8.9940035e-02
   3.0434783e-01   8.9872925e-02
   3.0769231e-01   8.9794977e-02
   3.1103679e-01   8.9706349e-02
   3.1438127e-01   8.9607194e-02
   3.1772575e-01   8.9497667e-02
   3.2107023e-01   8.9377922e-02
   3.2441472e-01   8.9248112e-02
   3.2775920e-01   8.9108388e-02
   3.3110368e-01   8.8958903e-02
   3.3444816e-01   8.8799805e-02
   3.3779264e-01   8.8631246e-02
   3.4113712e-01   8.8453373e-02
   3.4448161e-01   8.8266336e-02
   3.4782609e-01   8.8070282e-02
   3.5117057e-01   8.7865357e-02
   3.5451505e-01   8.7651709e-02
   3.5785953e-01   8.7429481e-02
   3.6120401e-01   8.7198820e-02
   3.6454849e-01   8.6959869e-02
   3.6789298e-01   8.6712771e-02
   3.7123746e-01   8.6457669e-02
   3.7458194e-01   8.6194704e-02
   3.7792642e-01   8.5924019e-02
   3.8127090e-01   8.5645753e-02
   3.8461538e-01   8.5360046e-02
   3.8795987e-01   8.5067038e-02
   3.9130435e-01   8.4766866e-02
   3.9464883e-01   8.4459669e-02
   3.9799331e-01   8.4145582e-02
   4.0133779e-01   8.3824742e-02
   4.0468227e-01   8.3497286e-02
   4.0802676e-01   8.3163346e-02
   4.1137124e-01   8.2823057e-02
   4.1471572e-01   8.2476552e-02
   4.1806020e-01   8.2123964e-02
   4.2140468e-01   8.1765423e-02
   4.2474916e-01   8.1401062e-02
   4.2809365e-01   8.1031009e-02
   4.3143813e-01   8.0655393e-02
   4.3478261e-01   8.0274344e-02
   4.3812709e-01   7.9887988e-02
   4.4147157e-01   7.9496452e-02
   4.4481605e-01   7.9099863e-02
   4.4816054e-01   7.8698344e-02
   4.5150502e-01   7.8292020e-02
   4.5484950e-01   7.7881015e-02
   4.5819398e-01   7.7465449e-02
   4.6153846e-01   7.7045446e-02
   4.6488294e-01   7.6621125e-02
   4.6822742e-01   7.6192606e-02
   4.7157191e-01   7.5760007e-02
   4.7491639e-01   7.5323446e-02
   4.7826087e-01   7.4883041e-02
   4.8160535e-01   7.4438906e-02
   4.8494983e-01   7.3991156e-02
   4.8829431e-01   7.3539906e-02
   4.9163880e-01   7.3085267e-02
   4.9498328e-01   7.2627352e-02
   4.9832776e-01   7.2166272e-02
   5.0167224e-01   7.1702136e-02
   5.0501672e-01   7.1235053e-02
   5.0836120e-01   7.0765130e-02
   5.1170569e-01   7.0292474e-02
   5.1505017e-01   6.9817190e-02
   5.1839465e-01   6.9339383e-02
   5.2173913e-01   6.8859156e-02
   5.2508361e-01   6.8376611e-02
   5.2842809e-01   6.7891848e-02
   5.3177258e-01   6.7404969e-02
   5.3511706e-01   6.6916070e-02
   5.3846154e-01   6.6425250e-02
   5.4180602e-01   6.5932606e-02
   5.4515050e-01   6.5438231e-02
   5.4849498e-01   6.4942220e-02
   5.5183946e-01   6.4444666e-02
   5.5518395e-01   6.3945660e-02
   5.5852843e-01   6.3445293e-02
   5.6187291e-01   6.2943652e-02
   5.6521739e-01   6.2440826e-02
   5.6856187e-01   6.1936901e-02
   5.7190635e-01   6.1431962e-02
   5.7525084e-01   6.0926094e-02
   5.7859532e-01   6.0419377e-02
   5.8193980e-01   5.9911894e-02
   5.8528428e-01   5.9403724e-02
   5.8862876e-01   5.8894945e-02
   5.9197324e-01   5.8385635e-02
   5.9531773e-01   5.7875869e-02
   5.9866221e-01   5.7365722e-02
   6.0200669e-01   5.6855266e-02
   6.0535117e-01   5.6344572e-02
   6.0869565e-01   5.5833711e-02
   6.1204013e-01   5.5322751e-02
   6.1538462e-01   5.4811759e-02
   6.1872910e-01   5.4300802e-02
   6.2207358e-01   5.3789942e-02
   6.2541806e-01   5.3279242e-02
   6.2876254e-01   5.2768765e-02
   6.3210702e-01   5.2258569e-02
   6.3545151e-01   5.1748712e-02
   6.3879599e-01   5.1239251e-02
   6.4214047e-01   5.0730241e-02
   6.4548495e-01   5.0221736e-02
   6.4882943e-01   4.9713786e-02
   6.5217391e-01   4.9206444e-02
   6.5551839e-01   4.8699756e-02
   6.5886288e-01   4.8193771e-02
   6.6220736e-01   4.7688534e-02
   6.6555184e-01   4.7184088e-02
   6.6889632e-01   4.6680476e-02
   6.7224080e-01   4.6177738e-02
   6.7558528e-01   4.5675913e-02
   6.7892977e-01   4.5175038e-02
   6.8227425e-01   4.4675149e-02
   6.8561873e-01   4.4176279e-02
   6.8896321e-01   4.3678460e-02
   6.9230769e-01   4.3181723e-02
   6.9565217e-01   4.2686096e-02
   6.9899666e-01   4.2191607e-02
   7.0234114e-01   4.1698279e-02
   7.0568562e-01   4.1206137e-02
   7.0903010e-01   4.0715202e-02
   7.1237458e-01   4.0225494e-02
   7.1571906e-01   3.9737030e-02
   7.1906355e-01   3.9249826e-02
   7.2240803e-01   3.8763898e-02
   7.2575251e-01   3.8279256e-02
   7.2909699e-01   3.7795913e-02
   7.3244147e-01   3.7313875e-02
   7.3578595e-01   3.6833151e-02
   7.3913043e-01   3.6353746e-02
   7.4247492e-01   3.5875661e-02
   7.4581940e-01   3.5398899e-02
   7.4916388e-01   3.4923459e-02
   7.5250836e-01   3.4449337e-02
   7.5585284e-01   3.3976530e-02
   7.5919732e-01   3.3505030e-02
   7.6254181e-01   3.3034829e-02
   7.6588629e-01   3.2565917e-02
   7.6923077e-01   3.2098280e-02
   7.7257525e-01   3.1631905e-02
   7.7591973e-01   3.1166775e-02
   7.7926421e-01   3.0702871e-02
   7.8260870e-01   3.0240173e-02
   7.8595318e-01   2.9778658e-02
   7.8929766e-01   2.9318302e-02
   7.9264214e-01   2.8859078e-02
   7.9598662e-01   2.8400956e-02
   7.9933110e-01   2.7943907e-02
   8.0267559e-01   2.7487897e-02
   8.0602007e-01   2.7032891e-02
   8.0936455e-01   2.6578852e-02
   8.1270903e-01   2.6125741e-02
   8.1605351e-01   2.5673516e-02
   8.1939799e-01   2.5222134e-02
   8.2274247e-01   2.4771549e-02
   8.2608696e-01   2.4321713e-02
   8.2943144e-01   2.3872577e-02
   8.3277592e-01   2.3424087e-02
   8.3612040e-01   2.2976190e-02
   8.3946488e-01   2.2528829e-02
   8.4280936e-01   2.2081945e-02
   8.4615385e-01   2.1635477e-02
   8.4949833e-01   2.1189362e-02
   8.5284281e-01   2.0743534e-02
   8.5618729e-01   2.0297926e-02
   8.5953177e-01   1.9852467e-02
   8.6287625e-01   1.9407085e-02
   8.6622074e-01   1.8961706e-02
   8.6956522e-01   1.8516252e-02
   8.7290970e-01   1.8070645e-02
   8.7625418e-01   1.7624803e-02
   8.7959866e-01   1.7178642e-02
   8.8294314e-01   1.6732076e-02
   8.8628763e-01   1.6285016e-02
   8.8963211e-01   1.5837372e-02
   8.9297659e-01   1.5389051e-02
   8.9632107e-01   1.4939956e-02
   8.9966555e-01   1.4489990e-02
   9.0301003e-01   1.4039053e-02
   9.0635452e-01   1.3587041e-02
   9.0969900e-01   1.3133850e-02
   9.1304348e-01   1.2679372e-02
   9.1638796e-01   1.2223497e-02
   9.1973244e-01   1.1766113e-02
   9.2307692e-01   1.1307104e-02
   9.2642140e-01   1.0846354e-02
   9.2976589e-01   1.0383742e-02
   9.3311037e-01   9.9191468e-03
   9.3645485e-01   9.4524427e-03
   9.3979933e-01   8.9835028e-03
   9.4314381e-01   8.5121973e-03
   9.4648829e-01   8.0383939e-03
   9.4983278e-01   7.5619578e-03
   9.5317726e-01   7.0827517e-03
   9.5652174e-01   6.6006357e-03
   9.5986622e-01   6.1154673e-03
   9.6321070e-01   5.6271017e-03
   9.6655518e-01   5.1353911e-03
   9.6989967e-01   4.6401855e-03
   9.7324415e-01   4.1413322e-03
   9.7658863e-01   3.6386759e-03
   9.7993311e-01   3.1320585e-03
   9.8327759e-01   2.6213197e-03
   9.8662207e-01   2.1062962e-03
   9.8996656e-01   1.5868222e-03
   9.9331104e-01   1.0627293e-03
   9.9665552e-01   5.3384651e-04
   1.0000000e+00   0.0000000e+00
   1.0000000e+00   0.0000000e+00
   9.9665552e-01  -4.2929438e-04
   9.9331104e-01  -8.6356542e-04
   9.8996656e-01  -1.3026039e-03
   9.8662207e-01  -1.7462032e-03
   9.8327759e-01  -2.1941587e-03
   9.7993311e-01  -2.6462685e-03
   9.7658863e-01  -3.1023331e-03
   9.7324415e-01  -3.5621550e-03
   9.6989967e-01  -4.0255395e-03
   9.6655518e-01  -4.4922939e-03
   9.6321070e-01  -4.9622281e-03
   9.5986622e-01  -5.4351543e-03
   9.5652174e-01  -5.9108868e-03
   9.5317726e-01  -6.3892425e-03
   9.4983278e-01  -6.8700405e-03
   9.4648829e-01  -7.3531022e-03
   9.4314381e-01  -7.8382512e-03
   9.3979933e-01  -8.3253137e-03
   9.3645485e-01  -8.8141178e-03
   9.3311037e-01  -9.3044941e-03
   9.2976589e-01  -9.7962755e-03
   9.2642140e-01  -1.0289297e-02
   9.2307692e-01  -1.0783396e-02
   9.1973244e-01  -1.1278412e-02
   9.1638796e-01  -1.1774186e-02
   9.1304348e-01  -1.2270563e-02
   9.0969900e-01  -1.2767390e-02
   9.0635452e-01  -1.3264513e-02
   9.0301003e-01  -1.3761785e-02
   8.9966555e-01  -1.4259058e-02
   8.9632107e-01  -1.4756186e-02
   8.9297659e-01  -1.5253028e-02
   8.8963211e-01  -1.5749442e-02
   8.8628763e-01  -1.6245289e-02
   8.8294314e-01  -1.6740434e-02
   8.7959866e-01  -1.7234743e-02
   8.7625418e-01  -1.7728083e-02
   8.7290970e-01  -1.8220323e-02
   8.6956522e-01  -1.8711337e-02
   8.6622074e-01  -1.9200999e-02
   8.6287625e-01  -1.9689185e-02
   8.5953177e-01  -2.0175773e-02
   8.5618729e-01  -2.0660643e-02
   8.5284281e-01  -2.1143679e-02
   8.4949833e-01  -2.1624765e-02
   8.4615385e-01  -2.2103788e-02
   8.4280936e-01  -2.2580636e-02
   8.3946488e-01  -2.3055200e-02
   8.3612040e-01  -2.3527373e-02
   8.3277592e-01  -2.3997050e-02
   8.2943144e-01  -2.4464126e-02
   8.2608696e-01  -2.4928503e-02
   8.2274247e-01  -2.5390079e-02
   8.1939799e-01  -2.5848758e-02
   8.1605351e-01  -2.6304444e-02
   8.1270903e-01  -2.6757044e-02
   8.0936455e-01  -2.7206467e-02
   8.0602007e-01  -2.7652623e-02
   8.0267559e-01  -2.8095424e-02
   7.9933110e-01  -2.8534786e-02
   7.9598662e-01  -2.8970624e-02
   7.9264214e-01  -2.9402856e-02
   7.8929766e-01  -2.9831404e-02
   7.8595318e-01  -3.0256187e-02
   7.8260870e-01  -3.0677132e-02
   7.7926421e-01  -3.1094162e-02
   7.7591973e-01  -3.1507206e-02
   7.7257525e-01  -3.1916194e-02
   7.6923077e-01  -3.2321055e-02
   7.6588629e-01  -3.2721724e-02
   7.6254181e-01  -3.3118136e-02
   7.5919732e-01  -3.3510226e-02
   7.5585284e-01  -3.3897934e-02
   7.5250836e-01  -3.4281199e-02
   7.4916388e-01  -3.4659964e-02
   7.4581940e-01  -3.5034172e-02
   7.4247492e-01  -3.5403769e-02
   7.3913043e-01  -3.5768703e-02
   7.3578595e-01  -3.6128921e-02
   7.3244147e-01  -3.6484375e-02
   7.2909699e-01  -3.6835018e-02
   7.2575251e-01  -3.7180803e-02
   7.2240803e-01  -3.7521686e-02
   7.1906355e-01  -3.7857625e-02
   7.1571906e-01  -3.8188579e-02
   7.1237458e-01  -3.8514508e-02
   7.0903010e-01  -3.8835376e-02
   7.0568562e-01  -3.9151145e-02
   7.0234114e-01  -3.9461782e-02
   6.9899666e-01  -3.9767255e-02
   6.9565217e-01  -4.0067531e-02
   6.9230769e-01  -4.0362582e-02
   6.8896321e-01  -4.0652379e-02
   6.8561873e-01  -4.0936897e-02
   6.8227425e-01  -4.1216109e-02
   6.7892977e-01  -4.1489994e-02
   6.7558528e-01  -4.1758530e-02
   6.7224080e-01  -4.2021695e-02
   6.6889632e-01  -4.2279472e-02
   6.6555184e-01  -4.2531843e-02
   6.6220736e-01  -4.2778792e-02
   6.5886288e-01  -4.3020306e-02
   6.5551839e-01  -4.3256371e-02
   6.5217391e-01  -4.3486976e-02
   6.4882943e-01  -4.3712111e-02
   6.4548495e-01  -4.3931768e-02
   6.4214047e-01  -4.4145939e-02
   6.3879599e-01  -4.4354619e-02
   6.3545151e-01  -4.4557804e-02
   6.3210702e-01  -4.4755490e-02
   6.2876254e-01  -4.4947676e-02
   6.2541806e-01  -4.5134362e-02
   6.2207358e-01  -4.5315548e-02
   6.1872910e-01  -4.5491239e-02
   6.1538462e-01  -4.5661436e-02
   6.1204013e-01  -4.5826145e-02
   6.0869565e-01  -4.5985373e-02
   6.0535117e-01  -4.6139126e-02
   6.0200669e-01  -4.6287415e-02
   5.9866221e-01  -4.6430248e-02
   5.9531773e-01  -4.6567638e-02
   5.9197324e-01  -4.6699596e-02
   5.8862876e-01  -4.6826137e-02
   5.8528428e-01  -4.6947276e-02
   5.8193980e-01  -4.7063027e-02
   5.7859532e-01  -4.7173410e-02
   5.7525084e-01  -4.7278442e-02
   5.7190635e-01  -4.7378142e-02
   5.6856187e-01  -4.7472531e-02
   5.6521739e-01  -4.7561632e-02
   5.6187291e-01  -4.7645466e-02
   5.5852843e-01  -4.7724058e-02
   5.5518395e-01  -4.7797433e-02
   5.5183946e-01  -4.7865616e-02
   5.4849498e-01  -4.7928634e-02
   5.4515050e-01  -4.7986517e-02
   5.4180602e-01  -4.8039291e-02
   5.3846154e-01  -4.8086988e-02
   5.3511706e-01  -4.8129639e-02
   5.3177258e-01  -4.8167275e-02
   5.2842809e-01  -4.8199929e-02
   5.2508361e-01  -4.8227635e-02
   5.2173913e-01  -4.8250427e-02
   5.1839465e-01  -4.8268342e-02
   5.1505017e-01  -4.8281414e-02
   5.1170569e-01  -4.8289682e-02
   5.0836120e-01  -4.8293183e-02
   5.0501672e-01  -4.8291956e-02
   5.0167224e-01  -4.8286042e-02
   4.9832776e-01  -4.8275479e-02
   4.9498328e-01  -4.8260310e-02
   4.9163880e-01  -4.8240575e-02
   4.8829431e-01  -4.8216319e-02
   4.8494983e-01  -4.8187583e-02
   4.8160535e-01  -4.8154412e-02
   4.7826087e-01  -4.8116851e-02
   4.7491639e-01  -4.8074944e-02
   4.7157191e-01  -4.8028738e-02
   4.6822742e-01  -4.7978279e-02
   4.6488294e-01  -4.7923614e-02
   4.6153846e-01  -4.7864790e-02
   4.5819398e-01  -4.7801856e-02
   4.5484950e-01  -4.7734860e-02
   4.5150502e-01  -4.7663851e-02
   4.4816054e-01  -4.7588880e-02
   4.4481605e-01  -4.7509995e-02
   4.4147157e-01  -4.7427247e-02
   4.3812709e-01  -4.7340688e-02
   4.3478261e-01  -4.7250368e-02
   4.3143813e-01  -4.7156339e-02
   4.2809365e-01  -4.7058653e-02
   4.2474916e-01  -4.6957362e-02
   4.2140468e-01  -4.6852518e-02
   4.1806020e-01  -4.6744174e-02
   4.1471572e-01  -4.6632384e-02
   4.1137124e-01  -4.6517199e-02
   4.0802676e-01  -4.6398675e-02
   4.0468227e-01  -4.6276863e-02
   4.0133779e-01  -4.6151817e-02
   3.9799331e-01  -4.6023592e-02
   3.9464883e-01  -4.5892241e-02
   3.9130435e-01  -4.5757817e-02
   3.8795987e-01  -4.5620375e-02
   3.8461538e-01  -4.5479968e-02
   3.8127090e-01  -4.5336649e-02
   3.7792642e-01  -4.5190473e-02
   3.7458194e-01  -4.5041492e-02
   3.7123746e-01  -4.4889761e-02
   3.6789298e-01  -4.4735331e-02
   3.6454849e-01  -4.4578256e-02
   3.6120401e-01  -4.4418588e-02
   3.5785953e-01  -4.4256380e-02
   3.5451505e-01  -4.4091683e-02
   3.5117057e-01  -4.3924549e-02
   3.4782609e-01  -4.3755030e-02
   3.4448161e-01  -4.3583175e-02
   3.4113712e-01  -4.3409034e-02
   3.3779264e-01  -4.3232659e-02
   3.3444816e-01  -4.3054096e-02
   3.3110368e-01  -4.2873396e-02
   3.2775920e-01  -4.2690604e-02
   3.2441472e-01  -4.2505770e-02
   3.2107023e-01  -4.2318937e-02
   3.1772575e-01  -4.2130153e-02
   3.1438127e-01  -4.1939461e-02
   3.1103679e-01  -4.1746905e-02
   3.0769231e-01  -4.1552527e-02
   3.0434783e-01  -4.1356369e-02
   3.0100334e-01  -4.1158471e-02
   2.9765886e-01  -4.0958872e-02
   2.9431438e-01  -4.0757611e-02
   2.9096990e-01  -4.0554724e-02
   2.8762542e-01  -4.0350246e-02
   2.8428094e-01  -4.0144212e-02
   2.8093645e-01  -3.9936653e-02
   2.7759197e-01  -3.9727600e-02
   2.7424749e-01  -3.9517083e-02
   2.7090301e-01  -3.9305129e-02
   2.6755853e-01  -3.9091763e-02
   2.6421405e-01  -3.8877009e-02
   2.6086957e-01  -3.8660889e-02
   2.5752508e-01  -3.8443422e-02
   2.5418060e-01  -3.8224625e-02
   2.5083612e-01  -3.8004514e-02
   2.4749164e-01  -3.7783101e-02
   2.4414716e-01  -3.7560396e-02
   2.4080268e-01  -3.7336407e-02
   2.3745819e-01  -3.7111137e-02
   2.3411371e-01  -3.6884590e-02
   2.3076923e-01  -3.6656763e-02
   2.2742475e-01  -3.6427652e-02
   2.2408027e-01  -3.6197250e-02
   2.2073579e-01  -3.5965544e-02
   2.1739130e-01  -3.5732520e-02
   2.1404682e-01  -3.5498158e-02
   2.1070234e-01  -3.5262437e-02
   2.0735786e-01  -3.5025328e-02
   2.0401338e-01  -3.4786800e-02
   2.0066890e-01  -3.4546816e-02
   1.9732441e-01  -3.4305336e-02
   1.9397993e-01  -3.4062313e-02
   1.9063545e-01  -3.3817694e-02
   1.8729097e-01  -3.3571422e-02
   1.8394649e-01  -3.3323434e-02
   1.8060201e-01  -3.3073659e-02
   1.7725753e-01  -3.2822020e-02
   1.7391304e-01  -3.2568433e-02
   1.7056856e-01  -3.2312806e-02
   1.6722408e-01  -3.2055040e-02
   1.6387960e-01  -3.1795026e-02
   1.6053512e-01  -3.1532647e-02
   1.5719064e-01  -3.1267777e-02
   1.5384615e-01  -3.1000279e-02
   1.5050167e-01  -3.0730003e-02
   1.4715719e-01  -3.0456792e-02
   1.4381271e-01  -3.0180473e-02
   1.4046823e-01  -2.9900860e-02
   1.3712375e-01  -2.9617755e-02
   1.3377926e-01  -2.9330942e-02
   1.3043478e-01  -2.9040191e-02
   1.2709030e-01  -2.8745251e-02
   1.2374582e-01  -2.8445855e-02
   1.2040134e-01  -2.8141713e-02
   1.1705686e-01  -2.7832514e-02
   1.1371237e-01  -2.7517921e-02
   1.1036789e-01  -2.7197570e-02
   1.0702341e-01  -2.6871068e-02
   1.0367893e-01  -2.6537989e-02
   1.0033445e-01  -2.6197873e-02
   9.6989967e-02  -2.5850218e-02
   9.3645485e-02  -2.5494479e-02
   9.0301003e-02  -2.5130063e-02
   8.6956522e-02  -2.4756320e-02
   8.3612040e-02  -2.4372540e-02
   8.0267559e-02  -2.3977942e-02
   7.6923077e-02  -2.3571667e-02
   7.3578595e-02  -2.3152764e-02
   7.0234114e-02  -2.2720178e-02
   6.6889632e-02  -2.2272733e-02
   6.3545151e-02  -2.1809112e-02
   6.0200669e-02  -2.1327831e-02
   5.6856187e-02  -2.0827210e-02
   5.3511706e-02  -2.0305332e-02
   5.0167224e-02  -1.9759991e-02
   4.6822742e-02  -1.9188629e-02
   4.3478261e-02  -1.8588251e-02
   4.0133779e-02  -1.7955302e-02
   3.6789298e-02  -1.7285509e-02
   3.3444816e-02  -1.6573655e-02
   3.0100334e-02  -1.5813240e-02
   2.6755853e-02  -1.4995982e-02
   2.3411371e-02  -1.4111019e-02
   2.0066890e-02  -1.3143579e-02
   1.6722408e-02  -1.2072604e-02
   1.3377926e-02  -1.0866088e-02
   1.0033445e-02  -9.4706652e-03
   6.6889632e-03  -7.7832472e-03
   3.3444816e-03  -5.5401449e-03
   0.0000000e+00  -0.0000000e+00
