   0.0000000e+00   0.0000000e+00
   3.3444816e-03   9.4711058e-03
   6.6889632e-03   1.3352054e-02
   1.0033445e-02   1.6301768e-02
   1.3377926e-02   1.8765213e-02
   1.6722408e-02   2.0915394e-02
   2.0066890e-02   2.2841366e-02
   2.3411371e-02   2.4596228e-02
   2.6755853e-02   2.6214699e-02
   3.0100334e-02   2.7720984e-02
   3.3444816e-02   2.9132767e-02
   3.6789298e-02   3.0463443e-02
   4.0133779e-02   3.1723457e-02
   4.3478261e-02   3.2921139e-02
   4.6822742e-02   3.4063266e-02
   5.0167224e-02   3.5155438e-02
   5.3511706e-02   3.6202348e-02
   5.6856187e-02   3.7207979e-02
   6.0200669e-02   3.8175740e-02
   6.3545151e-02   3.9108582e-02
   6.6889632e-02   4.0009075e-02
   7.0234114e-02   4.0879477e-02
   7.3578595e-02   4.1721783e-02
   7.6923077e-02   4.2537763e-02
   8.0267559e-02   4.3329002e-02
   8.3612040e-02   4.4096919e-02
   8.6956522e-02   4.4842796e-02
   9.0301003e-02   4.5567789e-02
   9.3645485e-02   4.6272950e-02
   9.6989967e-02   4.6959238e-02
   1.0033445e-01   4.7627527e-02
   1.0367893e-01   4.8278619e-02
   1.0702341e-01   4.8913250e-02
   1.1036789e-01   4.9532098e-02
   1.1371237e-01   5.0135789e-02
   1.1705686e-01   5.0724899e-02
   1.2040134e-01   5.1299964e-02
   1.2374582e-01   5.1861481e-02
   1.2709030e-01   5.2409911e-02
   1.3043478e-01   5.2945682e-02
   1.3377926e-01   5.3469196e-02
   1.3712375e-01   5.3980824e-02
   1.4046823e-01   5.4480915e-02
   1.4381271e-01   5.4969795e-02
   1.4715719e-01   5.5447769e-02
   1.5050167e-01   5.5915122e-02
   1.5384615e-01   5.6372121e-02
   1.5719064e-01   5.6819019e-02
   1.6053512e-01   5.7256050e-02
   1.6387960e-01   5.7683436e-02
   1.6722408e-01   5.8101385e-02
   1.7056856e-01   5.8510094e-02
   1.7391304e-01   5.8909746e-02
   1.7725753e-01   5.9300515e-02
   1.8060201e-01   5.9682564e-02
   1.8394649e-01   6.0056047e-02
   1.8729097e-01   6.0421109e-02
   1.9063545e-01   6.0777887e-02
   1.9397993e-01   6.1126510e-02
   1.9732441e-01   6.1467098e-02
   2.0066890e-01   6.1799768e-02
   2.0401338e-01   6.2124626e-02
   2.0735786e-01   6.2441774e-02
   2.1070234e-01   6.2751310e-02
   2.1404682e-01   6.3053322e-02
   2.1739130e-01   6.3347897e-02
   2.2073579e-01   6.3635116e-02
   2.2408027e-01   6.3915054e-02
   2.2742475e-01   6.4187783e-02
   2.3076923e-01   6.4453370e-02
   2.3411371e-01   6.4711879e-02
   2.3745819e-01   6.4963370e-02
   2.4080268e-01   6.5207900e-02
   2.4414716e-01   6.5445520e-02
   2.4749164e-01   6.5676283e-02
   2.5083612e-01   6.5900233e-02
   2.5418060e-01   6.6117416e-02
   2.5752508e-01   6.6327873e-02
   2.6086957e-01   6.6531643e-02
   2.6421405e-01   6.6728762e-02
   2.6755853e-01   6.6919266e-02
   2.7090301e-01   6.7103186e-02
   2.7424749e-01   6.7280552e-02
   2.7759197e-01   6.7451393e-02
   2.8093645e-01   6.7615735e-02
   2.8428094e-01   6.7773603e-02
   2.8762542e-01   6.7925021e-02
   2.9096990e-01   6.8070009e-02
   2.9431438e-01   6.8208588e-02
   2.9765886e-01   6.8340778e-02
   3.0100334e-01   6.8466594e-02
   3.0434783e-01   6.8586055e-02
   3.0769231e-01   6.8699174e-02
   3.1103679e-01   6.8805967e-02
   3.1438127e-01   6.8906447e-02
   3.1772575e-01   6.9000626e-02
   3.2107023e-01   6.9088515e-02
   3.2441472e-01   6.9170125e-02
   3.2775920e-01   6.9245466e-02
   3.3110368e-01   6.9314547e-02
   3.3444816e-01   6.9377377e-02
   3.3779264e-01   6.9433965e-02
   3.4113712e-01   6.9484316e-02
   3.4448161e-01   6.9528439e-02
   3.4782609e-01   6.9566341e-02
   3.5117057e-01   6.9598026e-02
   3.5451505e-01   6.9623502e-02
   3.5785953e-01   6.9642774e-02
   3.6120401e-01   6.9655847e-02
   3.6454849e-01   6.9662726e-02
   3.6789298e-01   6.9663416e-02
   3.7123746e-01   6.9657923e-02
   3.7458194e-01   6.9646250e-02
   3.7792642e-01   6.9628402e-02
   3.8127090e-01   6.9604384e-02
   3.8461538e-01   6.9574201e-02
   3.8795987e-01   6.9537857e-02
   3.9130435e-01   6.9495357e-02
   3.9464883e-01   6.9446705e-02
   3.9799331e-01   6.9391907e-02
   4.0133779e-01   6.9330967e-02
   4.0468227e-01   6.9263891e-02
   4.0802676e-01   6.9190684e-02
   4.1137124e-01   6.9111352e-02
   4.1471572e-01   6.9025901e-02
   4.1806020e-01   6.8934336e-02
   4.2140468e-01   6.8836665e-02
   4.2474916e-01   6.8732894e-02
   4.2809365e-01   6.8623031e-02
   4.3143813e-01   6.8507083e-02
   4.3478261e-01   6.8385058e-02
   4.3812709e-01   6.8256964e-02
   4.4147157e-01   6.8122811e-02
   4.4481605e-01   6.7982608e-02
   4.4816054e-01   6.7836365e-02
   4.5150502e-01   6.7684091e-02
   4.5484950e-01   6.7525799e-02
   4.5819398e-01   6.7361499e-02
   4.6153846e-01   6.7191204e-02
   4.6488294e-01   6.7014926e-02
   4.6822742e-01   6.6832678e-02
   4.7157191e-01   6.6644474e-02
   4.7491639e-01   6.6450330e-02
   4.7826087e-01   6.6250259e-02
   4.8160535e-01   6.6044278e-02
   4.8494983e-01   6.5832404e-02
   4.8829431e-01   6.5614654e-02
   4.9163880e-01   6.5391045e-02
   4.9498328e-01   6.5161597e-02
   4.9832776e-01   6.4926329e-02
   5.0167224e-01   6.4685262e-02
   5.0501672e-01   6.4438417e-02
   5.0836120e-01   6.4185815e-02
   5.1170569e-01   6.3927480e-02
   5.1505017e-01   6.3663435e-02
   5.1839465e-01   6.3393704e-02
   5.2173913e-01   6.3118314e-02
   5.2508361e-01   6.2837290e-02
   5.2842809e-01   6.2550659e-02
   5.3177258e-01   6.2258450e-02
   5.3511706e-01   6.1960691e-02
   5.3846154e-01   6.1657413e-02
   5.4180602e-01   6.1348646e-02
   5.4515050e-01   6.1034423e-02
   5.4849498e-01   6.0714776e-02
   5.5183946e-01   6.0389739e-02
   5.5518395e-01   6.0059347e-02
   5.5852843e-01   5.9723635e-02
   5.6187291e-01   5.9382642e-02
   5.6521739e-01   5.9036404e-02
   5.6856187e-01   5.8684961e-02
   5.7190635e-01   5.8328354e-02
   5.7525084e-01   5.7966622e-02
   5.7859532e-01   5.7599809e-02
   5.8193980e-01   5.7227957e-02
   5.8528428e-01   5.6851112e-02
   5.8862876e-01   5.6469319e-02
   5.9197324e-01   5.6082625e-02
   5.9531773e-01   5.5691077e-02
   5.9866221e-01   5.5294725e-02
   6.0200669e-01   5.4893620e-02
   6.0535117e-01   5.4487812e-02
   6.0869565e-01   5.4077354e-02
   6.1204013e-01   5.3662300e-02
   6.1538462e-01   5.3242705e-02
   6.1872910e-01   5.2818626e-02
   6.2207358e-01   5.2390120e-02
   6.2541806e-01   5.1957245e-02
   6.2876254e-01   5.1520062e-02
   6.3210702e-01   5.1078633e-02
   6.3545151e-01   5.0633018e-02
   6.3879599e-01   5.0183284e-02
   6.4214047e-01   4.9729494e-02
   6.4548495e-01   4.9271715e-02
   6.4882943e-01   4.8810015e-02
   6.5217391e-01   4.8344463e-02
   6.5551839e-01   4.7875130e-02
   6.5886288e-01   4.7402087e-02
   6.6220736e-01   4.6925407e-02
   6.6555184e-01   4.6445165e-02
   6.6889632e-01   4.5961437e-02
   6.7224080e-01   4.5474300e-02
   6.7558528e-01   4.4983832e-02
   6.7892977e-01   4.4490115e-02
   6.8227425e-01   4.3993228e-02
   6.8561873e-01   4.3493255e-02
   6.8896321e-01   4.2990280e-02
   6.9230769e-01   4.2484390e-02
   6.9565217e-01   4.1975670e-02
   6.9899666e-01   4.1464210e-02
   7.0234114e-01   4.0950100e-02
   7.0568562e-01   4.0433432e-02
   7.0903010e-01   3.9914297e-02
   7.1237458e-01   3.9392792e-02
   7.1571906e-01   3.8869011e-02
   7.1906355e-01   3.8343052e-02
   7.2240803e-01   3.7815015e-02
   7.2575251e-01   3.7284999e-02
   7.2909699e-01   3.6753107e-02
   7.3244147e-01   3.6219443e-02
   7.3578595e-01   3.5684111e-02
   7.3913043e-01   3.5147218e-02
   7.4247492e-01   3.4608873e-02
   7.4581940e-01   3.4069184e-02
   7.4916388e-01   3.3528264e-02
   7.5250836e-01   3.2986225e-02
   7.5585284e-01   3.2443183e-02
   7.5919732e-01   3.1899252e-02
   7.6254181e-01   3.1354551e-02
   7.6588629e-01   3.0809199e-02
   7.6923077e-01   3.0263316e-02
   7.7257525e-01   2.9717027e-02
   7.7591973e-01   2.9170454e-02
   7.7926421e-01   2.8623723e-02
   7.8260870e-01   2.8076963e-02
   7.8595318e-01   2.7530302e-02
   7.8929766e-01   2.6983870e-02
   7.9264214e-01   2.6437802e-02
   7.9598662e-01   2.5892229e-02
   7.9933110e-01   2.5347289e-02
   8.0267559e-01   2.4803119e-02
   8.0602007e-01   2.4259858e-02
   8.0936455e-01   2.3717647e-02
   8.1270903e-01   2.3176629e-02
   8.1605351e-01   2.2636948e-02
   8.1939799e-01   2.2098750e-02
   8.2274247e-01   2.1562183e-02
   8.2608696e-01   2.1027396e-02
   8.2943144e-01   2.0494541e-02
   8.3277592e-01   1.9963771e-02
   8.3612040e-01   1.9435240e-02
   8.3946488e-01   1.8909106e-02
   8.4280936e-01   1.8385526e-02
   8.4615385e-01   1.7864661e-02
   8.4949833e-01   1.7346672e-02
   8.5284281e-01   1.6831724e-02
   8.5618729e-01   1.6319981e-02
   8.5953177e-01   1.5811612e-02
   8.6287625e-01   1.5306785e-02
   8.6622074e-01   1.4805671e-02
   8.6956522e-01   1.4308443e-02
   8.7290970e-01   1.3815276e-02
   8.7625418e-01   1.3326345e-02
   8.7959866e-01   1.2841830e-02
   8.8294314e-01   1.2361911e-02
   8.8628763e-01   1.1886769e-02
   8.8963211e-01   1.1416588e-02
   8.9297659e-01   1.0951555e-02
   8.9632107e-01   1.0491856e-02
   8.9966555e-01   1.0037682e-02
   9.0301003e-01   9.5892229e-03
   9.0635452e-01   9.1466730e-03
   9.0969900e-01   8.7102273e-03
   9.1304348e-01   8.2800828e-03
   9.1638796e-01   7.8564386e-03
   9.1973244e-01   7.4394957e-03
   9.2307692e-01   7.0294568e-03
   9.2642140e-01   6.6265268e-03
   9.2976589e-01   6.2309124e-03
   9.3311037e-01   5.8428224e-03
   9.3645485e-01   5.4624673e-03
   9.3979933e-01   5.0900598e-03
   9.4314381e-01   4.7258145e-03
   9.4648829e-01   4.3699478e-03
   9.4983278e-01   4.0226783e-03
   9.5317726e-01   3.6842265e-03
   9.5652174e-01   3.3548148e-03
   9.5986622e-01   3.0346678e-03
   9.6321070e-01   2.7240119e-03
   9.6655518e-01   2.4230755e-03
   9.6989967e-01   2.1320892e-03
   9.7324415e-01   1.8512856e-03
   9.7658863e-01   1.5808990e-03
   9.7993311e-01   1.3211661e-03
   9.8327759e-01   1.0723254e-03
   9.8662207e-01   8.3461765e-04
   9.8996656e-01   6.0828547e-04
   9.9331104e-01   3.9357360e-04
   9.9665552e-01   1.9072883e-04
   1.0000000e+00   0.0000000e+00
   1.0000000e+00   0.0000000e+00
   9.9665552e-01  -1.9085959e-04
   9.9331104e-01  -3.9383098e-04
   9.8996656e-01  -6.0866538e-04
   9.8662207e-01  -8.3511608e-04
   9.8327759e-01  -1.0729384e-03
   9.7993311e-01  -1.3218897e-03
   9.7658863e-01  -1.5817295e-03
   9.7324415e-01  -1.8522192e-03
   9.6989967e-01  -2.1331224e-03
   9.6655518e-01  -2.4242045e-03
   9.6321070e-01  -2.7252331e-03
   9.5986622e-01  -3.0359779e-03
   9.5652174e-01  -3.3562103e-03
   9.5317726e-01  -3.6857039e-03
   9.4983278e-01  -4.0242345e-03
   9.4648829e-01  -4.3715795e-03
   9.4314381e-01  -4.7275184e-03
   9.3979933e-01  -5.0918330e-03
   9.3645485e-01  -5.4643066e-03
   9.3311037e-01  -5.8447248e-03
   9.2976589e-01  -6.2328750e-03
   9.2642140e-01  -6.6285467e-03
   9.2307692e-01  -7.0315312e-03
   9.1973244e-01  -7.4416219e-03
   9.1638796e-01  -7.8586139e-03
   9.1304348e-01  -8.2823045e-03
   9.0969900e-01  -8.7124927e-03
   9.0635452e-01  -9.1489797e-03
   9.0301003e-01  -9.5915683e-03
   8.9966555e-01  -1.0040063e-02
   8.9632107e-01  -1.0494272e-02
   8.9297659e-01  -1.0954002e-02
   8.8963211e-01  -1.1419065e-02
   8.8628763e-01  -1.1889273e-02
   8.8294314e-01  -1.2364440e-02
   8.7959866e-01  -1.2844382e-02
   8.7625418e-01  -1.3328918e-02
   8.7290970e-01  -1.3817867e-02
   8.6956522e-01  -1.4311051e-02
   8.6622074e-01  -1.4808293e-02
   8.6287625e-01  -1.5309420e-02
   8.5953177e-01  -1.5814259e-02
   8.5618729e-01  -1.6322637e-02
   8.5284281e-01  -1.6834387e-02
   8.4949833e-01  -1.7349341e-02
   8.4615385e-01  -1.7867334e-02
   8.4280936e-01  -1.8388202e-02
   8.3946488e-01  -1.8911783e-02
   8.3612040e-01  -1.9437917e-02
   8.3277592e-01  -1.9966445e-02
   8.2943144e-01  -2.0497212e-02
   8.2608696e-01  -2.1030062e-02
   8.2274247e-01  -2.1564843e-02
   8.1939799e-01  -2.2101403e-02
   8.1605351e-01  -2.2639592e-02
   8.1270903e-01  -2.3179263e-02
   8.0936455e-01  -2.3720270e-02
   8.0602007e-01  -2.4262469e-02
   8.0267559e-01  -2.4805716e-02
   7.9933110e-01  -2.5349872e-02
   7.9598662e-01  -2.5894796e-02
   7.9264214e-01  -2.6440352e-02
   7.8929766e-01  -2.6986403e-02
   7.8595318e-01  -2.7532816e-02
   7.8260870e-01  -2.8079458e-02
   7.7926421e-01  -2.8626198e-02
   7.7591973e-01  -2.9172908e-02
   7.7257525e-01  -2.9719459e-02
   7.6923077e-01  -3.0265726e-02
   7.6588629e-01  -3.0811585e-02
   7.6254181e-01  -3.1356913e-02
   7.5919732e-01  -3.1901589e-02
   7.5585284e-01  -3.2445494e-02
   7.5250836e-01  -3.2988511e-02
   7.4916388e-01  -3.3530523e-02
   7.4581940e-01  -3.4071416e-02
   7.4247492e-01  -3.4611077e-02
   7.3913043e-01  -3.5149394e-02
   7.3578595e-01  -3.5686259e-02
   7.3244147e-01  -3.6221562e-02
   7.2909699e-01  -3.6755197e-02
   7.2575251e-01  -3.7287059e-02
   7.2240803e-01  -3.7817044e-02
   7.1906355e-01  -3.8345051e-02
   7.1571906e-01  -3.8870979e-02
   7.1237458e-01  -3.9394729e-02
   7.0903010e-01  -3.9916203e-02
   7.0568562e-01  -4.0435306e-02
   7.0234114e-01  -4.0951943e-02
   6.9899666e-01  -4.1466021e-02
   6.9565217e-01  -4.1977449e-02
   6.9230769e-01  -4.2486136e-02
   6.8896321e-01  -4.2991994e-02
   6.8561873e-01  -4.3494936e-02
   6.8227425e-01  -4.3994877e-02
   6.7892977e-01  -4.4491731e-02
   6.7558528e-01  -4.4985416e-02
   6.7224080e-01  -4.5475851e-02
   6.6889632e-01  -4.5962955e-02
   6.6555184e-01  -4.6446651e-02
   6.6220736e-01  -4.6926860e-02
   6.5886288e-01  -4.7403508e-02
   6.5551839e-01  -4.7876518e-02
   6.5217391e-01  -4.8345819e-02
   6.4882943e-01  -4.8811339e-02
   6.4548495e-01  -4.9273007e-02
   6.4214047e-01  -4.9730754e-02
   6.3879599e-01  -5.0184512e-02
   6.3545151e-01  -5.0634215e-02
   6.3210702e-01  -5.1079798e-02
   6.2876254e-01  -5.1521196e-02
   6.2541806e-01  -5.1958348e-02
   6.2207358e-01  -5.2391192e-02
   6.1872910e-01  -5.2819668e-02
   6.1538462e-01  -5.3243717e-02
   6.1204013e-01  -5.3663281e-02
   6.0869565e-01  -5.4078305e-02
   6.0535117e-01  -5.4488734e-02
   6.0200669e-01  -5.4894513e-02
   5.9866221e-01  -5.5295590e-02
   5.9531773e-01  -5.5691913e-02
   5.9197324e-01  -5.6083432e-02
   5.8862876e-01  -5.6470099e-02
   5.8528428e-01  -5.6851865e-02
   5.8193980e-01  -5.7228683e-02
   5.7859532e-01  -5.7600507e-02
   5.7525084e-01  -5.7967294e-02
   5.7190635e-01  -5.8329000e-02
   5.6856187e-01  -5.8685582e-02
   5.6521739e-01  -5.9037000e-02
   5.6187291e-01  -5.9383213e-02
   5.5852843e-01  -5.9724182e-02
   5.5518395e-01  -6.0059869e-02
   5.5183946e-01  -6.0390238e-02
   5.4849498e-01  -6.0715252e-02
   5.4515050e-01  -6.1034877e-02
   5.4180602e-01  -6.1349078e-02
   5.3846154e-01  -6.1657823e-02
   5.3511706e-01  -6.1961080e-02
   5.3177258e-01  -6.2258818e-02
   5.2842809e-01  -6.2551006e-02
   5.2508361e-01  -6.2837617e-02
   5.2173913e-01  -6.3118622e-02
   5.1839465e-01  -6.3393994e-02
   5.1505017e-01  -6.3663706e-02
   5.1170569e-01  -6.3927733e-02
   5.0836120e-01  -6.4186050e-02
   5.0501672e-01  -6.4438635e-02
   5.0167224e-01  -6.4685464e-02
   4.9832776e-01  -6.4926515e-02
   4.9498328e-01  -6.5161767e-02
   4.9163880e-01  -6.5391200e-02
   4.8829431e-01  -6.5614794e-02
   4.8494983e-01  -6.5832530e-02
   4.8160535e-01  -6.6044390e-02
   4.7826087e-01  -6.6250358e-02
   4.7491639e-01  -6.6450416e-02
   4.7157191e-01  -6.6644548e-02
   4.6822742e-01  -6.6832740e-02
   4.6488294e-01  -6.7014976e-02
   4.6153846e-01  -6.7191243e-02
   4.5819398e-01  -6.7361528e-02
   4.5484950e-01  -6.7525818e-02
   4.5150502e-01  -6.7684101e-02
   4.4816054e-01  -6.7836365e-02
   4.4481605e-01  -6.7982600e-02
   4.4147157e-01  -6.8122795e-02
   4.3812709e-01  -6.8256940e-02
   4.3478261e-01  -6.8385026e-02
   4.3143813e-01  -6.8507044e-02
   4.2809365e-01  -6.8622986e-02
   4.2474916e-01  -6.8732843e-02
   4.2140468e-01  -6.8836608e-02
   4.1806020e-01  -6.8934274e-02
   4.1471572e-01  -6.9025834e-02
   4.1137124e-01  -6.9111281e-02
   4.0802676e-01  -6.9190609e-02
   4.0468227e-01  -6.9263812e-02
   4.0133779e-01  -6.9330885e-02
   3.9799331e-01  -6.9391822e-02
   3.9464883e-01  -6.9446618e-02
   3.9130435e-01  -6.9495267e-02
   3.8795987e-01  -6.9537766e-02
   3.8461538e-01  -6.9574108e-02
   3.8127090e-01  -6.9604290e-02
   3.7792642e-01  -6.9628307e-02
   3.7458194e-01  -6.9646154e-02
   3.7123746e-01  -6.9657827e-02
   3.6789298e-01  -6.9663320e-02
   3.6454849e-01  -6.9662630e-02
   3.6120401e-01  -6.9655752e-02
   3.5785953e-01  -6.9642680e-02
   3.5451505e-01  -6.9623410e-02
   3.5117057e-01  -6.9597935e-02
   3.4782609e-01  -6.9566252e-02
   3.4448161e-01  -6.9528352e-02
   3.4113712e-01  -6.9484231e-02
   3.3779264e-01  -6.9433882e-02
   3.3444816e-01  -6.9377298e-02
   3.3110368e-01  -6.9314471e-02
   3.2775920e-01  -6.9245392e-02
   3.2441472e-01  -6.9170055e-02
   3.2107023e-01  -6.9088448e-02
   3.1772575e-01  -6.9000563e-02
   3.1438127e-01  -6.8906388e-02
   3.1103679e-01  -6.8805912e-02
   3.0769231e-01  -6.8699123e-02
   3.0434783e-01  -6.8586008e-02
   3.0100334e-01  -6.8466551e-02
   2.9765886e-01  -6.8340739e-02
   2.9431438e-01  -6.8208555e-02
   2.9096990e-01  -6.8069980e-02
   2.8762542e-01  -6.7924996e-02
   2.8428094e-01  -6.7773584e-02
   2.8093645e-01  -6.7615720e-02
   2.7759197e-01  -6.7451383e-02
   2.7424749e-01  -6.7280547e-02
   2.7090301e-01  -6.7103185e-02
   2.6755853e-01  -6.6919270e-02
   2.6421405e-01  -6.6728772e-02
   2.6086957e-01  -6.6531657e-02
   2.5752508e-01  -6.6327892e-02
   2.5418060e-01  -6.6117440e-02
   2.5083612e-01  -6.5900262e-02
   2.4749164e-01  -6.5676316e-02
   2.4414716e-01  -6.5445559e-02
   2.4080268e-01  -6.5207943e-02
   2.3745819e-01  -6.4963418e-02
   2.3411371e-01  -6.4711931e-02
   2.3076923e-01  -6.4453426e-02
   2.2742475e-01  -6.4187843e-02
   2.2408027e-01  -6.3915118e-02
   2.2073579e-01  -6.3635184e-02
   2.1739130e-01  -6.3347970e-02
   2.1404682e-01  -6.3053398e-02
   2.1070234e-01  -6.2751389e-02
   2.0735786e-01  -6.2441857e-02
   2.0401338e-01  -6.2124712e-02
   2.0066890e-01  -6.1799857e-02
   1.9732441e-01  -6.1467190e-02
   1.9397993e-01  -6.1126604e-02
   1.9063545e-01  -6.0777984e-02
   1.8729097e-01  -6.0421208e-02
   1.8394649e-01  -6.0056148e-02
   1.8060201e-01  -5.9682666e-02
   1.7725753e-01  -5.9300619e-02
   1.7391304e-01  -5.8909851e-02
   1.7056856e-01  -5.8510200e-02
   1.6722408e-01  -5.8101493e-02
   1.6387960e-01  -5.7683544e-02
   1.6053512e-01  -5.7256158e-02
   1.5719064e-01  -5.6819127e-02
   1.5384615e-01  -5.6372229e-02
   1.5050167e-01  -5.5915229e-02
   1.4715719e-01  -5.5447875e-02
   1.4381271e-01  -5.4969900e-02
   1.4046823e-01  -5.4481018e-02
   1.3712375e-01  -5.3980925e-02
   1.3377926e-01  -5.3469295e-02
   1.3043478e-01  -5.2945779e-02
   1.2709030e-01  -5.2410005e-02
   1.2374582e-01  -5.1861573e-02
   1.2040134e-01  -5.1300052e-02
   1.1705686e-01  -5.0724984e-02
   1.1371237e-01  -5.0135870e-02
   1.1036789e-01  -4.9532176e-02
   1.0702341e-01  -4.8913323e-02
   1.0367893e-01  -4.8278688e-02
   1.0033445e-01  -4.7627591e-02
   9.6989967e-02  -4.6959297e-02
   9.3645485e-02  -4.6273003e-02
   9.0301003e-02  -4.5567836e-02
   8.6956522e-02  -4.4842838e-02
   8.3612040e-02  -4.4096956e-02
   8.0267559e-02  -4.3329032e-02
   7.6923077e-02  -4.2537787e-02
   7.3578595e-02  -4.1721800e-02
   7.0234114e-02  -4.0879489e-02
   6.6889632e-02  -4.0009080e-02
   6.3545151e-02  -3.9108580e-02
   6.0200669e-02  -3.8175731e-02
   5.6856187e-02  -3.7207963e-02
   5.3511706e-02  -3.6202326e-02
   5.0167224e-02  -3.5155409e-02
   4.6822742e-02  -3.4063231e-02
   4.3478261e-02  -3.2921099e-02
   4.0133779e-02  -3.1723411e-02
   3.6789298e-02  -3.0463391e-02
   3.3444816e-02  -2.9132709e-02
   3.0100334e-02  -2.7720923e-02
   2.6755853e-02  -2.6214634e-02
   2.3411371e-02  -2.4596160e-02
   2.0066890e-02  -2.2841297e-02
   1.6722408e-02  -2.0915323e-02
   1.3377926e-02  -1.8765144e-02
   1.0033445e-02  -1.6301703e-02
   6.6889632e-03  -1.3351996e-02
   3.3444816e-03  -9.4710615e-03
   0.0000000e+00  -0.0000000e+00
