   0.0000000e+00   0.0000000e+00
   3.3444816e-03   1.1705470e-02
   6.6889632e-03   1.6586708e-02
   1.0033445e-02   2.0353080e-02
   1.3377926e-02   2.3544641e-02
   1.6722408e-02   2.6369885e-02
   2.0066890e-02   2.8935359e-02
   2.3411371e-02   3.1304116e-02
   2.6755853e-02   3.3517069e-02
   3.0100334e-02   3.5602510e-02
   3.3444816e-02   3.7580942e-02
   3.6789298e-02   3.9467765e-02
   4.0133779e-02   4.1274881e-02
   4.3478261e-02   4.3011702e-02
   4.6822742e-02   4.4685814e-02
   5.0167224e-02   4.6303432e-02
   5.3511706e-02   4.7869718e-02
   5.6856187e-02   4.9389008e-02
   6.0200669e-02   5.0864984e-02
   6.3545151e-02   5.2300801e-02
   6.6889632e-02   5.3699183e-02
   7.0234114e-02   5.5062499e-02
   7.3578595e-02   5.6392825e-02
   7.6923077e-02   5.7691988e-02
   8.0267559e-02   5.8961604e-02
   8.3612040e-02   6.0203111e-02
   8.6956522e-02   6.1417796e-02
   9.0301003e-02   6.2606810e-02
   9.3645485e-02   6.3771191e-02
   9.6989967e-02   6.4911876e-02
   1.0033445e-01   6.6029715e-02
   1.0367893e-01   6.7125480e-02
   1.0702341e-01   6.8199875e-02
   1.1036789e-01   6.9253543e-02
   1.1371237e-01   7.0287074e-02
   1.1705686e-01   7.1301008e-02
   1.2040134e-01   7.2295845e-02
   1.2374582e-01   7.3272042e-02
   1.2709030e-01   7.4230025e-02
   1.3043478e-01   7.5170187e-02
   1.3377926e-01   7.6092892e-02
   1.3712375e-01   7.6998478e-02
   1.4046823e-01   7.7887261e-02
   1.4381271e-01   7.8759534e-02
   1.4715719e-01   7.9615572e-02
   1.5050167e-01   8.0455630e-02
   1.5384615e-01   8.1279949e-02
   1.5719064e-01   8.2088755e-02
   1.6053512e-01   8.2882257e-02
   1.6387960e-01   8.3660656e-02
   1.6722408e-01   8.4424137e-02
   1.7056856e-01   8.5172879e-02
   1.7391304e-01   8.5907046e-02
   1.7725753e-01   8.6626797e-02
   1.8060201e-01   8.7332281e-02
   1.8394649e-01   8.8023639e-02
   1.8729097e-01   8.8701005e-02
   1.9063545e-01   8.9364506e-02
   1.9397993e-01   9.0014263e-02
   1.9732441e-01   9.0650393e-02
   2.0066890e-01   9.1273004e-02
   2.0401338e-01   9.1882203e-02
   2.0735786e-01   9.2478090e-02
   2.1070234e-01   9.3060761e-02
   2.1404682e-01   9.3630308e-02
   2.1739130e-01   9.4186820e-02
   2.2073579e-01   9.4730383e-02
   2.2408027e-01   9.5261078e-02
   2.2742475e-01   9.5778984e-02
   2.3076923e-01   9.6284177e-02
   2.3411371e-01   9.6776732e-02
   2.3745819e-01   9.7256720e-02
   2.4080268e-01   9.7724209e-02
   2.4414716e-01   9.8179267e-02
   2.4749164e-01   9.8621958e-02
   2.5083612e-01   9.9052347e-02
   2.5418060e-01   9.9470494e-02
   2.5752508e-01   9.9876460e-02
   2.6086957e-01   1.0027030e-01
   2.6421405e-01   1.0065208e-01
   2.6755853e-01   1.0102185e-01
   2.7090301e-01   1.0137967e-01
   2.7424749e-01   1.0172558e-01
   2.7759197e-01   1.0205965e-01
   2.8093645e-01   1.0238193e-01
   2.8428094e-01   1.0269246e-01
   2.8762542e-01   1.0299130e-01
   2.9096990e-01   1.0327849e-01
   2.9431438e-01   1.0355410e-01
   2.9765886e-01   1.0381816e-01
   3.0100334e-01   1.0407072e-01
   3.0434783e-01   1.0431184e-01
   3.0769231e-01   1.0454155e-01
   3.1103679e-01   1.0475991e-01
   3.1438127e-01   1.0496697e-01
   3.1772575e-01   1.0516276e-01
   3.2107023e-01   1.0534734e-01
   3.2441472e-01   1.0552076e-01
   3.2775920e-01   1.0568305e-01
   3.3110368e-01   1.0583427e-01
   3.3444816e-01   1.0597446e-01
   3.3779264e-01   1.0610367e-01
   3.4113712e-01   1.0622193e-01
   3.4448161e-01   1.0632931e-01
   3.4782609e-01   1.0642584e-01
   3.5117057e-01   1.0651157e-01
   3.5451505e-01   1.0658654e-01
   3.5785953e-01   1.0665081e-01
   3.6120401e-01   1.0670442e-01
   3.6454849e-01   1.0674741e-01
   3.6789298e-01   1.0677983e-01
   3.7123746e-01   1.0680172e-01
   3.7458194e-01   1.0681315e-01
   3.7792642e-01   1.0681414e-01
   3.8127090e-01   1.0680475e-01
   3.8461538e-01   1.0678503e-01
   3.8795987e-01   1.0675502e-01
   3.9130435e-01   1.0671478e-01
   3.9464883e-01   1.0666434e-01
   3.9799331e-01   1.0660377e-01
   4.0133779e-01   1.0653310e-01
   4.0468227e-01   1.0645239e-01
   4.0802676e-01   1.0636168e-01
   4.1137124e-01   1.0626104e-01
   4.1471572e-01   1.0615050e-01
   4.1806020e-01   1.0603011e-01
   4.2140468e-01   1.0589994e-01
   4.2474916e-01   1.0576003e-01
   4.2809365e-01   1.0561042e-01
   4.3143813e-01   1.0545119e-01
   4.3478261e-01   1.0528236e-01
   4.3812709e-01   1.0510401e-01
   4.4147157e-01   1.0491619e-01
   4.4481605e-01   1.0471893e-01
   4.4816054e-01   1.0451231e-01
   4.5150502e-01   1.0429638e-01
   4.5484950e-01   1.0407119e-01
   4.5819398e-01   1.0383679e-01
   4.6153846e-01   1.0359324e-01
   4.6488294e-01   1.0334061e-01
   4.6822742e-01   1.0307894e-01
   4.7157191e-01   1.0280829e-01
   4.7491639e-01   1.0252873e-01
   4.7826087e-01   1.0224030e-01
   4.8160535e-01   1.0194308e-01
   4.8494983e-01   1.0163711e-01
   4.8829431e-01   1.0132245e-01
   4.9163880e-01   1.0099918e-01
   4.9498328e-01   1.0066734e-01
   4.9832776e-01   1.0032701e-01
   5.0167224e-01   9.9978235e-02
   5.0501672e-01   9.9621085e-02
   5.0836120e-01   9.9255621e-02
   5.1170569e-01   9.8881908e-02
   5.1505017e-01   9.8500008e-02
   5.1839465e-01   9.8109986e-02
   5.2173913e-01   9.7711907e-02
   5.2508361e-01   9.7305837e-02
   5.2842809e-01   9.6891840e-02
   5.3177258e-01   9.6469984e-02
   5.3511706e-01   9.6040335e-02
   5.3846154e-01   9.5602960e-02
   5.4180602e-01   9.5157929e-02
   5.4515050e-01   9.4705309e-02
   5.4849498e-01   9.4245169e-02
   5.5183946e-01   9.3777578e-02
   5.5518395e-01   9.3302608e-02
   5.5852843e-01   9.2820328e-02
   5.6187291e-01   9.2330810e-02
   5.6521739e-01   9.1834125e-02
   5.6856187e-01   9.1330345e-02
   5.7190635e-01   9.0819544e-02
   5.7525084e-01   9.0301795e-02
   5.7859532e-01   8.9777171e-02
   5.8193980e-01   8.9245747e-02
   5.8528428e-01   8.8707597e-02
   5.8862876e-01   8.8162799e-02
   5.9197324e-01   8.7611426e-02
   5.9531773e-01   8.7053557e-02
   5.9866221e-01   8.6489267e-02
   6.0200669e-01   8.5918636e-02
   6.0535117e-01   8.5341740e-02
   6.0869565e-01   8.4758660e-02
   6.1204013e-01   8.4169473e-02
   6.1538462e-01   8.3574261e-02
   6.1872910e-01   8.2973103e-02
   6.2207358e-01   8.2366081e-02
   6.2541806e-01   8.1753275e-02
   6.2876254e-01   8.1134769e-02
   6.3210702e-01   8.0510645e-02
   6.3545151e-01   7.9880986e-02
   6.3879599e-01   7.9245876e-02
   6.4214047e-01   7.8605398e-02
   6.4548495e-01   7.7959639e-02
   6.4882943e-01   7.7308684e-02
   6.5217391e-01   7.6652617e-02
   6.5551839e-01   7.5991527e-02
   6.5886288e-01   7.5325500e-02
   6.6220736e-01   7.4654624e-02
   6.6555184e-01   7.3978988e-02
   6.6889632e-01   7.3298679e-02
   6.7224080e-01   7.2613787e-02
   6.7558528e-01   7.1924402e-02
   6.7892977e-01   7.1230615e-02
   6.8227425e-01   7.0532517e-02
   6.8561873e-01   6.9830199e-02
   6.8896321e-01   6.9123753e-02
   6.9230769e-01   6.8413273e-02
   6.9565217e-01   6.7698851e-02
   6.9899666e-01   6.6980581e-02
   7.0234114e-01   6.6258557e-02
   7.0568562e-01   6.5532876e-02
   7.0903010e-01   6.4803631e-02
   7.1237458e-01   6.4070920e-02
   7.1571906e-01   6.3334838e-02
   7.1906355e-01   6.2595484e-02
   7.2240803e-01   6.1852954e-02
   7.2575251e-01   6.1107348e-02
   7.2909699e-01   6.0358763e-02
   7.3244147e-01   5.9607300e-02
   7.3578595e-01   5.8853058e-02
   7.3913043e-01   5.8096139e-02
   7.4247492e-01   5.7336642e-02
   7.4581940e-01   5.6574670e-02
   7.4916388e-01   5.5810326e-02
   7.5250836e-01   5.5043711e-02
   7.5585284e-01   5.4274930e-02
   7.5919732e-01   5.3504085e-02
   7.6254181e-01   5.2731283e-02
   7.6588629e-01   5.1956627e-02
   7.6923077e-01   5.1180224e-02
   7.7257525e-01   5.0402179e-02
   7.7591973e-01   4.9622599e-02
   7.7926421e-01   4.8841592e-02
   7.8260870e-01   4.8059265e-02
   7.8595318e-01   4.7275728e-02
   7.8929766e-01   4.6491088e-02
   7.9264214e-01   4.5705455e-02
   7.9598662e-01   4.4918940e-02
   7.9933110e-01   4.4131654e-02
   8.0267559e-01   4.3343706e-02
   8.0602007e-01   4.2555210e-02
   8.0936455e-01   4.1766277e-02
   8.1270903e-01   4.0977020e-02
   8.1605351e-01   4.0187554e-02
   8.1939799e-01   3.9397991e-02
   8.2274247e-01   3.8608447e-02
   8.2608696e-01   3.7819036e-02
   8.2943144e-01   3.7029875e-02
   8.3277592e-01   3.6241079e-02
   8.3612040e-01   3.5452765e-02
   8.3946488e-01   3.4665051e-02
   8.4280936e-01   3.3878055e-02
   8.4615385e-01   3.3091895e-02
   8.4949833e-01   3.2306691e-02
   8.5284281e-01   3.1522561e-02
   8.5618729e-01   3.0739626e-02
   8.5953177e-01   2.9958007e-02
   8.6287625e-01   2.9177825e-02
   8.6622074e-01   2.8399202e-02
   8.6956522e-01   2.7622260e-02
   8.7290970e-01   2.6847122e-02
   8.7625418e-01   2.6073912e-02
   8.7959866e-01   2.5302753e-02
   8.8294314e-01   2.4533771e-02
   8.8628763e-01   2.3767091e-02
   8.8963211e-01   2.3002838e-02
   8.9297659e-01   2.2241139e-02
   8.9632107e-01   2.1482121e-02
   8.9966555e-01   2.0725910e-02
   9.0301003e-01   1.9972635e-02
   9.0635452e-01   1.9222425e-02
   9.0969900e-01   1.8475408e-02
   9.1304348e-01   1.7731714e-02
   9.1638796e-01   1.6991474e-02
   9.1973244e-01   1.6254817e-02
   9.2307692e-01   1.5521877e-02
   9.2642140e-01   1.4792783e-02
   9.2976589e-01   1.4067669e-02
   9.3311037e-01   1.3346668e-02
   9.3645485e-01   1.2629913e-02
   9.3979933e-01   1.1917538e-02
   9.4314381e-01   1.1209679e-02
   9.4648829e-01   1.0506469e-02
   9.4983278e-01   9.8080453e-03
   9.5317726e-01   9.1145438e-03
   9.5652174e-01   8.4261013e-03
   9.5986622e-01   7.7428552e-03
   9.6321070e-01   7.0649435e-03
   9.6655518e-01   6.3925048e-03
   9.6989967e-01   5.7256781e-03
   9.7324415e-01   5.0646031e-03
   9.7658863e-01   4.4094199e-03
   9.7993311e-01   3.7602692e-03
   9.8327759e-01   3.1172924e-03
   9.8662207e-01   2.4806313e-03
   9.8996656e-01   1.8504282e-03
   9.9331104e-01   1.2268263e-03
   9.9665552e-01   6.0996883e-04
   1.0000000e+00   0.0000000e+00
   1.0000000e+00   0.0000000e+00
   9.9665552e-01  -2.6336003e-04
   9.9331104e-01  -5.3387312e-04
   9.8996656e-01  -8.1132992e-04
   9.8662207e-01  -1.0955233e-03
   9.8327759e-01  -1.3862485e-03
   9.7993311e-01  -1.6833027e-03
   9.7658863e-01  -1.9864856e-03
   9.7324415e-01  -2.2955988e-03
   9.6989967e-01  -2.6104464e-03
   9.6655518e-01  -2.9308345e-03
   9.6321070e-01  -3.2565715e-03
   9.5986622e-01  -3.5874678e-03
   9.5652174e-01  -3.9233362e-03
   9.5317726e-01  -4.2639914e-03
   9.4983278e-01  -4.6092505e-03
   9.4648829e-01  -4.9589327e-03
   9.4314381e-01  -5.3128591e-03
   9.3979933e-01  -5.6708533e-03
   9.3645485e-01  -6.0327407e-03
   9.3311037e-01  -6.3983490e-03
   9.2976589e-01  -6.7675080e-03
   9.2642140e-01  -7.1400496e-03
   9.2307692e-01  -7.5158076e-03
   9.1973244e-01  -7.8946182e-03
   9.1638796e-01  -8.2763194e-03
   9.1304348e-01  -8.6607514e-03
   9.0969900e-01  -9.0477566e-03
   9.0635452e-01  -9.4371791e-03
   9.0301003e-01  -9.8288654e-03
   8.9966555e-01  -1.0222664e-02
   8.9632107e-01  -1.0618425e-02
   8.9297659e-01  -1.1016001e-02
   8.8963211e-01  -1.1415246e-02
   8.8628763e-01  -1.1816018e-02
   8.8294314e-01  -1.2218173e-02
   8.7959866e-01  -1.2621574e-02
   8.7625418e-01  -1.3026082e-02
   8.7290970e-01  -1.3431562e-02
   8.6956522e-01  -1.3837879e-02
   8.6622074e-01  -1.4244903e-02
   8.6287625e-01  -1.4652504e-02
   8.5953177e-01  -1.5060553e-02
   8.5618729e-01  -1.5468926e-02
   8.5284281e-01  -1.5877498e-02
   8.4949833e-01  -1.6286147e-02
   8.4615385e-01  -1.6694753e-02
   8.4280936e-01  -1.7103198e-02
   8.3946488e-01  -1.7511365e-02
   8.3612040e-01  -1.7919140e-02
   8.3277592e-01  -1.8326411e-02
   8.2943144e-01  -1.8733067e-02
   8.2608696e-01  -1.9138999e-02
   8.2274247e-01  -1.9544100e-02
   8.1939799e-01  -1.9948265e-02
   8.1605351e-01  -2.0351391e-02
   8.1270903e-01  -2.0753375e-02
   8.0936455e-01  -2.1154119e-02
   8.0602007e-01  -2.1553525e-02
   8.0267559e-01  -2.1951496e-02
   7.9933110e-01  -2.2347939e-02
   7.9598662e-01  -2.2742760e-02
   7.9264214e-01  -2.3135869e-02
   7.8929766e-01  -2.3527177e-02
   7.8595318e-01  -2.3916597e-02
   7.8260870e-01  -2.4304043e-02
   7.7926421e-01  -2.4689431e-02
   7.7591973e-01  -2.5072680e-02
   7.7257525e-01  -2.5453709e-02
   7.6923077e-01  -2.5832440e-02
   7.6588629e-01  -2.6208795e-02
   7.6254181e-01  -2.6582699e-02
   7.5919732e-01  -2.6954079e-02
   7.5585284e-01  -2.7322862e-02
   7.5250836e-01  -2.7688980e-02
   7.4916388e-01  -2.8052362e-02
   7.4581940e-01  -2.8412942e-02
   7.4247492e-01  -2.8770655e-02
   7.3913043e-01  -2.9125436e-02
   7.3578595e-01  -2.9477225e-02
   7.3244147e-01  -2.9825959e-02
   7.2909699e-01  -3.0171581e-02
   7.2575251e-01  -3.0514033e-02
   7.2240803e-01  -3.0853259e-02
   7.1906355e-01  -3.1189206e-02
   7.1571906e-01  -3.1521819e-02
   7.1237458e-01  -3.1851048e-02
   7.0903010e-01  -3.2176844e-02
   7.0568562e-01  -3.2499158e-02
   7.0234114e-01  -3.2817944e-02
   6.9899666e-01  -3.3133157e-02
   6.9565217e-01  -3.3444753e-02
   6.9230769e-01  -3.3752689e-02
   6.8896321e-01  -3.4056926e-02
   6.8561873e-01  -3.4357424e-02
   6.8227425e-01  -3.4654144e-02
   6.7892977e-01  -3.4947052e-02
   6.7558528e-01  -3.5236112e-02
   6.7224080e-01  -3.5521289e-02
   6.6889632e-01  -3.5802554e-02
   6.6555184e-01  -3.6079873e-02
   6.6220736e-01  -3.6353218e-02
   6.5886288e-01  -3.6622562e-02
   6.5551839e-01  -3.6887877e-02
   6.5217391e-01  -3.7149138e-02
   6.4882943e-01  -3.7406321e-02
   6.4548495e-01  -3.7659403e-02
   6.4214047e-01  -3.7908364e-02
   6.3879599e-01  -3.8153182e-02
   6.3545151e-01  -3.8393840e-02
   6.3210702e-01  -3.8630319e-02
   6.2876254e-01  -3.8862603e-02
   6.2541806e-01  -3.9090678e-02
   6.2207358e-01  -3.9314529e-02
   6.1872910e-01  -3.9534145e-02
   6.1538462e-01  -3.9749512e-02
   6.1204013e-01  -3.9960623e-02
   6.0869565e-01  -4.0167466e-02
   6.0535117e-01  -4.0370035e-02
   6.0200669e-01  -4.0568324e-02
   5.9866221e-01  -4.0762325e-02
   5.9531773e-01  -4.0952036e-02
   5.9197324e-01  -4.1137452e-02
   5.8862876e-01  -4.1318572e-02
   5.8528428e-01  -4.1495395e-02
   5.8193980e-01  -4.1667920e-02
   5.7859532e-01  -4.1836148e-02
   5.7525084e-01  -4.2000083e-02
   5.7190635e-01  -4.2159726e-02
   5.6856187e-01  -4.2315082e-02
   5.6521739e-01  -4.2466156e-02
   5.6187291e-01  -4.2612954e-02
   5.5852843e-01  -4.2755484e-02
   5.5518395e-01  -4.2893754e-02
   5.5183946e-01  -4.3027772e-02
   5.4849498e-01  -4.3157549e-02
   5.4515050e-01  -4.3283095e-02
   5.4180602e-01  -4.3404422e-02
   5.3846154e-01  -4.3521544e-02
   5.3511706e-01  -4.3634473e-02
   5.3177258e-01  -4.3743223e-02
   5.2842809e-01  -4.3847811e-02
   5.2508361e-01  -4.3948253e-02
   5.2173913e-01  -4.4044564e-02
   5.1839465e-01  -4.4136763e-02
   5.1505017e-01  -4.4224868e-02
   5.1170569e-01  -4.4308899e-02
   5.0836120e-01  -4.4388875e-02
   5.0501672e-01  -4.4464817e-02
   5.0167224e-01  -4.4536746e-02
   4.9832776e-01  -4.4604685e-02
   4.9498328e-01  -4.4668655e-02
   4.9163880e-01  -4.4728682e-02
   4.8829431e-01  -4.4784787e-02
   4.8494983e-01  -4.4836997e-02
   4.8160535e-01  -4.4885335e-02
   4.7826087e-01  -4.4929829e-02
   4.7491639e-01  -4.4970504e-02
   4.7157191e-01  -4.5007387e-02
   4.6822742e-01  -4.5040506e-02
   4.6488294e-01  -4.5069887e-02
   4.6153846e-01  -4.5095561e-02
   4.5819398e-01  -4.5117554e-02
   4.5484950e-01  -4.5135898e-02
   4.5150502e-01  -4.5150620e-02
   4.4816054e-01  -4.5161752e-02
   4.4481605e-01  -4.5169323e-02
   4.4147157e-01  -4.5173365e-02
   4.3812709e-01  -4.5173907e-02
   4.3478261e-01  -4.5170982e-02
   4.3143813e-01  -4.5164622e-02
   4.2809365e-01  -4.5154857e-02
   4.2474916e-01  -4.5141720e-02
   4.2140468e-01  -4.5125243e-02
   4.1806020e-01  -4.5105458e-02
   4.1471572e-01  -4.5082399e-02
   4.1137124e-01  -4.5056097e-02
   4.0802676e-01  -4.5026586e-02
   4.0468227e-01  -4.4993897e-02
   4.0133779e-01  -4.4958065e-02
   3.9799331e-01  -4.4919122e-02
   3.9464883e-01  -4.4877099e-02
   3.9130435e-01  -4.4832032e-02
   3.8795987e-01  -4.4783951e-02
   3.8461538e-01  -4.4732889e-02
   3.8127090e-01  -4.4678879e-02
   3.7792642e-01  -4.4621953e-02
   3.7458194e-01  -4.4562143e-02
   3.7123746e-01  -4.4499481e-02
   3.6789298e-01  -4.4433997e-02
   3.6454849e-01  -4.4365723e-02
   3.6120401e-01  -4.4294689e-02
   3.5785953e-01  -4.4220927e-02
   3.5451505e-01  -4.4144465e-02
   3.5117057e-01  -4.4065333e-02
   3.4782609e-01  -4.3983560e-02
   3.4448161e-01  -4.3899174e-02
   3.4113712e-01  -4.3812203e-02
   3.3779264e-01  -4.3722673e-02
   3.3444816e-01  -4.3630611e-02
   3.3110368e-01  -4.3536043e-02
   3.2775920e-01  -4.3438993e-02
   3.2441472e-01  -4.3339484e-02
   3.2107023e-01  -4.3237541e-02
   3.1772575e-01  -4.3133185e-02
   3.1438127e-01  -4.3026436e-02
   3.1103679e-01  -4.2917316e-02
   3.0769231e-01  -4.2805841e-02
   3.0434783e-01  -4.2692031e-02
   3.0100334e-01  -4.2575901e-02
   2.9765886e-01  -4.2457467e-02
   2.9431438e-01  -4.2336741e-02
   2.9096990e-01  -4.2213737e-02
   2.8762542e-01  -4.2088464e-02
   2.8428094e-01  -4.1960932e-02
   2.8093645e-01  -4.1831148e-02
   2.7759197e-01  -4.1699117e-02
   2.7424749e-01  -4.1564843e-02
   2.7090301e-01  -4.1428328e-02
   2.6755853e-01  -4.1289572e-02
   2.6421405e-01  -4.1148571e-02
   2.6086957e-01  -4.1005322e-02
   2.5752508e-01  -4.0859816e-02
   2.5418060e-01  -4.0712045e-02
   2.5083612e-01  -4.0561997e-02
   2.4749164e-01  -4.0409656e-02
   2.4414716e-01  -4.0255005e-02
   2.4080268e-01  -4.0098023e-02
   2.3745819e-01  -3.9938688e-02
   2.3411371e-01  -3.9776970e-02
   2.3076923e-01  -3.9612842e-02
   2.2742475e-01  -3.9446267e-02
   2.2408027e-01  -3.9277210e-02
   2.2073579e-01  -3.9105628e-02
   2.1739130e-01  -3.8931475e-02
   2.1404682e-01  -3.8754702e-02
   2.1070234e-01  -3.8575254e-02
   2.0735786e-01  -3.8393072e-02
   2.0401338e-01  -3.8208091e-02
   2.0066890e-01  -3.8020243e-02
   1.9732441e-01  -3.7829451e-02
   1.9397993e-01  -3.7635634e-02
   1.9063545e-01  -3.7438707e-02
   1.8729097e-01  -3.7238574e-02
   1.8394649e-01  -3.7035137e-02
   1.8060201e-01  -3.6828286e-02
   1.7725753e-01  -3.6617907e-02
   1.7391304e-01  -3.6403877e-02
   1.7056856e-01  -3.6186063e-02
   1.6722408e-01  -3.5964324e-02
   1.6387960e-01  -3.5738509e-02
   1.6053512e-01  -3.5508459e-02
   1.5719064e-01  -3.5274000e-02
   1.5384615e-01  -3.5034949e-02
   1.5050167e-01  -3.4791110e-02
   1.4715719e-01  -3.4542273e-02
   1.4381271e-01  -3.4288217e-02
   1.4046823e-01  -3.4028700e-02
   1.3712375e-01  -3.3763469e-02
   1.3377926e-01  -3.3492251e-02
   1.3043478e-01  -3.3214754e-02
   1.2709030e-01  -3.2930666e-02
   1.2374582e-01  -3.2639651e-02
   1.2040134e-01  -3.2341352e-02
   1.1705686e-01  -3.2035383e-02
   1.1371237e-01  -3.1721332e-02
   1.1036789e-01  -3.1398752e-02
   1.0702341e-01  -3.1067165e-02
   1.0367893e-01  -3.0726054e-02
   1.0033445e-01  -3.0374859e-02
   9.6989967e-02  -3.0012976e-02
   9.3645485e-02  -2.9639748e-02
   9.0301003e-02  -2.9254461e-02
   8.6956522e-02  -2.8856337e-02
   8.3612040e-02  -2.8444525e-02
   8.0267559e-02  -2.8018091e-02
   7.6923077e-02  -2.7576011e-02
   7.3578595e-02  -2.7117149e-02
   7.0234114e-02  -2.6640251e-02
   6.6889632e-02  -2.6143916e-02
   6.3545151e-02  -2.5626579e-02
   6.0200669e-02  -2.5086476e-02
   5.6856187e-02  -2.4521611e-02
   5.3511706e-02  -2.3929708e-02
   5.0167224e-02  -2.3308149e-02
   4.6822742e-02  -2.2653898e-02
   4.3478261e-02  -2.1963396e-02
   4.0133779e-02  -2.1232425e-02
   3.6789298e-02  -2.0455910e-02
   3.3444816e-02  -1.9627655e-02
   3.0100334e-02  -1.8739936e-02
   2.6755853e-02  -1.7782912e-02
   2.3411371e-02  -1.6743666e-02
   2.0066890e-02  -1.5604630e-02
   1.6722408e-02  -1.4340750e-02
   1.3377926e-02  -1.2913934e-02
   1.0033445e-02  -1.1260654e-02
   6.6889632e-03  -9.2581681e-03
   3.3444816e-03  -6.5924952e-03
   0.0000000e+00  -0.0000000e+00
