   0.0000000e+00   0.0000000e+00
   3.3444816e-03   1.3879020e-02
   6.6889632e-03   1.9673512e-02
   1.0033445e-02   2.4149317e-02
   1.3377926e-02   2.7946097e-02
   1.6722408e-02   3.1310716e-02
   2.0066890e-02   3.4369301e-02
   2.3411371e-02   3.7196466e-02
   2.6755853e-02   3.9840619e-02
   3.0100334e-02   4.2335224e-02
   3.3444816e-02   4.4704531e-02
   3.6789298e-02   4.6966747e-02
   4.0133779e-02   4.9135943e-02
   4.3478261e-02   5.1223244e-02
   4.6822742e-02   5.3237616e-02
   5.0167224e-02   5.5186403e-02
   5.3511706e-02   5.7075703e-02
   5.6856187e-02   5.8910639e-02
   6.0200669e-02   6.0695560e-02
   6.3545151e-02   6.2434192e-02
   6.6889632e-02   6.4129751e-02
   7.0234114e-02   6.5785037e-02
   7.3578595e-02   6.7402499e-02
   7.6923077e-02   6.8984293e-02
   8.0267559e-02   7.0532328e-02
   8.3612040e-02   7.2048301e-02
   8.6956522e-02   7.3533729e-02
   9.0301003e-02   7.4989971e-02
   9.3645485e-02   7.6418252e-02
   9.6989967e-02   7.7819676e-02
   1.0033445e-01   7.9195245e-02
   1.0367893e-01   8.0545869e-02
   1.0702341e-01   8.1872379e-02
   1.1036789e-01   8.3175531e-02
   1.1371237e-01   8.4456019e-02
   1.1705686e-01   8.5714481e-02
   1.2040134e-01   8.6951501e-02
   1.2374582e-01   8.8167621e-02
   1.2709030e-01   8.9363339e-02
   1.3043478e-01   9.0539116e-02
   1.3377926e-01   9.1695380e-02
   1.3712375e-01   9.2832528e-02
   1.4046823e-01   9.3950928e-02
   1.4381271e-01   9.5050925e-02
   1.4715719e-01   9.6132838e-02
   1.5050167e-01   9.7196967e-02
   1.5384615e-01   9.8243592e-02
   1.5719064e-01   9.9272974e-02
   1.6053512e-01   1.0028536e-01
   1.6387960e-01   1.0128098e-01
   1.6722408e-01   1.0226005e-01
   1.7056856e-01   1.0322277e-01
   1.7391304e-01   1.0416934e-01
   1.7725753e-01   1.0509994e-01
   1.8060201e-01   1.0601473e-01
   1.8394649e-01   1.0691389e-01
   1.8729097e-01   1.0779755e-01
   1.9063545e-01   1.0866588e-01
   1.9397993e-01   1.0951899e-01
   1.9732441e-01   1.1035704e-01
   2.0066890e-01   1.1118013e-01
   2.0401338e-01   1.1198839e-01
   2.0735786e-01   1.1278192e-01
   2.1070234e-01   1.1356084e-01
   2.1404682e-01   1.1432525e-01
   2.1739130e-01   1.1507524e-01
   2.2073579e-01   1.1581091e-01
   2.2408027e-01   1.1653234e-01
   2.2742475e-01   1.1723963e-01
   2.3076923e-01   1.1793285e-01
   2.3411371e-01   1.1861208e-01
   2.3745819e-01   1.1927740e-01
   2.4080268e-01   1.1992888e-01
   2.4414716e-01   1.2056660e-01
   2.4749164e-01   1.2119060e-01
   2.5083612e-01   1.2180098e-01
   2.5418060e-01   1.2239777e-01
   2.5752508e-01   1.2298106e-01
   2.6086957e-01   1.2355089e-01
   2.6421405e-01   1.2410732e-01
   2.6755853e-01   1.2465042e-01
   2.7090301e-01   1.2518022e-01
   2.7424749e-01   1.2569679e-01
   2.7759197e-01   1.2620018e-01
   2.8093645e-01   1.2669043e-01
   2.8428094e-01   1.2716760e-01
   2.8762542e-01   1.2763173e-01
   2.9096990e-01   1.2808286e-01
   2.9431438e-01   1.2852106e-01
   2.9765886e-01   1.2894635e-01
   3.0100334e-01   1.2935878e-01
   3.0434783e-01   1.2975840e-01
   3.0769231e-01   1.3014525e-01
   3.1103679e-01   1.3051936e-01
   3.1438127e-01   1.3088079e-01
   3.1772575e-01   1.3122956e-01
   3.2107023e-01   1.3156573e-01
   3.2441472e-01   1.3188933e-01
   3.2775920e-01   1.3220039e-01
   3.3110368e-01   1.3249896e-01
   3.3444816e-01   1.3278508e-01
   3.3779264e-01   1.3305878e-01
   3.4113712e-01   1.3332010e-01
   3.4448161e-01   1.3356908e-01
   3.4782609e-01   1.3380576e-01
   3.5117057e-01   1.3403016e-01
   3.5451505e-01   1.3424234e-01
   3.5785953e-01   1.3444232e-01
   3.6120401e-01   1.3463013e-01
   3.6454849e-01   1.3480583e-01
   3.6789298e-01   1.3496944e-01
   3.7123746e-01   1.3512099e-01
   3.7458194e-01   1.3526054e-01
   3.7792642e-01   1.3538810e-01
   3.8127090e-01   1.3550372e-01
   3.8461538e-01   1.3560743e-01
   3.8795987e-01   1.3569926e-01
   3.9130435e-01   1.3577926e-01
   3.9464883e-01   1.3584747e-01
   3.9799331e-01   1.3590390e-01
   4.0133779e-01   1.3594861e-01
   4.0468227e-01   1.3598163e-01
   4.0802676e-01   1.3600299e-01
   4.1137124e-01   1.3601273e-01
   4.1471572e-01   1.3601088e-01
   4.1806020e-01   1.3599749e-01
   4.2140468e-01   1.3597259e-01
   4.2474916e-01   1.3593621e-01
   4.2809365e-01   1.3588840e-01
   4.3143813e-01   1.3582919e-01
   4.3478261e-01   1.3575861e-01
   4.3812709e-01   1.3567671e-01
   4.4147157e-01   1.3558352e-01
   4.4481605e-01   1.3547908e-01
   4.4816054e-01   1.3536343e-01
   4.5150502e-01   1.3523661e-01
   4.5484950e-01   1.3509865e-01
   4.5819398e-01   1.3494959e-01
   4.6153846e-01   1.3478947e-01
   4.6488294e-01   1.3461834e-01
   4.6822742e-01   1.3443622e-01
   4.7157191e-01   1.3424317e-01
   4.7491639e-01   1.3403921e-01
   4.7826087e-01   1.3382439e-01
   4.8160535e-01   1.3359875e-01
   4.8494983e-01   1.3336233e-01
   4.8829431e-01   1.3311517e-01
   4.9163880e-01   1.3285731e-01
   4.9498328e-01   1.3258879e-01
   4.9832776e-01   1.3230966e-01
   5.0167224e-01   1.3201995e-01
   5.0501672e-01   1.3171971e-01
   5.0836120e-01   1.3140897e-01
   5.1170569e-01   1.3108779e-01
   5.1505017e-01   1.3075620e-01
   5.1839465e-01   1.3041424e-01
   5.2173913e-01   1.3006197e-01
   5.2508361e-01   1.2969942e-01
   5.2842809e-01   1.2932664e-01
   5.3177258e-01   1.2894367e-01
   5.3511706e-01   1.2855055e-01
   5.3846154e-01   1.2814734e-01
   5.4180602e-01   1.2773407e-01
   5.4515050e-01   1.2731078e-01
   5.4849498e-01   1.2687754e-01
   5.5183946e-01   1.2643437e-01
   5.5518395e-01   1.2598134e-01
   5.5852843e-01   1.2551847e-01
   5.6187291e-01   1.2504583e-01
   5.6521739e-01   1.2456345e-01
   5.6856187e-01   1.2407139e-01
   5.7190635e-01   1.2356969e-01
   5.7525084e-01   1.2305840e-01
   5.7859532e-01   1.2253756e-01
   5.8193980e-01   1.2200723e-01
   5.8528428e-01   1.2146745e-01
   5.8862876e-01   1.2091828e-01
   5.9197324e-01   1.2035976e-01
   5.9531773e-01   1.1979194e-01
   5.9866221e-01   1.1921487e-01
   6.0200669e-01   1.1862860e-01
   6.0535117e-01   1.1803318e-01
   6.0869565e-01   1.1742866e-01
   6.1204013e-01   1.1681510e-01
   6.1538462e-01   1.1619254e-01
   6.1872910e-01   1.1556104e-01
   6.2207358e-01   1.1492064e-01
   6.2541806e-01   1.1427140e-01
   6.2876254e-01   1.1361337e-01
   6.3210702e-01   1.1294661e-01
   6.3545151e-01   1.1227116e-01
   6.3879599e-01   1.1158708e-01
   6.4214047e-01   1.1089442e-01
   6.4548495e-01   1.1019325e-01
   6.4882943e-01   1.0948360e-01
   6.5217391e-01   1.0876554e-01
   6.5551839e-01   1.0803911e-01
   6.5886288e-01   1.0730439e-01
   6.6220736e-01   1.0656141e-01
   6.6555184e-01   1.0581024e-01
   6.6889632e-01   1.0505092e-01
   6.7224080e-01   1.0428353e-01
   6.7558528e-01   1.0350811e-01
   6.7892977e-01   1.0272471e-01
   6.8227425e-01   1.0193341e-01
   6.8561873e-01   1.0113424e-01
   6.8896321e-01   1.0032728e-01
   6.9230769e-01   9.9512577e-02
   6.9565217e-01   9.8690190e-02
   6.9899666e-01   9.7860177e-02
   7.0234114e-01   9.7022597e-02
   7.0568562e-01   9.6177509e-02
   7.0903010e-01   9.5324972e-02
   7.1237458e-01   9.4465046e-02
   7.1571906e-01   9.3597789e-02
   7.1906355e-01   9.2723261e-02
   7.2240803e-01   9.1841523e-02
   7.2575251e-01   9.0952635e-02
   7.2909699e-01   9.0056658e-02
   7.3244147e-01   8.9153652e-02
   7.3578595e-01   8.8243679e-02
   7.3913043e-01   8.7326801e-02
   7.4247492e-01   8.6403078e-02
   7.4581940e-01   8.5472573e-02
   7.4916388e-01   8.4535348e-02
   7.5250836e-01   8.3591466e-02
   7.5585284e-01   8.2640989e-02
   7.5919732e-01   8.1683980e-02
   7.6254181e-01   8.0720503e-02
   7.6588629e-01   7.9750621e-02
   7.6923077e-01   7.8774399e-02
   7.7257525e-01   7.7791899e-02
   7.7591973e-01   7.6803187e-02
   7.7926421e-01   7.5808327e-02
   7.8260870e-01   7.4807383e-02
   7.8595318e-01   7.3800421e-02
   7.8929766e-01   7.2787507e-02
   7.9264214e-01   7.1768705e-02
   7.9598662e-01   7.0744082e-02
   7.9933110e-01   6.9713703e-02
   8.0267559e-01   6.8677635e-02
   8.0602007e-01   6.7635945e-02
   8.0936455e-01   6.6588700e-02
   8.1270903e-01   6.5535965e-02
   8.1605351e-01   6.4477810e-02
   8.1939799e-01   6.3414301e-02
   8.2274247e-01   6.2345506e-02
   8.2608696e-01   6.1271493e-02
   8.2943144e-01   6.0192331e-02
   8.3277592e-01   5.9108088e-02
   8.3612040e-01   5.8018833e-02
   8.3946488e-01   5.6924634e-02
   8.4280936e-01   5.5825562e-02
   8.4615385e-01   5.4721685e-02
   8.4949833e-01   5.3613073e-02
   8.5284281e-01   5.2499797e-02
   8.5618729e-01   5.1381926e-02
   8.5953177e-01   5.0259531e-02
   8.6287625e-01   4.9132682e-02
   8.6622074e-01   4.8001451e-02
   8.6956522e-01   4.6865909e-02
   8.7290970e-01   4.5726126e-02
   8.7625418e-01   4.4582175e-02
   8.7959866e-01   4.3434128e-02
   8.8294314e-01   4.2282055e-02
   8.8628763e-01   4.1126031e-02
   8.8963211e-01   3.9966126e-02
   8.9297659e-01   3.8802414e-02
   8.9632107e-01   3.7634968e-02
   8.9966555e-01   3.6463861e-02
   9.0301003e-01   3.5289166e-02
   9.0635452e-01   3.4110957e-02
   9.0969900e-01   3.2929308e-02
   9.1304348e-01   3.1744293e-02
   9.1638796e-01   3.0555985e-02
   9.1973244e-01   2.9364461e-02
   9.2307692e-01   2.8169793e-02
   9.2642140e-01   2.6972058e-02
   9.2976589e-01   2.5771329e-02
   9.3311037e-01   2.4567684e-02
   9.3645485e-01   2.3361197e-02
   9.3979933e-01   2.2151943e-02
   9.4314381e-01   2.0940000e-02
   9.4648829e-01   1.9725442e-02
   9.4983278e-01   1.8508347e-02
   9.5317726e-01   1.7288791e-02
   9.5652174e-01   1.6066851e-02
   9.5986622e-01   1.4842604e-02
   9.6321070e-01   1.3616127e-02
   9.6655518e-01   1.2387498e-02
   9.6989967e-01   1.1156794e-02
   9.7324415e-01   9.9240927e-03
   9.7658863e-01   8.6894727e-03
   9.7993311e-01   7.4530120e-03
   9.8327759e-01   6.2147890e-03
   9.8662207e-01   4.9748825e-03
   9.8996656e-01   3.7333712e-03
   9.9331104e-01   2.4903341e-03
   9.9665552e-01   1.2458506e-03
   1.0000000e+00   0.0000000e+00
   1.0000000e+00   0.0000000e+00
   9.9665552e-01   8.7220126e-04
   9.9331104e-01   1.7212233e-03
   9.8996656e-01   2.5474793e-03
   9.8662207e-01   3.3513776e-03
   9.8327759e-01   4.1333225e-03
   9.7993311e-01   4.8937134e-03
   9.7658863e-01   5.6329456e-03
   9.7324415e-01   6.3514099e-03
   9.6989967e-01   7.0494925e-03
   9.6655518e-01   7.7275754e-03
   9.6321070e-01   8.3860362e-03
   9.5986622e-01   9.0252480e-03
   9.5652174e-01   9.6455797e-03
   9.5317726e-01   1.0247396e-02
   9.4983278e-01   1.0831057e-02
   9.4648829e-01   1.1396918e-02
   9.4314381e-01   1.1945331e-02
   9.3979933e-01   1.2476644e-02
   9.3645485e-01   1.2991199e-02
   9.3311037e-01   1.3489336e-02
   9.2976589e-01   1.3971389e-02
   9.2642140e-01   1.4437688e-02
   9.2307692e-01   1.4888561e-02
   9.1973244e-01   1.5324328e-02
   9.1638796e-01   1.5745307e-02
   9.1304348e-01   1.6151814e-02
   9.0969900e-01   1.6544157e-02
   9.0635452e-01   1.6922641e-02
   9.0301003e-01   1.7287569e-02
   8.9966555e-01   1.7639238e-02
   8.9632107e-01   1.7977941e-02
   8.9297659e-01   1.8303968e-02
   8.8963211e-01   1.8617603e-02
   8.8628763e-01   1.8919129e-02
   8.8294314e-01   1.9208822e-02
   8.7959866e-01   1.9486957e-02
   8.7625418e-01   1.9753802e-02
   8.7290970e-01   2.0009623e-02
   8.6956522e-01   2.0254681e-02
   8.6622074e-01   2.0489235e-02
   8.6287625e-01   2.0713538e-02
   8.5953177e-01   2.0927840e-02
   8.5618729e-01   2.1132388e-02
   8.5284281e-01   2.1327424e-02
   8.4949833e-01   2.1513185e-02
   8.4615385e-01   2.1689908e-02
   8.4280936e-01   2.1857822e-02
   8.3946488e-01   2.2017156e-02
   8.3612040e-01   2.2168133e-02
   8.3277592e-01   2.2310972e-02
   8.2943144e-01   2.2445890e-02
   8.2608696e-01   2.2573099e-02
   8.2274247e-01   2.2692807e-02
   8.1939799e-01   2.2805221e-02
   8.1605351e-01   2.2910541e-02
   8.1270903e-01   2.3008966e-02
   8.0936455e-01   2.3100689e-02
   8.0602007e-01   2.3185902e-02
   8.0267559e-01   2.3264792e-02
   7.9933110e-01   2.3337543e-02
   7.9598662e-01   2.3404334e-02
   7.9264214e-01   2.3465343e-02
   7.8929766e-01   2.3520742e-02
   7.8595318e-01   2.3570703e-02
   7.8260870e-01   2.3615390e-02
   7.7926421e-01   2.3654968e-02
   7.7591973e-01   2.3689595e-02
   7.7257525e-01   2.3719429e-02
   7.6923077e-01   2.3744621e-02
   7.6588629e-01   2.3765322e-02
   7.6254181e-01   2.3781678e-02
   7.5919732e-01   2.3793832e-02
   7.5585284e-01   2.3801923e-02
   7.5250836e-01   2.3806089e-02
   7.4916388e-01   2.3806462e-02
   7.4581940e-01   2.3803172e-02
   7.4247492e-01   2.3796348e-02
   7.3913043e-01   2.3786111e-02
   7.3578595e-01   2.3772584e-02
   7.3244147e-01   2.3755883e-02
   7.2909699e-01   2.3736123e-02
   7.2575251e-01   2.3713415e-02
   7.2240803e-01   2.3687868e-02
   7.1906355e-01   2.3659587e-02
   7.1571906e-01   2.3628674e-02
   7.1237458e-01   2.3595228e-02
   7.0903010e-01   2.3559346e-02
   7.0568562e-01   2.3521122e-02
   7.0234114e-01   2.3480645e-02
   6.9899666e-01   2.3438004e-02
   6.9565217e-01   2.3393282e-02
   6.9230769e-01   2.3346563e-02
   6.8896321e-01   2.3297925e-02
   6.8561873e-01   2.3247444e-02
   6.8227425e-01   2.3195194e-02
   6.7892977e-01   2.3141245e-02
   6.7558528e-01   2.3085666e-02
   6.7224080e-01   2.3028522e-02
   6.6889632e-01   2.2969875e-02
   6.6555184e-01   2.2909786e-02
   6.6220736e-01   2.2848311e-02
   6.5886288e-01   2.2785506e-02
   6.5551839e-01   2.2721423e-02
   6.5217391e-01   2.2656110e-02
   6.4882943e-01   2.2589616e-02
   6.4548495e-01   2.2521985e-02
   6.4214047e-01   2.2453259e-02
   6.3879599e-01   2.2383476e-02
   6.3545151e-01   2.2312676e-02
   6.3210702e-01   2.2240892e-02
   6.2876254e-01   2.2168157e-02
   6.2541806e-01   2.2094500e-02
   6.2207358e-01   2.2019950e-02
   6.1872910e-01   2.1944531e-02
   6.1538462e-01   2.1868268e-02
   6.1204013e-01   2.1791180e-02
   6.0869565e-01   2.1713287e-02
   6.0535117e-01   2.1634605e-02
   6.0200669e-01   2.1555147e-02
   5.9866221e-01   2.1474928e-02
   5.9531773e-01   2.1393956e-02
   5.9197324e-01   2.1312239e-02
   5.8862876e-01   2.1229783e-02
   5.8528428e-01   2.1146593e-02
   5.8193980e-01   2.1062670e-02
   5.7859532e-01   2.0978013e-02
   5.7525084e-01   2.0892622e-02
   5.7190635e-01   2.0806492e-02
   5.6856187e-01   2.0719618e-02
   5.6521739e-01   2.0631991e-02
   5.6187291e-01   2.0543603e-02
   5.5852843e-01   2.0454441e-02
   5.5518395e-01   2.0364494e-02
   5.5183946e-01   2.0273747e-02
   5.4849498e-01   2.0182182e-02
   5.4515050e-01   2.0089783e-02
   5.4180602e-01   1.9996529e-02
   5.3846154e-01   1.9902399e-02
   5.3511706e-01   1.9807371e-02
   5.3177258e-01   1.9711419e-02
   5.2842809e-01   1.9614519e-02
   5.2508361e-01   1.9516643e-02
   5.2173913e-01   1.9417763e-02
   5.1839465e-01   1.9317848e-02
   5.1505017e-01   1.9216866e-02
   5.1170569e-01   1.9114786e-02
   5.0836120e-01   1.9011573e-02
   5.0501672e-01   1.8907192e-02
   5.0167224e-01   1.8801606e-02
   4.9832776e-01   1.8694778e-02
   4.9498328e-01   1.8586670e-02
   4.9163880e-01   1.8477240e-02
   4.8829431e-01   1.8366449e-02
   4.8494983e-01   1.8254254e-02
   4.8160535e-01   1.8140613e-02
   4.7826087e-01   1.8025482e-02
   4.7491639e-01   1.7908815e-02
   4.7157191e-01   1.7790568e-02
   4.6822742e-01   1.7670694e-02
   4.6488294e-01   1.7549147e-02
   4.6153846e-01   1.7425877e-02
   4.5819398e-01   1.7300837e-02
   4.5484950e-01   1.7173977e-02
   4.5150502e-01   1.7045248e-02
   4.4816054e-01   1.6914599e-02
   4.4481605e-01   1.6781980e-02
   4.4147157e-01   1.6647338e-02
   4.3812709e-01   1.6510624e-02
   4.3478261e-01   1.6371784e-02
   4.3143813e-01   1.6230766e-02
   4.2809365e-01   1.6087517e-02
   4.2474916e-01   1.5941986e-02
   4.2140468e-01   1.5794118e-02
   4.1806020e-01   1.5643860e-02
   4.1471572e-01   1.5491161e-02
   4.1137124e-01   1.5335965e-02
   4.0802676e-01   1.5178221e-02
   4.0468227e-01   1.5017875e-02
   4.0133779e-01   1.4854875e-02
   3.9799331e-01   1.4689167e-02
   3.9464883e-01   1.4520700e-02
   3.9130435e-01   1.4349422e-02
   3.8795987e-01   1.4175281e-02
   3.8461538e-01   1.3998226e-02
   3.8127090e-01   1.3818206e-02
   3.7792642e-01   1.3635172e-02
   3.7458194e-01   1.3449074e-02
   3.7123746e-01   1.3259863e-02
   3.6789298e-01   1.3067492e-02
   3.6454849e-01   1.2871914e-02
   3.6120401e-01   1.2673083e-02
   3.5785953e-01   1.2470953e-02
   3.5451505e-01   1.2265482e-02
   3.5117057e-01   1.2056626e-02
   3.4782609e-01   1.1844343e-02
   3.4448161e-01   1.1628594e-02
   3.4113712e-01   1.1409340e-02
   3.3779264e-01   1.1186543e-02
   3.3444816e-01   1.0960168e-02
   3.3110368e-01   1.0730180e-02
   3.2775920e-01   1.0496548e-02
   3.2441472e-01   1.0259240e-02
   3.2107023e-01   1.0018229e-02
   3.1772575e-01   9.7734874e-03
   3.1438127e-01   9.5249913e-03
   3.1103679e-01   9.2727183e-03
   3.0769231e-01   9.0166488e-03
   3.0434783e-01   8.7567654e-03
   3.0100334e-01   8.4930532e-03
   2.9765886e-01   8.2255002e-03
   2.9431438e-01   7.9540970e-03
   2.9096990e-01   7.6788374e-03
   2.8762542e-01   7.3997179e-03
   2.8428094e-01   7.1167384e-03
   2.8093645e-01   6.8299021e-03
   2.7759197e-01   6.5392157e-03
   2.7424749e-01   6.2446892e-03
   2.7090301e-01   5.9463369e-03
   2.6755853e-01   5.6441765e-03
   2.6421405e-01   5.3382299e-03
   2.6086957e-01   5.0285236e-03
   2.5752508e-01   4.7150879e-03
   2.5418060e-01   4.3979582e-03
   2.5083612e-01   4.0771745e-03
   2.4749164e-01   3.7527818e-03
   2.4414716e-01   3.4248301e-03
   2.4080268e-01   3.0933751e-03
   2.3745819e-01   2.7584780e-03
   2.3411371e-01   2.4202057e-03
   2.3076923e-01   2.0786313e-03
   2.2742475e-01   1.7338344e-03
   2.2408027e-01   1.3859010e-03
   2.2073579e-01   1.0349240e-03
   2.1739130e-01   6.8100365e-04
   2.1404682e-01   3.2424748e-04
   2.1070234e-01  -3.5229022e-05
   2.0735786e-01  -3.9730228e-04
   2.0401338e-01  -7.6184019e-04
   2.0066890e-01  -1.1287018e-03
   1.9732441e-01  -1.4977367e-03
   1.9397993e-01  -1.8687850e-03
   1.9063545e-01  -2.2416766e-03
   1.8729097e-01  -2.6162305e-03
   1.8394649e-01  -2.9922550e-03
   1.8060201e-01  -3.3695463e-03
   1.7725753e-01  -3.7478885e-03
   1.7391304e-01  -4.1270530e-03
   1.7056856e-01  -4.5067973e-03
   1.6722408e-01  -4.8868651e-03
   1.6387960e-01  -5.2669847e-03
   1.6053512e-01  -5.6468690e-03
   1.5719064e-01  -6.0262138e-03
   1.5384615e-01  -6.4046978e-03
   1.5050167e-01  -6.7819806e-03
   1.4715719e-01  -7.1577024e-03
   1.4381271e-01  -7.5314823e-03
   1.4046823e-01  -7.9029173e-03
   1.3712375e-01  -8.2715806e-03
   1.3377926e-01  -8.6370204e-03
   1.3043478e-01  -8.9987578e-03
   1.2709030e-01  -9.3562853e-03
   1.2374582e-01  -9.7090644e-03
   1.2040134e-01  -1.0056524e-02
   1.1705686e-01  -1.0398055e-02
   1.1371237e-01  -1.0733015e-02
   1.1036789e-01  -1.1060713e-02
   1.0702341e-01  -1.1380419e-02
   1.0367893e-01  -1.1691351e-02
   1.0033445e-01  -1.1992672e-02
   9.6989967e-02  -1.2283490e-02
   9.3645485e-02  -1.2562845e-02
   9.0301003e-02  -1.2829707e-02
   8.6956522e-02  -1.3082967e-02
   8.3612040e-02  -1.3321429e-02
   8.0267559e-02  -1.3543797e-02
   7.6923077e-02  -1.3748666e-02
   7.3578595e-02  -1.3934504e-02
   7.0234114e-02  -1.4099640e-02
   6.6889632e-02  -1.4242236e-02
   6.3545151e-02  -1.4360270e-02
   6.0200669e-02  -1.4451500e-02
   5.6856187e-02  -1.4513426e-02
   5.3511706e-02  -1.4543245e-02
   5.0167224e-02  -1.4537790e-02
   4.6822742e-02  -1.4493451e-02
   4.3478261e-02  -1.4406072e-02
   4.0133779e-02  -1.4270815e-02
   3.6789298e-02  -1.4081974e-02
   3.3444816e-02  -1.3832712e-02
   3.0100334e-02  -1.3514678e-02
   2.6755853e-02  -1.3117442e-02
   2.3411371e-02  -1.2627599e-02
   2.0066890e-02  -1.2027292e-02
   1.6722408e-02  -1.1291597e-02
   1.3377926e-02  -1.0383425e-02
   1.0033445e-02  -9.2422544e-03
   6.6889632e-03  -7.7537081e-03
   3.3444816e-03  -5.6317836e-03
   0.0000000e+00  -0.0000000e+00
