   0.0000000e+00   0.0000000e+00
   3.3444816e-03   6.8294327e-03
   6.6889632e-03   9.6496988e-03
   1.0033445e-02   1.1807705e-02
   1.3377926e-02   1.3621746e-02
   1.6722408e-02   1.5215194e-02
   2.0066890e-02   1.6651350e-02
   2.3411371e-02   1.7967833e-02
   2.6755853e-02   1.9189160e-02
   3.0100334e-02   2.0332362e-02
   3.3444816e-02   2.1409840e-02
   3.6789298e-02   2.2430951e-02
   4.0133779e-02   2.3402967e-02
   4.3478261e-02   2.4331664e-02
   4.6822742e-02   2.5221726e-02
   5.0167224e-02   2.6077007e-02
   5.3511706e-02   2.6900728e-02
   5.6856187e-02   2.7695609e-02
   6.0200669e-02   2.8463972e-02
   6.3545151e-02   2.9207819e-02
   6.6889632e-02   2.9928887e-02
   7.0234114e-02   3.0628699e-02
   7.3578595e-02   3.1308592e-02
   7.6923077e-02   3.1969753e-02
   8.0267559e-02   3.2613238e-02
   8.3612040e-02   3.3239992e-02
   8.6956522e-02   3.3850863e-02
   9.0301003e-02   3.4446617e-02
   9.3645485e-02   3.5027947e-02
   9.6989967e-02   3.5595485e-02
   1.0033445e-01   3.6149803e-02
   1.0367893e-01   3.6691427e-02
   1.0702341e-01   3.7220838e-02
   1.1036789e-01   3.7738477e-02
   1.1371237e-01   3.8244753e-02
   1.1705686e-01   3.8740040e-02
   1.2040134e-01   3.9224686e-02
   1.2374582e-01   3.9699013e-02
   1.2709030e-01   4.0163320e-02
   1.3043478e-01   4.0617884e-02
   1.3377926e-01   4.1062966e-02
   1.3712375e-01   4.1498806e-02
   1.4046823e-01   4.1925630e-02
   1.4381271e-01   4.2343649e-02
   1.4715719e-01   4.2753061e-02
   1.5050167e-01   4.3154051e-02
   1.5384615e-01   4.3546792e-02
   1.5719064e-01   4.3931450e-02
   1.6053512e-01   4.4308176e-02
   1.6387960e-01   4.4677117e-02
   1.6722408e-01   4.5038409e-02
   1.7056856e-01   4.5392180e-02
   1.7391304e-01   4.5738553e-02
   1.7725753e-01   4.6077642e-02
   1.8060201e-01   4.6409557e-02
   1.8394649e-01   4.6734400e-02
   1.8729097e-01   4.7052269e-02
   1.9063545e-01   4.7363256e-02
   1.9397993e-01   4.7667450e-02
   1.9732441e-01   4.7964933e-02
   2.0066890e-01   4.8255786e-02
   2.0401338e-01   4.8540082e-02
   2.0735786e-01   4.8817894e-02
   2.1070234e-01   4.9089290e-02
   2.1404682e-01   4.9354336e-02
   2.1739130e-01   4.9613092e-02
   2.2073579e-01   4.9865618e-02
   2.2408027e-01   5.0111970e-02
   2.2742475e-01   5.0352203e-02
   2.3076923e-01   5.0586367e-02
   2.3411371e-01   5.0814512e-02
   2.3745819e-01   5.1036685e-02
   2.4080268e-01   5.1252931e-02
   2.4414716e-01   5.1463293e-02
   2.4749164e-01   5.1667812e-02
   2.5083612e-01   5.1866529e-02
   2.5418060e-01   5.2059481e-02
   2.5752508e-01   5.2246704e-02
   2.6086957e-01   5.2428235e-02
   2.6421405e-01   5.2604107e-02
   2.6755853e-01   5.2774352e-02
   2.7090301e-01   5.2939002e-02
   2.7424749e-01   5.3098087e-02
   2.7759197e-01   5.3251637e-02
   2.8093645e-01   5.3399679e-02
   2.8428094e-01   5.3542240e-02
   2.8762542e-01   5.3679348e-02
   2.9096990e-01   5.3811027e-02
   2.9431438e-01   5.3937303e-02
   2.9765886e-01   5.4058199e-02
   3.0100334e-01   5.4173739e-02
   3.0434783e-01   5.4283945e-02
   3.0769231e-01   5.4388839e-02
   3.1103679e-01   5.4488443e-02
   3.1438127e-01   5.4582777e-02
   3.1772575e-01   5.4671862e-02
   3.2107023e-01   5.4755719e-02
   3.2441472e-01   5.4834365e-02
   3.2775920e-01   5.4907821e-02
   3.3110368e-01   5.4976105e-02
   3.3444816e-01   5.5039236e-02
   3.3779264e-01   5.5097231e-02
   3.4113712e-01   5.5150109e-02
   3.4448161e-01   5.5197886e-02
   3.4782609e-01   5.5240580e-02
   3.5117057e-01   5.5278207e-02
   3.5451505e-01   5.5310786e-02
   3.5785953e-01   5.5338332e-02
   3.6120401e-01   5.5360861e-02
   3.6454849e-01   5.5378391e-02
   3.6789298e-01   5.5390936e-02
   3.7123746e-01   5.5398514e-02
   3.7458194e-01   5.5401140e-02
   3.7792642e-01   5.5398831e-02
   3.8127090e-01   5.5391601e-02
   3.8461538e-01   5.5379467e-02
   3.8795987e-01   5.5362445e-02
   3.9130435e-01   5.5340551e-02
   3.9464883e-01   5.5313799e-02
   3.9799331e-01   5.5282207e-02
   4.0133779e-01   5.5245791e-02
   4.0468227e-01   5.5204565e-02
   4.0802676e-01   5.5158546e-02
   4.1137124e-01   5.5107750e-02
   4.1471572e-01   5.5052194e-02
   4.1806020e-01   5.4991893e-02
   4.2140468e-01   5.4926864e-02
   4.2474916e-01   5.4857123e-02
   4.2809365e-01   5.4782687e-02
   4.3143813e-01   5.4703573e-02
   4.3478261e-01   5.4619798e-02
   4.3812709e-01   5.4531379e-02
   4.4147157e-01   5.4438333e-02
   4.4481605e-01   5.4340677e-02
   4.4816054e-01   5.4238429e-02
   4.5150502e-01   5.4131608e-02
   4.5484950e-01   5.4020230e-02
   4.5819398e-01   5.3904314e-02
   4.6153846e-01   5.3783880e-02
   4.6488294e-01   5.3658944e-02
   4.6822742e-01   5.3529527e-02
   4.7157191e-01   5.3395648e-02
   4.7491639e-01   5.3257326e-02
   4.7826087e-01   5.3114580e-02
   4.8160535e-01   5.2967431e-02
   4.8494983e-01   5.2815899e-02
   4.8829431e-01   5.2660005e-02
   4.9163880e-01   5.2499769e-02
   4.9498328e-01   5.2335212e-02
   4.9832776e-01   5.2166356e-02
   5.0167224e-01   5.1993223e-02
   5.0501672e-01   5.1815835e-02
   5.0836120e-01   5.1634213e-02
   5.1170569e-01   5.1448382e-02
   5.1505017e-01   5.1258363e-02
   5.1839465e-01   5.1064180e-02
   5.2173913e-01   5.0865857e-02
   5.2508361e-01   5.0663418e-02
   5.2842809e-01   5.0456887e-02
   5.3177258e-01   5.0246289e-02
   5.3511706e-01   5.0031650e-02
   5.3846154e-01   4.9812994e-02
   5.4180602e-01   4.9590347e-02
   5.4515050e-01   4.9363737e-02
   5.4849498e-01   4.9133189e-02
   5.5183946e-01   4.8898730e-02
   5.5518395e-01   4.8660388e-02
   5.5852843e-01   4.8418191e-02
   5.6187291e-01   4.8172167e-02
   5.6521739e-01   4.7922344e-02
   5.6856187e-01   4.7668752e-02
   5.7190635e-01   4.7411420e-02
   5.7525084e-01   4.7150377e-02
   5.7859532e-01   4.6885655e-02
   5.8193980e-01   4.6617284e-02
   5.8528428e-01   4.6345294e-02
   5.8862876e-01   4.6069718e-02
   5.9197324e-01   4.5790588e-02
   5.9531773e-01   4.5507935e-02
   5.9866221e-01   4.5221794e-02
   6.0200669e-01   4.4932197e-02
   6.0535117e-01   4.4639178e-02
   6.0869565e-01   4.4342771e-02
   6.1204013e-01   4.4043011e-02
   6.1538462e-01   4.3739934e-02
   6.1872910e-01   4.3433574e-02
   6.2207358e-01   4.3123969e-02
   6.2541806e-01   4.2811154e-02
   6.2876254e-01   4.2495166e-02
   6.3210702e-01   4.2176044e-02
   6.3545151e-01   4.1853825e-02
   6.3879599e-01   4.1528548e-02
   6.4214047e-01   4.1200252e-02
   6.4548495e-01   4.0868976e-02
   6.4882943e-01   4.0534761e-02
   6.5217391e-01   4.0197646e-02
   6.5551839e-01   3.9857673e-02
   6.5886288e-01   3.9514884e-02
   6.6220736e-01   3.9169320e-02
   6.6555184e-01   3.8821024e-02
   6.6889632e-01   3.8470039e-02
   6.7224080e-01   3.8116409e-02
   6.7558528e-01   3.7760177e-02
   6.7892977e-01   3.7401389e-02
   6.8227425e-01   3.7040089e-02
   6.8561873e-01   3.6676323e-02
   6.8896321e-01   3.6310137e-02
   6.9230769e-01   3.5941579e-02
   6.9565217e-01   3.5570694e-02
   6.9899666e-01   3.5197532e-02
   7.0234114e-01   3.4822141e-02
   7.0568562e-01   3.4444569e-02
   7.0903010e-01   3.4064866e-02
   7.1237458e-01   3.3683082e-02
   7.1571906e-01   3.3299267e-02
   7.1906355e-01   3.2913473e-02
   7.2240803e-01   3.2525751e-02
   7.2575251e-01   3.2136153e-02
   7.2909699e-01   3.1744733e-02
   7.3244147e-01   3.1351544e-02
   7.3578595e-01   3.0956639e-02
   7.3913043e-01   3.0560073e-02
   7.4247492e-01   3.0161901e-02
   7.4581940e-01   2.9762180e-02
   7.4916388e-01   2.9360964e-02
   7.5250836e-01   2.8958311e-02
   7.5585284e-01   2.8554278e-02
   7.5919732e-01   2.8148924e-02
   7.6254181e-01   2.7742307e-02
   7.6588629e-01   2.7334485e-02
   7.6923077e-01   2.6925519e-02
   7.7257525e-01   2.6515470e-02
   7.7591973e-01   2.6104397e-02
   7.7926421e-01   2.5692363e-02
   7.8260870e-01   2.5279430e-02
   7.8595318e-01   2.4865660e-02
   7.8929766e-01   2.4451117e-02
   7.9264214e-01   2.4035865e-02
   7.9598662e-01   2.3619968e-02
   7.9933110e-01   2.3203491e-02
   8.0267559e-01   2.2786501e-02
   8.0602007e-01   2.2369064e-02
   8.0936455e-01   2.1951246e-02
   8.1270903e-01   2.1533116e-02
   8.1605351e-01   2.1114742e-02
   8.1939799e-01   2.0696192e-02
   8.2274247e-01   2.0277537e-02
   8.2608696e-01   1.9858845e-02
   8.2943144e-01   1.9440189e-02
   8.3277592e-01   1.9021640e-02
   8.3612040e-01   1.8603268e-02
   8.3946488e-01   1.8185149e-02
   8.4280936e-01   1.7767353e-02
   8.4615385e-01   1.7349957e-02
   8.4949833e-01   1.6933033e-02
   8.5284281e-01   1.6516658e-02
   8.5618729e-01   1.6100907e-02
   8.5953177e-01   1.5685858e-02
   8.6287625e-01   1.5271586e-02
   8.6622074e-01   1.4858170e-02
   8.6956522e-01   1.4445689e-02
   8.7290970e-01   1.4034222e-02
   8.7625418e-01   1.3623848e-02
   8.7959866e-01   1.3214648e-02
   8.8294314e-01   1.2806704e-02
   8.8628763e-01   1.2400096e-02
   8.8963211e-01   1.1994908e-02
   8.9297659e-01   1.1591223e-02
   8.9632107e-01   1.1189124e-02
   8.9966555e-01   1.0788696e-02
   9.0301003e-01   1.0390024e-02
   9.0635452e-01   9.9931943e-03
   9.0969900e-01   9.5982931e-03
   9.1304348e-01   9.2054077e-03
   9.1638796e-01   8.8146259e-03
   9.1973244e-01   8.4260363e-03
   9.2307692e-01   8.0397282e-03
   9.2642140e-01   7.6557915e-03
   9.2976589e-01   7.2743168e-03
   9.3311037e-01   6.8953955e-03
   9.3645485e-01   6.5191196e-03
   9.3979933e-01   6.1455818e-03
   9.4314381e-01   5.7748755e-03
   9.4648829e-01   5.4070948e-03
   9.4983278e-01   5.0423344e-03
   9.5317726e-01   4.6806900e-03
   9.5652174e-01   4.3222577e-03
   9.5986622e-01   3.9671343e-03
   9.6321070e-01   3.6154176e-03
   9.6655518e-01   3.2672059e-03
   9.6989967e-01   2.9225981e-03
   9.7324415e-01   2.5816940e-03
   9.7658863e-01   2.2445941e-03
   9.7993311e-01   1.9113995e-03
   9.8327759e-01   1.5822121e-03
   9.8662207e-01   1.2571346e-03
   9.8996656e-01   9.3627021e-04
   9.9331104e-01   6.1972302e-04
   9.9665552e-01   3.0759779e-04
   1.0000000e+00   0.0000000e+00
   1.0000000e+00   0.0000000e+00
   9.9665552e-01  -2.1518462e-04
   9.9331104e-01  -4.3629863e-04
   9.8996656e-01  -6.6315122e-04
   9.8662207e-01  -8.9555374e-04
   9.8327759e-01  -1.1333198e-03
   9.7993311e-01  -1.3762650e-03
   9.7658863e-01  -1.6242075e-03
   9.7324415e-01  -1.8769671e-03
   9.6989967e-01  -2.1343663e-03
   9.6655518e-01  -2.3962294e-03
   9.6321070e-01  -2.6623828e-03
   9.5986622e-01  -2.9326554e-03
   9.5652174e-01  -3.2068779e-03
   9.5317726e-01  -3.4848831e-03
   9.4983278e-01  -3.7665063e-03
   9.4648829e-01  -4.0515844e-03
   9.4314381e-01  -4.3399568e-03
   9.3979933e-01  -4.6314647e-03
   9.3645485e-01  -4.9259517e-03
   9.3311037e-01  -5.2232630e-03
   9.2976589e-01  -5.5232465e-03
   9.2642140e-01  -5.8257515e-03
   9.2307692e-01  -6.1306298e-03
   9.1973244e-01  -6.4377352e-03
   9.1638796e-01  -6.7469233e-03
   9.1304348e-01  -7.0580519e-03
   9.0969900e-01  -7.3709808e-03
   9.0635452e-01  -7.6855718e-03
   9.0301003e-01  -8.0016887e-03
   8.9966555e-01  -8.3191973e-03
   8.9632107e-01  -8.6379653e-03
   8.9297659e-01  -8.9578626e-03
   8.8963211e-01  -9.2787609e-03
   8.8628763e-01  -9.6005339e-03
   8.8294314e-01  -9.9230571e-03
   8.7959866e-01  -1.0246208e-02
   8.7625418e-01  -1.0569867e-02
   8.7290970e-01  -1.0893914e-02
   8.6956522e-01  -1.1218234e-02
   8.6622074e-01  -1.1542712e-02
   8.6287625e-01  -1.1867234e-02
   8.5953177e-01  -1.2191690e-02
   8.5618729e-01  -1.2515971e-02
   8.5284281e-01  -1.2839969e-02
   8.4949833e-01  -1.3163580e-02
   8.4615385e-01  -1.3486700e-02
   8.4280936e-01  -1.3809227e-02
   8.3946488e-01  -1.4131063e-02
   8.3612040e-01  -1.4452108e-02
   8.3277592e-01  -1.4772266e-02
   8.2943144e-01  -1.5091445e-02
   8.2608696e-01  -1.5409550e-02
   8.2274247e-01  -1.5726492e-02
   8.1939799e-01  -1.6042182e-02
   8.1605351e-01  -1.6356532e-02
   8.1270903e-01  -1.6669458e-02
   8.0936455e-01  -1.6980875e-02
   8.0602007e-01  -1.7290703e-02
   8.0267559e-01  -1.7598860e-02
   7.9933110e-01  -1.7905270e-02
   7.9598662e-01  -1.8209854e-02
   7.9264214e-01  -1.8512539e-02
   7.8929766e-01  -1.8813251e-02
   7.8595318e-01  -1.9111919e-02
   7.8260870e-01  -1.9408473e-02
   7.7926421e-01  -1.9702844e-02
   7.7591973e-01  -1.9994968e-02
   7.7257525e-01  -2.0284778e-02
   7.6923077e-01  -2.0572212e-02
   7.6588629e-01  -2.0857209e-02
   7.6254181e-01  -2.1139708e-02
   7.5919732e-01  -2.1419651e-02
   7.5585284e-01  -2.1696982e-02
   7.5250836e-01  -2.1971646e-02
   7.4916388e-01  -2.2243590e-02
   7.4581940e-01  -2.2512761e-02
   7.4247492e-01  -2.2779110e-02
   7.3913043e-01  -2.3042587e-02
   7.3578595e-01  -2.3303146e-02
   7.3244147e-01  -2.3560742e-02
   7.2909699e-01  -2.3815329e-02
   7.2575251e-01  -2.4066867e-02
   7.2240803e-01  -2.4315313e-02
   7.1906355e-01  -2.4560628e-02
   7.1571906e-01  -2.4802775e-02
   7.1237458e-01  -2.5041716e-02
   7.0903010e-01  -2.5277417e-02
   7.0568562e-01  -2.5509844e-02
   7.0234114e-01  -2.5738965e-02
   6.9899666e-01  -2.5964749e-02
   6.9565217e-01  -2.6187167e-02
   6.9230769e-01  -2.6406192e-02
   6.8896321e-01  -2.6621796e-02
   6.8561873e-01  -2.6833955e-02
   6.8227425e-01  -2.7042645e-02
   6.7892977e-01  -2.7247843e-02
   6.7558528e-01  -2.7449530e-02
   6.7224080e-01  -2.7647684e-02
   6.6889632e-01  -2.7842289e-02
   6.6555184e-01  -2.8033327e-02
   6.6220736e-01  -2.8220782e-02
   6.5886288e-01  -2.8404641e-02
   6.5551839e-01  -2.8584890e-02
   6.5217391e-01  -2.8761517e-02
   6.4882943e-01  -2.8934513e-02
   6.4548495e-01  -2.9103867e-02
   6.4214047e-01  -2.9269572e-02
   6.3879599e-01  -2.9431621e-02
   6.3545151e-01  -2.9590009e-02
   6.3210702e-01  -2.9744732e-02
   6.2876254e-01  -2.9895786e-02
   6.2541806e-01  -3.0043169e-02
   6.2207358e-01  -3.0186881e-02
   6.1872910e-01  -3.0326922e-02
   6.1538462e-01  -3.0463294e-02
   6.1204013e-01  -3.0595999e-02
   6.0869565e-01  -3.0725042e-02
   6.0535117e-01  -3.0850426e-02
   6.0200669e-01  -3.0972159e-02
   5.9866221e-01  -3.1090247e-02
   5.9531773e-01  -3.1204699e-02
   5.9197324e-01  -3.1315523e-02
   5.8862876e-01  -3.1422730e-02
   5.8528428e-01  -3.1526332e-02
   5.8193980e-01  -3.1626340e-02
   5.7859532e-01  -3.1722768e-02
   5.7525084e-01  -3.1815630e-02
   5.7190635e-01  -3.1904941e-02
   5.6856187e-01  -3.1990718e-02
   5.6521739e-01  -3.2072978e-02
   5.6187291e-01  -3.2151738e-02
   5.5852843e-01  -3.2227018e-02
   5.5518395e-01  -3.2298838e-02
   5.5183946e-01  -3.2367218e-02
   5.4849498e-01  -3.2432181e-02
   5.4515050e-01  -3.2493748e-02
   5.4180602e-01  -3.2551943e-02
   5.3846154e-01  -3.2606789e-02
   5.3511706e-01  -3.2658313e-02
   5.3177258e-01  -3.2706540e-02
   5.2842809e-01  -3.2751495e-02
   5.2508361e-01  -3.2793207e-02
   5.2173913e-01  -3.2831704e-02
   5.1839465e-01  -3.2867013e-02
   5.1505017e-01  -3.2899165e-02
   5.1170569e-01  -3.2928190e-02
   5.0836120e-01  -3.2954118e-02
   5.0501672e-01  -3.2976981e-02
   5.0167224e-01  -3.2996811e-02
   4.9832776e-01  -3.3013640e-02
   4.9498328e-01  -3.3027503e-02
   4.9163880e-01  -3.3038432e-02
   4.8829431e-01  -3.3046462e-02
   4.8494983e-01  -3.3051628e-02
   4.8160535e-01  -3.3053966e-02
   4.7826087e-01  -3.3053511e-02
   4.7491639e-01  -3.3050301e-02
   4.7157191e-01  -3.3044371e-02
   4.6822742e-01  -3.3035760e-02
   4.6488294e-01  -3.3024505e-02
   4.6153846e-01  -3.3010644e-02
   4.5819398e-01  -3.2994217e-02
   4.5484950e-01  -3.2975261e-02
   4.5150502e-01  -3.2953816e-02
   4.4816054e-01  -3.2929923e-02
   4.4481605e-01  -3.2903619e-02
   4.4147157e-01  -3.2874947e-02
   4.3812709e-01  -3.2843946e-02
   4.3478261e-01  -3.2810657e-02
   4.3143813e-01  -3.2775121e-02
   4.2809365e-01  -3.2737379e-02
   4.2474916e-01  -3.2697472e-02
   4.2140468e-01  -3.2655440e-02
   4.1806020e-01  -3.2611327e-02
   4.1471572e-01  -3.2565173e-02
   4.1137124e-01  -3.2517019e-02
   4.0802676e-01  -3.2466908e-02
   4.0468227e-01  -3.2414880e-02
   4.0133779e-01  -3.2360977e-02
   3.9799331e-01  -3.2305242e-02
   3.9464883e-01  -3.2247714e-02
   3.9130435e-01  -3.2188435e-02
   3.8795987e-01  -3.2127447e-02
   3.8461538e-01  -3.2064790e-02
   3.8127090e-01  -3.2000505e-02
   3.7792642e-01  -3.1934632e-02
   3.7458194e-01  -3.1867211e-02
   3.7123746e-01  -3.1798283e-02
   3.6789298e-01  -3.1727887e-02
   3.6454849e-01  -3.1656061e-02
   3.6120401e-01  -3.1582845e-02
   3.5785953e-01  -3.1508277e-02
   3.5451505e-01  -3.1432394e-02
   3.5117057e-01  -3.1355234e-02
   3.4782609e-01  -3.1276833e-02
   3.4448161e-01  -3.1197227e-02
   3.4113712e-01  -3.1116452e-02
   3.3779264e-01  -3.1034542e-02
   3.3444816e-01  -3.0951531e-02
   3.3110368e-01  -3.0867453e-02
   3.2775920e-01  -3.0782338e-02
   3.2441472e-01  -3.0696220e-02
   3.2107023e-01  -3.0609128e-02
   3.1772575e-01  -3.0521092e-02
   3.1438127e-01  -3.0432140e-02
   3.1103679e-01  -3.0342299e-02
   3.0769231e-01  -3.0251597e-02
   3.0434783e-01  -3.0160056e-02
   3.0100334e-01  -3.0067702e-02
   2.9765886e-01  -2.9974557e-02
   2.9431438e-01  -2.9880641e-02
   2.9096990e-01  -2.9785975e-02
   2.8762542e-01  -2.9690576e-02
   2.8428094e-01  -2.9594460e-02
   2.8093645e-01  -2.9497642e-02
   2.7759197e-01  -2.9400136e-02
   2.7424749e-01  -2.9301952e-02
   2.7090301e-01  -2.9203100e-02
   2.6755853e-01  -2.9103586e-02
   2.6421405e-01  -2.9003416e-02
   2.6086957e-01  -2.8902593e-02
   2.5752508e-01  -2.8801118e-02
   2.5418060e-01  -2.8698989e-02
   2.5083612e-01  -2.8596201e-02
   2.4749164e-01  -2.8492748e-02
   2.4414716e-01  -2.8388621e-02
   2.4080268e-01  -2.8283807e-02
   2.3745819e-01  -2.8178290e-02
   2.3411371e-01  -2.8072054e-02
   2.3076923e-01  -2.7965075e-02
   2.2742475e-01  -2.7857329e-02
   2.2408027e-01  -2.7748787e-02
   2.2073579e-01  -2.7639418e-02
   2.1739130e-01  -2.7529184e-02
   2.1404682e-01  -2.7418047e-02
   2.1070234e-01  -2.7305962e-02
   2.0735786e-01  -2.7192879e-02
   2.0401338e-01  -2.7078746e-02
   2.0066890e-01  -2.6963503e-02
   1.9732441e-01  -2.6847089e-02
   1.9397993e-01  -2.6729433e-02
   1.9063545e-01  -2.6610461e-02
   1.8729097e-01  -2.6490092e-02
   1.8394649e-01  -2.6368241e-02
   1.8060201e-01  -2.6244813e-02
   1.7725753e-01  -2.6119708e-02
   1.7391304e-01  -2.5992818e-02
   1.7056856e-01  -2.5864028e-02
   1.6722408e-01  -2.5733214e-02
   1.6387960e-01  -2.5600243e-02
   1.6053512e-01  -2.5464974e-02
   1.5719064e-01  -2.5327256e-02
   1.5384615e-01  -2.5186926e-02
   1.5050167e-01  -2.5043812e-02
   1.4715719e-01  -2.4897729e-02
   1.4381271e-01  -2.4748478e-02
   1.4046823e-01  -2.4595850e-02
   1.3712375e-01  -2.4439619e-02
   1.3377926e-01  -2.4279544e-02
   1.3043478e-01  -2.4115368e-02
   1.2709030e-01  -2.3946815e-02
   1.2374582e-01  -2.3773590e-02
   1.2040134e-01  -2.3595377e-02
   1.1705686e-01  -2.3411838e-02
   1.1371237e-01  -2.3222609e-02
   1.1036789e-01  -2.3027300e-02
   1.0702341e-01  -2.2825490e-02
   1.0367893e-01  -2.2616729e-02
   1.0033445e-01  -2.2400526e-02
   9.6989967e-02  -2.2176356e-02
   9.3645485e-02  -2.1943647e-02
   9.0301003e-02  -2.1701779e-02
   8.6956522e-02  -2.1450078e-02
   8.3612040e-02  -2.1187808e-02
   8.0267559e-02  -2.0914167e-02
   7.6923077e-02  -2.0628271e-02
   7.3578595e-02  -2.0329148e-02
   7.0234114e-02  -2.0015725e-02
   6.6889632e-02  -1.9686808e-02
   6.3545151e-02  -1.9341067e-02
   6.0200669e-02  -1.8977008e-02
   5.6856187e-02  -1.8592944e-02
   5.3511706e-02  -1.8186960e-02
   5.0167224e-02  -1.7756860e-02
   4.6822742e-02  -1.7300104e-02
   4.3478261e-02  -1.6813730e-02
   4.0133779e-02  -1.6294235e-02
   3.6789298e-02  -1.5737424e-02
   3.3444816e-02  -1.5138190e-02
   3.0100334e-02  -1.4490195e-02
   2.6755853e-02  -1.3785389e-02
   2.3411371e-02  -1.3013251e-02
   2.0066890e-02  -1.2159522e-02
   1.6722408e-02  -1.1203945e-02
   1.3377926e-02  -1.0115831e-02
   1.0033445e-02  -8.8441884e-03
   6.6889632e-03  -7.2908451e-03
   3.3444816e-03  -5.2055627e-03
   0.0000000e+00  -0.0000000e+00
