   0.0000000e+00   0.0000000e+00
   3.3444816e-03   9.5510149e-03
   6.6889632e-03   1.3588598e-02
   1.0033445e-02   1.6738766e-02
   1.3377926e-02   1.9435325e-02
   1.6722408e-02   2.1844614e-02
   2.0066890e-02   2.4051030e-02
   2.3411371e-02   2.6104138e-02
   2.6755853e-02   2.8035841e-02
   3.0100334e-02   2.9868014e-02
   3.3444816e-02   3.1616370e-02
   3.6789298e-02   3.3292605e-02
   4.0133779e-02   3.4905672e-02
   4.3478261e-02   3.6462584e-02
   4.6822742e-02   3.7968939e-02
   5.0167224e-02   3.9429278e-02
   5.3511706e-02   4.0847336e-02
   5.6856187e-02   4.2226219e-02
   6.0200669e-02   4.3568539e-02
   6.3545151e-02   4.4876514e-02
   6.6889632e-02   4.6152040e-02
   7.0234114e-02   4.7396754e-02
   7.3578595e-02   4.8612075e-02
   7.6923077e-02   4.9799244e-02
   8.0267559e-02   5.0959351e-02
   8.3612040e-02   5.2093359e-02
   8.6956522e-02   5.3202123e-02
   9.0301003e-02   5.4286407e-02
   9.3645485e-02   5.5346896e-02
   9.6989967e-02   5.6384206e-02
   1.0033445e-01   5.7398897e-02
   1.0367893e-01   5.8391475e-02
   1.0702341e-01   5.9362403e-02
   1.1036789e-01   6.0312106e-02
   1.1371237e-01   6.1240973e-02
   1.1705686e-01   6.2149366e-02
   1.2040134e-01   6.3037619e-02
   1.2374582e-01   6.3906043e-02
   1.2709030e-01   6.4754929e-02
   1.3043478e-01   6.5584550e-02
   1.3377926e-01   6.6395161e-02
   1.3712375e-01   6.7187007e-02
   1.4046823e-01   6.7960317e-02
   1.4381271e-01   6.8715310e-02
   1.4715719e-01   6.9452195e-02
   1.5050167e-01   7.0171172e-02
   1.5384615e-01   7.0872433e-02
   1.5719064e-01   7.1556164e-02
   1.6053512e-01   7.2222543e-02
   1.6387960e-01   7.2871744e-02
   1.6722408e-01   7.3503935e-02
   1.7056856e-01   7.4119282e-02
   1.7391304e-01   7.4717943e-02
   1.7725753e-01   7.5300077e-02
   1.8060201e-01   7.5865837e-02
   1.8394649e-01   7.6415374e-02
   1.8729097e-01   7.6948838e-02
   1.9063545e-01   7.7466375e-02
   1.9397993e-01   7.7968130e-02
   1.9732441e-01   7.8454246e-02
   2.0066890e-01   7.8924866e-02
   2.0401338e-01   7.9380131e-02
   2.0735786e-01   7.9820181e-02
   2.1070234e-01   8.0245154e-02
   2.1404682e-01   8.0655188e-02
   2.1739130e-01   8.1050423e-02
   2.2073579e-01   8.1430994e-02
   2.2408027e-01   8.1797038e-02
   2.2742475e-01   8.2148693e-02
   2.3076923e-01   8.2486093e-02
   2.3411371e-01   8.2809375e-02
   2.3745819e-01   8.3118676e-02
   2.4080268e-01   8.3414130e-02
   2.4414716e-01   8.3695873e-02
   2.4749164e-01   8.3964042e-02
   2.5083612e-01   8.4218772e-02
   2.5418060e-01   8.4460200e-02
   2.5752508e-01   8.4688460e-02
   2.6086957e-01   8.4903689e-02
   2.6421405e-01   8.5106024e-02
   2.6755853e-01   8.5295600e-02
   2.7090301e-01   8.5472555e-02
   2.7424749e-01   8.5637024e-02
   2.7759197e-01   8.5789146e-02
   2.8093645e-01   8.5929056e-02
   2.8428094e-01   8.6056893e-02
   2.8762542e-01   8.6172793e-02
   2.9096990e-01   8.6276894e-02
   2.9431438e-01   8.6369333e-02
   2.9765886e-01   8.6450249e-02
   3.0100334e-01   8.6519779e-02
   3.0434783e-01   8.6578061e-02
   3.0769231e-01   8.6625234e-02
   3.1103679e-01   8.6661435e-02
   3.1438127e-01   8.6686803e-02
   3.1772575e-01   8.6701476e-02
   3.2107023e-01   8.6705592e-02
   3.2441472e-01   8.6699291e-02
   3.2775920e-01   8.6682710e-02
   3.3110368e-01   8.6655987e-02
   3.3444816e-01   8.6619261e-02
   3.3779264e-01   8.6572671e-02
   3.4113712e-01   8.6516354e-02
   3.4448161e-01   8.6450449e-02
   3.4782609e-01   8.6375093e-02
   3.5117057e-01   8.6290424e-02
   3.5451505e-01   8.6196581e-02
   3.5785953e-01   8.6093700e-02
   3.6120401e-01   8.5981918e-02
   3.6454849e-01   8.5861374e-02
   3.6789298e-01   8.5732203e-02
   3.7123746e-01   8.5594542e-02
   3.7458194e-01   8.5448528e-02
   3.7792642e-01   8.5294295e-02
   3.8127090e-01   8.5131980e-02
   3.8461538e-01   8.4961718e-02
   3.8795987e-01   8.4783643e-02
   3.9130435e-01   8.4597890e-02
   3.9464883e-01   8.4404592e-02
   3.9799331e-01   8.4203884e-02
   4.0133779e-01   8.3995897e-02
   4.0468227e-01   8.3780764e-02
   4.0802676e-01   8.3558617e-02
   4.1137124e-01   8.3329587e-02
   4.1471572e-01   8.3093804e-02
   4.1806020e-01   8.2851400e-02
   4.2140468e-01   8.2602502e-02
   4.2474916e-01   8.2347240e-02
   4.2809365e-01   8.2085742e-02
   4.3143813e-01   8.1818134e-02
   4.3478261e-01   8.1544544e-02
   4.3812709e-01   8.1265097e-02
   4.4147157e-01   8.0979918e-02
   4.4481605e-01   8.0689130e-02
   4.4816054e-01   8.0392859e-02
   4.5150502e-01   8.0091225e-02
   4.5484950e-01   7.9784350e-02
   4.5819398e-01   7.9472355e-02
   4.6153846e-01   7.9155360e-02
   4.6488294e-01   7.8833483e-02
   4.6822742e-01   7.8506841e-02
   4.7157191e-01   7.8175553e-02
   4.7491639e-01   7.7839732e-02
   4.7826087e-01   7.7499494e-02
   4.8160535e-01   7.7154953e-02
   4.8494983e-01   7.6806220e-02
   4.8829431e-01   7.6453407e-02
   4.9163880e-01   7.6096625e-02
   4.9498328e-01   7.5735981e-02
   4.9832776e-01   7.5371584e-02
   5.0167224e-01   7.5003541e-02
   5.0501672e-01   7.4631956e-02
   5.0836120e-01   7.4256934e-02
   5.1170569e-01   7.3878578e-02
   5.1505017e-01   7.3496988e-02
   5.1839465e-01   7.3112266e-02
   5.2173913e-01   7.2724509e-02
   5.2508361e-01   7.2333815e-02
   5.2842809e-01   7.1940281e-02
   5.3177258e-01   7.1544000e-02
   5.3511706e-01   7.1145066e-02
   5.3846154e-01   7.0743570e-02
   5.4180602e-01   7.0339603e-02
   5.4515050e-01   6.9933253e-02
   5.4849498e-01   6.9524608e-02
   5.5183946e-01   6.9113752e-02
   5.5518395e-01   6.8700771e-02
   5.5852843e-01   6.8285746e-02
   5.6187291e-01   6.7868758e-02
   5.6521739e-01   6.7449887e-02
   5.6856187e-01   6.7029210e-02
   5.7190635e-01   6.6606803e-02
   5.7525084e-01   6.6182740e-02
   5.7859532e-01   6.5757093e-02
   5.8193980e-01   6.5329934e-02
   5.8528428e-01   6.4901330e-02
   5.8862876e-01   6.4471350e-02
   5.9197324e-01   6.4040059e-02
   5.9531773e-01   6.3607520e-02
   5.9866221e-01   6.3173795e-02
   6.0200669e-01   6.2738945e-02
   6.0535117e-01   6.2303026e-02
   6.0869565e-01   6.1866095e-02
   6.1204013e-01   6.1428206e-02
   6.1538462e-01   6.0989413e-02
   6.1872910e-01   6.0549764e-02
   6.2207358e-01   6.0109308e-02
   6.2541806e-01   5.9668092e-02
   6.2876254e-01   5.9226159e-02
   6.3210702e-01   5.8783553e-02
   6.3545151e-01   5.8340314e-02
   6.3879599e-01   5.7896479e-02
   6.4214047e-01   5.7452086e-02
   6.4548495e-01   5.7007167e-02
   6.4882943e-01   5.6561755e-02
   6.5217391e-01   5.6115879e-02
   6.5551839e-01   5.5669568e-02
   6.5886288e-01   5.5222846e-02
   6.6220736e-01   5.4775737e-02
   6.6555184e-01   5.4328262e-02
   6.6889632e-01   5.3880439e-02
   6.7224080e-01   5.3432285e-02
   6.7558528e-01   5.2983815e-02
   6.7892977e-01   5.2535040e-02
   6.8227425e-01   5.2085970e-02
   6.8561873e-01   5.1636613e-02
   6.8896321e-01   5.1186973e-02
   6.9230769e-01   5.0737053e-02
   6.9565217e-01   5.0286853e-02
   6.9899666e-01   4.9836371e-02
   7.0234114e-01   4.9385603e-02
   7.0568562e-01   4.8934542e-02
   7.0903010e-01   4.8483179e-02
   7.1237458e-01   4.8031500e-02
   7.1571906e-01   4.7579493e-02
   7.1906355e-01   4.7127141e-02
   7.2240803e-01   4.6674424e-02
   7.2575251e-01   4.6221320e-02
   7.2909699e-01   4.5767804e-02
   7.3244147e-01   4.5313851e-02
   7.3578595e-01   4.4859430e-02
   7.3913043e-01   4.4404510e-02
   7.4247492e-01   4.3949055e-02
   7.4581940e-01   4.3493028e-02
   7.4916388e-01   4.3036389e-02
   7.5250836e-01   4.2579096e-02
   7.5585284e-01   4.2121103e-02
   7.5919732e-01   4.1662363e-02
   7.6254181e-01   4.1202824e-02
   7.6588629e-01   4.0742432e-02
   7.6923077e-01   4.0281133e-02
   7.7257525e-01   3.9818867e-02
   7.7591973e-01   3.9355572e-02
   7.7926421e-01   3.8891183e-02
   7.8260870e-01   3.8425634e-02
   7.8595318e-01   3.7958854e-02
   7.8929766e-01   3.7490771e-02
   7.9264214e-01   3.7021308e-02
   7.9598662e-01   3.6550386e-02
   7.9933110e-01   3.6077926e-02
   8.0267559e-01   3.5603840e-02
   8.0602007e-01   3.5128044e-02
   8.0936455e-01   3.4650446e-02
   8.1270903e-01   3.4170952e-02
   8.1605351e-01   3.3689468e-02
   8.1939799e-01   3.3205893e-02
   8.2274247e-01   3.2720125e-02
   8.2608696e-01   3.2232061e-02
   8.2943144e-01   3.1741590e-02
   8.3277592e-01   3.1248602e-02
   8.3612040e-01   3.0752984e-02
   8.3946488e-01   3.0254616e-02
   8.4280936e-01   2.9753381e-02
   8.4615385e-01   2.9249152e-02
   8.4949833e-01   2.8741805e-02
   8.5284281e-01   2.8231210e-02
   8.5618729e-01   2.7717233e-02
   8.5953177e-01   2.7199739e-02
   8.6287625e-01   2.6678589e-02
   8.6622074e-01   2.6153640e-02
   8.6956522e-01   2.5624747e-02
   8.7290970e-01   2.5091761e-02
   8.7625418e-01   2.4554531e-02
   8.7959866e-01   2.4012900e-02
   8.8294314e-01   2.3466711e-02
   8.8628763e-01   2.2915803e-02
   8.8963211e-01   2.2360009e-02
   8.9297659e-01   2.1799163e-02
   8.9632107e-01   2.1233091e-02
   8.9966555e-01   2.0661621e-02
   9.0301003e-01   2.0084573e-02
   9.0635452e-01   1.9501765e-02
   9.0969900e-01   1.8913014e-02
   9.1304348e-01   1.8318131e-02
   9.1638796e-01   1.7716923e-02
   9.1973244e-01   1.7109197e-02
   9.2307692e-01   1.6494753e-02
   9.2642140e-01   1.5873390e-02
   9.2976589e-01   1.5244903e-02
   9.3311037e-01   1.4609082e-02
   9.3645485e-01   1.3965715e-02
   9.3979933e-01   1.3314588e-02
   9.4314381e-01   1.2655480e-02
   9.4648829e-01   1.1988168e-02
   9.4983278e-01   1.1312427e-02
   9.5317726e-01   1.0628027e-02
   9.5652174e-01   9.9347341e-03
   9.5986622e-01   9.2323118e-03
   9.6321070e-01   8.5205196e-03
   9.6655518e-01   7.7991133e-03
   9.6989967e-01   7.0678455e-03
   9.7324415e-01   6.3264647e-03
   9.7658863e-01   5.5747161e-03
   9.7993311e-01   4.8123412e-03
   9.8327759e-01   4.0390779e-03
   9.8662207e-01   3.2546601e-03
   9.8996656e-01   2.4588186e-03
   9.9331104e-01   1.6512799e-03
   9.9665552e-01   8.3176726e-04
   1.0000000e+00   0.0000000e+00
   1.0000000e+00   0.0000000e+00
   9.9665552e-01   2.0652650e-04
   9.9331104e-01   4.0850299e-04
   9.8996656e-01   6.0602737e-04
   9.8662207e-01   7.9919607e-04
   9.8327759e-01   9.8810402e-04
   9.7993311e-01   1.1728447e-03
   9.7658863e-01   1.3535102e-03
   9.7324415e-01   1.5301910e-03
   9.6989967e-01   1.7029763e-03
   9.6655518e-01   1.8719538e-03
   9.6321070e-01   2.0372097e-03
   9.5986622e-01   2.1988289e-03
   9.5652174e-01   2.3568947e-03
   9.5317726e-01   2.5114893e-03
   9.4983278e-01   2.6626931e-03
   9.4648829e-01   2.8105854e-03
   9.4314381e-01   2.9552439e-03
   9.3979933e-01   3.0967452e-03
   9.3645485e-01   3.2351643e-03
   9.3311037e-01   3.3705748e-03
   9.2976589e-01   3.5030491e-03
   9.2642140e-01   3.6326581e-03
   9.2307692e-01   3.7594714e-03
   9.1973244e-01   3.8835573e-03
   9.1638796e-01   4.0049827e-03
   9.1304348e-01   4.1238132e-03
   9.0969900e-01   4.2401131e-03
   9.0635452e-01   4.3539454e-03
   9.0301003e-01   4.4653717e-03
   8.9966555e-01   4.5744523e-03
   8.9632107e-01   4.6812465e-03
   8.9297659e-01   4.7858118e-03
   8.8963211e-01   4.8882049e-03
   8.8628763e-01   4.9884810e-03
   8.8294314e-01   5.0866940e-03
   8.7959866e-01   5.1828967e-03
   8.7625418e-01   5.2771405e-03
   8.7290970e-01   5.3694756e-03
   8.6956522e-01   5.4599511e-03
   8.6622074e-01   5.5486147e-03
   8.6287625e-01   5.6355130e-03
   8.5953177e-01   5.7206913e-03
   8.5618729e-01   5.8041937e-03
   8.5284281e-01   5.8860633e-03
   8.4949833e-01   5.9663416e-03
   8.4615385e-01   6.0450695e-03
   8.4280936e-01   6.1222861e-03
   8.3946488e-01   6.1980298e-03
   8.3612040e-01   6.2723378e-03
   8.3277592e-01   6.3452458e-03
   8.2943144e-01   6.4167887e-03
   8.2608696e-01   6.4870002e-03
   8.2274247e-01   6.5559128e-03
   8.1939799e-01   6.6235580e-03
   8.1605351e-01   6.6899661e-03
   8.1270903e-01   6.7551662e-03
   8.0936455e-01   6.8191866e-03
   8.0602007e-01   6.8820543e-03
   8.0267559e-01   6.9437953e-03
   7.9933110e-01   7.0044344e-03
   7.9598662e-01   7.0639956e-03
   7.9264214e-01   7.1225017e-03
   7.8929766e-01   7.1799743e-03
   7.8595318e-01   7.2364343e-03
   7.8260870e-01   7.2919013e-03
   7.7926421e-01   7.3463941e-03
   7.7591973e-01   7.3999304e-03
   7.7257525e-01   7.4525268e-03
   7.6923077e-01   7.5041990e-03
   7.6588629e-01   7.5549619e-03
   7.6254181e-01   7.6048290e-03
   7.5919732e-01   7.6538133e-03
   7.5585284e-01   7.7019266e-03
   7.5250836e-01   7.7491798e-03
   7.4916388e-01   7.7955829e-03
   7.4581940e-01   7.8411448e-03
   7.4247492e-01   7.8858738e-03
   7.3913043e-01   7.9297771e-03
   7.3578595e-01   7.9728610e-03
   7.3244147e-01   8.0151308e-03
   7.2909699e-01   8.0565913e-03
   7.2575251e-01   8.0972461e-03
   7.2240803e-01   8.1370980e-03
   7.1906355e-01   8.1761491e-03
   7.1571906e-01   8.2144004e-03
   7.1237458e-01   8.2518524e-03
   7.0903010e-01   8.2885044e-03
   7.0568562e-01   8.3243553e-03
   7.0234114e-01   8.3594028e-03
   6.9899666e-01   8.3936442e-03
   6.9565217e-01   8.4270758e-03
   6.9230769e-01   8.4596930e-03
   6.8896321e-01   8.4914908e-03
   6.8561873e-01   8.5224631e-03
   6.8227425e-01   8.5526034e-03
   6.7892977e-01   8.5819041e-03
   6.7558528e-01   8.6103572e-03
   6.7224080e-01   8.6379539e-03
   6.6889632e-01   8.6646846e-03
   6.6555184e-01   8.6905392e-03
   6.6220736e-01   8.7155068e-03
   6.5886288e-01   8.7395757e-03
   6.5551839e-01   8.7627340e-03
   6.5217391e-01   8.7849687e-03
   6.4882943e-01   8.8062664e-03
   6.4548495e-01   8.8266131e-03
   6.4214047e-01   8.8459940e-03
   6.3879599e-01   8.8643940e-03
   6.3545151e-01   8.8817972e-03
   6.3210702e-01   8.8981872e-03
   6.2876254e-01   8.9135470e-03
   6.2541806e-01   8.9278591e-03
   6.2207358e-01   8.9411056e-03
   6.1872910e-01   8.9532678e-03
   6.1538462e-01   8.9643267e-03
   6.1204013e-01   8.9742627e-03
   6.0869565e-01   8.9830558e-03
   6.0535117e-01   8.9906856e-03
   6.0200669e-01   8.9971310e-03
   5.9866221e-01   9.0023706e-03
   5.9531773e-01   9.0063827e-03
   5.9197324e-01   9.0091449e-03
   5.8862876e-01   9.0106347e-03
   5.8528428e-01   9.0108289e-03
   5.8193980e-01   9.0097042e-03
   5.7859532e-01   9.0072367e-03
   5.7525084e-01   9.0034024e-03
   5.7190635e-01   8.9981769e-03
   5.6856187e-01   8.9915353e-03
   5.6521739e-01   8.9834525e-03
   5.6187291e-01   8.9739032e-03
   5.5852843e-01   8.9628617e-03
   5.5518395e-01   8.9503022e-03
   5.5183946e-01   8.9361984e-03
   5.4849498e-01   8.9205241e-03
   5.4515050e-01   8.9032526e-03
   5.4180602e-01   8.8843570e-03
   5.3846154e-01   8.8638106e-03
   5.3511706e-01   8.8415860e-03
   5.3177258e-01   8.8176560e-03
   5.2842809e-01   8.7919933e-03
   5.2508361e-01   8.7645701e-03
   5.2173913e-01   8.7353590e-03
   5.1839465e-01   8.7043322e-03
   5.1505017e-01   8.6714618e-03
   5.1170569e-01   8.6367201e-03
   5.0836120e-01   8.6000792e-03
   5.0501672e-01   8.5615112e-03
   5.0167224e-01   8.5209882e-03
   4.9832776e-01   8.4784824e-03
   4.9498328e-01   8.4339659e-03
   4.9163880e-01   8.3874111e-03
   4.8829431e-01   8.3387903e-03
   4.8494983e-01   8.2880758e-03
   4.8160535e-01   8.2352404e-03
   4.7826087e-01   8.1802566e-03
   4.7491639e-01   8.1230973e-03
   4.7157191e-01   8.0637356e-03
   4.6822742e-01   8.0021448e-03
   4.6488294e-01   7.9382982e-03
   4.6153846e-01   7.8721697e-03
   4.5819398e-01   7.8037332e-03
   4.5484950e-01   7.7329631e-03
   4.5150502e-01   7.6598339e-03
   4.4816054e-01   7.5843205e-03
   4.4481605e-01   7.5063984e-03
   4.4147157e-01   7.4260431e-03
   4.3812709e-01   7.3432308e-03
   4.3478261e-01   7.2579380e-03
   4.3143813e-01   7.1701417e-03
   4.2809365e-01   7.0798194e-03
   4.2474916e-01   6.9869492e-03
   4.2140468e-01   6.8915095e-03
   4.1806020e-01   6.7934795e-03
   4.1471572e-01   6.6928389e-03
   4.1137124e-01   6.5895680e-03
   4.0802676e-01   6.4836479e-03
   4.0468227e-01   6.3750601e-03
   4.0133779e-01   6.2637872e-03
   3.9799331e-01   6.1498123e-03
   3.9464883e-01   6.0331192e-03
   3.9130435e-01   5.9136927e-03
   3.8795987e-01   5.7915184e-03
   3.8461538e-01   5.6665827e-03
   3.8127090e-01   5.5388731e-03
   3.7792642e-01   5.4083777e-03
   3.7458194e-01   5.2750860e-03
   3.7123746e-01   5.1389881e-03
   3.6789298e-01   5.0000756e-03
   3.6454849e-01   4.8583409e-03
   3.6120401e-01   4.7137775e-03
   3.5785953e-01   4.5663804e-03
   3.5451505e-01   4.4161454e-03
   3.5117057e-01   4.2630700e-03
   3.4782609e-01   4.1071526e-03
   3.4448161e-01   3.9483932e-03
   3.4113712e-01   3.7867932e-03
   3.3779264e-01   3.6223553e-03
   3.3444816e-01   3.4550839e-03
   3.3110368e-01   3.2849848e-03
   3.2775920e-01   3.1120654e-03
   3.2441472e-01   2.9363348e-03
   3.2107023e-01   2.7578039e-03
   3.1772575e-01   2.5764852e-03
   3.1438127e-01   2.3923932e-03
   3.1103679e-01   2.2055441e-03
   3.0769231e-01   2.0159562e-03
   3.0434783e-01   1.8236497e-03
   3.0100334e-01   1.6286471e-03
   2.9765886e-01   1.4309727e-03
   2.9431438e-01   1.2306535e-03
   2.9096990e-01   1.0277182e-03
   2.8762542e-01   8.2219854e-04
   2.8428094e-01   6.1412819e-04
   2.8093645e-01   4.0354361e-04
   2.7759197e-01   1.9048384e-04
   2.7424749e-01  -2.5009365e-05
   2.7090301e-01  -2.4289144e-04
   2.6755853e-01  -4.6311492e-04
   2.6421405e-01  -6.8562932e-04
   2.6086957e-01  -9.1038105e-04
   2.5752508e-01  -1.1373133e-03
   2.5418060e-01  -1.3663659e-03
   2.5083612e-01  -1.5974753e-03
   2.4749164e-01  -1.8305742e-03
   2.4414716e-01  -2.0655918e-03
   2.4080268e-01  -2.3024533e-03
   2.3745819e-01  -2.5410800e-03
   2.3411371e-01  -2.7813890e-03
   2.3076923e-01  -3.0232931e-03
   2.2742475e-01  -3.2667007e-03
   2.2408027e-01  -3.5115156e-03
   2.2073579e-01  -3.7576365e-03
   2.1739130e-01  -4.0049574e-03
   2.1404682e-01  -4.2533670e-03
   2.1070234e-01  -4.5027485e-03
   2.0735786e-01  -4.7529795e-03
   2.0401338e-01  -5.0039317e-03
   2.0066890e-01  -5.2554705e-03
   1.9732441e-01  -5.5074551e-03
   1.9397993e-01  -5.7597380e-03
   1.9063545e-01  -6.0121643e-03
   1.8729097e-01  -6.2645723e-03
   1.8394649e-01  -6.5167921e-03
   1.8060201e-01  -6.7686462e-03
   1.7725753e-01  -7.0199482e-03
   1.7391304e-01  -7.2705033e-03
   1.7056856e-01  -7.5201068e-03
   1.6722408e-01  -7.7685447e-03
   1.6387960e-01  -8.0155922e-03
   1.6053512e-01  -8.2610140e-03
   1.5719064e-01  -8.5045629e-03
   1.5384615e-01  -8.7459797e-03
   1.5050167e-01  -8.9849922e-03
   1.4715719e-01  -9.2213144e-03
   1.4381271e-01  -9.4546459e-03
   1.4046823e-01  -9.6846707e-03
   1.3712375e-01  -9.9110562e-03
   1.3377926e-01  -1.0133452e-02
   1.3043478e-01  -1.0351490e-02
   1.2709030e-01  -1.0564779e-02
   1.2374582e-01  -1.0772910e-02
   1.2040134e-01  -1.0975447e-02
   1.1705686e-01  -1.1171931e-02
   1.1371237e-01  -1.1361875e-02
   1.1036789e-01  -1.1544761e-02
   1.0702341e-01  -1.1720040e-02
   1.0367893e-01  -1.1887128e-02
   1.0033445e-01  -1.2045402e-02
   9.6989967e-02  -1.2194196e-02
   9.3645485e-02  -1.2332797e-02
   9.0301003e-02  -1.2460442e-02
   8.6956522e-02  -1.2576308e-02
   8.3612040e-02  -1.2679509e-02
   8.0267559e-02  -1.2769087e-02
   7.6923077e-02  -1.2844000e-02
   7.3578595e-02  -1.2903118e-02
   7.0234114e-02  -1.2945200e-02
   6.6889632e-02  -1.2968887e-02
   6.3545151e-02  -1.2972679e-02
   6.0200669e-02  -1.2954910e-02
   5.6856187e-02  -1.2913720e-02
   5.3511706e-02  -1.2847022e-02
   5.0167224e-02  -1.2752446e-02
   4.6822742e-02  -1.2627290e-02
   4.3478261e-02  -1.2468429e-02
   4.0133779e-02  -1.2272217e-02
   3.6789298e-02  -1.2034335e-02
   3.3444816e-02  -1.1749586e-02
   3.0100334e-02  -1.1411601e-02
   2.6755853e-02  -1.1012381e-02
   2.3411371e-02  -1.0541601e-02
   2.0066890e-02  -9.9854364e-03
   1.6722408e-02  -9.3244849e-03
   1.3377926e-02  -8.5297205e-03
   1.0033445e-02  -7.5535099e-03
   6.6889632e-03  -6.3053149e-03
   3.3444816e-03  -4.5574024e-03
   0.0000000e+00  -0.0000000e+00
