   0.0000000e+00   0.0000000e+00
   3.3444816e-03   1.1338379e-02
   6.6889632e-03   1.6053783e-02
   1.0033445e-02   1.9683706e-02
   1.3377926e-02   2.2752690e-02
   1.6722408e-02   2.5463446e-02
   2.0066890e-02   2.7919677e-02
   2.3411371e-02   3.0182816e-02
   2.6755853e-02   3.2292772e-02
   3.0100334e-02   3.4277176e-02
   3.3444816e-02   3.6156076e-02
   3.6789298e-02   3.7944552e-02
   4.0133779e-02   3.9654273e-02
   4.3478261e-02   4.1294480e-02
   4.6822742e-02   4.2872637e-02
   5.0167224e-02   4.4394865e-02
   5.3511706e-02   4.5866257e-02
   5.6856187e-02   4.7291100e-02
   6.0200669e-02   4.8673040e-02
   6.3545151e-02   5.0015209e-02
   6.6889632e-02   5.1320316e-02
   7.0234114e-02   5.2590722e-02
   7.3578595e-02   5.3828501e-02
   7.6923077e-02   5.5035482e-02
   8.0267559e-02   5.6213287e-02
   8.3612040e-02   5.7363365e-02
   8.6956522e-02   5.8487011e-02
   9.0301003e-02   5.9585393e-02
   9.3645485e-02   6.0659564e-02
   9.6989967e-02   6.1710477e-02
   1.0033445e-01   6.2739000e-02
   1.0367893e-01   6.3745925e-02
   1.0702341e-01   6.4731975e-02
   1.1036789e-01   6.5697814e-02
   1.1371237e-01   6.6644052e-02
   1.1705686e-01   6.7571250e-02
   1.2040134e-01   6.8479930e-02
   1.2374582e-01   6.9370571e-02
   1.2709030e-01   7.0243620e-02
   1.3043478e-01   7.1099492e-02
   1.3377926e-01   7.1938574e-02
   1.3712375e-01   7.2761224e-02
   1.4046823e-01   7.3567782e-02
   1.4381271e-01   7.4358562e-02
   1.4715719e-01   7.5133859e-02
   1.5050167e-01   7.5893953e-02
   1.5384615e-01   7.6639105e-02
   1.5719064e-01   7.7369560e-02
   1.6053512e-01   7.8085551e-02
   1.6387960e-01   7.8787299e-02
   1.6722408e-01   7.9475010e-02
   1.7056856e-01   8.0148882e-02
   1.7391304e-01   8.0809101e-02
   1.7725753e-01   8.1455845e-02
   1.8060201e-01   8.2089283e-02
   1.8394649e-01   8.2709575e-02
   1.8729097e-01   8.3316875e-02
   1.9063545e-01   8.3911329e-02
   1.9397993e-01   8.4493077e-02
   1.9732441e-01   8.5062252e-02
   2.0066890e-01   8.5618984e-02
   2.0401338e-01   8.6163394e-02
   2.0735786e-01   8.6695601e-02
   2.1070234e-01   8.7215718e-02
   2.1404682e-01   8.7723854e-02
   2.1739130e-01   8.8220116e-02
   2.2073579e-01   8.8704604e-02
   2.2408027e-01   8.9177416e-02
   2.2742475e-01   8.9638647e-02
   2.3076923e-01   9.0088388e-02
   2.3411371e-01   9.0526729e-02
   2.3745819e-01   9.0953755e-02
   2.4080268e-01   9.1369550e-02
   2.4414716e-01   9.1774195e-02
   2.4749164e-01   9.2167768e-02
   2.5083612e-01   9.2550347e-02
   2.5418060e-01   9.2922005e-02
   2.5752508e-01   9.3282817e-02
   2.6086957e-01   9.3632853e-02
   2.6421405e-01   9.3972183e-02
   2.6755853e-01   9.4300874e-02
   2.7090301e-01   9.4618993e-02
   2.7424749e-01   9.4926605e-02
   2.7759197e-01   9.5223774e-02
   2.8093645e-01   9.5510563e-02
   2.8428094e-01   9.5787033e-02
   2.8762542e-01   9.6053245e-02
   2.9096990e-01   9.6309257e-02
   2.9431438e-01   9.6555128e-02
   2.9765886e-01   9.6790917e-02
   3.0100334e-01   9.7016679e-02
   3.0434783e-01   9.7232470e-02
   3.0769231e-01   9.7438346e-02
   3.1103679e-01   9.7634361e-02
   3.1438127e-01   9.7820569e-02
   3.1772575e-01   9.7997024e-02
   3.2107023e-01   9.8163777e-02
   3.2441472e-01   9.8320881e-02
   3.2775920e-01   9.8468388e-02
   3.3110368e-01   9.8606348e-02
   3.3444816e-01   9.8734813e-02
   3.3779264e-01   9.8853833e-02
   3.4113712e-01   9.8963457e-02
   3.4448161e-01   9.9063735e-02
   3.4782609e-01   9.9154717e-02
   3.5117057e-01   9.9236451e-02
   3.5451505e-01   9.9308986e-02
   3.5785953e-01   9.9372370e-02
   3.6120401e-01   9.9426652e-02
   3.6454849e-01   9.9471878e-02
   3.6789298e-01   9.9508098e-02
   3.7123746e-01   9.9535358e-02
   3.7458194e-01   9.9553706e-02
   3.7792642e-01   9.9563188e-02
   3.8127090e-01   9.9563853e-02
   3.8461538e-01   9.9555746e-02
   3.8795987e-01   9.9538914e-02
   3.9130435e-01   9.9513404e-02
   3.9464883e-01   9.9479263e-02
   3.9799331e-01   9.9436537e-02
   4.0133779e-01   9.9385273e-02
   4.0468227e-01   9.9325516e-02
   4.0802676e-01   9.9257313e-02
   4.1137124e-01   9.9180710e-02
   4.1471572e-01   9.9095753e-02
   4.1806020e-01   9.9002489e-02
   4.2140468e-01   9.8900964e-02
   4.2474916e-01   9.8791224e-02
   4.2809365e-01   9.8673314e-02
   4.3143813e-01   9.8547281e-02
   4.3478261e-01   9.8413172e-02
   4.3812709e-01   9.8271032e-02
   4.4147157e-01   9.8120907e-02
   4.4481605e-01   9.7962844e-02
   4.4816054e-01   9.7796889e-02
   4.5150502e-01   9.7623087e-02
   4.5484950e-01   9.7441486e-02
   4.5819398e-01   9.7252132e-02
   4.6153846e-01   9.7055071e-02
   4.6488294e-01   9.6850350e-02
   4.6822742e-01   9.6638014e-02
   4.7157191e-01   9.6418111e-02
   4.7491639e-01   9.6190687e-02
   4.7826087e-01   9.5955789e-02
   4.8160535e-01   9.5713464e-02
   4.8494983e-01   9.5463757e-02
   4.8829431e-01   9.5206717e-02
   4.9163880e-01   9.4942391e-02
   4.9498328e-01   9.4670824e-02
   4.9832776e-01   9.4392065e-02
   5.0167224e-01   9.4106160e-02
   5.0501672e-01   9.3813157e-02
   5.0836120e-01   9.3513103e-02
   5.1170569e-01   9.3206046e-02
   5.1505017e-01   9.2892033e-02
   5.1839465e-01   9.2571111e-02
   5.2173913e-01   9.2243329e-02
   5.2508361e-01   9.1908734e-02
   5.2842809e-01   9.1567374e-02
   5.3177258e-01   9.1219298e-02
   5.3511706e-01   9.0864552e-02
   5.3846154e-01   9.0503186e-02
   5.4180602e-01   9.0135247e-02
   5.4515050e-01   8.9760785e-02
   5.4849498e-01   8.9379846e-02
   5.5183946e-01   8.8992481e-02
   5.5518395e-01   8.8598737e-02
   5.5852843e-01   8.8198663e-02
   5.6187291e-01   8.7792309e-02
   5.6521739e-01   8.7379722e-02
   5.6856187e-01   8.6960953e-02
   5.7190635e-01   8.6536050e-02
   5.7525084e-01   8.6105062e-02
   5.7859532e-01   8.5668039e-02
   5.8193980e-01   8.5225030e-02
   5.8528428e-01   8.4776085e-02
   5.8862876e-01   8.4321253e-02
   5.9197324e-01   8.3860585e-02
   5.9531773e-01   8.3394128e-02
   5.9866221e-01   8.2921935e-02
   6.0200669e-01   8.2444054e-02
   6.0535117e-01   8.1960536e-02
   6.0869565e-01   8.1471430e-02
   6.1204013e-01   8.0976788e-02
   6.1538462e-01   8.0476659e-02
   6.1872910e-01   7.9971095e-02
   6.2207358e-01   7.9460144e-02
   6.2541806e-01   7.8943859e-02
   6.2876254e-01   7.8422289e-02
   6.3210702e-01   7.7895487e-02
   6.3545151e-01   7.7363501e-02
   6.3879599e-01   7.6826384e-02
   6.4214047e-01   7.6284187e-02
   6.4548495e-01   7.5736960e-02
   6.4882943e-01   7.5184755e-02
   6.5217391e-01   7.4627624e-02
   6.5551839e-01   7.4065617e-02
   6.5886288e-01   7.3498786e-02
   6.6220736e-01   7.2927183e-02
   6.6555184e-01   7.2350859e-02
   6.6889632e-01   7.1769867e-02
   6.7224080e-01   7.1184257e-02
   6.7558528e-01   7.0594082e-02
   6.7892977e-01   6.9999394e-02
   6.8227425e-01   6.9400244e-02
   6.8561873e-01   6.8796685e-02
   6.8896321e-01   6.8188769e-02
   6.9230769e-01   6.7576549e-02
   6.9565217e-01   6.6960076e-02
   6.9899666e-01   6.6339403e-02
   7.0234114e-01   6.5714583e-02
   7.0568562e-01   6.5085667e-02
   7.0903010e-01   6.4452709e-02
   7.1237458e-01   6.3815762e-02
   7.1571906e-01   6.3174877e-02
   7.1906355e-01   6.2530108e-02
   7.2240803e-01   6.1881508e-02
   7.2575251e-01   6.1229129e-02
   7.2909699e-01   6.0573025e-02
   7.3244147e-01   5.9913248e-02
   7.3578595e-01   5.9249852e-02
   7.3913043e-01   5.8582890e-02
   7.4247492e-01   5.7912415e-02
   7.4581940e-01   5.7238480e-02
   7.4916388e-01   5.6561138e-02
   7.5250836e-01   5.5880444e-02
   7.5585284e-01   5.5196450e-02
   7.5919732e-01   5.4509209e-02
   7.6254181e-01   5.3818776e-02
   7.6588629e-01   5.3125204e-02
   7.6923077e-01   5.2428546e-02
   7.7257525e-01   5.1728856e-02
   7.7591973e-01   5.1026188e-02
   7.7926421e-01   5.0320596e-02
   7.8260870e-01   4.9612133e-02
   7.8595318e-01   4.8900853e-02
   7.8929766e-01   4.8186810e-02
   7.9264214e-01   4.7470058e-02
   7.9598662e-01   4.6750651e-02
   7.9933110e-01   4.6028642e-02
   8.0267559e-01   4.5304087e-02
   8.0602007e-01   4.4577038e-02
   8.0936455e-01   4.3847550e-02
   8.1270903e-01   4.3115677e-02
   8.1605351e-01   4.2381472e-02
   8.1939799e-01   4.1644991e-02
   8.2274247e-01   4.0906288e-02
   8.2608696e-01   4.0165416e-02
   8.2943144e-01   3.9422430e-02
   8.3277592e-01   3.8677383e-02
   8.3612040e-01   3.7930331e-02
   8.3946488e-01   3.7181328e-02
   8.4280936e-01   3.6430428e-02
   8.4615385e-01   3.5677684e-02
   8.4949833e-01   3.4923152e-02
   8.5284281e-01   3.4166886e-02
   8.5618729e-01   3.3408941e-02
   8.5953177e-01   3.2649370e-02
   8.6287625e-01   3.1888228e-02
   8.6622074e-01   3.1125569e-02
   8.6956522e-01   3.0361448e-02
   8.7290970e-01   2.9595919e-02
   8.7625418e-01   2.8829037e-02
   8.7959866e-01   2.8060856e-02
   8.8294314e-01   2.7291431e-02
   8.8628763e-01   2.6520815e-02
   8.8963211e-01   2.5749064e-02
   8.9297659e-01   2.4976231e-02
   8.9632107e-01   2.4202372e-02
   8.9966555e-01   2.3427541e-02
   9.0301003e-01   2.2651791e-02
   9.0635452e-01   2.1875178e-02
   9.0969900e-01   2.1097756e-02
   9.1304348e-01   2.0319579e-02
   9.1638796e-01   1.9540702e-02
   9.1973244e-01   1.8761179e-02
   9.2307692e-01   1.7981065e-02
   9.2642140e-01   1.7200413e-02
   9.2976589e-01   1.6419279e-02
   9.3311037e-01   1.5637716e-02
   9.3645485e-01   1.4855780e-02
   9.3979933e-01   1.4073523e-02
   9.4314381e-01   1.3291001e-02
   9.4648829e-01   1.2508268e-02
   9.4983278e-01   1.1725377e-02
   9.5317726e-01   1.0942384e-02
   9.5652174e-01   1.0159343e-02
   9.5986622e-01   9.3763066e-03
   9.6321070e-01   8.5933304e-03
   9.6655518e-01   7.8104682e-03
   9.6989967e-01   7.0277740e-03
   9.7324415e-01   6.2453019e-03
   9.7658863e-01   5.4631060e-03
   9.7993311e-01   4.6812402e-03
   9.8327759e-01   3.8997586e-03
   9.8662207e-01   3.1187151e-03
   9.8996656e-01   2.3381637e-03
   9.9331104e-01   1.5581581e-03
   9.9665552e-01   7.7875227e-04
   1.0000000e+00   0.0000000e+00
   1.0000000e+00   0.0000000e+00
   9.9665552e-01   6.4082831e-05
   9.9331104e-01   1.2638940e-04
   9.8996656e-01   1.8697920e-04
   9.8662207e-01   2.4591059e-04
   9.8327759e-01   3.0324076e-04
   9.7993311e-01   3.5902575e-04
   9.7658863e-01   4.1332047e-04
   9.7324415e-01   4.6617870e-04
   9.6989967e-01   5.1765308e-04
   9.6655518e-01   5.6779513e-04
   9.6321070e-01   6.1665526e-04
   9.5986622e-01   6.6428276e-04
   9.5652174e-01   7.1072581e-04
   9.5317726e-01   7.5603152e-04
   9.4983278e-01   8.0024587e-04
   9.4648829e-01   8.4341378e-04
   9.4314381e-01   8.8557907e-04
   9.3979933e-01   9.2678449e-04
   9.3645485e-01   9.6707173e-04
   9.3311037e-01   1.0064814e-03
   9.2976589e-01   1.0450531e-03
   9.2642140e-01   1.0828253e-03
   9.2307692e-01   1.1198355e-03
   9.1973244e-01   1.1561201e-03
   9.1638796e-01   1.1917145e-03
   9.1304348e-01   1.2266531e-03
   9.0969900e-01   1.2609692e-03
   9.0635452e-01   1.2946952e-03
   9.0301003e-01   1.3278624e-03
   8.9966555e-01   1.3605011e-03
   8.9632107e-01   1.3926407e-03
   8.9297659e-01   1.4243095e-03
   8.8963211e-01   1.4555349e-03
   8.8628763e-01   1.4863432e-03
   8.8294314e-01   1.5167600e-03
   8.7959866e-01   1.5468096e-03
   8.7625418e-01   1.5765156e-03
   8.7290970e-01   1.6059005e-03
   8.6956522e-01   1.6349859e-03
   8.6622074e-01   1.6637926e-03
   8.6287625e-01   1.6923402e-03
   8.5953177e-01   1.7206476e-03
   8.5618729e-01   1.7487328e-03
   8.5284281e-01   1.7766126e-03
   8.4949833e-01   1.8043033e-03
   8.4615385e-01   1.8318200e-03
   8.4280936e-01   1.8591770e-03
   8.3946488e-01   1.8863879e-03
   8.3612040e-01   1.9134651e-03
   8.3277592e-01   1.9404204e-03
   8.2943144e-01   1.9672645e-03
   8.2608696e-01   1.9940076e-03
   8.2274247e-01   2.0206587e-03
   8.1939799e-01   2.0472262e-03
   8.1605351e-01   2.0737175e-03
   8.1270903e-01   2.1001393e-03
   8.0936455e-01   2.1264973e-03
   8.0602007e-01   2.1527968e-03
   8.0267559e-01   2.1790418e-03
   7.9933110e-01   2.2052357e-03
   7.9598662e-01   2.2313814e-03
   7.9264214e-01   2.2574805e-03
   7.8929766e-01   2.2835343e-03
   7.8595318e-01   2.3095430e-03
   7.8260870e-01   2.3355062e-03
   7.7926421e-01   2.3614227e-03
   7.7591973e-01   2.3872907e-03
   7.7257525e-01   2.4131075e-03
   7.6923077e-01   2.4388697e-03
   7.6588629e-01   2.4645732e-03
   7.6254181e-01   2.4902132e-03
   7.5919732e-01   2.5157843e-03
   7.5585284e-01   2.5412803e-03
   7.5250836e-01   2.5666942e-03
   7.4916388e-01   2.5920186e-03
   7.4581940e-01   2.6172451e-03
   7.4247492e-01   2.6423650e-03
   7.3913043e-01   2.6673687e-03
   7.3578595e-01   2.6922461e-03
   7.3244147e-01   2.7169863e-03
   7.2909699e-01   2.7415779e-03
   7.2575251e-01   2.7660088e-03
   7.2240803e-01   2.7902664e-03
   7.1906355e-01   2.8143375e-03
   7.1571906e-01   2.8382081e-03
   7.1237458e-01   2.8618639e-03
   7.0903010e-01   2.8852899e-03
   7.0568562e-01   2.9084704e-03
   7.0234114e-01   2.9313894e-03
   6.9899666e-01   2.9540302e-03
   6.9565217e-01   2.9763756e-03
   6.9230769e-01   2.9984078e-03
   6.8896321e-01   3.0201087e-03
   6.8561873e-01   3.0414593e-03
   6.8227425e-01   3.0624405e-03
   6.7892977e-01   3.0830326e-03
   6.7558528e-01   3.1032153e-03
   6.7224080e-01   3.1229678e-03
   6.6889632e-01   3.1422691e-03
   6.6555184e-01   3.1610975e-03
   6.6220736e-01   3.1794309e-03
   6.5886288e-01   3.1972470e-03
   6.5551839e-01   3.2145227e-03
   6.5217391e-01   3.2312348e-03
   6.4882943e-01   3.2473595e-03
   6.4548495e-01   3.2628728e-03
   6.4214047e-01   3.2777501e-03
   6.3879599e-01   3.2919667e-03
   6.3545151e-01   3.3054973e-03
   6.3210702e-01   3.3183163e-03
   6.2876254e-01   3.3303978e-03
   6.2541806e-01   3.3417157e-03
   6.2207358e-01   3.3522435e-03
   6.1872910e-01   3.3619542e-03
   6.1538462e-01   3.3708207e-03
   6.1204013e-01   3.3788158e-03
   6.0869565e-01   3.3859116e-03
   6.0535117e-01   3.3920803e-03
   6.0200669e-01   3.3972936e-03
   5.9866221e-01   3.4015233e-03
   5.9531773e-01   3.4047406e-03
   5.9197324e-01   3.4069168e-03
   5.8862876e-01   3.4080227e-03
   5.8528428e-01   3.4080293e-03
   5.8193980e-01   3.4069071e-03
   5.7859532e-01   3.4046266e-03
   5.7525084e-01   3.4011580e-03
   5.7190635e-01   3.3964716e-03
   5.6856187e-01   3.3905375e-03
   5.6521739e-01   3.3833256e-03
   5.6187291e-01   3.3748057e-03
   5.5852843e-01   3.3649478e-03
   5.5518395e-01   3.3537214e-03
   5.5183946e-01   3.3410962e-03
   5.4849498e-01   3.3270420e-03
   5.4515050e-01   3.3115282e-03
   5.4180602e-01   3.2945246e-03
   5.3846154e-01   3.2760008e-03
   5.3511706e-01   3.2559263e-03
   5.3177258e-01   3.2342709e-03
   5.2842809e-01   3.2110042e-03
   5.2508361e-01   3.1860962e-03
   5.2173913e-01   3.1595166e-03
   5.1839465e-01   3.1312355e-03
   5.1505017e-01   3.1012229e-03
   5.1170569e-01   3.0694491e-03
   5.0836120e-01   3.0358844e-03
   5.0501672e-01   3.0004994e-03
   5.0167224e-01   2.9632649e-03
   4.9832776e-01   2.9241517e-03
   4.9498328e-01   2.8831311e-03
   4.9163880e-01   2.8401743e-03
   4.8829431e-01   2.7952530e-03
   4.8494983e-01   2.7483392e-03
   4.8160535e-01   2.6994051e-03
   4.7826087e-01   2.6484230e-03
   4.7491639e-01   2.5953660e-03
   4.7157191e-01   2.5402072e-03
   4.6822742e-01   2.4829201e-03
   4.6488294e-01   2.4234788e-03
   4.6153846e-01   2.3618575e-03
   4.5819398e-01   2.2980310e-03
   4.5484950e-01   2.2319747e-03
   4.5150502e-01   2.1636642e-03
   4.4816054e-01   2.0930758e-03
   4.4481605e-01   2.0201861e-03
   4.4147157e-01   1.9449726e-03
   4.3812709e-01   1.8674130e-03
   4.3478261e-01   1.7874857e-03
   4.3143813e-01   1.7051699e-03
   4.2809365e-01   1.6204453e-03
   4.2474916e-01   1.5332921e-03
   4.2140468e-01   1.4436915e-03
   4.1806020e-01   1.3516251e-03
   4.1471572e-01   1.2570757e-03
   4.1137124e-01   1.1600263e-03
   4.0802676e-01   1.0604612e-03
   4.0468227e-01   9.5836513e-04
   4.0133779e-01   8.5372400e-04
   3.9799331e-01   7.4652445e-04
   3.9464883e-01   6.3675404e-04
   3.9130435e-01   5.2440132e-04
   3.8795987e-01   4.0945579e-04
   3.8461538e-01   2.9190800e-04
   3.8127090e-01   1.7174952e-04
   3.7792642e-01   4.8973015e-05
   3.7458194e-01  -7.6427721e-05
   3.7123746e-01  -2.0445775e-04
   3.6789298e-01  -3.3512094e-04
   3.6454849e-01  -4.6841993e-04
   3.6120401e-01  -6.0435607e-04
   3.5785953e-01  -7.4292943e-04
   3.5451505e-01  -8.8413870e-04
   3.5117057e-01  -1.0279812e-03
   3.4782609e-01  -1.1744528e-03
   3.4448161e-01  -1.3235479e-03
   3.4113712e-01  -1.4752593e-03
   3.3779264e-01  -1.6295783e-03
   3.3444816e-01  -1.7864946e-03
   3.3110368e-01  -1.9459961e-03
   3.2775920e-01  -2.1080692e-03
   3.2441472e-01  -2.2726982e-03
   3.2107023e-01  -2.4398658e-03
   3.1772575e-01  -2.6095528e-03
   3.1438127e-01  -2.7817379e-03
   3.1103679e-01  -2.9563979e-03
   3.0769231e-01  -3.1335075e-03
   3.0434783e-01  -3.3130392e-03
   3.0100334e-01  -3.4949634e-03
   2.9765886e-01  -3.6792481e-03
   2.9431438e-01  -3.8658590e-03
   2.9096990e-01  -4.0547595e-03
   2.8762542e-01  -4.2459103e-03
   2.8428094e-01  -4.4392695e-03
   2.8093645e-01  -4.6347928e-03
   2.7759197e-01  -4.8324327e-03
   2.7424749e-01  -5.0321394e-03
   2.7090301e-01  -5.2338596e-03
   2.6755853e-01  -5.4375374e-03
   2.6421405e-01  -5.6431135e-03
   2.6086957e-01  -5.8505254e-03
   2.5752508e-01  -6.0597074e-03
   2.5418060e-01  -6.2705899e-03
   2.5083612e-01  -6.4831003e-03
   2.4749164e-01  -6.6971616e-03
   2.4414716e-01  -6.9126936e-03
   2.4080268e-01  -7.1296115e-03
   2.3745819e-01  -7.3478268e-03
   2.3411371e-01  -7.5672463e-03
   2.3076923e-01  -7.7877727e-03
   2.2742475e-01  -8.0093039e-03
   2.2408027e-01  -8.2317328e-03
   2.2073579e-01  -8.4549475e-03
   2.1739130e-01  -8.6788309e-03
   2.1404682e-01  -8.9032604e-03
   2.1070234e-01  -9.1281077e-03
   2.0735786e-01  -9.3532387e-03
   2.0401338e-01  -9.5785131e-03
   2.0066890e-01  -9.8037842e-03
   1.9732441e-01  -1.0028899e-02
   1.9397993e-01  -1.0253696e-02
   1.9063545e-01  -1.0478009e-02
   1.8729097e-01  -1.0701661e-02
   1.8394649e-01  -1.0924471e-02
   1.8060201e-01  -1.1146245e-02
   1.7725753e-01  -1.1366783e-02
   1.7391304e-01  -1.1585875e-02
   1.7056856e-01  -1.1803302e-02
   1.6722408e-01  -1.2018834e-02
   1.6387960e-01  -1.2232230e-02
   1.6053512e-01  -1.2443237e-02
   1.5719064e-01  -1.2651592e-02
   1.5384615e-01  -1.2857016e-02
   1.5050167e-01  -1.3059220e-02
   1.4715719e-01  -1.3257897e-02
   1.4381271e-01  -1.3452728e-02
   1.4046823e-01  -1.3643375e-02
   1.3712375e-01  -1.3829484e-02
   1.3377926e-01  -1.4010682e-02
   1.3043478e-01  -1.4186575e-02
   1.2709030e-01  -1.4356749e-02
   1.2374582e-01  -1.4520766e-02
   1.2040134e-01  -1.4678164e-02
   1.1705686e-01  -1.4828454e-02
   1.1371237e-01  -1.4971115e-02
   1.1036789e-01  -1.5105598e-02
   1.0702341e-01  -1.5231317e-02
   1.0367893e-01  -1.5347651e-02
   1.0033445e-01  -1.5453933e-02
   9.6989967e-02  -1.5549455e-02
   9.3645485e-02  -1.5633456e-02
   9.0301003e-02  -1.5705119e-02
   8.6956522e-02  -1.5763567e-02
   8.3612040e-02  -1.5807850e-02
   8.0267559e-02  -1.5836942e-02
   7.6923077e-02  -1.5849728e-02
   7.3578595e-02  -1.5844993e-02
   7.0234114e-02  -1.5821404e-02
   6.6889632e-02  -1.5777498e-02
   6.3545151e-02  -1.5711657e-02
   6.0200669e-02  -1.5622084e-02
   5.6856187e-02  -1.5506768e-02
   5.3511706e-02  -1.5363446e-02
   5.0167224e-02  -1.5189546e-02
   4.6822742e-02  -1.4982128e-02
   4.3478261e-02  -1.4737786e-02
   4.0133779e-02  -1.4452534e-02
   3.6789298e-02  -1.4121643e-02
   3.3444816e-02  -1.3739408e-02
   3.0100334e-02  -1.3298814e-02
   2.6755853e-02  -1.2791034e-02
   2.3411371e-02  -1.2204639e-02
   2.0066890e-02  -1.1524281e-02
   1.6722408e-02  -1.0728360e-02
   1.3377926e-02  -9.7844662e-03
   1.0033445e-02  -8.6392483e-03
   6.6889632e-03  -7.1909897e-03
   3.3444816e-03  -5.1830200e-03
   0.0000000e+00  -0.0000000e+00
