   0.0000000e+00   0.0000000e+00
   3.3444816e-03   8.9747800e-03
   6.6889632e-03   1.2644818e-02
   1.0033445e-02   1.5428991e-02
   1.3377926e-02   1.7749725e-02
   1.6722408e-02   1.9771366e-02
   2.0066890e-02   2.1578565e-02
   2.3411371e-02   2.3221823e-02
   2.6755853e-02   2.4734187e-02
   3.0100334e-02   2.6138708e-02
   3.3444816e-02   2.7452244e-02
   3.6789298e-02   2.8687575e-02
   4.0133779e-02   2.9854672e-02
   4.3478261e-02   3.0961498e-02
   4.6822742e-02   3.2014536e-02
   5.0167224e-02   3.3019153e-02
   5.3511706e-02   3.3979849e-02
   5.6856187e-02   3.4900451e-02
   6.0200669e-02   3.5784238e-02
   6.3545151e-02   3.6634053e-02
   6.6889632e-02   3.7452377e-02
   7.0234114e-02   3.8241395e-02
   7.3578595e-02   3.9003039e-02
   7.6923077e-02   3.9739029e-02
   8.0267559e-02   4.0450907e-02
   8.3612040e-02   4.1140059e-02
   8.6956522e-02   4.1807738e-02
   9.0301003e-02   4.2455080e-02
   9.3645485e-02   4.3083119e-02
   9.6989967e-02   4.3692802e-02
   1.0033445e-01   4.4284995e-02
   1.0367893e-01   4.4860495e-02
   1.0702341e-01   4.5420037e-02
   1.1036789e-01   4.5964298e-02
   1.1371237e-01   4.6493908e-02
   1.1705686e-01   4.7009450e-02
   1.2040134e-01   4.7511467e-02
   1.2374582e-01   4.8000465e-02
   1.2709030e-01   4.8476915e-02
   1.3043478e-01   4.8941260e-02
   1.3377926e-01   4.9393913e-02
   1.3712375e-01   4.9835262e-02
   1.4046823e-01   5.0265671e-02
   1.4381271e-01   5.0685483e-02
   1.4715719e-01   5.1095020e-02
   1.5050167e-01   5.1494587e-02
   1.5384615e-01   5.1884470e-02
   1.5719064e-01   5.2264942e-02
   1.6053512e-01   5.2636257e-02
   1.6387960e-01   5.2998660e-02
   1.6722408e-01   5.3352379e-02
   1.7056856e-01   5.3697632e-02
   1.7391304e-01   5.4034627e-02
   1.7725753e-01   5.4363559e-02
   1.8060201e-01   5.4684614e-02
   1.8394649e-01   5.4997971e-02
   1.8729097e-01   5.5303798e-02
   1.9063545e-01   5.5602254e-02
   1.9397993e-01   5.5893493e-02
   1.9732441e-01   5.6177660e-02
   2.0066890e-01   5.6454894e-02
   2.0401338e-01   5.6725327e-02
   2.0735786e-01   5.6989085e-02
   2.1070234e-01   5.7246288e-02
   2.1404682e-01   5.7497052e-02
   2.1739130e-01   5.7741486e-02
   2.2073579e-01   5.7979695e-02
   2.2408027e-01   5.8211778e-02
   2.2742475e-01   5.8437832e-02
   2.3076923e-01   5.8657947e-02
   2.3411371e-01   5.8872212e-02
   2.3745819e-01   5.9080710e-02
   2.4080268e-01   5.9283520e-02
   2.4414716e-01   5.9480719e-02
   2.4749164e-01   5.9672381e-02
   2.5083612e-01   5.9858575e-02
   2.5418060e-01   6.0039368e-02
   2.5752508e-01   6.0214824e-02
   2.6086957e-01   6.0385005e-02
   2.6421405e-01   6.0549969e-02
   2.6755853e-01   6.0709771e-02
   2.7090301e-01   6.0864467e-02
   2.7424749e-01   6.1014107e-02
   2.7759197e-01   6.1158741e-02
   2.8093645e-01   6.1298415e-02
   2.8428094e-01   6.1433174e-02
   2.8762542e-01   6.1563062e-02
   2.9096990e-01   6.1688120e-02
   2.9431438e-01   6.1808386e-02
   2.9765886e-01   6.1923900e-02
   3.0100334e-01   6.2034696e-02
   3.0434783e-01   6.2140810e-02
   3.0769231e-01   6.2242274e-02
   3.1103679e-01   6.2339119e-02
   3.1438127e-01   6.2431376e-02
   3.1772575e-01   6.2519074e-02
   3.2107023e-01   6.2602239e-02
   3.2441472e-01   6.2680898e-02
   3.2775920e-01   6.2755076e-02
   3.3110368e-01   6.2824797e-02
   3.3444816e-01   6.2890084e-02
   3.3779264e-01   6.2950958e-02
   3.4113712e-01   6.3007439e-02
   3.4448161e-01   6.3059548e-02
   3.4782609e-01   6.3107304e-02
   3.5117057e-01   6.3150724e-02
   3.5451505e-01   6.3189825e-02
   3.5785953e-01   6.3224623e-02
   3.6120401e-01   6.3255134e-02
   3.6454849e-01   6.3281373e-02
   3.6789298e-01   6.3303352e-02
   3.7123746e-01   6.3321086e-02
   3.7458194e-01   6.3334588e-02
   3.7792642e-01   6.3343867e-02
   3.8127090e-01   6.3348937e-02
   3.8461538e-01   6.3349808e-02
   3.8795987e-01   6.3346490e-02
   3.9130435e-01   6.3338992e-02
   3.9464883e-01   6.3327324e-02
   3.9799331e-01   6.3311493e-02
   4.0133779e-01   6.3291509e-02
   4.0468227e-01   6.3267379e-02
   4.0802676e-01   6.3239109e-02
   4.1137124e-01   6.3206708e-02
   4.1471572e-01   6.3170180e-02
   4.1806020e-01   6.3129533e-02
   4.2140468e-01   6.3084772e-02
   4.2474916e-01   6.3035903e-02
   4.2809365e-01   6.2982929e-02
   4.3143813e-01   6.2925857e-02
   4.3478261e-01   6.2864691e-02
   4.3812709e-01   6.2799435e-02
   4.4147157e-01   6.2730093e-02
   4.4481605e-01   6.2656668e-02
   4.4816054e-01   6.2579165e-02
   4.5150502e-01   6.2497587e-02
   4.5484950e-01   6.2411936e-02
   4.5819398e-01   6.2322217e-02
   4.6153846e-01   6.2228431e-02
   4.6488294e-01   6.2130581e-02
   4.6822742e-01   6.2028670e-02
   4.7157191e-01   6.1922701e-02
   4.7491639e-01   6.1812676e-02
   4.7826087e-01   6.1698596e-02
   4.8160535e-01   6.1580465e-02
   4.8494983e-01   6.1458284e-02
   4.8829431e-01   6.1332056e-02
   4.9163880e-01   6.1201781e-02
   4.9498328e-01   6.1067464e-02
   4.9832776e-01   6.0929104e-02
   5.0167224e-01   6.0786705e-02
   5.0501672e-01   6.0640268e-02
   5.0836120e-01   6.0489796e-02
   5.1170569e-01   6.0335289e-02
   5.1505017e-01   6.0176751e-02
   5.1839465e-01   6.0014182e-02
   5.2173913e-01   5.9847586e-02
   5.2508361e-01   5.9676964e-02
   5.2842809e-01   5.9502319e-02
   5.3177258e-01   5.9323653e-02
   5.3511706e-01   5.9140967e-02
   5.3846154e-01   5.8954266e-02
   5.4180602e-01   5.8763550e-02
   5.4515050e-01   5.8568823e-02
   5.4849498e-01   5.8370088e-02
   5.5183946e-01   5.8167347e-02
   5.5518395e-01   5.7960604e-02
   5.5852843e-01   5.7749861e-02
   5.6187291e-01   5.7535122e-02
   5.6521739e-01   5.7316390e-02
   5.6856187e-01   5.7093670e-02
   5.7190635e-01   5.6866964e-02
   5.7525084e-01   5.6636277e-02
   5.7859532e-01   5.6401613e-02
   5.8193980e-01   5.6162976e-02
   5.8528428e-01   5.5920370e-02
   5.8862876e-01   5.5673802e-02
   5.9197324e-01   5.5423274e-02
   5.9531773e-01   5.5168793e-02
   5.9866221e-01   5.4910365e-02
   6.0200669e-01   5.4647993e-02
   6.0535117e-01   5.4381685e-02
   6.0869565e-01   5.4111447e-02
   6.1204013e-01   5.3837284e-02
   6.1538462e-01   5.3559204e-02
   6.1872910e-01   5.3277214e-02
   6.2207358e-01   5.2991319e-02
   6.2541806e-01   5.2701529e-02
   6.2876254e-01   5.2407849e-02
   6.3210702e-01   5.2110290e-02
   6.3545151e-01   5.1808858e-02
   6.3879599e-01   5.1503562e-02
   6.4214047e-01   5.1194411e-02
   6.4548495e-01   5.0881414e-02
   6.4882943e-01   5.0564581e-02
   6.5217391e-01   5.0243921e-02
   6.5551839e-01   4.9919445e-02
   6.5886288e-01   4.9591162e-02
   6.6220736e-01   4.9259084e-02
   6.6555184e-01   4.8923221e-02
   6.6889632e-01   4.8583586e-02
   6.7224080e-01   4.8240189e-02
   6.7558528e-01   4.7893043e-02
   6.7892977e-01   4.7542161e-02
   6.8227425e-01   4.7187555e-02
   6.8561873e-01   4.6829238e-02
   6.8896321e-01   4.6467224e-02
   6.9230769e-01   4.6101526e-02
   6.9565217e-01   4.5732160e-02
   6.9899666e-01   4.5359140e-02
   7.0234114e-01   4.4982480e-02
   7.0568562e-01   4.4602197e-02
   7.0903010e-01   4.4218306e-02
   7.1237458e-01   4.3830823e-02
   7.1571906e-01   4.3439766e-02
   7.1906355e-01   4.3045150e-02
   7.2240803e-01   4.2646995e-02
   7.2575251e-01   4.2245316e-02
   7.2909699e-01   4.1840134e-02
   7.3244147e-01   4.1431466e-02
   7.3578595e-01   4.1019332e-02
   7.3913043e-01   4.0603752e-02
   7.4247492e-01   4.0184745e-02
   7.4581940e-01   3.9762331e-02
   7.4916388e-01   3.9336533e-02
   7.5250836e-01   3.8907371e-02
   7.5585284e-01   3.8474867e-02
   7.5919732e-01   3.8039043e-02
   7.6254181e-01   3.7599922e-02
   7.6588629e-01   3.7157528e-02
   7.6923077e-01   3.6711884e-02
   7.7257525e-01   3.6263013e-02
   7.7591973e-01   3.5810942e-02
   7.7926421e-01   3.5355694e-02
   7.8260870e-01   3.4897296e-02
   7.8595318e-01   3.4435774e-02
   7.8929766e-01   3.3971153e-02
   7.9264214e-01   3.3503462e-02
   7.9598662e-01   3.3032727e-02
   7.9933110e-01   3.2558977e-02
   8.0267559e-01   3.2082241e-02
   8.0602007e-01   3.1602547e-02
   8.0936455e-01   3.1119924e-02
   8.1270903e-01   3.0634404e-02
   8.1605351e-01   3.0146017e-02
   8.1939799e-01   2.9654793e-02
   8.2274247e-01   2.9160765e-02
   8.2608696e-01   2.8663965e-02
   8.2943144e-01   2.8164424e-02
   8.3277592e-01   2.7662178e-02
   8.3612040e-01   2.7157258e-02
   8.3946488e-01   2.6649701e-02
   8.4280936e-01   2.6139540e-02
   8.4615385e-01   2.5626811e-02
   8.4949833e-01   2.5111550e-02
   8.5284281e-01   2.4593793e-02
   8.5618729e-01   2.4073578e-02
   8.5953177e-01   2.3550942e-02
   8.6287625e-01   2.3025923e-02
   8.6622074e-01   2.2498561e-02
   8.6956522e-01   2.1968894e-02
   8.7290970e-01   2.1436962e-02
   8.7625418e-01   2.0902806e-02
   8.7959866e-01   2.0366467e-02
   8.8294314e-01   1.9827986e-02
   8.8628763e-01   1.9287406e-02
   8.8963211e-01   1.8744770e-02
   8.9297659e-01   1.8200120e-02
   8.9632107e-01   1.7653502e-02
   8.9966555e-01   1.7104958e-02
   9.0301003e-01   1.6554536e-02
   9.0635452e-01   1.6002280e-02
   9.0969900e-01   1.5448236e-02
   9.1304348e-01   1.4892453e-02
   9.1638796e-01   1.4334977e-02
   9.1973244e-01   1.3775856e-02
   9.2307692e-01   1.3215140e-02
   9.2642140e-01   1.2652878e-02
   9.2976589e-01   1.2089119e-02
   9.3311037e-01   1.1523915e-02
   9.3645485e-01   1.0957317e-02
   9.3979933e-01   1.0389377e-02
   9.4314381e-01   9.8201478e-03
   9.4648829e-01   9.2496819e-03
   9.4983278e-01   8.6780335e-03
   9.5317726e-01   8.1052570e-03
   9.5652174e-01   7.5314076e-03
   9.5986622e-01   6.9565411e-03
   9.6321070e-01   6.3807139e-03
   9.6655518e-01   5.8039830e-03
   9.6989967e-01   5.2264063e-03
   9.7324415e-01   4.6480420e-03
   9.7658863e-01   4.0689492e-03
   9.7993311e-01   3.4891876e-03
   9.8327759e-01   2.9088175e-03
   9.8662207e-01   2.3279001e-03
   9.8996656e-01   1.7464969e-03
   9.9331104e-01   1.1646703e-03
   9.9665552e-01   5.8248347e-04
   1.0000000e+00   0.0000000e+00
   1.0000000e+00   0.0000000e+00
   9.9665552e-01  -6.1249240e-05
   9.9331104e-01  -1.2328901e-04
   9.8996656e-01  -1.8605307e-04
   9.8662207e-01  -2.4947650e-04
   9.8327759e-01  -3.1349565e-04
   9.7993311e-01  -3.7804818e-04
   9.7658863e-01  -4.4307300e-04
   9.7324415e-01  -5.0851034e-04
   9.6989967e-01  -5.7430165e-04
   9.6655518e-01  -6.4038968e-04
   9.6321070e-01  -7.0671842e-04
   9.5986622e-01  -7.7323312e-04
   9.5652174e-01  -8.3988026e-04
   9.5317726e-01  -9.0660756e-04
   9.4983278e-01  -9.7336399e-04
   9.4648829e-01  -1.0400997e-03
   9.4314381e-01  -1.1067662e-03
   9.3979933e-01  -1.1733159e-03
   9.3645485e-01  -1.2397028e-03
   9.3311037e-01  -1.3058818e-03
   9.2976589e-01  -1.3718091e-03
   9.2642140e-01  -1.4374422e-03
   9.2307692e-01  -1.5027396e-03
   9.1973244e-01  -1.5676610e-03
   9.1638796e-01  -1.6321674e-03
   9.1304348e-01  -1.6962208e-03
   9.0969900e-01  -1.7597844e-03
   9.0635452e-01  -1.8228226e-03
   9.0301003e-01  -1.8853009e-03
   8.9966555e-01  -1.9471859e-03
   8.9632107e-01  -2.0084454e-03
   8.9297659e-01  -2.0690483e-03
   8.8963211e-01  -2.1289645e-03
   8.8628763e-01  -2.1881651e-03
   8.8294314e-01  -2.2466223e-03
   8.7959866e-01  -2.3043094e-03
   8.7625418e-01  -2.3612008e-03
   8.7290970e-01  -2.4172718e-03
   8.6956522e-01  -2.4724989e-03
   8.6622074e-01  -2.5268598e-03
   8.6287625e-01  -2.5803331e-03
   8.5953177e-01  -2.6328984e-03
   8.5618729e-01  -2.6845363e-03
   8.5284281e-01  -2.7352287e-03
   8.4949833e-01  -2.7849583e-03
   8.4615385e-01  -2.8337089e-03
   8.4280936e-01  -2.8814652e-03
   8.3946488e-01  -2.9282131e-03
   8.3612040e-01  -2.9739393e-03
   8.3277592e-01  -3.0186316e-03
   8.2943144e-01  -3.0622787e-03
   8.2608696e-01  -3.1048704e-03
   8.2274247e-01  -3.1463973e-03
   8.1939799e-01  -3.1868512e-03
   8.1605351e-01  -3.2262245e-03
   8.1270903e-01  -3.2645108e-03
   8.0936455e-01  -3.3017046e-03
   8.0602007e-01  -3.3378013e-03
   8.0267559e-01  -3.3727971e-03
   7.9933110e-01  -3.4066893e-03
   7.9598662e-01  -3.4394761e-03
   7.9264214e-01  -3.4711563e-03
   7.8929766e-01  -3.5017300e-03
   7.8595318e-01  -3.5311978e-03
   7.8260870e-01  -3.5595615e-03
   7.7926421e-01  -3.5868236e-03
   7.7591973e-01  -3.6129873e-03
   7.7257525e-01  -3.6380569e-03
   7.6923077e-01  -3.6620374e-03
   7.6588629e-01  -3.6849347e-03
   7.6254181e-01  -3.7067555e-03
   7.5919732e-01  -3.7275072e-03
   7.5585284e-01  -3.7471982e-03
   7.5250836e-01  -3.7658375e-03
   7.4916388e-01  -3.7834349e-03
   7.4581940e-01  -3.8000012e-03
   7.4247492e-01  -3.8155478e-03
   7.3913043e-01  -3.8300868e-03
   7.3578595e-01  -3.8436310e-03
   7.3244147e-01  -3.8561943e-03
   7.2909699e-01  -3.8677908e-03
   7.2575251e-01  -3.8784359e-03
   7.2240803e-01  -3.8881452e-03
   7.1906355e-01  -3.8969352e-03
   7.1571906e-01  -3.9048233e-03
   7.1237458e-01  -3.9118273e-03
   7.0903010e-01  -3.9179656e-03
   7.0568562e-01  -3.9232577e-03
   7.0234114e-01  -3.9277233e-03
   6.9899666e-01  -3.9313830e-03
   6.9565217e-01  -3.9342580e-03
   6.9230769e-01  -3.9363700e-03
   6.8896321e-01  -3.9377415e-03
   6.8561873e-01  -3.9383954e-03
   6.8227425e-01  -3.9383554e-03
   6.7892977e-01  -3.9376457e-03
   6.7558528e-01  -3.9362910e-03
   6.7224080e-01  -3.9343166e-03
   6.6889632e-01  -3.9317485e-03
   6.6555184e-01  -3.9286130e-03
   6.6220736e-01  -3.9249372e-03
   6.5886288e-01  -3.9207485e-03
   6.5551839e-01  -3.9160749e-03
   6.5217391e-01  -3.9109449e-03
   6.4882943e-01  -3.9053875e-03
   6.4548495e-01  -3.8994321e-03
   6.4214047e-01  -3.8931088e-03
   6.3879599e-01  -3.8864477e-03
   6.3545151e-01  -3.8794799e-03
   6.3210702e-01  -3.8722366e-03
   6.2876254e-01  -3.8647494e-03
   6.2541806e-01  -3.8570505e-03
   6.2207358e-01  -3.8491723e-03
   6.1872910e-01  -3.8411477e-03
   6.1538462e-01  -3.8330100e-03
   6.1204013e-01  -3.8247929e-03
   6.0869565e-01  -3.8165301e-03
   6.0535117e-01  -3.8082562e-03
   6.0200669e-01  -3.8000057e-03
   5.9866221e-01  -3.7918135e-03
   5.9531773e-01  -3.7837149e-03
   5.9197324e-01  -3.7757455e-03
   5.8862876e-01  -3.7679410e-03
   5.8528428e-01  -3.7603375e-03
   5.8193980e-01  -3.7529712e-03
   5.7859532e-01  -3.7458789e-03
   5.7525084e-01  -3.7390972e-03
   5.7190635e-01  -3.7326630e-03
   5.6856187e-01  -3.7266136e-03
   5.6521739e-01  -3.7209864e-03
   5.6187291e-01  -3.7158187e-03
   5.5852843e-01  -3.7111484e-03
   5.5518395e-01  -3.7070131e-03
   5.5183946e-01  -3.7034508e-03
   5.4849498e-01  -3.7004995e-03
   5.4515050e-01  -3.6981973e-03
   5.4180602e-01  -3.6965825e-03
   5.3846154e-01  -3.6956932e-03
   5.3511706e-01  -3.6955678e-03
   5.3177258e-01  -3.6962446e-03
   5.2842809e-01  -3.6977619e-03
   5.2508361e-01  -3.7001580e-03
   5.2173913e-01  -3.7034714e-03
   5.1839465e-01  -3.7077401e-03
   5.1505017e-01  -3.7130025e-03
   5.1170569e-01  -3.7192968e-03
   5.0836120e-01  -3.7266609e-03
   5.0501672e-01  -3.7351328e-03
   5.0167224e-01  -3.7447504e-03
   4.9832776e-01  -3.7555514e-03
   4.9498328e-01  -3.7675732e-03
   4.9163880e-01  -3.7808533e-03
   4.8829431e-01  -3.7954288e-03
   4.8494983e-01  -3.8113366e-03
   4.8160535e-01  -3.8286135e-03
   4.7826087e-01  -3.8472958e-03
   4.7491639e-01  -3.8674197e-03
   4.7157191e-01  -3.8890212e-03
   4.6822742e-01  -3.9121357e-03
   4.6488294e-01  -3.9367984e-03
   4.6153846e-01  -3.9630443e-03
   4.5819398e-01  -3.9909078e-03
   4.5484950e-01  -4.0204229e-03
   4.5150502e-01  -4.0516233e-03
   4.4816054e-01  -4.0845421e-03
   4.4481605e-01  -4.1192121e-03
   4.4147157e-01  -4.1556655e-03
   4.3812709e-01  -4.1939339e-03
   4.3478261e-01  -4.2340486e-03
   4.3143813e-01  -4.2760400e-03
   4.2809365e-01  -4.3199381e-03
   4.2474916e-01  -4.3657723e-03
   4.2140468e-01  -4.4135713e-03
   4.1806020e-01  -4.4633631e-03
   4.1471572e-01  -4.5151749e-03
   4.1137124e-01  -4.5690334e-03
   4.0802676e-01  -4.6249643e-03
   4.0468227e-01  -4.6829928e-03
   4.0133779e-01  -4.7431428e-03
   3.9799331e-01  -4.8054379e-03
   3.9464883e-01  -4.8699003e-03
   3.9130435e-01  -4.9365517e-03
   3.8795987e-01  -5.0054127e-03
   3.8461538e-01  -5.0765027e-03
   3.8127090e-01  -5.1498404e-03
   3.7792642e-01  -5.2254433e-03
   3.7458194e-01  -5.3033277e-03
   3.7123746e-01  -5.3835090e-03
   3.6789298e-01  -5.4660013e-03
   3.6454849e-01  -5.5508175e-03
   3.6120401e-01  -5.6379692e-03
   3.5785953e-01  -5.7274667e-03
   3.5451505e-01  -5.8193193e-03
   3.5117057e-01  -5.9135344e-03
   3.4782609e-01  -6.0101183e-03
   3.4448161e-01  -6.1090759e-03
   3.4113712e-01  -6.2104103e-03
   3.3779264e-01  -6.3141232e-03
   3.3444816e-01  -6.4202148e-03
   3.3110368e-01  -6.5286834e-03
   3.2775920e-01  -6.6395258e-03
   3.2441472e-01  -6.7527369e-03
   3.2107023e-01  -6.8683097e-03
   3.1772575e-01  -6.9862356e-03
   3.1438127e-01  -7.1065037e-03
   3.1103679e-01  -7.2291013e-03
   3.0769231e-01  -7.3540136e-03
   3.0434783e-01  -7.4812236e-03
   3.0100334e-01  -7.6107122e-03
   2.9765886e-01  -7.7424580e-03
   2.9431438e-01  -7.8764370e-03
   2.9096990e-01  -8.0126232e-03
   2.8762542e-01  -8.1509876e-03
   2.8428094e-01  -8.2914991e-03
   2.8093645e-01  -8.4341236e-03
   2.7759197e-01  -8.5788242e-03
   2.7424749e-01  -8.7255614e-03
   2.7090301e-01  -8.8742926e-03
   2.6755853e-01  -9.0249721e-03
   2.6421405e-01  -9.1775511e-03
   2.6086957e-01  -9.3319775e-03
   2.5752508e-01  -9.4881958e-03
   2.5418060e-01  -9.6461472e-03
   2.5083612e-01  -9.8057689e-03
   2.4749164e-01  -9.9669946e-03
   2.4414716e-01  -1.0129754e-02
   2.4080268e-01  -1.0293973e-02
   2.3745819e-01  -1.0459573e-02
   2.3411371e-01  -1.0626472e-02
   2.3076923e-01  -1.0794581e-02
   2.2742475e-01  -1.0963809e-02
   2.2408027e-01  -1.1134060e-02
   2.2073579e-01  -1.1305231e-02
   2.1739130e-01  -1.1477215e-02
   2.1404682e-01  -1.1649899e-02
   2.1070234e-01  -1.1823165e-02
   2.0735786e-01  -1.1996890e-02
   2.0401338e-01  -1.2170942e-02
   2.0066890e-01  -1.2345184e-02
   1.9732441e-01  -1.2519474e-02
   1.9397993e-01  -1.2693659e-02
   1.9063545e-01  -1.2867583e-02
   1.8729097e-01  -1.3041079e-02
   1.8394649e-01  -1.3213974e-02
   1.8060201e-01  -1.3386084e-02
   1.7725753e-01  -1.3557220e-02
   1.7391304e-01  -1.3727179e-02
   1.7056856e-01  -1.3895752e-02
   1.6722408e-01  -1.4062718e-02
   1.6387960e-01  -1.4227845e-02
   1.6053512e-01  -1.4390889e-02
   1.5719064e-01  -1.4551595e-02
   1.5384615e-01  -1.4709694e-02
   1.5050167e-01  -1.4864904e-02
   1.4715719e-01  -1.5016929e-02
   1.4381271e-01  -1.5165455e-02
   1.4046823e-01  -1.5310155e-02
   1.3712375e-01  -1.5450681e-02
   1.3377926e-01  -1.5586668e-02
   1.3043478e-01  -1.5717731e-02
   1.2709030e-01  -1.5843463e-02
   1.2374582e-01  -1.5963433e-02
   1.2040134e-01  -1.6077186e-02
   1.1705686e-01  -1.6184239e-02
   1.1371237e-01  -1.6284080e-02
   1.1036789e-01  -1.6376164e-02
   1.0702341e-01  -1.6459913e-02
   1.0367893e-01  -1.6534709e-02
   1.0033445e-01  -1.6599893e-02
   9.6989967e-02  -1.6654761e-02
   9.3645485e-02  -1.6698556e-02
   9.0301003e-02  -1.6730466e-02
   8.6956522e-02  -1.6749617e-02
   8.3612040e-02  -1.6755062e-02
   8.0267559e-02  -1.6745776e-02
   7.6923077e-02  -1.6720647e-02
   7.3578595e-02  -1.6678459e-02
   7.0234114e-02  -1.6617879e-02
   6.6889632e-02  -1.6537442e-02
   6.3545151e-02  -1.6435527e-02
   6.0200669e-02  -1.6310331e-02
   5.6856187e-02  -1.6159834e-02
   5.3511706e-02  -1.5981764e-02
   5.0167224e-02  -1.5773537e-02
   4.6822742e-02  -1.5532192e-02
   4.3478261e-02  -1.5254302e-02
   4.0133779e-02  -1.4935852e-02
   3.6789298e-02  -1.4572072e-02
   3.3444816e-02  -1.4157207e-02
   3.0100334e-02  -1.3684173e-02
   2.6755853e-02  -1.3144053e-02
   2.3411371e-02  -1.2525289e-02
   2.0066890e-02  -1.1812349e-02
   1.6722408e-02  -1.0983361e-02
   1.3377926e-02  -1.0005474e-02
   1.0033445e-02  -8.8245729e-03
   6.6889632e-03  -7.3373893e-03
   3.3444816e-03  -5.2830937e-03
   0.0000000e+00  -0.0000000e+00
