   0.0000000e+00   0.0000000e+00
   3.3444816e-03   1.6510137e-02
   6.6889632e-03   2.3326835e-02
   1.0033445e-02   2.8541387e-02
   1.3377926e-02   3.2923171e-02
   1.6722408e-02   3.6770332e-02
   2.0066890e-02   4.0235817e-02
   2.3411371e-02   4.3410496e-02
   2.6755853e-02   4.6353570e-02
   3.0100334e-02   4.9106159e-02
   3.3444816e-02   5.1698192e-02
   3.6789298e-02   5.4152256e-02
   4.0133779e-02   5.6485891e-02
   4.3478261e-02   5.8713040e-02
   4.6822742e-02   6.0844999e-02
   5.0167224e-02   6.2891075e-02
   5.3511706e-02   6.4859038e-02
   5.6856187e-02   6.6755457e-02
   6.0200669e-02   6.8585944e-02
   6.3545151e-02   7.0355337e-02
   6.6889632e-02   7.2067841e-02
   7.0234114e-02   7.3727140e-02
   7.3578595e-02   7.5336480e-02
   7.6923077e-02   7.6898742e-02
   8.0267559e-02   7.8416494e-02
   8.3612040e-02   7.9892036e-02
   8.6956522e-02   8.1327442e-02
   9.0301003e-02   8.2724584e-02
   9.3645485e-02   8.4085165e-02
   9.6989967e-02   8.5410732e-02
   1.0033445e-01   8.6702704e-02
   1.0367893e-01   8.7962378e-02
   1.0702341e-01   8.9190949e-02
   1.1036789e-01   9.0389520e-02
   1.1371237e-01   9.1559110e-02
   1.1705686e-01   9.2700663e-02
   1.2040134e-01   9.3815057e-02
   1.2374582e-01   9.4903110e-02
   1.2709030e-01   9.5965585e-02
   1.3043478e-01   9.7003196e-02
   1.3377926e-01   9.8016610e-02
   1.3712375e-01   9.9006456e-02
   1.4046823e-01   9.9973324e-02
   1.4381271e-01   1.0091777e-01
   1.4715719e-01   1.0184032e-01
   1.5050167e-01   1.0274146e-01
   1.5384615e-01   1.0362167e-01
   1.5719064e-01   1.0448139e-01
   1.6053512e-01   1.0532104e-01
   1.6387960e-01   1.0614103e-01
   1.6722408e-01   1.0694173e-01
   1.7056856e-01   1.0772350e-01
   1.7391304e-01   1.0848670e-01
   1.7725753e-01   1.0923165e-01
   1.8060201e-01   1.0995867e-01
   1.8394649e-01   1.1066807e-01
   1.8729097e-01   1.1136012e-01
   1.9063545e-01   1.1203511e-01
   1.9397993e-01   1.1269331e-01
   1.9732441e-01   1.1333497e-01
   2.0066890e-01   1.1396034e-01
   2.0401338e-01   1.1456965e-01
   2.0735786e-01   1.1516314e-01
   2.1070234e-01   1.1574102e-01
   2.1404682e-01   1.1630350e-01
   2.1739130e-01   1.1685080e-01
   2.2073579e-01   1.1738311e-01
   2.2408027e-01   1.1790062e-01
   2.2742475e-01   1.1840352e-01
   2.3076923e-01   1.1889199e-01
   2.3411371e-01   1.1936619e-01
   2.3745819e-01   1.1982631e-01
   2.4080268e-01   1.2027251e-01
   2.4414716e-01   1.2070494e-01
   2.4749164e-01   1.2112376e-01
   2.5083612e-01   1.2152913e-01
   2.5418060e-01   1.2192118e-01
   2.5752508e-01   1.2230007e-01
   2.6086957e-01   1.2266592e-01
   2.6421405e-01   1.2301889e-01
   2.6755853e-01   1.2335909e-01
   2.7090301e-01   1.2368666e-01
   2.7424749e-01   1.2400173e-01
   2.7759197e-01   1.2430441e-01
   2.8093645e-01   1.2459484e-01
   2.8428094e-01   1.2487312e-01
   2.8762542e-01   1.2513937e-01
   2.9096990e-01   1.2539371e-01
   2.9431438e-01   1.2563625e-01
   2.9765886e-01   1.2586708e-01
   3.0100334e-01   1.2608633e-01
   3.0434783e-01   1.2629409e-01
   3.0769231e-01   1.2649047e-01
   3.1103679e-01   1.2667557e-01
   3.1438127e-01   1.2684948e-01
   3.1772575e-01   1.2701229e-01
   3.2107023e-01   1.2716412e-01
   3.2441472e-01   1.2730504e-01
   3.2775920e-01   1.2743515e-01
   3.3110368e-01   1.2755454e-01
   3.3444816e-01   1.2766330e-01
   3.3779264e-01   1.2776151e-01
   3.4113712e-01   1.2784926e-01
   3.4448161e-01   1.2792663e-01
   3.4782609e-01   1.2799371e-01
   3.5117057e-01   1.2805058e-01
   3.5451505e-01   1.2809731e-01
   3.5785953e-01   1.2813399e-01
   3.6120401e-01   1.2816069e-01
   3.6454849e-01   1.2817750e-01
   3.6789298e-01   1.2818448e-01
   3.7123746e-01   1.2818171e-01
   3.7458194e-01   1.2816926e-01
   3.7792642e-01   1.2814721e-01
   3.8127090e-01   1.2811563e-01
   3.8461538e-01   1.2807458e-01
   3.8795987e-01   1.2802414e-01
   3.9130435e-01   1.2796437e-01
   3.9464883e-01   1.2789535e-01
   3.9799331e-01   1.2781713e-01
   4.0133779e-01   1.2772979e-01
   4.0468227e-01   1.2763339e-01
   4.0802676e-01   1.2752799e-01
   4.1137124e-01   1.2741366e-01
   4.1471572e-01   1.2729045e-01
   4.1806020e-01   1.2715843e-01
   4.2140468e-01   1.2701767e-01
   4.2474916e-01   1.2686821e-01
   4.2809365e-01   1.2671013e-01
   4.3143813e-01   1.2654347e-01
   4.3478261e-01   1.2636829e-01
   4.3812709e-01   1.2618466e-01
   4.4147157e-01   1.2599263e-01
   4.4481605e-01   1.2579225e-01
   4.4816054e-01   1.2558358e-01
   4.5150502e-01   1.2536667e-01
   4.5484950e-01   1.2514158e-01
   4.5819398e-01   1.2490836e-01
   4.6153846e-01   1.2466706e-01
   4.6488294e-01   1.2441773e-01
   4.6822742e-01   1.2416042e-01
   4.7157191e-01   1.2389519e-01
   4.7491639e-01   1.2362208e-01
   4.7826087e-01   1.2334114e-01
   4.8160535e-01   1.2305243e-01
   4.8494983e-01   1.2275598e-01
   4.8829431e-01   1.2245184e-01
   4.9163880e-01   1.2214007e-01
   4.9498328e-01   1.2182070e-01
   4.9832776e-01   1.2149379e-01
   5.0167224e-01   1.2115937e-01
   5.0501672e-01   1.2081749e-01
   5.0836120e-01   1.2046820e-01
   5.1170569e-01   1.2011153e-01
   5.1505017e-01   1.1974754e-01
   5.1839465e-01   1.1937625e-01
   5.2173913e-01   1.1899772e-01
   5.2508361e-01   1.1861197e-01
   5.2842809e-01   1.1821906e-01
   5.3177258e-01   1.1781902e-01
   5.3511706e-01   1.1741190e-01
   5.3846154e-01   1.1699772e-01
   5.4180602e-01   1.1657652e-01
   5.4515050e-01   1.1614835e-01
   5.4849498e-01   1.1571324e-01
   5.5183946e-01   1.1527122e-01
   5.5518395e-01   1.1482233e-01
   5.5852843e-01   1.1436661e-01
   5.6187291e-01   1.1390409e-01
   5.6521739e-01   1.1343480e-01
   5.6856187e-01   1.1295878e-01
   5.7190635e-01   1.1247605e-01
   5.7525084e-01   1.1198666e-01
   5.7859532e-01   1.1149063e-01
   5.8193980e-01   1.1098799e-01
   5.8528428e-01   1.1047877e-01
   5.8862876e-01   1.0996301e-01
   5.9197324e-01   1.0944072e-01
   5.9531773e-01   1.0891195e-01
   5.9866221e-01   1.0837672e-01
   6.0200669e-01   1.0783505e-01
   6.0535117e-01   1.0728697e-01
   6.0869565e-01   1.0673251e-01
   6.1204013e-01   1.0617170e-01
   6.1538462e-01   1.0560455e-01
   6.1872910e-01   1.0503110e-01
   6.2207358e-01   1.0445136e-01
   6.2541806e-01   1.0386537e-01
   6.2876254e-01   1.0327314e-01
   6.3210702e-01   1.0267470e-01
   6.3545151e-01   1.0207006e-01
   6.3879599e-01   1.0145926e-01
   6.4214047e-01   1.0084230e-01
   6.4548495e-01   1.0021921e-01
   6.4882943e-01   9.9590010e-02
   6.5217391e-01   9.8954718e-02
   6.5551839e-01   9.8313350e-02
   6.5886288e-01   9.7665926e-02
   6.6220736e-01   9.7012462e-02
   6.6555184e-01   9.6352974e-02
   6.6889632e-01   9.5687478e-02
   6.7224080e-01   9.5015990e-02
   6.7558528e-01   9.4338523e-02
   6.7892977e-01   9.3655093e-02
   6.8227425e-01   9.2965711e-02
   6.8561873e-01   9.2270392e-02
   6.8896321e-01   9.1569148e-02
   6.9230769e-01   9.0861989e-02
   6.9565217e-01   9.0148927e-02
   6.9899666e-01   8.9429973e-02
   7.0234114e-01   8.8705136e-02
   7.0568562e-01   8.7974425e-02
   7.0903010e-01   8.7237849e-02
   7.1237458e-01   8.6495415e-02
   7.1571906e-01   8.5747132e-02
   7.1906355e-01   8.4993006e-02
   7.2240803e-01   8.4233042e-02
   7.2575251e-01   8.3467247e-02
   7.2909699e-01   8.2695625e-02
   7.3244147e-01   8.1918180e-02
   7.3578595e-01   8.1134916e-02
   7.3913043e-01   8.0345836e-02
   7.4247492e-01   7.9550942e-02
   7.4581940e-01   7.8750235e-02
   7.4916388e-01   7.7943718e-02
   7.5250836e-01   7.7131389e-02
   7.5585284e-01   7.6313249e-02
   7.5919732e-01   7.5489297e-02
   7.6254181e-01   7.4659532e-02
   7.6588629e-01   7.3823950e-02
   7.6923077e-01   7.2982550e-02
   7.7257525e-01   7.2135327e-02
   7.7591973e-01   7.1282278e-02
   7.7926421e-01   7.0423397e-02
   7.8260870e-01   6.9558680e-02
   7.8595318e-01   6.8688119e-02
   7.8929766e-01   6.7811709e-02
   7.9264214e-01   6.6929441e-02
   7.9598662e-01   6.6041307e-02
   7.9933110e-01   6.5147299e-02
   8.0267559e-01   6.4247406e-02
   8.0602007e-01   6.3341620e-02
   8.0936455e-01   6.2429928e-02
   8.1270903e-01   6.1512319e-02
   8.1605351e-01   6.0588781e-02
   8.1939799e-01   5.9659301e-02
   8.2274247e-01   5.8723865e-02
   8.2608696e-01   5.7782459e-02
   8.2943144e-01   5.6835068e-02
   8.3277592e-01   5.5881676e-02
   8.3612040e-01   5.4922267e-02
   8.3946488e-01   5.3956823e-02
   8.4280936e-01   5.2985327e-02
   8.4615385e-01   5.2007759e-02
   8.4949833e-01   5.1024101e-02
   8.5284281e-01   5.0034333e-02
   8.5618729e-01   4.9038434e-02
   8.5953177e-01   4.8036383e-02
   8.6287625e-01   4.7028157e-02
   8.6622074e-01   4.6013733e-02
   8.6956522e-01   4.4993088e-02
   8.7290970e-01   4.3966198e-02
   8.7625418e-01   4.2933037e-02
   8.7959866e-01   4.1893579e-02
   8.8294314e-01   4.0847799e-02
   8.8628763e-01   3.9795669e-02
   8.8963211e-01   3.8737160e-02
   8.9297659e-01   3.7672245e-02
   8.9632107e-01   3.6600893e-02
   8.9966555e-01   3.5523074e-02
   9.0301003e-01   3.4438757e-02
   9.0635452e-01   3.3347911e-02
   9.0969900e-01   3.2250503e-02
   9.1304348e-01   3.1146499e-02
   9.1638796e-01   3.0035866e-02
   9.1973244e-01   2.8918568e-02
   9.2307692e-01   2.7794571e-02
   9.2642140e-01   2.6663838e-02
   9.2976589e-01   2.5526331e-02
   9.3311037e-01   2.4382014e-02
   9.3645485e-01   2.3230846e-02
   9.3979933e-01   2.2072789e-02
   9.4314381e-01   2.0907803e-02
   9.4648829e-01   1.9735846e-02
   9.4983278e-01   1.8556877e-02
   9.5317726e-01   1.7370852e-02
   9.5652174e-01   1.6177730e-02
   9.5986622e-01   1.4977465e-02
   9.6321070e-01   1.3770013e-02
   9.6655518e-01   1.2555327e-02
   9.6989967e-01   1.1333362e-02
   9.7324415e-01   1.0104069e-02
   9.7658863e-01   8.8674015e-03
   9.7993311e-01   7.6233093e-03
   9.8327759e-01   6.3717431e-03
   9.8662207e-01   5.1126521e-03
   9.8996656e-01   3.8459849e-03
   9.9331104e-01   2.5716894e-03
   9.9665552e-01   1.2897124e-03
   1.0000000e+00   0.0000000e+00
   1.0000000e+00   0.0000000e+00
   9.9665552e-01  -2.9983405e-04
   9.9331104e-01  -5.9680104e-04
   9.8996656e-01  -8.9083769e-04
   9.8662207e-01  -1.1818826e-03
   9.8327759e-01  -1.4698762e-03
   9.7993311e-01  -1.7547609e-03
   9.7658863e-01  -2.0364808e-03
   9.7324415e-01  -2.3149820e-03
   9.6989967e-01  -2.5902123e-03
   9.6655518e-01  -2.8621214e-03
   9.6321070e-01  -3.1306608e-03
   9.5986622e-01  -3.3957838e-03
   9.5652174e-01  -3.6574454e-03
   9.5317726e-01  -3.9156026e-03
   9.4983278e-01  -4.1702139e-03
   9.4648829e-01  -4.4212398e-03
   9.4314381e-01  -4.6686424e-03
   9.3979933e-01  -4.9123856e-03
   9.3645485e-01  -5.1524350e-03
   9.3311037e-01  -5.3887580e-03
   9.2976589e-01  -5.6213236e-03
   9.2642140e-01  -5.8501025e-03
   9.2307692e-01  -6.0750673e-03
   9.1973244e-01  -6.2961920e-03
   9.1638796e-01  -6.5134524e-03
   9.1304348e-01  -6.7268259e-03
   9.0969900e-01  -6.9362917e-03
   9.0635452e-01  -7.1418305e-03
   9.0301003e-01  -7.3434246e-03
   8.9966555e-01  -7.5410580e-03
   8.9632107e-01  -7.7347163e-03
   8.9297659e-01  -7.9243865e-03
   8.8963211e-01  -8.1100576e-03
   8.8628763e-01  -8.2917197e-03
   8.8294314e-01  -8.4693648e-03
   8.7959866e-01  -8.6429863e-03
   8.7625418e-01  -8.8125792e-03
   8.7290970e-01  -8.9781398e-03
   8.6956522e-01  -9.1396663e-03
   8.6622074e-01  -9.2971582e-03
   8.6287625e-01  -9.4506164e-03
   8.5953177e-01  -9.6000434e-03
   8.5618729e-01  -9.7454431e-03
   8.5284281e-01  -9.8868211e-03
   8.4949833e-01  -1.0024184e-02
   8.4615385e-01  -1.0157540e-02
   8.4280936e-01  -1.0286899e-02
   8.3946488e-01  -1.0412273e-02
   8.3612040e-01  -1.0533673e-02
   8.3277592e-01  -1.0651113e-02
   8.2943144e-01  -1.0764610e-02
   8.2608696e-01  -1.0874179e-02
   8.2274247e-01  -1.0979838e-02
   8.1939799e-01  -1.1081607e-02
   8.1605351e-01  -1.1179506e-02
   8.1270903e-01  -1.1273558e-02
   8.0936455e-01  -1.1363786e-02
   8.0602007e-01  -1.1450213e-02
   8.0267559e-01  -1.1532867e-02
   7.9933110e-01  -1.1611774e-02
   7.9598662e-01  -1.1686962e-02
   7.9264214e-01  -1.1758462e-02
   7.8929766e-01  -1.1826303e-02
   7.8595318e-01  -1.1890518e-02
   7.8260870e-01  -1.1951140e-02
   7.7926421e-01  -1.2008204e-02
   7.7591973e-01  -1.2061745e-02
   7.7257525e-01  -1.2111800e-02
   7.6923077e-01  -1.2158406e-02
   7.6588629e-01  -1.2201603e-02
   7.6254181e-01  -1.2241431e-02
   7.5919732e-01  -1.2277931e-02
   7.5585284e-01  -1.2311145e-02
   7.5250836e-01  -1.2341117e-02
   7.4916388e-01  -1.2367891e-02
   7.4581940e-01  -1.2391514e-02
   7.4247492e-01  -1.2412030e-02
   7.3913043e-01  -1.2429488e-02
   7.3578595e-01  -1.2443937e-02
   7.3244147e-01  -1.2455426e-02
   7.2909699e-01  -1.2464006e-02
   7.2575251e-01  -1.2469727e-02
   7.2240803e-01  -1.2472643e-02
   7.1906355e-01  -1.2472808e-02
   7.1571906e-01  -1.2470274e-02
   7.1237458e-01  -1.2465098e-02
   7.0903010e-01  -1.2457336e-02
   7.0568562e-01  -1.2447044e-02
   7.0234114e-01  -1.2434280e-02
   6.9899666e-01  -1.2419104e-02
   6.9565217e-01  -1.2401574e-02
   6.9230769e-01  -1.2381751e-02
   6.8896321e-01  -1.2359697e-02
   6.8561873e-01  -1.2335472e-02
   6.8227425e-01  -1.2309140e-02
   6.7892977e-01  -1.2280764e-02
   6.7558528e-01  -1.2250407e-02
   6.7224080e-01  -1.2218136e-02
   6.6889632e-01  -1.2184016e-02
   6.6555184e-01  -1.2148112e-02
   6.6220736e-01  -1.2110492e-02
   6.5886288e-01  -1.2071223e-02
   6.5551839e-01  -1.2030374e-02
   6.5217391e-01  -1.1988012e-02
   6.4882943e-01  -1.1944208e-02
   6.4548495e-01  -1.1899032e-02
   6.4214047e-01  -1.1852553e-02
   6.3879599e-01  -1.1804844e-02
   6.3545151e-01  -1.1755975e-02
   6.3210702e-01  -1.1706019e-02
   6.2876254e-01  -1.1655048e-02
   6.2541806e-01  -1.1603135e-02
   6.2207358e-01  -1.1550354e-02
   6.1872910e-01  -1.1496779e-02
   6.1538462e-01  -1.1442483e-02
   6.1204013e-01  -1.1387542e-02
   6.0869565e-01  -1.1332032e-02
   6.0535117e-01  -1.1276026e-02
   6.0200669e-01  -1.1219601e-02
   5.9866221e-01  -1.1162833e-02
   5.9531773e-01  -1.1105799e-02
   5.9197324e-01  -1.1048574e-02
   5.8862876e-01  -1.0991237e-02
   5.8528428e-01  -1.0933864e-02
   5.8193980e-01  -1.0876531e-02
   5.7859532e-01  -1.0819318e-02
   5.7525084e-01  -1.0762301e-02
   5.7190635e-01  -1.0705559e-02
   5.6856187e-01  -1.0649169e-02
   5.6521739e-01  -1.0593208e-02
   5.6187291e-01  -1.0537757e-02
   5.5852843e-01  -1.0482892e-02
   5.5518395e-01  -1.0428691e-02
   5.5183946e-01  -1.0375233e-02
   5.4849498e-01  -1.0322597e-02
   5.4515050e-01  -1.0270859e-02
   5.4180602e-01  -1.0220098e-02
   5.3846154e-01  -1.0170393e-02
   5.3511706e-01  -1.0121820e-02
   5.3177258e-01  -1.0074458e-02
   5.2842809e-01  -1.0028384e-02
   5.2508361e-01  -9.9836756e-03
   5.2173913e-01  -9.9404095e-03
   5.1839465e-01  -9.8986626e-03
   5.1505017e-01  -9.8585116e-03
   5.1170569e-01  -9.8200327e-03
   5.0836120e-01  -9.7833018e-03
   5.0501672e-01  -9.7483944e-03
   5.0167224e-01  -9.7153857e-03
   4.9832776e-01  -9.6843505e-03
   4.9498328e-01  -9.6553631e-03
   4.9163880e-01  -9.6284972e-03
   4.8829431e-01  -9.6038261e-03
   4.8494983e-01  -9.5814226e-03
   4.8160535e-01  -9.5613589e-03
   4.7826087e-01  -9.5437065e-03
   4.7491639e-01  -9.5285365e-03
   4.7157191e-01  -9.5159189e-03
   4.6822742e-01  -9.5059234e-03
   4.6488294e-01  -9.4986188e-03
   4.6153846e-01  -9.4940732e-03
   4.5819398e-01  -9.4923537e-03
   4.5484950e-01  -9.4935268e-03
   4.5150502e-01  -9.4976578e-03
   4.4816054e-01  -9.5048115e-03
   4.4481605e-01  -9.5150514e-03
   4.4147157e-01  -9.5284402e-03
   4.3812709e-01  -9.5450394e-03
   4.3478261e-01  -9.5649094e-03
   4.3143813e-01  -9.5881098e-03
   4.2809365e-01  -9.6146987e-03
   4.2474916e-01  -9.6447331e-03
   4.2140468e-01  -9.6782688e-03
   4.1806020e-01  -9.7153603e-03
   4.1471572e-01  -9.7560607e-03
   4.1137124e-01  -9.8004217e-03
   4.0802676e-01  -9.8484938e-03
   4.0468227e-01  -9.9003257e-03
   4.0133779e-01  -9.9559647e-03
   3.9799331e-01  -1.0015457e-02
   3.9464883e-01  -1.0078846e-02
   3.9130435e-01  -1.0146174e-02
   3.8795987e-01  -1.0217482e-02
   3.8461538e-01  -1.0292810e-02
   3.8127090e-01  -1.0372193e-02
   3.7792642e-01  -1.0455668e-02
   3.7458194e-01  -1.0543267e-02
   3.7123746e-01  -1.0635022e-02
   3.6789298e-01  -1.0730961e-02
   3.6454849e-01  -1.0831112e-02
   3.6120401e-01  -1.0935499e-02
   3.5785953e-01  -1.1044144e-02
   3.5451505e-01  -1.1157068e-02
   3.5117057e-01  -1.1274288e-02
   3.4782609e-01  -1.1395819e-02
   3.4448161e-01  -1.1521675e-02
   3.4113712e-01  -1.1651864e-02
   3.3779264e-01  -1.1786394e-02
   3.3444816e-01  -1.1925269e-02
   3.3110368e-01  -1.2068491e-02
   3.2775920e-01  -1.2216057e-02
   3.2441472e-01  -1.2367965e-02
   3.2107023e-01  -1.2524205e-02
   3.1772575e-01  -1.2684766e-02
   3.1438127e-01  -1.2849635e-02
   3.1103679e-01  -1.3018793e-02
   3.0769231e-01  -1.3192219e-02
   3.0434783e-01  -1.3369888e-02
   3.0100334e-01  -1.3551771e-02
   2.9765886e-01  -1.3737834e-02
   2.9431438e-01  -1.3928042e-02
   2.9096990e-01  -1.4122353e-02
   2.8762542e-01  -1.4320721e-02
   2.8428094e-01  -1.4523098e-02
   2.8093645e-01  -1.4729428e-02
   2.7759197e-01  -1.4939653e-02
   2.7424749e-01  -1.5153709e-02
   2.7090301e-01  -1.5371528e-02
   2.6755853e-01  -1.5593034e-02
   2.6421405e-01  -1.5818149e-02
   2.6086957e-01  -1.6046787e-02
   2.5752508e-01  -1.6278859e-02
   2.5418060e-01  -1.6514267e-02
   2.5083612e-01  -1.6752909e-02
   2.4749164e-01  -1.6994676e-02
   2.4414716e-01  -1.7239452e-02
   2.4080268e-01  -1.7487115e-02
   2.3745819e-01  -1.7737535e-02
   2.3411371e-01  -1.7990577e-02
   2.3076923e-01  -1.8246095e-02
   2.2742475e-01  -1.8503937e-02
   2.2408027e-01  -1.8763944e-02
   2.2073579e-01  -1.9025947e-02
   2.1739130e-01  -1.9289767e-02
   2.1404682e-01  -1.9555220e-02
   2.1070234e-01  -1.9822107e-02
   2.0735786e-01  -2.0090224e-02
   2.0401338e-01  -2.0359354e-02
   2.0066890e-01  -2.0629270e-02
   1.9732441e-01  -2.0899732e-02
   1.9397993e-01  -2.1170492e-02
   1.9063545e-01  -2.1441287e-02
   1.8729097e-01  -2.1711841e-02
   1.8394649e-01  -2.1981865e-02
   1.8060201e-01  -2.2251057e-02
   1.7725753e-01  -2.2519098e-02
   1.7391304e-01  -2.2785657e-02
   1.7056856e-01  -2.3050382e-02
   1.6722408e-01  -2.3312907e-02
   1.6387960e-01  -2.3572847e-02
   1.6053512e-01  -2.3829798e-02
   1.5719064e-01  -2.4083334e-02
   1.5384615e-01  -2.4333012e-02
   1.5050167e-01  -2.4578361e-02
   1.4715719e-01  -2.4818888e-02
   1.4381271e-01  -2.5054076e-02
   1.4046823e-01  -2.5283379e-02
   1.3712375e-01  -2.5506222e-02
   1.3377926e-01  -2.5721998e-02
   1.3043478e-01  -2.5930068e-02
   1.2709030e-01  -2.6129757e-02
   1.2374582e-01  -2.6320352e-02
   1.2040134e-01  -2.6501096e-02
   1.1705686e-01  -2.6671190e-02
   1.1371237e-01  -2.6829784e-02
   1.1036789e-01  -2.6975978e-02
   1.0702341e-01  -2.7108812e-02
   1.0367893e-01  -2.7227263e-02
   1.0033445e-01  -2.7330240e-02
   9.6989967e-02  -2.7416577e-02
   9.3645485e-02  -2.7485022e-02
   9.0301003e-02  -2.7534231e-02
   8.6956522e-02  -2.7562757e-02
   8.3612040e-02  -2.7569035e-02
   8.0267559e-02  -2.7551372e-02
   7.6923077e-02  -2.7507926e-02
   7.3578595e-02  -2.7436688e-02
   7.0234114e-02  -2.7335458e-02
   6.6889632e-02  -2.7201815e-02
   6.3545151e-02  -2.7033081e-02
   6.0200669e-02  -2.6826278e-02
   5.6856187e-02  -2.6578076e-02
   5.3511706e-02  -2.6284722e-02
   5.0167224e-02  -2.5941953e-02
   4.6822742e-02  -2.5544886e-02
   4.3478261e-02  -2.5087870e-02
   4.0133779e-02  -2.4564283e-02
   3.6789298e-02  -2.3966265e-02
   3.3444816e-02  -2.3284330e-02
   3.0100334e-02  -2.2506807e-02
   2.6755853e-02  -2.1619004e-02
   2.3411371e-02  -2.0601886e-02
   2.0066890e-02  -1.9429878e-02
   1.6722408e-02  -1.8066964e-02
   1.3377926e-02  -1.6459067e-02
   1.0033445e-02  -1.4517112e-02
   6.6889632e-03  -1.2071143e-02
   3.3444816e-03  -8.6919384e-03
   0.0000000e+00  -0.0000000e+00
