   0.0000000e+00   0.0000000e+00
   3.3444816e-03   2.0916315e-02
   6.6889632e-03   2.9565538e-02
   1.0033445e-02   3.6190288e-02
   1.3377926e-02   4.1763536e-02
   1.6722408e-02   4.6662022e-02
   2.0066890e-02   5.1078853e-02
   2.3411371e-02   5.5128649e-02
   2.6755853e-02   5.8886021e-02
   3.0100334e-02   6.2402736e-02
   3.3444816e-02   6.5716436e-02
   3.6789298e-02   6.8855498e-02
   4.0133779e-02   7.1841936e-02
   4.3478261e-02   7.4693227e-02
   4.6822742e-02   7.7423520e-02
   5.0167224e-02   8.0044454e-02
   5.3511706e-02   8.2565740e-02
   5.6856187e-02   8.4995578e-02
   6.0200669e-02   8.7340964e-02
   6.3545151e-02   8.9607925e-02
   6.6889632e-02   9.1801696e-02
   7.0234114e-02   9.3926855e-02
   7.3578595e-02   9.5987436e-02
   7.6923077e-02   9.7987015e-02
   8.0267559e-02   9.9928776e-02
   8.3612040e-02   1.0181557e-01
   8.6956522e-02   1.0364997e-01
   9.0301003e-02   1.0543429e-01
   9.3645485e-02   1.0717064e-01
   9.6989967e-02   1.0886094e-01
   1.0033445e-01   1.1050694e-01
   1.0367893e-01   1.1211024e-01
   1.0702341e-01   1.1367233e-01
   1.1036789e-01   1.1519456e-01
   1.1371237e-01   1.1667821e-01
   1.1705686e-01   1.1812443e-01
   1.2040134e-01   1.1953433e-01
   1.2374582e-01   1.2090891e-01
   1.2709030e-01   1.2224912e-01
   1.3043478e-01   1.2355585e-01
   1.3377926e-01   1.2482993e-01
   1.3712375e-01   1.2607214e-01
   1.4046823e-01   1.2728323e-01
   1.4381271e-01   1.2846388e-01
   1.4715719e-01   1.2961475e-01
   1.5050167e-01   1.3073646e-01
   1.5384615e-01   1.3182961e-01
   1.5719064e-01   1.3289476e-01
   1.6053512e-01   1.3393244e-01
   1.6387960e-01   1.3494315e-01
   1.6722408e-01   1.3592739e-01
   1.7056856e-01   1.3688561e-01
   1.7391304e-01   1.3781826e-01
   1.7725753e-01   1.3872576e-01
   1.8060201e-01   1.3960853e-01
   1.8394649e-01   1.4046696e-01
   1.8729097e-01   1.4130141e-01
   1.9063545e-01   1.4211226e-01
   1.9397993e-01   1.4289985e-01
   1.9732441e-01   1.4366452e-01
   2.0066890e-01   1.4440659e-01
   2.0401338e-01   1.4512639e-01
   2.0735786e-01   1.4582422e-01
   2.1070234e-01   1.4650037e-01
   2.1404682e-01   1.4715513e-01
   2.1739130e-01   1.4778878e-01
   2.2073579e-01   1.4840158e-01
   2.2408027e-01   1.4899381e-01
   2.2742475e-01   1.4956572e-01
   2.3076923e-01   1.5011756e-01
   2.3411371e-01   1.5064957e-01
   2.3745819e-01   1.5116198e-01
   2.4080268e-01   1.5165504e-01
   2.4414716e-01   1.5212897e-01
   2.4749164e-01   1.5258399e-01
   2.5083612e-01   1.5302031e-01
   2.5418060e-01   1.5343815e-01
   2.5752508e-01   1.5383772e-01
   2.6086957e-01   1.5421921e-01
   2.6421405e-01   1.5458284e-01
   2.6755853e-01   1.5492880e-01
   2.7090301e-01   1.5525727e-01
   2.7424749e-01   1.5556845e-01
   2.7759197e-01   1.5586253e-01
   2.8093645e-01   1.5613968e-01
   2.8428094e-01   1.5640010e-01
   2.8762542e-01   1.5664394e-01
   2.9096990e-01   1.5687140e-01
   2.9431438e-01   1.5708263e-01
   2.9765886e-01   1.5727782e-01
   3.0100334e-01   1.5745713e-01
   3.0434783e-01   1.5762071e-01
   3.0769231e-01   1.5776874e-01
   3.1103679e-01   1.5790138e-01
   3.1438127e-01   1.5801878e-01
   3.1772575e-01   1.5812110e-01
   3.2107023e-01   1.5820849e-01
   3.2441472e-01   1.5828111e-01
   3.2775920e-01   1.5833911e-01
   3.3110368e-01   1.5838263e-01
   3.3444816e-01   1.5841182e-01
   3.3779264e-01   1.5842684e-01
   3.4113712e-01   1.5842781e-01
   3.4448161e-01   1.5841490e-01
   3.4782609e-01   1.5838822e-01
   3.5117057e-01   1.5834794e-01
   3.5451505e-01   1.5829418e-01
   3.5785953e-01   1.5822708e-01
   3.6120401e-01   1.5814677e-01
   3.6454849e-01   1.5805340e-01
   3.6789298e-01   1.5794709e-01
   3.7123746e-01   1.5782797e-01
   3.7458194e-01   1.5769618e-01
   3.7792642e-01   1.5755185e-01
   3.8127090e-01   1.5739509e-01
   3.8461538e-01   1.5722605e-01
   3.8795987e-01   1.5704484e-01
   3.9130435e-01   1.5685158e-01
   3.9464883e-01   1.5664641e-01
   3.9799331e-01   1.5642945e-01
   4.0133779e-01   1.5620081e-01
   4.0468227e-01   1.5596062e-01
   4.0802676e-01   1.5570899e-01
   4.1137124e-01   1.5544604e-01
   4.1471572e-01   1.5517190e-01
   4.1806020e-01   1.5488667e-01
   4.2140468e-01   1.5459047e-01
   4.2474916e-01   1.5428341e-01
   4.2809365e-01   1.5396562e-01
   4.3143813e-01   1.5363719e-01
   4.3478261e-01   1.5329825e-01
   4.3812709e-01   1.5294889e-01
   4.4147157e-01   1.5258924e-01
   4.4481605e-01   1.5221940e-01
   4.4816054e-01   1.5183947e-01
   4.5150502e-01   1.5144956e-01
   4.5484950e-01   1.5104978e-01
   4.5819398e-01   1.5064023e-01
   4.6153846e-01   1.5022102e-01
   4.6488294e-01   1.4979225e-01
   4.6822742e-01   1.4935401e-01
   4.7157191e-01   1.4890641e-01
   4.7491639e-01   1.4844956e-01
   4.7826087e-01   1.4798354e-01
   4.8160535e-01   1.4750846e-01
   4.8494983e-01   1.4702441e-01
   4.8829431e-01   1.4653150e-01
   4.9163880e-01   1.4602980e-01
   4.9498328e-01   1.4551943e-01
   4.9832776e-01   1.4500047e-01
   5.0167224e-01   1.4447301e-01
   5.0501672e-01   1.4393715e-01
   5.0836120e-01   1.4339297e-01
   5.1170569e-01   1.4284057e-01
   5.1505017e-01   1.4228003e-01
   5.1839465e-01   1.4171145e-01
   5.2173913e-01   1.4113490e-01
   5.2508361e-01   1.4055048e-01
   5.2842809e-01   1.3995826e-01
   5.3177258e-01   1.3935834e-01
   5.3511706e-01   1.3875080e-01
   5.3846154e-01   1.3813571e-01
   5.4180602e-01   1.3751316e-01
   5.4515050e-01   1.3688323e-01
   5.4849498e-01   1.3624599e-01
   5.5183946e-01   1.3560153e-01
   5.5518395e-01   1.3494993e-01
   5.5852843e-01   1.3429125e-01
   5.6187291e-01   1.3362558e-01
   5.6521739e-01   1.3295298e-01
   5.6856187e-01   1.3227353e-01
   5.7190635e-01   1.3158731e-01
   5.7525084e-01   1.3089438e-01
   5.7859532e-01   1.3019482e-01
   5.8193980e-01   1.2948868e-01
   5.8528428e-01   1.2877605e-01
   5.8862876e-01   1.2805699e-01
   5.9197324e-01   1.2733156e-01
   5.9531773e-01   1.2659982e-01
   5.9866221e-01   1.2586185e-01
   6.0200669e-01   1.2511771e-01
   6.0535117e-01   1.2436745e-01
   6.0869565e-01   1.2361114e-01
   6.1204013e-01   1.2284884e-01
   6.1538462e-01   1.2208061e-01
   6.1872910e-01   1.2130649e-01
   6.2207358e-01   1.2052656e-01
   6.2541806e-01   1.1974086e-01
   6.2876254e-01   1.1894945e-01
   6.3210702e-01   1.1815238e-01
   6.3545151e-01   1.1734971e-01
   6.3879599e-01   1.1654148e-01
   6.4214047e-01   1.1572775e-01
   6.4548495e-01   1.1490856e-01
   6.4882943e-01   1.1408396e-01
   6.5217391e-01   1.1325400e-01
   6.5551839e-01   1.1241872e-01
   6.5886288e-01   1.1157817e-01
   6.6220736e-01   1.1073239e-01
   6.6555184e-01   1.0988141e-01
   6.6889632e-01   1.0902529e-01
   6.7224080e-01   1.0816406e-01
   6.7558528e-01   1.0729776e-01
   6.7892977e-01   1.0642643e-01
   6.8227425e-01   1.0555010e-01
   6.8561873e-01   1.0466880e-01
   6.8896321e-01   1.0378258e-01
   6.9230769e-01   1.0289145e-01
   6.9565217e-01   1.0199546e-01
   6.9899666e-01   1.0109463e-01
   7.0234114e-01   1.0018900e-01
   7.0568562e-01   9.9278580e-02
   7.0903010e-01   9.8363407e-02
   7.1237458e-01   9.7443502e-02
   7.1571906e-01   9.6518891e-02
   7.1906355e-01   9.5589595e-02
   7.2240803e-01   9.4655634e-02
   7.2575251e-01   9.3717029e-02
   7.2909699e-01   9.2773798e-02
   7.3244147e-01   9.1825958e-02
   7.3578595e-01   9.0873525e-02
   7.3913043e-01   8.9916513e-02
   7.4247492e-01   8.8954935e-02
   7.4581940e-01   8.7988804e-02
   7.4916388e-01   8.7018130e-02
   7.5250836e-01   8.6042921e-02
   7.5585284e-01   8.5063186e-02
   7.5919732e-01   8.4078932e-02
   7.6254181e-01   8.3090163e-02
   7.6588629e-01   8.2096883e-02
   7.6923077e-01   8.1099095e-02
   7.7257525e-01   8.0096800e-02
   7.7591973e-01   7.9089997e-02
   7.7926421e-01   7.8078684e-02
   7.8260870e-01   7.7062860e-02
   7.8595318e-01   7.6042518e-02
   7.8929766e-01   7.5017653e-02
   7.9264214e-01   7.3988258e-02
   7.9598662e-01   7.2954324e-02
   7.9933110e-01   7.1915841e-02
   8.0267559e-01   7.0872797e-02
   8.0602007e-01   6.9825180e-02
   8.0936455e-01   6.8772974e-02
   8.1270903e-01   6.7716164e-02
   8.1605351e-01   6.6654733e-02
   8.1939799e-01   6.5588661e-02
   8.2274247e-01   6.4517928e-02
   8.2608696e-01   6.3442513e-02
   8.2943144e-01   6.2362392e-02
   8.3277592e-01   6.1277541e-02
   8.3612040e-01   6.0187932e-02
   8.3946488e-01   5.9093539e-02
   8.4280936e-01   5.7994333e-02
   8.4615385e-01   5.6890281e-02
   8.4949833e-01   5.5781353e-02
   8.5284281e-01   5.4667513e-02
   8.5618729e-01   5.3548728e-02
   8.5953177e-01   5.2424960e-02
   8.6287625e-01   5.1296170e-02
   8.6622074e-01   5.0162318e-02
   8.6956522e-01   4.9023363e-02
   8.7290970e-01   4.7879263e-02
   8.7625418e-01   4.6729971e-02
   8.7959866e-01   4.5575442e-02
   8.8294314e-01   4.4415627e-02
   8.8628763e-01   4.3250479e-02
   8.8963211e-01   4.2079944e-02
   8.9297659e-01   4.0903971e-02
   8.9632107e-01   3.9722506e-02
   8.9966555e-01   3.8535492e-02
   9.0301003e-01   3.7342873e-02
   9.0635452e-01   3.6144588e-02
   9.0969900e-01   3.4940577e-02
   9.1304348e-01   3.3730778e-02
   9.1638796e-01   3.2515127e-02
   9.1973244e-01   3.1293558e-02
   9.2307692e-01   3.0066003e-02
   9.2642140e-01   2.8832393e-02
   9.2976589e-01   2.7592659e-02
   9.3311037e-01   2.6346727e-02
   9.3645485e-01   2.5094523e-02
   9.3979933e-01   2.3835972e-02
   9.4314381e-01   2.2570996e-02
   9.4648829e-01   2.1299516e-02
   9.4983278e-01   2.0021451e-02
   9.5317726e-01   1.8736719e-02
   9.5652174e-01   1.7445235e-02
   9.5986622e-01   1.6146913e-02
   9.6321070e-01   1.4841665e-02
   9.6655518e-01   1.3529402e-02
   9.6989967e-01   1.2210033e-02
   9.7324415e-01   1.0883465e-02
   9.7658863e-01   9.5496026e-03
   9.7993311e-01   8.2083496e-03
   9.8327759e-01   6.8596077e-03
   9.8662207e-01   5.5032768e-03
   9.8996656e-01   4.1392551e-03
   9.9331104e-01   2.7674390e-03
   9.9665552e-01   1.3877230e-03
   1.0000000e+00   0.0000000e+00
   1.0000000e+00   0.0000000e+00
   9.9665552e-01   4.9029075e-05
   9.9331104e-01   9.1898604e-05
   9.8996656e-01   1.2865106e-04
   9.8662207e-01   1.5932878e-04
   9.8327759e-01   1.8397404e-04
   9.7993311e-01   2.0262895e-04
   9.7658863e-01   2.1533554e-04
   9.7324415e-01   2.2213574e-04
   9.6989967e-01   2.2307136e-04
   9.6655518e-01   2.1818411e-04
   9.6321070e-01   2.0751561e-04
   9.5986622e-01   1.9110736e-04
   9.5652174e-01   1.6900077e-04
   9.5317726e-01   1.4123717e-04
   9.4983278e-01   1.0785776e-04
   9.4648829e-01   6.8903683e-05
   9.4314381e-01   2.4415967e-05
   9.3979933e-01  -2.5564440e-05
   9.3645485e-01  -8.0996682e-05
   9.3311037e-01  -1.4183999e-04
   9.2976589e-01  -2.0805367e-04
   9.2642140e-01  -2.7959712e-04
   9.2307692e-01  -3.5642983e-04
   9.1973244e-01  -4.3851133e-04
   9.1638796e-01  -5.2580128e-04
   9.1304348e-01  -6.1825938e-04
   9.0969900e-01  -7.1584541e-04
   9.0635452e-01  -8.1851922e-04
   9.0301003e-01  -9.2624073e-04
   8.9966555e-01  -1.0389699e-03
   8.9632107e-01  -1.1566669e-03
   8.9297659e-01  -1.2792918e-03
   8.8963211e-01  -1.4068047e-03
   8.8628763e-01  -1.5391659e-03
   8.8294314e-01  -1.6763357e-03
   8.7959866e-01  -1.8182744e-03
   8.7625418e-01  -1.9649426e-03
   8.7290970e-01  -2.1163005e-03
   8.6956522e-01  -2.2723088e-03
   8.6622074e-01  -2.4329280e-03
   8.6287625e-01  -2.5981187e-03
   8.5953177e-01  -2.7678415e-03
   8.5618729e-01  -2.9420571e-03
   8.5284281e-01  -3.1207263e-03
   8.4949833e-01  -3.3038099e-03
   8.4615385e-01  -3.4912685e-03
   8.4280936e-01  -3.6830630e-03
   8.3946488e-01  -3.8791544e-03
   8.3612040e-01  -4.0795034e-03
   8.3277592e-01  -4.2840710e-03
   8.2943144e-01  -4.4928181e-03
   8.2608696e-01  -4.7057057e-03
   8.2274247e-01  -4.9226947e-03
   8.1939799e-01  -5.1437461e-03
   8.1605351e-01  -5.3688209e-03
   8.1270903e-01  -5.5978801e-03
   8.0936455e-01  -5.8308847e-03
   8.0602007e-01  -6.0677957e-03
   8.0267559e-01  -6.3085742e-03
   7.9933110e-01  -6.5531812e-03
   7.9598662e-01  -6.8015776e-03
   7.9264214e-01  -7.0537245e-03
   7.8929766e-01  -7.3095829e-03
   7.8595318e-01  -7.5691137e-03
   7.8260870e-01  -7.8322780e-03
   7.7926421e-01  -8.0990367e-03
   7.7591973e-01  -8.3693507e-03
   7.7257525e-01  -8.6431809e-03
   7.6923077e-01  -8.9204883e-03
   7.6588629e-01  -9.2012336e-03
   7.6254181e-01  -9.4853777e-03
   7.5919732e-01  -9.7728814e-03
   7.5585284e-01  -1.0063705e-02
   7.5250836e-01  -1.0357811e-02
   7.4916388e-01  -1.0655157e-02
   7.4581940e-01  -1.0955706e-02
   7.4247492e-01  -1.1259418e-02
   7.3913043e-01  -1.1566254e-02
   7.3578595e-01  -1.1876173e-02
   7.3244147e-01  -1.2189136e-02
   7.2909699e-01  -1.2505104e-02
   7.2575251e-01  -1.2824037e-02
   7.2240803e-01  -1.3145894e-02
   7.1906355e-01  -1.3470637e-02
   7.1571906e-01  -1.3798225e-02
   7.1237458e-01  -1.4128618e-02
   7.0903010e-01  -1.4461776e-02
   7.0568562e-01  -1.4797658e-02
   7.0234114e-01  -1.5136225e-02
   6.9899666e-01  -1.5477436e-02
   6.9565217e-01  -1.5821250e-02
   6.9230769e-01  -1.6167627e-02
   6.8896321e-01  -1.6516525e-02
   6.8561873e-01  -1.6867905e-02
   6.8227425e-01  -1.7221725e-02
   6.7892977e-01  -1.7577944e-02
   6.7558528e-01  -1.7936521e-02
   6.7224080e-01  -1.8297414e-02
   6.6889632e-01  -1.8660582e-02
   6.6555184e-01  -1.9025983e-02
   6.6220736e-01  -1.9393576e-02
   6.5886288e-01  -1.9763318e-02
   6.5551839e-01  -2.0135167e-02
   6.5217391e-01  -2.0509081e-02
   6.4882943e-01  -2.0885019e-02
   6.4548495e-01  -2.1262936e-02
   6.4214047e-01  -2.1642790e-02
   6.3879599e-01  -2.2024539e-02
   6.3545151e-01  -2.2408139e-02
   6.3210702e-01  -2.2793546e-02
   6.2876254e-01  -2.3180718e-02
   6.2541806e-01  -2.3569610e-02
   6.2207358e-01  -2.3960179e-02
   6.1872910e-01  -2.4352380e-02
   6.1538462e-01  -2.4746169e-02
   6.1204013e-01  -2.5141501e-02
   6.0869565e-01  -2.5538331e-02
   6.0535117e-01  -2.5936615e-02
   6.0200669e-01  -2.6336307e-02
   5.9866221e-01  -2.6737361e-02
   5.9531773e-01  -2.7139732e-02
   5.9197324e-01  -2.7543373e-02
   5.8862876e-01  -2.7948237e-02
   5.8528428e-01  -2.8354279e-02
   5.8193980e-01  -2.8761452e-02
   5.7859532e-01  -2.9169707e-02
   5.7525084e-01  -2.9578997e-02
   5.7190635e-01  -2.9989275e-02
   5.6856187e-01  -3.0400492e-02
   5.6521739e-01  -3.0812600e-02
   5.6187291e-01  -3.1225550e-02
   5.5852843e-01  -3.1639292e-02
   5.5518395e-01  -3.2053777e-02
   5.5183946e-01  -3.2468955e-02
   5.4849498e-01  -3.2884776e-02
   5.4515050e-01  -3.3301189e-02
   5.4180602e-01  -3.3718143e-02
   5.3846154e-01  -3.4135586e-02
   5.3511706e-01  -3.4553467e-02
   5.3177258e-01  -3.4971733e-02
   5.2842809e-01  -3.5390332e-02
   5.2508361e-01  -3.5809210e-02
   5.2173913e-01  -3.6228313e-02
   5.1839465e-01  -3.6647589e-02
   5.1505017e-01  -3.7066981e-02
   5.1170569e-01  -3.7486435e-02
   5.0836120e-01  -3.7905896e-02
   5.0501672e-01  -3.8325308e-02
   5.0167224e-01  -3.8744613e-02
   4.9832776e-01  -3.9163755e-02
   4.9498328e-01  -3.9582676e-02
   4.9163880e-01  -4.0001318e-02
   4.8829431e-01  -4.0419622e-02
   4.8494983e-01  -4.0837529e-02
   4.8160535e-01  -4.1254979e-02
   4.7826087e-01  -4.1671911e-02
   4.7491639e-01  -4.2088263e-02
   4.7157191e-01  -4.2503976e-02
   4.6822742e-01  -4.2918984e-02
   4.6488294e-01  -4.3333226e-02
   4.6153846e-01  -4.3746638e-02
   4.5819398e-01  -4.4159155e-02
   4.5484950e-01  -4.4570711e-02
   4.5150502e-01  -4.4981241e-02
   4.4816054e-01  -4.5390677e-02
   4.4481605e-01  -4.5798953e-02
   4.4147157e-01  -4.6205999e-02
   4.3812709e-01  -4.6611746e-02
   4.3478261e-01  -4.7016125e-02
   4.3143813e-01  -4.7419064e-02
   4.2809365e-01  -4.7820491e-02
   4.2474916e-01  -4.8220334e-02
   4.2140468e-01  -4.8618519e-02
   4.1806020e-01  -4.9014970e-02
   4.1471572e-01  -4.9409614e-02
   4.1137124e-01  -4.9802372e-02
   4.0802676e-01  -5.0193167e-02
   4.0468227e-01  -5.0581920e-02
   4.0133779e-01  -5.0968552e-02
   3.9799331e-01  -5.1352980e-02
   3.9464883e-01  -5.1735124e-02
   3.9130435e-01  -5.2114900e-02
   3.8795987e-01  -5.2492223e-02
   3.8461538e-01  -5.2867007e-02
   3.8127090e-01  -5.3239165e-02
   3.7792642e-01  -5.3608609e-02
   3.7458194e-01  -5.3975249e-02
   3.7123746e-01  -5.4338994e-02
   3.6789298e-01  -5.4699750e-02
   3.6454849e-01  -5.5057424e-02
   3.6120401e-01  -5.5411921e-02
   3.5785953e-01  -5.5763142e-02
   3.5451505e-01  -5.6110989e-02
   3.5117057e-01  -5.6455362e-02
   3.4782609e-01  -5.6796158e-02
   3.4448161e-01  -5.7133273e-02
   3.4113712e-01  -5.7466601e-02
   3.3779264e-01  -5.7796035e-02
   3.3444816e-01  -5.8121465e-02
   3.3110368e-01  -5.8442780e-02
   3.2775920e-01  -5.8759865e-02
   3.2441472e-01  -5.9072604e-02
   3.2107023e-01  -5.9380881e-02
   3.1772575e-01  -5.9684574e-02
   3.1438127e-01  -5.9983560e-02
   3.1103679e-01  -6.0277716e-02
   3.0769231e-01  -6.0566912e-02
   3.0434783e-01  -6.0851019e-02
   3.0100334e-01  -6.1129905e-02
   2.9765886e-01  -6.1403433e-02
   2.9431438e-01  -6.1671466e-02
   2.9096990e-01  -6.1933860e-02
   2.8762542e-01  -6.2190474e-02
   2.8428094e-01  -6.2441157e-02
   2.8093645e-01  -6.2685760e-02
   2.7759197e-01  -6.2924128e-02
   2.7424749e-01  -6.3156104e-02
   2.7090301e-01  -6.3381524e-02
   2.6755853e-01  -6.3600225e-02
   2.6421405e-01  -6.3812036e-02
   2.6086957e-01  -6.4016783e-02
   2.5752508e-01  -6.4214290e-02
   2.5418060e-01  -6.4404373e-02
   2.5083612e-01  -6.4586845e-02
   2.4749164e-01  -6.4761514e-02
   2.4414716e-01  -6.4928183e-02
   2.4080268e-01  -6.5086650e-02
   2.3745819e-01  -6.5236707e-02
   2.3411371e-01  -6.5378140e-02
   2.3076923e-01  -6.5510730e-02
   2.2742475e-01  -6.5634250e-02
   2.2408027e-01  -6.5748467e-02
   2.2073579e-01  -6.5853143e-02
   2.1739130e-01  -6.5948030e-02
   2.1404682e-01  -6.6032874e-02
   2.1070234e-01  -6.6107412e-02
   2.0735786e-01  -6.6171373e-02
   2.0401338e-01  -6.6224479e-02
   2.0066890e-01  -6.6266439e-02
   1.9732441e-01  -6.6296954e-02
   1.9397993e-01  -6.6315717e-02
   1.9063545e-01  -6.6322406e-02
   1.8729097e-01  -6.6316690e-02
   1.8394649e-01  -6.6298226e-02
   1.8060201e-01  -6.6266656e-02
   1.7725753e-01  -6.6221611e-02
   1.7391304e-01  -6.6162705e-02
   1.7056856e-01  -6.6089538e-02
   1.6722408e-01  -6.6001694e-02
   1.6387960e-01  -6.5898739e-02
   1.6053512e-01  -6.5780219e-02
   1.5719064e-01  -6.5645662e-02
   1.5384615e-01  -6.5494575e-02
   1.5050167e-01  -6.5326440e-02
   1.4715719e-01  -6.5140717e-02
   1.4381271e-01  -6.4936837e-02
   1.4046823e-01  -6.4714206e-02
   1.3712375e-01  -6.4472197e-02
   1.3377926e-01  -6.4210151e-02
   1.3043478e-01  -6.3927372e-02
   1.2709030e-01  -6.3623128e-02
   1.2374582e-01  -6.3296643e-02
   1.2040134e-01  -6.2947094e-02
   1.1705686e-01  -6.2573611e-02
   1.1371237e-01  -6.2175266e-02
   1.1036789e-01  -6.1751073e-02
   1.0702341e-01  -6.1299977e-02
   1.0367893e-01  -6.0820853e-02
   1.0033445e-01  -6.0312491e-02
   9.6989967e-02  -5.9773592e-02
   9.3645485e-02  -5.9202758e-02
   9.0301003e-02  -5.8598474e-02
   8.6956522e-02  -5.7959100e-02
   8.3612040e-02  -5.7282850e-02
   8.0267559e-02  -5.6567777e-02
   7.6923077e-02  -5.5811745e-02
   7.3578595e-02  -5.5012402e-02
   7.0234114e-02  -5.4167151e-02
   6.6889632e-02  -5.3273104e-02
   6.3545151e-02  -5.2327035e-02
   6.0200669e-02  -5.1325319e-02
   5.6856187e-02  -5.0263853e-02
   5.3511706e-02  -4.9137963e-02
   5.0167224e-02  -4.7942274e-02
   4.6822742e-02  -4.6670554e-02
   4.3478261e-02  -4.5315494e-02
   4.0133779e-02  -4.3868422e-02
   3.6789298e-02  -4.2318905e-02
   3.3444816e-02  -4.0654177e-02
   3.0100334e-02  -3.8858319e-02
   2.6755853e-02  -3.6911008e-02
   2.3411371e-02  -3.4785538e-02
   2.0066890e-02  -3.2445527e-02
   1.6722408e-02  -2.9839017e-02
   1.3377926e-02  -2.6886896e-02
   1.0033445e-02  -2.3457051e-02
   6.6889632e-03  -1.9293939e-02
   3.3444816e-03  -1.3743270e-02
   0.0000000e+00  -0.0000000e+00
