   0.0000000e+00   0.0000000e+00
   3.3444816e-03   9.8387573e-03
   6.6889632e-03   1.3937407e-02
   1.0033445e-02   1.7096726e-02
   1.3377926e-02   1.9770919e-02
   1.6722408e-02   2.2135341e-02
   2.0066890e-02   2.4279604e-02
   2.3411371e-02   2.6256735e-02
   2.6755853e-02   2.8101140e-02
   3.0100334e-02   2.9836612e-02
   3.3444816e-02   3.1480393e-02
   3.6789298e-02   3.3045436e-02
   4.0133779e-02   3.4541752e-02
   4.3478261e-02   3.5977261e-02
   4.6822742e-02   3.7358349e-02
   5.0167224e-02   3.8690251e-02
   5.3511706e-02   3.9977317e-02
   5.6856187e-02   4.1223205e-02
   6.0200669e-02   4.2431025e-02
   6.3545151e-02   4.3603444e-02
   6.6889632e-02   4.4742771e-02
   7.0234114e-02   4.5851017e-02
   7.3578595e-02   4.6929946e-02
   7.6923077e-02   4.7981115e-02
   8.0267559e-02   4.9005907e-02
   8.3612040e-02   5.0005556e-02
   8.6956522e-02   5.0981167e-02
   9.0301003e-02   5.1933736e-02
   9.3645485e-02   5.2864164e-02
   9.6989967e-02   5.3773266e-02
   1.0033445e-01   5.4661788e-02
   1.0367893e-01   5.5530409e-02
   1.0702341e-01   5.6379754e-02
   1.1036789e-01   5.7210395e-02
   1.1371237e-01   5.8022864e-02
   1.1705686e-01   5.8817648e-02
   1.2040134e-01   5.9595202e-02
   1.2374582e-01   6.0355949e-02
   1.2709030e-01   6.1100283e-02
   1.3043478e-01   6.1828570e-02
   1.3377926e-01   6.2541157e-02
   1.3712375e-01   6.3238365e-02
   1.4046823e-01   6.3920501e-02
   1.4381271e-01   6.4587850e-02
   1.4715719e-01   6.5240684e-02
   1.5050167e-01   6.5879259e-02
   1.5384615e-01   6.6503818e-02
   1.5719064e-01   6.7114593e-02
   1.6053512e-01   6.7711804e-02
   1.6387960e-01   6.8295660e-02
   1.6722408e-01   6.8866361e-02
   1.7056856e-01   6.9424100e-02
   1.7391304e-01   6.9969061e-02
   1.7725753e-01   7.0501418e-02
   1.8060201e-01   7.1021342e-02
   1.8394649e-01   7.1528996e-02
   1.8729097e-01   7.2024538e-02
   1.9063545e-01   7.2508118e-02
   1.9397993e-01   7.2979884e-02
   1.9732441e-01   7.3439978e-02
   2.0066890e-01   7.3888537e-02
   2.0401338e-01   7.4325695e-02
   2.0735786e-01   7.4751583e-02
   2.1070234e-01   7.5166325e-02
   2.1404682e-01   7.5570046e-02
   2.1739130e-01   7.5962864e-02
   2.2073579e-01   7.6344897e-02
   2.2408027e-01   7.6716260e-02
   2.2742475e-01   7.7077063e-02
   2.3076923e-01   7.7427416e-02
   2.3411371e-01   7.7767427e-02
   2.3745819e-01   7.8097199e-02
   2.4080268e-01   7.8416836e-02
   2.4414716e-01   7.8726439e-02
   2.4749164e-01   7.9026107e-02
   2.5083612e-01   7.9315937e-02
   2.5418060e-01   7.9596026e-02
   2.5752508e-01   7.9866468e-02
   2.6086957e-01   8.0127357e-02
   2.6421405e-01   8.0378783e-02
   2.6755853e-01   8.0620837e-02
   2.7090301e-01   8.0853609e-02
   2.7424749e-01   8.1077187e-02
   2.7759197e-01   8.1291657e-02
   2.8093645e-01   8.1497105e-02
   2.8428094e-01   8.1693616e-02
   2.8762542e-01   8.1881275e-02
   2.9096990e-01   8.2060164e-02
   2.9431438e-01   8.2230365e-02
   2.9765886e-01   8.2391960e-02
   3.0100334e-01   8.2545029e-02
   3.0434783e-01   8.2689651e-02
   3.0769231e-01   8.2825906e-02
   3.1103679e-01   8.2953872e-02
   3.1438127e-01   8.3073626e-02
   3.1772575e-01   8.3185245e-02
   3.2107023e-01   8.3288805e-02
   3.2441472e-01   8.3384381e-02
   3.2775920e-01   8.3472049e-02
   3.3110368e-01   8.3551883e-02
   3.3444816e-01   8.3623955e-02
   3.3779264e-01   8.3688340e-02
   3.4113712e-01   8.3745109e-02
   3.4448161e-01   8.3794335e-02
   3.4782609e-01   8.3836089e-02
   3.5117057e-01   8.3870441e-02
   3.5451505e-01   8.3897462e-02
   3.5785953e-01   8.3917221e-02
   3.6120401e-01   8.3929788e-02
   3.6454849e-01   8.3935231e-02
   3.6789298e-01   8.3933618e-02
   3.7123746e-01   8.3925018e-02
   3.7458194e-01   8.3909496e-02
   3.7792642e-01   8.3887121e-02
   3.8127090e-01   8.3857957e-02
   3.8461538e-01   8.3822070e-02
   3.8795987e-01   8.3779527e-02
   3.9130435e-01   8.3730390e-02
   3.9464883e-01   8.3674724e-02
   3.9799331e-01   8.3612593e-02
   4.0133779e-01   8.3544061e-02
   4.0468227e-01   8.3469189e-02
   4.0802676e-01   8.3388039e-02
   4.1137124e-01   8.3300674e-02
   4.1471572e-01   8.3207155e-02
   4.1806020e-01   8.3107541e-02
   4.2140468e-01   8.3001894e-02
   4.2474916e-01   8.2890272e-02
   4.2809365e-01   8.2772735e-02
   4.3143813e-01   8.2649342e-02
   4.3478261e-01   8.2520151e-02
   4.3812709e-01   8.2385218e-02
   4.4147157e-01   8.2244601e-02
   4.4481605e-01   8.2098357e-02
   4.4816054e-01   8.1946542e-02
   4.5150502e-01   8.1789210e-02
   4.5484950e-01   8.1626417e-02
   4.5819398e-01   8.1458218e-02
   4.6153846e-01   8.1284665e-02
   4.6488294e-01   8.1105812e-02
   4.6822742e-01   8.0921713e-02
   4.7157191e-01   8.0732418e-02
   4.7491639e-01   8.0537980e-02
   4.7826087e-01   8.0338449e-02
   4.8160535e-01   8.0133876e-02
   4.8494983e-01   7.9924310e-02
   4.8829431e-01   7.9709802e-02
   4.9163880e-01   7.9490399e-02
   4.9498328e-01   7.9266149e-02
   4.9832776e-01   7.9037100e-02
   5.0167224e-01   7.8803299e-02
   5.0501672e-01   7.8564792e-02
   5.0836120e-01   7.8321624e-02
   5.1170569e-01   7.8073841e-02
   5.1505017e-01   7.7821486e-02
   5.1839465e-01   7.7564604e-02
   5.2173913e-01   7.7303237e-02
   5.2508361e-01   7.7037427e-02
   5.2842809e-01   7.6767217e-02
   5.3177258e-01   7.6492647e-02
   5.3511706e-01   7.6213758e-02
   5.3846154e-01   7.5930589e-02
   5.4180602e-01   7.5643180e-02
   5.4515050e-01   7.5351568e-02
   5.4849498e-01   7.5055791e-02
   5.5183946e-01   7.4755886e-02
   5.5518395e-01   7.4451890e-02
   5.5852843e-01   7.4143838e-02
   5.6187291e-01   7.3831763e-02
   5.6521739e-01   7.3515702e-02
   5.6856187e-01   7.3195686e-02
   5.7190635e-01   7.2871748e-02
   5.7525084e-01   7.2543921e-02
   5.7859532e-01   7.2212235e-02
   5.8193980e-01   7.1876719e-02
   5.8528428e-01   7.1537405e-02
   5.8862876e-01   7.1194321e-02
   5.9197324e-01   7.0847494e-02
   5.9531773e-01   7.0496951e-02
   5.9866221e-01   7.0142720e-02
   6.0200669e-01   6.9784825e-02
   6.0535117e-01   6.9423291e-02
   6.0869565e-01   6.9058143e-02
   6.1204013e-01   6.8689403e-02
   6.1538462e-01   6.8317094e-02
   6.1872910e-01   6.7941237e-02
   6.2207358e-01   6.7561853e-02
   6.2541806e-01   6.7178961e-02
   6.2876254e-01   6.6792580e-02
   6.3210702e-01   6.6402729e-02
   6.3545151e-01   6.6009425e-02
   6.3879599e-01   6.5612684e-02
   6.4214047e-01   6.5212521e-02
   6.4548495e-01   6.4808951e-02
   6.4882943e-01   6.4401988e-02
   6.5217391e-01   6.3991644e-02
   6.5551839e-01   6.3577932e-02
   6.5886288e-01   6.3160862e-02
   6.6220736e-01   6.2740444e-02
   6.6555184e-01   6.2316688e-02
   6.6889632e-01   6.1889601e-02
   6.7224080e-01   6.1459191e-02
   6.7558528e-01   6.1025464e-02
   6.7892977e-01   6.0588426e-02
   6.8227425e-01   6.0148080e-02
   6.8561873e-01   5.9704431e-02
   6.8896321e-01   5.9257481e-02
   6.9230769e-01   5.8807231e-02
   6.9565217e-01   5.8353682e-02
   6.9899666e-01   5.7896833e-02
   7.0234114e-01   5.7436683e-02
   7.0568562e-01   5.6973230e-02
   7.0903010e-01   5.6506470e-02
   7.1237458e-01   5.6036398e-02
   7.1571906e-01   5.5563009e-02
   7.1906355e-01   5.5086297e-02
   7.2240803e-01   5.4606254e-02
   7.2575251e-01   5.4122871e-02
   7.2909699e-01   5.3636139e-02
   7.3244147e-01   5.3146048e-02
   7.3578595e-01   5.2652584e-02
   7.3913043e-01   5.2155736e-02
   7.4247492e-01   5.1655490e-02
   7.4581940e-01   5.1151831e-02
   7.4916388e-01   5.0644743e-02
   7.5250836e-01   5.0134208e-02
   7.5585284e-01   4.9620209e-02
   7.5919732e-01   4.9102727e-02
   7.6254181e-01   4.8581740e-02
   7.6588629e-01   4.8057228e-02
   7.6923077e-01   4.7529168e-02
   7.7257525e-01   4.6997536e-02
   7.7591973e-01   4.6462307e-02
   7.7926421e-01   4.5923455e-02
   7.8260870e-01   4.5380954e-02
   7.8595318e-01   4.4834775e-02
   7.8929766e-01   4.4284888e-02
   7.9264214e-01   4.3731264e-02
   7.9598662e-01   4.3173869e-02
   7.9933110e-01   4.2612672e-02
   8.0267559e-01   4.2047639e-02
   8.0602007e-01   4.1478733e-02
   8.0936455e-01   4.0905919e-02
   8.1270903e-01   4.0329159e-02
   8.1605351e-01   3.9748415e-02
   8.1939799e-01   3.9163646e-02
   8.2274247e-01   3.8574810e-02
   8.2608696e-01   3.7981867e-02
   8.2943144e-01   3.7384771e-02
   8.3277592e-01   3.6783478e-02
   8.3612040e-01   3.6177943e-02
   8.3946488e-01   3.5568117e-02
   8.4280936e-01   3.4953951e-02
   8.4615385e-01   3.4335398e-02
   8.4949833e-01   3.3712404e-02
   8.5284281e-01   3.3084918e-02
   8.5618729e-01   3.2452886e-02
   8.5953177e-01   3.1816254e-02
   8.6287625e-01   3.1174964e-02
   8.6622074e-01   3.0528961e-02
   8.6956522e-01   2.9878184e-02
   8.7290970e-01   2.9222575e-02
   8.7625418e-01   2.8562071e-02
   8.7959866e-01   2.7896610e-02
   8.8294314e-01   2.7226128e-02
   8.8628763e-01   2.6550561e-02
   8.8963211e-01   2.5869841e-02
   8.9297659e-01   2.5183900e-02
   8.9632107e-01   2.4492670e-02
   8.9966555e-01   2.3796080e-02
   9.0301003e-01   2.3094057e-02
   9.0635452e-01   2.2386530e-02
   9.0969900e-01   2.1673422e-02
   9.1304348e-01   2.0954659e-02
   9.1638796e-01   2.0230163e-02
   9.1973244e-01   1.9499855e-02
   9.2307692e-01   1.8763656e-02
   9.2642140e-01   1.8021484e-02
   9.2976589e-01   1.7273255e-02
   9.3311037e-01   1.6518887e-02
   9.3645485e-01   1.5758293e-02
   9.3979933e-01   1.4991387e-02
   9.4314381e-01   1.4218080e-02
   9.4648829e-01   1.3438282e-02
   9.4983278e-01   1.2651902e-02
   9.5317726e-01   1.1858848e-02
   9.5652174e-01   1.1059025e-02
   9.5986622e-01   1.0252339e-02
   9.6321070e-01   9.4386914e-03
   9.6655518e-01   8.6179850e-03
   9.6989967e-01   7.7901197e-03
   9.7324415e-01   6.9549944e-03
   9.7658863e-01   6.1125063e-03
   9.7993311e-01   5.2625513e-03
   9.8327759e-01   4.4050238e-03
   9.8662207e-01   3.5398167e-03
   9.8996656e-01   2.6668216e-03
   9.9331104e-01   1.7859283e-03
   9.9665552e-01   8.9702547e-04
   1.0000000e+00   0.0000000e+00
   1.0000000e+00   0.0000000e+00
   9.9665552e-01   1.5082385e-04
   9.9331104e-01   2.9932943e-04
   9.8996656e-01   4.4551418e-04
   9.8662207e-01   5.8937560e-04
   9.8327759e-01   7.3091129e-04
   9.7993311e-01   8.7011893e-04
   9.7658863e-01   1.0069963e-03
   9.7324415e-01   1.1415412e-03
   9.6989967e-01   1.2737516e-03
   9.6655518e-01   1.4036256e-03
   9.6321070e-01   1.5311611e-03
   9.5986622e-01   1.6563565e-03
   9.5652174e-01   1.7792100e-03
   9.5317726e-01   1.8997199e-03
   9.4983278e-01   2.0178848e-03
   9.4648829e-01   2.1337031e-03
   9.4314381e-01   2.2471735e-03
   9.3979933e-01   2.3582948e-03
   9.3645485e-01   2.4670657e-03
   9.3311037e-01   2.5734851e-03
   9.2976589e-01   2.6775522e-03
   9.2642140e-01   2.7792659e-03
   9.2307692e-01   2.8786254e-03
   9.1973244e-01   2.9756301e-03
   9.1638796e-01   3.0702794e-03
   9.1304348e-01   3.1625726e-03
   9.0969900e-01   3.2525094e-03
   9.0635452e-01   3.3400895e-03
   9.0301003e-01   3.4253125e-03
   8.9966555e-01   3.5081785e-03
   8.9632107e-01   3.5886873e-03
   8.9297659e-01   3.6668391e-03
   8.8963211e-01   3.7426339e-03
   8.8628763e-01   3.8160722e-03
   8.8294314e-01   3.8871541e-03
   8.7959866e-01   3.9558803e-03
   8.7625418e-01   4.0222514e-03
   8.7290970e-01   4.0862679e-03
   8.6956522e-01   4.1479307e-03
   8.6622074e-01   4.2072407e-03
   8.6287625e-01   4.2641989e-03
   8.5953177e-01   4.3188064e-03
   8.5618729e-01   4.3710645e-03
   8.5284281e-01   4.4209745e-03
   8.4949833e-01   4.4685378e-03
   8.4615385e-01   4.5137559e-03
   8.4280936e-01   4.5566307e-03
   8.3946488e-01   4.5971638e-03
   8.3612040e-01   4.6353572e-03
   8.3277592e-01   4.6712128e-03
   8.2943144e-01   4.7047329e-03
   8.2608696e-01   4.7359196e-03
   8.2274247e-01   4.7647753e-03
   8.1939799e-01   4.7913025e-03
   8.1605351e-01   4.8155038e-03
   8.1270903e-01   4.8373820e-03
   8.0936455e-01   4.8569399e-03
   8.0602007e-01   4.8741804e-03
   8.0267559e-01   4.8891068e-03
   7.9933110e-01   4.9017221e-03
   7.9598662e-01   4.9120298e-03
   7.9264214e-01   4.9200333e-03
   7.8929766e-01   4.9257362e-03
   7.8595318e-01   4.9291423e-03
   7.8260870e-01   4.9302555e-03
   7.7926421e-01   4.9290797e-03
   7.7591973e-01   4.9256190e-03
   7.7257525e-01   4.9198778e-03
   7.6923077e-01   4.9118605e-03
   7.6588629e-01   4.9015715e-03
   7.6254181e-01   4.8890156e-03
   7.5919732e-01   4.8741976e-03
   7.5585284e-01   4.8571224e-03
   7.5250836e-01   4.8377951e-03
   7.4916388e-01   4.8162211e-03
   7.4581940e-01   4.7924055e-03
   7.4247492e-01   4.7663541e-03
   7.3913043e-01   4.7380725e-03
   7.3578595e-01   4.7075665e-03
   7.3244147e-01   4.6748420e-03
   7.2909699e-01   4.6399053e-03
   7.2575251e-01   4.6027625e-03
   7.2240803e-01   4.5634202e-03
   7.1906355e-01   4.5218849e-03
   7.1571906e-01   4.4781634e-03
   7.1237458e-01   4.4322625e-03
   7.0903010e-01   4.3841894e-03
   7.0568562e-01   4.3339513e-03
   7.0234114e-01   4.2815555e-03
   6.9899666e-01   4.2270096e-03
   6.9565217e-01   4.1703214e-03
   6.9230769e-01   4.1114987e-03
   6.8896321e-01   4.0505496e-03
   6.8561873e-01   3.9874823e-03
   6.8227425e-01   3.9223052e-03
   6.7892977e-01   3.8550270e-03
   6.7558528e-01   3.7856564e-03
   6.7224080e-01   3.7142022e-03
   6.6889632e-01   3.6406737e-03
   6.6555184e-01   3.5650801e-03
   6.6220736e-01   3.4874309e-03
   6.5886288e-01   3.4077359e-03
   6.5551839e-01   3.3260048e-03
   6.5217391e-01   3.2422476e-03
   6.4882943e-01   3.1564748e-03
   6.4548495e-01   3.0686966e-03
   6.4214047e-01   2.9789237e-03
   6.3879599e-01   2.8871671e-03
   6.3545151e-01   2.7934376e-03
   6.3210702e-01   2.6977465e-03
   6.2876254e-01   2.6001054e-03
   6.2541806e-01   2.5005258e-03
   6.2207358e-01   2.3990196e-03
   6.1872910e-01   2.2955989e-03
   6.1538462e-01   2.1902759e-03
   6.1204013e-01   2.0830633e-03
   6.0869565e-01   1.9739738e-03
   6.0535117e-01   1.8630202e-03
   6.0200669e-01   1.7502158e-03
   5.9866221e-01   1.6355740e-03
   5.9531773e-01   1.5191085e-03
   5.9197324e-01   1.4008331e-03
   5.8862876e-01   1.2807619e-03
   5.8528428e-01   1.1589094e-03
   5.8193980e-01   1.0352900e-03
   5.7859532e-01   9.0991875e-04
   5.7525084e-01   7.8281064e-04
   5.7190635e-01   6.5398104e-04
   5.6856187e-01   5.2344556e-04
   5.6521739e-01   3.9122009e-04
   5.6187291e-01   2.5732075e-04
   5.5852843e-01   1.2176393e-04
   5.5518395e-01  -1.5433675e-05
   5.5183946e-01  -1.5425514e-04
   5.4849498e-01  -2.9468323e-04
   5.4515050e-01  -4.3670045e-04
   5.4180602e-01  -5.8028900e-04
   5.3846154e-01  -7.2543080e-04
   5.3511706e-01  -8.7210749e-04
   5.3177258e-01  -1.0203004e-03
   5.2842809e-01  -1.1699905e-03
   5.2508361e-01  -1.3211586e-03
   5.2173913e-01  -1.4737851e-03
   5.1839465e-01  -1.6278500e-03
   5.1505017e-01  -1.7833331e-03
   5.1170569e-01  -1.9402139e-03
   5.0836120e-01  -2.0984716e-03
   5.0501672e-01  -2.2580847e-03
   5.0167224e-01  -2.4190320e-03
   4.9832776e-01  -2.5812913e-03
   4.9498328e-01  -2.7448405e-03
   4.9163880e-01  -2.9096569e-03
   4.8829431e-01  -3.0757176e-03
   4.8494983e-01  -3.2429993e-03
   4.8160535e-01  -3.4114782e-03
   4.7826087e-01  -3.5811301e-03
   4.7491639e-01  -3.7519308e-03
   4.7157191e-01  -3.9238552e-03
   4.6822742e-01  -4.0968781e-03
   4.6488294e-01  -4.2709737e-03
   4.6153846e-01  -4.4461162e-03
   4.5819398e-01  -4.6222787e-03
   4.5484950e-01  -4.7994346e-03
   4.5150502e-01  -4.9775563e-03
   4.4816054e-01  -5.1566161e-03
   4.4481605e-01  -5.3365856e-03
   4.4147157e-01  -5.5174361e-03
   4.3812709e-01  -5.6991385e-03
   4.3478261e-01  -5.8816630e-03
   4.3143813e-01  -6.0649795e-03
   4.2809365e-01  -6.2490573e-03
   4.2474916e-01  -6.4338653e-03
   4.2140468e-01  -6.6193717e-03
   4.1806020e-01  -6.8055443e-03
   4.1471572e-01  -6.9923505e-03
   4.1137124e-01  -7.1797569e-03
   4.0802676e-01  -7.3677296e-03
   4.0468227e-01  -7.5562343e-03
   4.0133779e-01  -7.7452359e-03
   3.9799331e-01  -7.9346989e-03
   3.9464883e-01  -8.1245870e-03
   3.9130435e-01  -8.3148634e-03
   3.8795987e-01  -8.5054908e-03
   3.8461538e-01  -8.6964309e-03
   3.8127090e-01  -8.8876451e-03
   3.7792642e-01  -9.0790939e-03
   3.7458194e-01  -9.2707371e-03
   3.7123746e-01  -9.4625340e-03
   3.6789298e-01  -9.6544430e-03
   3.6454849e-01  -9.8464219e-03
   3.6120401e-01  -1.0038427e-02
   3.5785953e-01  -1.0230416e-02
   3.5451505e-01  -1.0422343e-02
   3.5117057e-01  -1.0614162e-02
   3.4782609e-01  -1.0805829e-02
   3.4448161e-01  -1.0997294e-02
   3.4113712e-01  -1.1188511e-02
   3.3779264e-01  -1.1379431e-02
   3.3444816e-01  -1.1570003e-02
   3.3110368e-01  -1.1760178e-02
   3.2775920e-01  -1.1949902e-02
   3.2441472e-01  -1.2139124e-02
   3.2107023e-01  -1.2327789e-02
   3.1772575e-01  -1.2515843e-02
   3.1438127e-01  -1.2703230e-02
   3.1103679e-01  -1.2889892e-02
   3.0769231e-01  -1.3075772e-02
   3.0434783e-01  -1.3260810e-02
   3.0100334e-01  -1.3444945e-02
   2.9765886e-01  -1.3628116e-02
   2.9431438e-01  -1.3810259e-02
   2.9096990e-01  -1.3991310e-02
   2.8762542e-01  -1.4171202e-02
   2.8428094e-01  -1.4349869e-02
   2.8093645e-01  -1.4527241e-02
   2.7759197e-01  -1.4703248e-02
   2.7424749e-01  -1.4877819e-02
   2.7090301e-01  -1.5050879e-02
   2.6755853e-01  -1.5222353e-02
   2.6421405e-01  -1.5392165e-02
   2.6086957e-01  -1.5560235e-02
   2.5752508e-01  -1.5726482e-02
   2.5418060e-01  -1.5890824e-02
   2.5083612e-01  -1.6053177e-02
   2.4749164e-01  -1.6213453e-02
   2.4414716e-01  -1.6371563e-02
   2.4080268e-01  -1.6527416e-02
   2.3745819e-01  -1.6680919e-02
   2.3411371e-01  -1.6831975e-02
   2.3076923e-01  -1.6980485e-02
   2.2742475e-01  -1.7126348e-02
   2.2408027e-01  -1.7269461e-02
   2.2073579e-01  -1.7409715e-02
   2.1739130e-01  -1.7547002e-02
   2.1404682e-01  -1.7681206e-02
   2.1070234e-01  -1.7812213e-02
   2.0735786e-01  -1.7939901e-02
   2.0401338e-01  -1.8064147e-02
   2.0066890e-01  -1.8184823e-02
   1.9732441e-01  -1.8301798e-02
   1.9397993e-01  -1.8414935e-02
   1.9063545e-01  -1.8524094e-02
   1.8729097e-01  -1.8629131e-02
   1.8394649e-01  -1.8729894e-02
   1.8060201e-01  -1.8826229e-02
   1.7725753e-01  -1.8917974e-02
   1.7391304e-01  -1.9004964e-02
   1.7056856e-01  -1.9087024e-02
   1.6722408e-01  -1.9163976e-02
   1.6387960e-01  -1.9235633e-02
   1.6053512e-01  -1.9301801e-02
   1.5719064e-01  -1.9362278e-02
   1.5384615e-01  -1.9416853e-02
   1.5050167e-01  -1.9465307e-02
   1.4715719e-01  -1.9507412e-02
   1.4381271e-01  -1.9542927e-02
   1.4046823e-01  -1.9571602e-02
   1.3712375e-01  -1.9593174e-02
   1.3377926e-01  -1.9607368e-02
   1.3043478e-01  -1.9613894e-02
   1.2709030e-01  -1.9612447e-02
   1.2374582e-01  -1.9602708e-02
   1.2040134e-01  -1.9584336e-02
   1.1705686e-01  -1.9556974e-02
   1.1371237e-01  -1.9520243e-02
   1.1036789e-01  -1.9473739e-02
   1.0702341e-01  -1.9417034e-02
   1.0367893e-01  -1.9349673e-02
   1.0033445e-01  -1.9271167e-02
   9.6989967e-02  -1.9180995e-02
   9.3645485e-02  -1.9078595e-02
   9.0301003e-02  -1.8963365e-02
   8.6956522e-02  -1.8834652e-02
   8.3612040e-02  -1.8691751e-02
   8.0267559e-02  -1.8533891e-02
   7.6923077e-02  -1.8360236e-02
   7.3578595e-02  -1.8169865e-02
   7.0234114e-02  -1.7961766e-02
   6.6889632e-02  -1.7734819e-02
   6.3545151e-02  -1.7487776e-02
   6.0200669e-02  -1.7219243e-02
   5.6856187e-02  -1.6927645e-02
   5.3511706e-02  -1.6611198e-02
   5.0167224e-02  -1.6267857e-02
   4.6822742e-02  -1.5895262e-02
   4.3478261e-02  -1.5490654e-02
   4.0133779e-02  -1.5050775e-02
   3.6789298e-02  -1.4571719e-02
   3.3444816e-02  -1.4048726e-02
   3.0100334e-02  -1.3475884e-02
   2.6755853e-02  -1.2845674e-02
   2.3411371e-02  -1.2148255e-02
   2.0066890e-02  -1.1370272e-02
   1.6722408e-02  -1.0492722e-02
   1.3377926e-02  -9.4867815e-03
   1.0033445e-02  -8.3044976e-03
   6.6889632e-03  -6.8534600e-03
   3.3444816e-03  -4.8979639e-03
   0.0000000e+00  -0.0000000e+00
