   0.0000000e+00   0.0000000e+00
   3.3444816e-03   1.6132781e-02
   6.6889632e-03   2.2956888e-02
   1.0033445e-02   2.8283917e-02
   1.3377926e-02   3.2846179e-02
   1.6722408e-02   3.6924410e-02
   2.0066890e-02   4.0661019e-02
   2.3411371e-02   4.4139622e-02
   2.6755853e-02   4.7414025e-02
   3.0100334e-02   5.0521115e-02
   3.3444816e-02   5.3487378e-02
   3.6789298e-02   5.6332523e-02
   4.0133779e-02   5.9071635e-02
   4.3478261e-02   6.1716523e-02
   4.6822742e-02   6.4276613e-02
   5.0167224e-02   6.6759544e-02
   5.3511706e-02   6.9171598e-02
   5.6856187e-02   7.1517998e-02
   6.0200669e-02   7.3803135e-02
   6.3545151e-02   7.6030730e-02
   6.6889632e-02   7.8203969e-02
   7.0234114e-02   8.0325595e-02
   7.3578595e-02   8.2397987e-02
   7.6923077e-02   8.4423224e-02
   8.0267559e-02   8.6403129e-02
   8.3612040e-02   8.8339313e-02
   8.6956522e-02   9.0233204e-02
   9.0301003e-02   9.2086078e-02
   9.3645485e-02   9.3899075e-02
   9.6989967e-02   9.5673224e-02
   1.0033445e-01   9.7409452e-02
   1.0367893e-01   9.9108603e-02
   1.0702341e-01   1.0077145e-01
   1.1036789e-01   1.0239868e-01
   1.1371237e-01   1.0399096e-01
   1.1705686e-01   1.0554887e-01
   1.2040134e-01   1.0707297e-01
   1.2374582e-01   1.0856378e-01
   1.2709030e-01   1.1002176e-01
   1.3043478e-01   1.1144737e-01
   1.3377926e-01   1.1284103e-01
   1.3712375e-01   1.1420315e-01
   1.4046823e-01   1.1553408e-01
   1.4381271e-01   1.1683420e-01
   1.4715719e-01   1.1810384e-01
   1.5050167e-01   1.1934334e-01
   1.5384615e-01   1.2055300e-01
   1.5719064e-01   1.2173313e-01
   1.6053512e-01   1.2288401e-01
   1.6387960e-01   1.2400594e-01
   1.6722408e-01   1.2509917e-01
   1.7056856e-01   1.2616399e-01
   1.7391304e-01   1.2720065e-01
   1.7725753e-01   1.2820941e-01
   1.8060201e-01   1.2919051e-01
   1.8394649e-01   1.3014420e-01
   1.8729097e-01   1.3107072e-01
   1.9063545e-01   1.3197031e-01
   1.9397993e-01   1.3284321e-01
   1.9732441e-01   1.3368964e-01
   2.0066890e-01   1.3450985e-01
   2.0401338e-01   1.3530404e-01
   2.0735786e-01   1.3607246e-01
   2.1070234e-01   1.3681532e-01
   2.1404682e-01   1.3753286e-01
   2.1739130e-01   1.3822529e-01
   2.2073579e-01   1.3889284e-01
   2.2408027e-01   1.3953573e-01
   2.2742475e-01   1.4015417e-01
   2.3076923e-01   1.4074840e-01
   2.3411371e-01   1.4131863e-01
   2.3745819e-01   1.4186508e-01
   2.4080268e-01   1.4238797e-01
   2.4414716e-01   1.4288753e-01
   2.4749164e-01   1.4336397e-01
   2.5083612e-01   1.4381752e-01
   2.5418060e-01   1.4424839e-01
   2.5752508e-01   1.4465681e-01
   2.6086957e-01   1.4504300e-01
   2.6421405e-01   1.4540718e-01
   2.6755853e-01   1.4574958e-01
   2.7090301e-01   1.4607041e-01
   2.7424749e-01   1.4636990e-01
   2.7759197e-01   1.4664827e-01
   2.8093645e-01   1.4690575e-01
   2.8428094e-01   1.4714257e-01
   2.8762542e-01   1.4735893e-01
   2.9096990e-01   1.4755508e-01
   2.9431438e-01   1.4773123e-01
   2.9765886e-01   1.4788762e-01
   3.0100334e-01   1.4802446e-01
   3.0434783e-01   1.4814199e-01
   3.0769231e-01   1.4824042e-01
   3.1103679e-01   1.4831999e-01
   3.1438127e-01   1.4838093e-01
   3.1772575e-01   1.4842345e-01
   3.2107023e-01   1.4844779e-01
   3.2441472e-01   1.4845418e-01
   3.2775920e-01   1.4844284e-01
   3.3110368e-01   1.4841400e-01
   3.3444816e-01   1.4836789e-01
   3.3779264e-01   1.4830474e-01
   3.4113712e-01   1.4822477e-01
   3.4448161e-01   1.4812821e-01
   3.4782609e-01   1.4801529e-01
   3.5117057e-01   1.4788624e-01
   3.5451505e-01   1.4774128e-01
   3.5785953e-01   1.4758064e-01
   3.6120401e-01   1.4740455e-01
   3.6454849e-01   1.4721323e-01
   3.6789298e-01   1.4700692e-01
   3.7123746e-01   1.4678583e-01
   3.7458194e-01   1.4655019e-01
   3.7792642e-01   1.4630023e-01
   3.8127090e-01   1.4603617e-01
   3.8461538e-01   1.4575823e-01
   3.8795987e-01   1.4546665e-01
   3.9130435e-01   1.4516163e-01
   3.9464883e-01   1.4484342e-01
   3.9799331e-01   1.4451221e-01
   4.0133779e-01   1.4416825e-01
   4.0468227e-01   1.4381174e-01
   4.0802676e-01   1.4344291e-01
   4.1137124e-01   1.4306197e-01
   4.1471572e-01   1.4266915e-01
   4.1806020e-01   1.4226466e-01
   4.2140468e-01   1.4184871e-01
   4.2474916e-01   1.4142152e-01
   4.2809365e-01   1.4098331e-01
   4.3143813e-01   1.4053428e-01
   4.3478261e-01   1.4007465e-01
   4.3812709e-01   1.3960463e-01
   4.4147157e-01   1.3912442e-01
   4.4481605e-01   1.3863425e-01
   4.4816054e-01   1.3813430e-01
   4.5150502e-01   1.3762479e-01
   4.5484950e-01   1.3710593e-01
   4.5819398e-01   1.3657791e-01
   4.6153846e-01   1.3604093e-01
   4.6488294e-01   1.3549520e-01
   4.6822742e-01   1.3494091e-01
   4.7157191e-01   1.3437827e-01
   4.7491639e-01   1.3380745e-01
   4.7826087e-01   1.3322867e-01
   4.8160535e-01   1.3264211e-01
   4.8494983e-01   1.3204795e-01
   4.8829431e-01   1.3144640e-01
   4.9163880e-01   1.3083763e-01
   4.9498328e-01   1.3022183e-01
   4.9832776e-01   1.2959918e-01
   5.0167224e-01   1.2896987e-01
   5.0501672e-01   1.2833406e-01
   5.0836120e-01   1.2769195e-01
   5.1170569e-01   1.2704370e-01
   5.1505017e-01   1.2638949e-01
   5.1839465e-01   1.2572948e-01
   5.2173913e-01   1.2506386e-01
   5.2508361e-01   1.2439277e-01
   5.2842809e-01   1.2371640e-01
   5.3177258e-01   1.2303489e-01
   5.3511706e-01   1.2234841e-01
   5.3846154e-01   1.2165712e-01
   5.4180602e-01   1.2096118e-01
   5.4515050e-01   1.2026073e-01
   5.4849498e-01   1.1955592e-01
   5.5183946e-01   1.1884691e-01
   5.5518395e-01   1.1813384e-01
   5.5852843e-01   1.1741685e-01
   5.6187291e-01   1.1669608e-01
   5.6521739e-01   1.1597168e-01
   5.6856187e-01   1.1524377e-01
   5.7190635e-01   1.1451249e-01
   5.7525084e-01   1.1377797e-01
   5.7859532e-01   1.1304033e-01
   5.8193980e-01   1.1229971e-01
   5.8528428e-01   1.1155622e-01
   5.8862876e-01   1.1080998e-01
   5.9197324e-01   1.1006111e-01
   5.9531773e-01   1.0930972e-01
   5.9866221e-01   1.0855592e-01
   6.0200669e-01   1.0779982e-01
   6.0535117e-01   1.0704152e-01
   6.0869565e-01   1.0628112e-01
   6.1204013e-01   1.0551873e-01
   6.1538462e-01   1.0475444e-01
   6.1872910e-01   1.0398833e-01
   6.2207358e-01   1.0322051e-01
   6.2541806e-01   1.0245104e-01
   6.2876254e-01   1.0168003e-01
   6.3210702e-01   1.0090754e-01
   6.3545151e-01   1.0013366e-01
   6.3879599e-01   9.9358449e-02
   6.4214047e-01   9.8581985e-02
   6.4548495e-01   9.7804332e-02
   6.4882943e-01   9.7025553e-02
   6.5217391e-01   9.6245708e-02
   6.5551839e-01   9.5464852e-02
   6.5886288e-01   9.4683038e-02
   6.6220736e-01   9.3900314e-02
   6.6555184e-01   9.3116726e-02
   6.6889632e-01   9.2332316e-02
   6.7224080e-01   9.1547122e-02
   6.7558528e-01   9.0761179e-02
   6.7892977e-01   8.9974518e-02
   6.8227425e-01   8.9187165e-02
   6.8561873e-01   8.8399145e-02
   6.8896321e-01   8.7610477e-02
   6.9230769e-01   8.6821177e-02
   6.9565217e-01   8.6031258e-02
   6.9899666e-01   8.5240728e-02
   7.0234114e-01   8.4449591e-02
   7.0568562e-01   8.3657848e-02
   7.0903010e-01   8.2865496e-02
   7.1237458e-01   8.2072528e-02
   7.1571906e-01   8.1278932e-02
   7.1906355e-01   8.0484694e-02
   7.2240803e-01   7.9689794e-02
   7.2575251e-01   7.8894210e-02
   7.2909699e-01   7.8097913e-02
   7.3244147e-01   7.7300872e-02
   7.3578595e-01   7.6503052e-02
   7.3913043e-01   7.5704413e-02
   7.4247492e-01   7.4904911e-02
   7.4581940e-01   7.4104498e-02
   7.4916388e-01   7.3303123e-02
   7.5250836e-01   7.2500727e-02
   7.5585284e-01   7.1697250e-02
   7.5919732e-01   7.0892628e-02
   7.6254181e-01   7.0086790e-02
   7.6588629e-01   6.9279662e-02
   7.6923077e-01   6.8471166e-02
   7.7257525e-01   6.7661220e-02
   7.7591973e-01   6.6849736e-02
   7.7926421e-01   6.6036622e-02
   7.8260870e-01   6.5221783e-02
   7.8595318e-01   6.4405117e-02
   7.8929766e-01   6.3586519e-02
   7.9264214e-01   6.2765879e-02
   7.9598662e-01   6.1943083e-02
   7.9933110e-01   6.1118012e-02
   8.0267559e-01   6.0290541e-02
   8.0602007e-01   5.9460543e-02
   8.0936455e-01   5.8627884e-02
   8.1270903e-01   5.7792427e-02
   8.1605351e-01   5.6954028e-02
   8.1939799e-01   5.6112541e-02
   8.2274247e-01   5.5267812e-02
   8.2608696e-01   5.4419686e-02
   8.2943144e-01   5.3567999e-02
   8.3277592e-01   5.2712586e-02
   8.3612040e-01   5.1853274e-02
   8.3946488e-01   5.0989887e-02
   8.4280936e-01   5.0122244e-02
   8.4615385e-01   4.9250157e-02
   8.4949833e-01   4.8373435e-02
   8.5284281e-01   4.7491882e-02
   8.5618729e-01   4.6605296e-02
   8.5953177e-01   4.5713469e-02
   8.6287625e-01   4.4816192e-02
   8.6622074e-01   4.3913245e-02
   8.6956522e-01   4.3004408e-02
   8.7290970e-01   4.2089453e-02
   8.7625418e-01   4.1168148e-02
   8.7959866e-01   4.0240255e-02
   8.8294314e-01   3.9305531e-02
   8.8628763e-01   3.8363728e-02
   8.8963211e-01   3.7414593e-02
   8.9297659e-01   3.6457866e-02
   8.9632107e-01   3.5493284e-02
   8.9966555e-01   3.4520578e-02
   9.0301003e-01   3.3539473e-02
   9.0635452e-01   3.2549687e-02
   9.0969900e-01   3.1550937e-02
   9.1304348e-01   3.0542930e-02
   9.1638796e-01   2.9525371e-02
   9.1973244e-01   2.8497957e-02
   9.2307692e-01   2.7460381e-02
   9.2642140e-01   2.6412330e-02
   9.2976589e-01   2.5353485e-02
   9.3311037e-01   2.4283522e-02
   9.3645485e-01   2.3202112e-02
   9.3979933e-01   2.2108918e-02
   9.4314381e-01   2.1003600e-02
   9.4648829e-01   1.9885812e-02
   9.4983278e-01   1.8755200e-02
   9.5317726e-01   1.7611408e-02
   9.5652174e-01   1.6454070e-02
   9.5986622e-01   1.5282818e-02
   9.6321070e-01   1.4097275e-02
   9.6655518e-01   1.2897062e-02
   9.6989967e-01   1.1681791e-02
   9.7324415e-01   1.0451070e-02
   9.7658863e-01   9.2044990e-03
   9.7993311e-01   7.9416744e-03
   9.8327759e-01   6.6621856e-03
   9.8662207e-01   5.3656164e-03
   9.8996656e-01   4.0515444e-03
   9.9331104e-01   2.7195415e-03
   9.9665552e-01   1.3691734e-03
   1.0000000e+00   0.0000000e+00
   1.0000000e+00   0.0000000e+00
   9.9665552e-01   5.4106216e-04
   9.9331104e-01   1.0777969e-03
   9.8996656e-01   1.6099101e-03
   9.8662207e-01   2.1371125e-03
   9.8327759e-01   2.6591200e-03
   9.7993311e-01   3.1756536e-03
   9.7658863e-01   3.6864395e-03
   9.7324415e-01   4.1912085e-03
   9.6989967e-01   4.6896969e-03
   9.6655518e-01   5.1816457e-03
   9.6321070e-01   5.6668010e-03
   9.5986622e-01   6.1449138e-03
   9.5652174e-01   6.6157401e-03
   9.5317726e-01   7.0790407e-03
   9.4983278e-01   7.5345814e-03
   9.4648829e-01   7.9821330e-03
   9.4314381e-01   8.4214711e-03
   9.3979933e-01   8.8523760e-03
   9.3645485e-01   9.2746330e-03
   9.3311037e-01   9.6880322e-03
   9.2976589e-01   1.0092368e-02
   9.2642140e-01   1.0487442e-02
   9.2307692e-01   1.0873056e-02
   9.1973244e-01   1.1249020e-02
   9.1638796e-01   1.1615149e-02
   9.1304348e-01   1.1971261e-02
   9.0969900e-01   1.2317179e-02
   9.0635452e-01   1.2652732e-02
   9.0301003e-01   1.2977751e-02
   8.9966555e-01   1.3292074e-02
   8.9632107e-01   1.3595544e-02
   8.9297659e-01   1.3888007e-02
   8.8963211e-01   1.4169313e-02
   8.8628763e-01   1.4439318e-02
   8.8294314e-01   1.4697884e-02
   8.7959866e-01   1.4944874e-02
   8.7625418e-01   1.5180157e-02
   8.7290970e-01   1.5403608e-02
   8.6956522e-01   1.5615105e-02
   8.6622074e-01   1.5814530e-02
   8.6287625e-01   1.6001771e-02
   8.5953177e-01   1.6176719e-02
   8.5618729e-01   1.6339269e-02
   8.5284281e-01   1.6489324e-02
   8.4949833e-01   1.6626786e-02
   8.4615385e-01   1.6751565e-02
   8.4280936e-01   1.6863575e-02
   8.3946488e-01   1.6962732e-02
   8.3612040e-01   1.7048960e-02
   8.3277592e-01   1.7122184e-02
   8.2943144e-01   1.7182334e-02
   8.2608696e-01   1.7229345e-02
   8.2274247e-01   1.7263157e-02
   8.1939799e-01   1.7283712e-02
   8.1605351e-01   1.7290957e-02
   8.1270903e-01   1.7284844e-02
   8.0936455e-01   1.7265328e-02
   8.0602007e-01   1.7232369e-02
   8.0267559e-01   1.7185930e-02
   7.9933110e-01   1.7125980e-02
   7.9598662e-01   1.7052490e-02
   7.9264214e-01   1.6965436e-02
   7.8929766e-01   1.6864797e-02
   7.8595318e-01   1.6750558e-02
   7.8260870e-01   1.6622706e-02
   7.7926421e-01   1.6481234e-02
   7.7591973e-01   1.6326136e-02
   7.7257525e-01   1.6157412e-02
   7.6923077e-01   1.5975066e-02
   7.6588629e-01   1.5779106e-02
   7.6254181e-01   1.5569541e-02
   7.5919732e-01   1.5346388e-02
   7.5585284e-01   1.5109664e-02
   7.5250836e-01   1.4859394e-02
   7.4916388e-01   1.4595602e-02
   7.4581940e-01   1.4318319e-02
   7.4247492e-01   1.4027579e-02
   7.3913043e-01   1.3723419e-02
   7.3578595e-01   1.3405880e-02
   7.3244147e-01   1.3075008e-02
   7.2909699e-01   1.2730851e-02
   7.2575251e-01   1.2373460e-02
   7.2240803e-01   1.2002891e-02
   7.1906355e-01   1.1619205e-02
   7.1571906e-01   1.1222462e-02
   7.1237458e-01   1.0812731e-02
   7.0903010e-01   1.0390080e-02
   7.0568562e-01   9.9545826e-03
   7.0234114e-01   9.5063160e-03
   6.9899666e-01   9.0453603e-03
   6.9565217e-01   8.5717989e-03
   6.9230769e-01   8.0857190e-03
   6.8896321e-01   7.5872109e-03
   6.8561873e-01   7.0763684e-03
   6.8227425e-01   6.5532885e-03
   6.7892977e-01   6.0180717e-03
   6.7558528e-01   5.4708215e-03
   6.7224080e-01   4.9116450e-03
   6.6889632e-01   4.3406522e-03
   6.6555184e-01   3.7579566e-03
   6.6220736e-01   3.1636748e-03
   6.5886288e-01   2.5579264e-03
   6.5551839e-01   1.9408345e-03
   6.5217391e-01   1.3125250e-03
   6.4882943e-01   6.7312715e-04
   6.4548495e-01   2.2773067e-05
   6.4214047e-01  -6.3840194e-04
   6.3879599e-01  -1.3102595e-03
   6.3545151e-01  -1.9926584e-03
   6.3210702e-01  -2.6854543e-03
   6.2876254e-01  -3.3884999e-03
   6.2541806e-01  -4.1016449e-03
   6.2207358e-01  -4.8247362e-03
   6.1872910e-01  -5.5576179e-03
   6.1538462e-01  -6.3001309e-03
   6.1204013e-01  -7.0521136e-03
   6.0869565e-01  -7.8134013e-03
   6.0535117e-01  -8.5838267e-03
   6.0200669e-01  -9.3632196e-03
   5.9866221e-01  -1.0151407e-02
   5.9531773e-01  -1.0948214e-02
   5.9197324e-01  -1.1753461e-02
   5.8862876e-01  -1.2566968e-02
   5.8528428e-01  -1.3388550e-02
   5.8193980e-01  -1.4218022e-02
   5.7859532e-01  -1.5055195e-02
   5.7525084e-01  -1.5899878e-02
   5.7190635e-01  -1.6751875e-02
   5.6856187e-01  -1.7610991e-02
   5.6521739e-01  -1.8477026e-02
   5.6187291e-01  -1.9349779e-02
   5.5852843e-01  -2.0229046e-02
   5.5518395e-01  -2.1114620e-02
   5.5183946e-01  -2.2006292e-02
   5.4849498e-01  -2.2903852e-02
   5.4515050e-01  -2.3807085e-02
   5.4180602e-01  -2.4715775e-02
   5.3846154e-01  -2.5629705e-02
   5.3511706e-01  -2.6548653e-02
   5.3177258e-01  -2.7472397e-02
   5.2842809e-01  -2.8400711e-02
   5.2508361e-01  -2.9333369e-02
   5.2173913e-01  -3.0270140e-02
   5.1839465e-01  -3.1210794e-02
   5.1505017e-01  -3.2155096e-02
   5.1170569e-01  -3.3102811e-02
   5.0836120e-01  -3.4053700e-02
   5.0501672e-01  -3.5007523e-02
   5.0167224e-01  -3.5964039e-02
   4.9832776e-01  -3.6923003e-02
   4.9498328e-01  -3.7884169e-02
   4.9163880e-01  -3.8847289e-02
   4.8829431e-01  -3.9812114e-02
   4.8494983e-01  -4.0778391e-02
   4.8160535e-01  -4.1745866e-02
   4.7826087e-01  -4.2714284e-02
   4.7491639e-01  -4.3683387e-02
   4.7157191e-01  -4.4652916e-02
   4.6822742e-01  -4.5622611e-02
   4.6488294e-01  -4.6592207e-02
   4.6153846e-01  -4.7561441e-02
   4.5819398e-01  -4.8530046e-02
   4.5484950e-01  -4.9497755e-02
   4.5150502e-01  -5.0464297e-02
   4.4816054e-01  -5.1429402e-02
   4.4481605e-01  -5.2392797e-02
   4.4147157e-01  -5.3354206e-02
   4.3812709e-01  -5.4313354e-02
   4.3478261e-01  -5.5269964e-02
   4.3143813e-01  -5.6223756e-02
   4.2809365e-01  -5.7174450e-02
   4.2474916e-01  -5.8121763e-02
   4.2140468e-01  -5.9065413e-02
   4.1806020e-01  -6.0005113e-02
   4.1471572e-01  -6.0940579e-02
   4.1137124e-01  -6.1871522e-02
   4.0802676e-01  -6.2797652e-02
   4.0468227e-01  -6.3718680e-02
   4.0133779e-01  -6.4634314e-02
   3.9799331e-01  -6.5544261e-02
   3.9464883e-01  -6.6448226e-02
   3.9130435e-01  -6.7345914e-02
   3.8795987e-01  -6.8237028e-02
   3.8461538e-01  -6.9121271e-02
   3.8127090e-01  -6.9998341e-02
   3.7792642e-01  -7.0867941e-02
   3.7458194e-01  -7.1729767e-02
   3.7123746e-01  -7.2583517e-02
   3.6789298e-01  -7.3428887e-02
   3.6454849e-01  -7.4265572e-02
   3.6120401e-01  -7.5093267e-02
   3.5785953e-01  -7.5911663e-02
   3.5451505e-01  -7.6720453e-02
   3.5117057e-01  -7.7519327e-02
   3.4782609e-01  -7.8307976e-02
   3.4448161e-01  -7.9086086e-02
   3.4113712e-01  -7.9853347e-02
   3.3779264e-01  -8.0609445e-02
   3.3444816e-01  -8.1354064e-02
   3.3110368e-01  -8.2086890e-02
   3.2775920e-01  -8.2807606e-02
   3.2441472e-01  -8.3515894e-02
   3.2107023e-01  -8.4211435e-02
   3.1772575e-01  -8.4893911e-02
   3.1438127e-01  -8.5563000e-02
   3.1103679e-01  -8.6218381e-02
   3.0769231e-01  -8.6859730e-02
   3.0434783e-01  -8.7486724e-02
   3.0100334e-01  -8.8099038e-02
   2.9765886e-01  -8.8696346e-02
   2.9431438e-01  -8.9278321e-02
   2.9096990e-01  -8.9844635e-02
   2.8762542e-01  -9.0394957e-02
   2.8428094e-01  -9.0928958e-02
   2.8093645e-01  -9.1446305e-02
   2.7759197e-01  -9.1946665e-02
   2.7424749e-01  -9.2429704e-02
   2.7090301e-01  -9.2895085e-02
   2.6755853e-01  -9.3342472e-02
   2.6421405e-01  -9.3771525e-02
   2.6086957e-01  -9.4181904e-02
   2.5752508e-01  -9.4573266e-02
   2.5418060e-01  -9.4945269e-02
   2.5083612e-01  -9.5297566e-02
   2.4749164e-01  -9.5629809e-02
   2.4414716e-01  -9.5941649e-02
   2.4080268e-01  -9.6232734e-02
   2.3745819e-01  -9.6502709e-02
   2.3411371e-01  -9.6751219e-02
   2.3076923e-01  -9.6977904e-02
   2.2742475e-01  -9.7182402e-02
   2.2408027e-01  -9.7364347e-02
   2.2073579e-01  -9.7523373e-02
   2.1739130e-01  -9.7659106e-02
   2.1404682e-01  -9.7771173e-02
   2.1070234e-01  -9.7859194e-02
   2.0735786e-01  -9.7922785e-02
   2.0401338e-01  -9.7961560e-02
   2.0066890e-01  -9.7975124e-02
   1.9732441e-01  -9.7963081e-02
   1.9397993e-01  -9.7925026e-02
   1.9063545e-01  -9.7860550e-02
   1.8729097e-01  -9.7769236e-02
   1.8394649e-01  -9.7650662e-02
   1.8060201e-01  -9.7504396e-02
   1.7725753e-01  -9.7329999e-02
   1.7391304e-01  -9.7127021e-02
   1.7056856e-01  -9.6895005e-02
   1.6722408e-01  -9.6633481e-02
   1.6387960e-01  -9.6341969e-02
   1.6053512e-01  -9.6019974e-02
   1.5719064e-01  -9.5666990e-02
   1.5384615e-01  -9.5282494e-02
   1.5050167e-01  -9.4865947e-02
   1.4715719e-01  -9.4416792e-02
   1.4381271e-01  -9.3934452e-02
   1.4046823e-01  -9.3418329e-02
   1.3712375e-01  -9.2867800e-02
   1.3377926e-01  -9.2282217e-02
   1.3043478e-01  -9.1660902e-02
   1.2709030e-01  -9.1003145e-02
   1.2374582e-01  -9.0308202e-02
   1.2040134e-01  -8.9575289e-02
   1.1705686e-01  -8.8803579e-02
   1.1371237e-01  -8.7992195e-02
   1.1036789e-01  -8.7140209e-02
   1.0702341e-01  -8.6246631e-02
   1.0367893e-01  -8.5310404e-02
   1.0033445e-01  -8.4330394e-02
   9.6989967e-02  -8.3305382e-02
   9.3645485e-02  -8.2234053e-02
   9.0301003e-02  -8.1114981e-02
   8.6956522e-02  -7.9946616e-02
   8.3612040e-02  -7.8727263e-02
   8.0267559e-02  -7.7455062e-02
   7.6923077e-02  -7.6127965e-02
   7.3578595e-02  -7.4743701e-02
   7.0234114e-02  -7.3299742e-02
   6.6889632e-02  -7.1793254e-02
   6.3545151e-02  -7.0221048e-02
   6.0200669e-02  -6.8579504e-02
   5.6856187e-02  -6.6864488e-02
   5.3511706e-02  -6.5071240e-02
   5.0167224e-02  -6.3194232e-02
   4.6822742e-02  -6.1226984e-02
   4.3478261e-02  -5.9161815e-02
   4.0133779e-02  -5.6989509e-02
   3.6789298e-02  -5.4698848e-02
   3.3444816e-02  -5.2275960e-02
   3.0100334e-02  -4.9703342e-02
   2.6755853e-02  -4.6958401e-02
   2.3411371e-02  -4.4011121e-02
   2.0066890e-02  -4.0820163e-02
   1.6722408e-02  -3.7325861e-02
   1.3377926e-02  -3.3436436e-02
   1.0033445e-02  -2.8997102e-02
   6.6889632e-03  -2.3705609e-02
   3.3444816e-03  -1.6780921e-02
   0.0000000e+00  -0.0000000e+00
