   0.0000000e+00   0.0000000e+00
   3.3444816e-03   1.2531841e-02
   6.6889632e-03   1.7605487e-02
   1.0033445e-02   2.1420775e-02
   1.3377926e-02   2.4573636e-02
   1.6722408e-02   2.7296861e-02
   2.0066890e-02   2.9710846e-02
   2.3411371e-02   3.1887724e-02
   2.6755853e-02   3.3874901e-02
   3.0100334e-02   3.5705592e-02
   3.3444816e-02   3.7404196e-02
   3.6789298e-02   3.8989296e-02
   4.0133779e-02   4.0475456e-02
   4.3478261e-02   4.1874361e-02
   4.6822742e-02   4.3195569e-02
   5.0167224e-02   4.4447025e-02
   5.3511706e-02   4.5635426e-02
   5.6856187e-02   4.6766485e-02
   6.0200669e-02   4.7845126e-02
   6.3545151e-02   4.8875632e-02
   6.6889632e-02   4.9861758e-02
   7.0234114e-02   5.0806820e-02
   7.3578595e-02   5.1713765e-02
   7.6923077e-02   5.2585226e-02
   8.0267559e-02   5.3423571e-02
   8.3612040e-02   5.4230934e-02
   8.6956522e-02   5.5009253e-02
   9.0301003e-02   5.5760289e-02
   9.3645485e-02   5.6485650e-02
   9.6989967e-02   5.7186809e-02
   1.0033445e-01   5.7865120e-02
   1.0367893e-01   5.8521830e-02
   1.0702341e-01   5.9158090e-02
   1.1036789e-01   5.9774965e-02
   1.1371237e-01   6.0373445e-02
   1.1705686e-01   6.0954445e-02
   1.2040134e-01   6.1518823e-02
   1.2374582e-01   6.2067373e-02
   1.2709030e-01   6.2600840e-02
   1.3043478e-01   6.3119920e-02
   1.3377926e-01   6.3625264e-02
   1.3712375e-01   6.4117482e-02
   1.4046823e-01   6.4597146e-02
   1.4381271e-01   6.5064794e-02
   1.4715719e-01   6.5520932e-02
   1.5050167e-01   6.5966034e-02
   1.5384615e-01   6.6400549e-02
   1.5719064e-01   6.6824896e-02
   1.6053512e-01   6.7239474e-02
   1.6387960e-01   6.7644657e-02
   1.6722408e-01   6.8040798e-02
   1.7056856e-01   6.8428230e-02
   1.7391304e-01   6.8807267e-02
   1.7725753e-01   6.9178206e-02
   1.8060201e-01   6.9541328e-02
   1.8394649e-01   6.9896896e-02
   1.8729097e-01   7.0245162e-02
   1.9063545e-01   7.0586361e-02
   1.9397993e-01   7.0920714e-02
   1.9732441e-01   7.1248434e-02
   2.0066890e-01   7.1569717e-02
   2.0401338e-01   7.1884752e-02
   2.0735786e-01   7.2193714e-02
   2.1070234e-01   7.2496771e-02
   2.1404682e-01   7.2794078e-02
   2.1739130e-01   7.3085783e-02
   2.2073579e-01   7.3372025e-02
   2.2408027e-01   7.3652934e-02
   2.2742475e-01   7.3928634e-02
   2.3076923e-01   7.4199238e-02
   2.3411371e-01   7.4464856e-02
   2.3745819e-01   7.4725586e-02
   2.4080268e-01   7.4981525e-02
   2.4414716e-01   7.5232759e-02
   2.4749164e-01   7.5479371e-02
   2.5083612e-01   7.5721436e-02
   2.5418060e-01   7.5959025e-02
   2.5752508e-01   7.6192203e-02
   2.6086957e-01   7.6421031e-02
   2.6421405e-01   7.6645564e-02
   2.6755853e-01   7.6865852e-02
   2.7090301e-01   7.7081942e-02
   2.7424749e-01   7.7293875e-02
   2.7759197e-01   7.7501689e-02
   2.8093645e-01   7.7705418e-02
   2.8428094e-01   7.7905091e-02
   2.8762542e-01   7.8100736e-02
   2.9096990e-01   7.8292375e-02
   2.9431438e-01   7.8480027e-02
   2.9765886e-01   7.8663709e-02
   3.0100334e-01   7.8843434e-02
   3.0434783e-01   7.9019212e-02
   3.0769231e-01   7.9191051e-02
   3.1103679e-01   7.9358955e-02
   3.1438127e-01   7.9522926e-02
   3.1772575e-01   7.9682963e-02
   3.2107023e-01   7.9839065e-02
   3.2441472e-01   7.9991225e-02
   3.2775920e-01   8.0139435e-02
   3.3110368e-01   8.0283688e-02
   3.3444816e-01   8.0423970e-02
   3.3779264e-01   8.0560268e-02
   3.4113712e-01   8.0692567e-02
   3.4448161e-01   8.0820850e-02
   3.4782609e-01   8.0945097e-02
   3.5117057e-01   8.1065288e-02
   3.5451505e-01   8.1181401e-02
   3.5785953e-01   8.1293413e-02
   3.6120401e-01   8.1401297e-02
   3.6454849e-01   8.1505028e-02
   3.6789298e-01   8.1604577e-02
   3.7123746e-01   8.1699917e-02
   3.7458194e-01   8.1791017e-02
   3.7792642e-01   8.1877845e-02
   3.8127090e-01   8.1960369e-02
   3.8461538e-01   8.2038556e-02
   3.8795987e-01   8.2112372e-02
   3.9130435e-01   8.2181782e-02
   3.9464883e-01   8.2246749e-02
   3.9799331e-01   8.2307237e-02
   4.0133779e-01   8.2363208e-02
   4.0468227e-01   8.2414625e-02
   4.0802676e-01   8.2461448e-02
   4.1137124e-01   8.2503637e-02
   4.1471572e-01   8.2541154e-02
   4.1806020e-01   8.2573958e-02
   4.2140468e-01   8.2602006e-02
   4.2474916e-01   8.2625259e-02
   4.2809365e-01   8.2643675e-02
   4.3143813e-01   8.2657211e-02
   4.3478261e-01   8.2665825e-02
   4.3812709e-01   8.2669474e-02
   4.4147157e-01   8.2668116e-02
   4.4481605e-01   8.2661707e-02
   4.4816054e-01   8.2650204e-02
   4.5150502e-01   8.2633564e-02
   4.5484950e-01   8.2611744e-02
   4.5819398e-01   8.2584700e-02
   4.6153846e-01   8.2552388e-02
   4.6488294e-01   8.2514765e-02
   4.6822742e-01   8.2471788e-02
   4.7157191e-01   8.2423414e-02
   4.7491639e-01   8.2369598e-02
   4.7826087e-01   8.2310299e-02
   4.8160535e-01   8.2245473e-02
   4.8494983e-01   8.2175077e-02
   4.8829431e-01   8.2099070e-02
   4.9163880e-01   8.2017408e-02
   4.9498328e-01   8.1930051e-02
   4.9832776e-01   8.1836956e-02
   5.0167224e-01   8.1738082e-02
   5.0501672e-01   8.1633388e-02
   5.0836120e-01   8.1522835e-02
   5.1170569e-01   8.1406381e-02
   5.1505017e-01   8.1283988e-02
   5.1839465e-01   8.1155616e-02
   5.2173913e-01   8.1021226e-02
   5.2508361e-01   8.0880781e-02
   5.2842809e-01   8.0734243e-02
   5.3177258e-01   8.0581575e-02
   5.3511706e-01   8.0422741e-02
   5.3846154e-01   8.0257704e-02
   5.4180602e-01   8.0086431e-02
   5.4515050e-01   7.9908885e-02
   5.4849498e-01   7.9725035e-02
   5.5183946e-01   7.9534846e-02
   5.5518395e-01   7.9338286e-02
   5.5852843e-01   7.9135325e-02
   5.6187291e-01   7.8925930e-02
   5.6521739e-01   7.8710072e-02
   5.6856187e-01   7.8487722e-02
   5.7190635e-01   7.8258852e-02
   5.7525084e-01   7.8023434e-02
   5.7859532e-01   7.7781441e-02
   5.8193980e-01   7.7532848e-02
   5.8528428e-01   7.7277630e-02
   5.8862876e-01   7.7015764e-02
   5.9197324e-01   7.6747226e-02
   5.9531773e-01   7.6471994e-02
   5.9866221e-01   7.6190047e-02
   6.0200669e-01   7.5901367e-02
   6.0535117e-01   7.5605933e-02
   6.0869565e-01   7.5303728e-02
   6.1204013e-01   7.4994735e-02
   6.1538462e-01   7.4678939e-02
   6.1872910e-01   7.4356325e-02
   6.2207358e-01   7.4026879e-02
   6.2541806e-01   7.3690589e-02
   6.2876254e-01   7.3347445e-02
   6.3210702e-01   7.2997435e-02
   6.3545151e-01   7.2640552e-02
   6.3879599e-01   7.2276787e-02
   6.4214047e-01   7.1906134e-02
   6.4548495e-01   7.1528589e-02
   6.4882943e-01   7.1144147e-02
   6.5217391e-01   7.0752805e-02
   6.5551839e-01   7.0354563e-02
   6.5886288e-01   6.9949420e-02
   6.6220736e-01   6.9537377e-02
   6.6555184e-01   6.9118438e-02
   6.6889632e-01   6.8692606e-02
   6.7224080e-01   6.8259886e-02
   6.7558528e-01   6.7820285e-02
   6.7892977e-01   6.7373812e-02
   6.8227425e-01   6.6920475e-02
   6.8561873e-01   6.6460286e-02
   6.8896321e-01   6.5993258e-02
   6.9230769e-01   6.5519403e-02
   6.9565217e-01   6.5038737e-02
   6.9899666e-01   6.4551277e-02
   7.0234114e-01   6.4057041e-02
   7.0568562e-01   6.3556049e-02
   7.0903010e-01   6.3048323e-02
   7.1237458e-01   6.2533884e-02
   7.1571906e-01   6.2012758e-02
   7.1906355e-01   6.1484971e-02
   7.2240803e-01   6.0950549e-02
   7.2575251e-01   6.0409523e-02
   7.2909699e-01   5.9861922e-02
   7.3244147e-01   5.9307779e-02
   7.3578595e-01   5.8747129e-02
   7.3913043e-01   5.8180006e-02
   7.4247492e-01   5.7606449e-02
   7.4581940e-01   5.7026495e-02
   7.4916388e-01   5.6440186e-02
   7.5250836e-01   5.5847564e-02
   7.5585284e-01   5.5248673e-02
   7.5919732e-01   5.4643558e-02
   7.6254181e-01   5.4032268e-02
   7.6588629e-01   5.3414852e-02
   7.6923077e-01   5.2791359e-02
   7.7257525e-01   5.2161845e-02
   7.7591973e-01   5.1526362e-02
   7.7926421e-01   5.0884967e-02
   7.8260870e-01   5.0237719e-02
   7.8595318e-01   4.9584677e-02
   7.8929766e-01   4.8925904e-02
   7.9264214e-01   4.8261462e-02
   7.9598662e-01   4.7591418e-02
   7.9933110e-01   4.6915838e-02
   8.0267559e-01   4.6234793e-02
   8.0602007e-01   4.5548354e-02
   8.0936455e-01   4.4856592e-02
   8.1270903e-01   4.4159584e-02
   8.1605351e-01   4.3457407e-02
   8.1939799e-01   4.2750138e-02
   8.2274247e-01   4.2037860e-02
   8.2608696e-01   4.1320654e-02
   8.2943144e-01   4.0598606e-02
   8.3277592e-01   3.9871802e-02
   8.3612040e-01   3.9140332e-02
   8.3946488e-01   3.8404285e-02
   8.4280936e-01   3.7663754e-02
   8.4615385e-01   3.6918835e-02
   8.4949833e-01   3.6169624e-02
   8.5284281e-01   3.5416220e-02
   8.5618729e-01   3.4658724e-02
   8.5953177e-01   3.3897239e-02
   8.6287625e-01   3.3131870e-02
   8.6622074e-01   3.2362724e-02
   8.6956522e-01   3.1589911e-02
   8.7290970e-01   3.0813542e-02
   8.7625418e-01   3.0033730e-02
   8.7959866e-01   2.9250591e-02
   8.8294314e-01   2.8464243e-02
   8.8628763e-01   2.7674806e-02
   8.8963211e-01   2.6882402e-02
   8.9297659e-01   2.6087155e-02
   8.9632107e-01   2.5289192e-02
   8.9966555e-01   2.4488642e-02
   9.0301003e-01   2.3685635e-02
   9.0635452e-01   2.2880305e-02
   9.0969900e-01   2.2072787e-02
   9.1304348e-01   2.1263218e-02
   9.1638796e-01   2.0451738e-02
   9.1973244e-01   1.9638490e-02
   9.2307692e-01   1.8823618e-02
   9.2642140e-01   1.8007268e-02
   9.2976589e-01   1.7189589e-02
   9.3311037e-01   1.6370733e-02
   9.3645485e-01   1.5550853e-02
   9.3979933e-01   1.4730106e-02
   9.4314381e-01   1.3908648e-02
   9.4648829e-01   1.3086641e-02
   9.4983278e-01   1.2264247e-02
   9.5317726e-01   1.1441633e-02
   9.5652174e-01   1.0618964e-02
   9.5986622e-01   9.7964119e-03
   9.6321070e-01   8.9741483e-03
   9.6655518e-01   8.1523480e-03
   9.6989967e-01   7.3311883e-03
   9.7324415e-01   6.5108485e-03
   9.7658863e-01   5.6915107e-03
   9.7993311e-01   4.8733593e-03
   9.8327759e-01   4.0565812e-03
   9.8662207e-01   3.2413655e-03
   9.8996656e-01   2.4279041e-03
   9.9331104e-01   1.6163912e-03
   9.9665552e-01   8.0702344e-04
   1.0000000e+00   0.0000000e+00
   1.0000000e+00   0.0000000e+00
   9.9665552e-01  -7.8381070e-05
   9.9331104e-01  -1.7135729e-04
   9.8996656e-01  -2.7867922e-04
   9.8662207e-01  -4.0009945e-04
   9.8327759e-01  -5.3537268e-04
   9.7993311e-01  -6.8425563e-04
   9.7658863e-01  -8.4650708e-04
   9.7324415e-01  -1.0218878e-03
   9.6989967e-01  -1.2101608e-03
   9.6655518e-01  -1.4110907e-03
   9.6321070e-01  -1.6244446e-03
   9.5986622e-01  -1.8499913e-03
   9.5652174e-01  -2.0875018e-03
   9.5317726e-01  -2.3367489e-03
   9.4983278e-01  -2.5975075e-03
   9.4648829e-01  -2.8695546e-03
   9.4314381e-01  -3.1526689e-03
   9.3979933e-01  -3.4466314e-03
   9.3645485e-01  -3.7512247e-03
   9.3311037e-01  -4.0662335e-03
   9.2976589e-01  -4.3914447e-03
   9.2642140e-01  -4.7266467e-03
   9.2307692e-01  -5.0716302e-03
   9.1973244e-01  -5.4261876e-03
   9.1638796e-01  -5.7901132e-03
   9.1304348e-01  -6.1632034e-03
   9.0969900e-01  -6.5452564e-03
   9.0635452e-01  -6.9360722e-03
   9.0301003e-01  -7.3354528e-03
   8.9966555e-01  -7.7432021e-03
   8.9632107e-01  -8.1591257e-03
   8.9297659e-01  -8.5830312e-03
   8.8963211e-01  -9.0147281e-03
   8.8628763e-01  -9.4540276e-03
   8.8294314e-01  -9.9007428e-03
   8.7959866e-01  -1.0354689e-02
   8.7625418e-01  -1.0815682e-02
   8.7290970e-01  -1.1283541e-02
   8.6956522e-01  -1.1758087e-02
   8.6622074e-01  -1.2239141e-02
   8.6287625e-01  -1.2726527e-02
   8.5953177e-01  -1.3220072e-02
   8.5618729e-01  -1.3719603e-02
   8.5284281e-01  -1.4224948e-02
   8.4949833e-01  -1.4735940e-02
   8.4615385e-01  -1.5252410e-02
   8.4280936e-01  -1.5774194e-02
   8.3946488e-01  -1.6301127e-02
   8.3612040e-01  -1.6833048e-02
   8.3277592e-01  -1.7369796e-02
   8.2943144e-01  -1.7911212e-02
   8.2608696e-01  -1.8457140e-02
   8.2274247e-01  -1.9007425e-02
   8.1939799e-01  -1.9561912e-02
   8.1605351e-01  -2.0120450e-02
   8.1270903e-01  -2.0682889e-02
   8.0936455e-01  -2.1249081e-02
   8.0602007e-01  -2.1818877e-02
   8.0267559e-01  -2.2392133e-02
   7.9933110e-01  -2.2968706e-02
   7.9598662e-01  -2.3548452e-02
   7.9264214e-01  -2.4131232e-02
   7.8929766e-01  -2.4716908e-02
   7.8595318e-01  -2.5305340e-02
   7.8260870e-01  -2.5896394e-02
   7.7926421e-01  -2.6489936e-02
   7.7591973e-01  -2.7085834e-02
   7.7257525e-01  -2.7683955e-02
   7.6923077e-01  -2.8284170e-02
   7.6588629e-01  -2.8886353e-02
   7.6254181e-01  -2.9490375e-02
   7.5919732e-01  -3.0096113e-02
   7.5585284e-01  -3.0703442e-02
   7.5250836e-01  -3.1312241e-02
   7.4916388e-01  -3.1922390e-02
   7.4581940e-01  -3.2533769e-02
   7.4247492e-01  -3.3146260e-02
   7.3913043e-01  -3.3759749e-02
   7.3578595e-01  -3.4374119e-02
   7.3244147e-01  -3.4989258e-02
   7.2909699e-01  -3.5605055e-02
   7.2575251e-01  -3.6221397e-02
   7.2240803e-01  -3.6838178e-02
   7.1906355e-01  -3.7455288e-02
   7.1571906e-01  -3.8072622e-02
   7.1237458e-01  -3.8690075e-02
   7.0903010e-01  -3.9307543e-02
   7.0568562e-01  -3.9924924e-02
   7.0234114e-01  -4.0542118e-02
   6.9899666e-01  -4.1159024e-02
   6.9565217e-01  -4.1775544e-02
   6.9230769e-01  -4.2391582e-02
   6.8896321e-01  -4.3007042e-02
   6.8561873e-01  -4.3621829e-02
   6.8227425e-01  -4.4235850e-02
   6.7892977e-01  -4.4849013e-02
   6.7558528e-01  -4.5461229e-02
   6.7224080e-01  -4.6072406e-02
   6.6889632e-01  -4.6682458e-02
   6.6555184e-01  -4.7291297e-02
   6.6220736e-01  -4.7898837e-02
   6.5886288e-01  -4.8504993e-02
   6.5551839e-01  -4.9109683e-02
   6.5217391e-01  -4.9712823e-02
   6.4882943e-01  -5.0314333e-02
   6.4548495e-01  -5.0914132e-02
   6.4214047e-01  -5.1512142e-02
   6.3879599e-01  -5.2108284e-02
   6.3545151e-01  -5.2702482e-02
   6.3210702e-01  -5.3294660e-02
   6.2876254e-01  -5.3884743e-02
   6.2541806e-01  -5.4472657e-02
   6.2207358e-01  -5.5058331e-02
   6.1872910e-01  -5.5641692e-02
   6.1538462e-01  -5.6222670e-02
   6.1204013e-01  -5.6801195e-02
   6.0869565e-01  -5.7377199e-02
   6.0535117e-01  -5.7950613e-02
   6.0200669e-01  -5.8521371e-02
   5.9866221e-01  -5.9089408e-02
   5.9531773e-01  -5.9654657e-02
   5.9197324e-01  -6.0217056e-02
   5.8862876e-01  -6.0776541e-02
   5.8528428e-01  -6.1333049e-02
   5.8193980e-01  -6.1886520e-02
   5.7859532e-01  -6.2436892e-02
   5.7525084e-01  -6.2984106e-02
   5.7190635e-01  -6.3528102e-02
   5.6856187e-01  -6.4068823e-02
   5.6521739e-01  -6.4606210e-02
   5.6187291e-01  -6.5140208e-02
   5.5852843e-01  -6.5670759e-02
   5.5518395e-01  -6.6197809e-02
   5.5183946e-01  -6.6721303e-02
   5.4849498e-01  -6.7241187e-02
   5.4515050e-01  -6.7757407e-02
   5.4180602e-01  -6.8269912e-02
   5.3846154e-01  -6.8778648e-02
   5.3511706e-01  -6.9283564e-02
   5.3177258e-01  -6.9784609e-02
   5.2842809e-01  -7.0281733e-02
   5.2508361e-01  -7.0774886e-02
   5.2173913e-01  -7.1264018e-02
   5.1839465e-01  -7.1749081e-02
   5.1505017e-01  -7.2230026e-02
   5.1170569e-01  -7.2706805e-02
   5.0836120e-01  -7.3179371e-02
   5.0501672e-01  -7.3647676e-02
   5.0167224e-01  -7.4111673e-02
   4.9832776e-01  -7.4571317e-02
   4.9498328e-01  -7.5026560e-02
   4.9163880e-01  -7.5477358e-02
   4.8829431e-01  -7.5923664e-02
   4.8494983e-01  -7.6365433e-02
   4.8160535e-01  -7.6802620e-02
   4.7826087e-01  -7.7235180e-02
   4.7491639e-01  -7.7663068e-02
   4.7157191e-01  -7.8086240e-02
   4.6822742e-01  -7.8504651e-02
   4.6488294e-01  -7.8918258e-02
   4.6153846e-01  -7.9327014e-02
   4.5819398e-01  -7.9730877e-02
   4.5484950e-01  -8.0129801e-02
   4.5150502e-01  -8.0523743e-02
   4.4816054e-01  -8.0912657e-02
   4.4481605e-01  -8.1296500e-02
   4.4147157e-01  -8.1675226e-02
   4.3812709e-01  -8.2048791e-02
   4.3478261e-01  -8.2417150e-02
   4.3143813e-01  -8.2780256e-02
   4.2809365e-01  -8.3138066e-02
   4.2474916e-01  -8.3490532e-02
   4.2140468e-01  -8.3837609e-02
   4.1806020e-01  -8.4179249e-02
   4.1471572e-01  -8.4515406e-02
   4.1137124e-01  -8.4846032e-02
   4.0802676e-01  -8.5171080e-02
   4.0468227e-01  -8.5490499e-02
   4.0133779e-01  -8.5804241e-02
   3.9799331e-01  -8.6112256e-02
   3.9464883e-01  -8.6414494e-02
   3.9130435e-01  -8.6710903e-02
   3.8795987e-01  -8.7001430e-02
   3.8461538e-01  -8.7286023e-02
   3.8127090e-01  -8.7564628e-02
   3.7792642e-01  -8.7837190e-02
   3.7458194e-01  -8.8103653e-02
   3.7123746e-01  -8.8363959e-02
   3.6789298e-01  -8.8618051e-02
   3.6454849e-01  -8.8865870e-02
   3.6120401e-01  -8.9107355e-02
   3.5785953e-01  -8.9342443e-02
   3.5451505e-01  -8.9571072e-02
   3.5117057e-01  -8.9793177e-02
   3.4782609e-01  -9.0008691e-02
   3.4448161e-01  -9.0217546e-02
   3.4113712e-01  -9.0419674e-02
   3.3779264e-01  -9.0615002e-02
   3.3444816e-01  -9.0803457e-02
   3.3110368e-01  -9.0984964e-02
   3.2775920e-01  -9.1159447e-02
   3.2441472e-01  -9.1326824e-02
   3.2107023e-01  -9.1487016e-02
   3.1772575e-01  -9.1639938e-02
   3.1438127e-01  -9.1785504e-02
   3.1103679e-01  -9.1923625e-02
   3.0769231e-01  -9.2054209e-02
   3.0434783e-01  -9.2177163e-02
   3.0100334e-01  -9.2292390e-02
   2.9765886e-01  -9.2399789e-02
   2.9431438e-01  -9.2499256e-02
   2.9096990e-01  -9.2590687e-02
   2.8762542e-01  -9.2673970e-02
   2.8428094e-01  -9.2748993e-02
   2.8093645e-01  -9.2815638e-02
   2.7759197e-01  -9.2873783e-02
   2.7424749e-01  -9.2923305e-02
   2.7090301e-01  -9.2964073e-02
   2.6755853e-01  -9.2995954e-02
   2.6421405e-01  -9.3018809e-02
   2.6086957e-01  -9.3032495e-02
   2.5752508e-01  -9.3036864e-02
   2.5418060e-01  -9.3031762e-02
   2.5083612e-01  -9.3017030e-02
   2.4749164e-01  -9.2992502e-02
   2.4414716e-01  -9.2958009e-02
   2.4080268e-01  -9.2913373e-02
   2.3745819e-01  -9.2858409e-02
   2.3411371e-01  -9.2792927e-02
   2.3076923e-01  -9.2716729e-02
   2.2742475e-01  -9.2629608e-02
   2.2408027e-01  -9.2531352e-02
   2.2073579e-01  -9.2421737e-02
   2.1739130e-01  -9.2300533e-02
   2.1404682e-01  -9.2167498e-02
   2.1070234e-01  -9.2022384e-02
   2.0735786e-01  -9.1864929e-02
   2.0401338e-01  -9.1694861e-02
   2.0066890e-01  -9.1511899e-02
   1.9732441e-01  -9.1315747e-02
   1.9397993e-01  -9.1106098e-02
   1.9063545e-01  -9.0882631e-02
   1.8729097e-01  -9.0645010e-02
   1.8394649e-01  -9.0392885e-02
   1.8060201e-01  -9.0125890e-02
   1.7725753e-01  -8.9843642e-02
   1.7391304e-01  -8.9545740e-02
   1.7056856e-01  -8.9231763e-02
   1.6722408e-01  -8.8901271e-02
   1.6387960e-01  -8.8553802e-02
   1.6053512e-01  -8.8188871e-02
   1.5719064e-01  -8.7805967e-02
   1.5384615e-01  -8.7404556e-02
   1.5050167e-01  -8.6984071e-02
   1.4715719e-01  -8.6543919e-02
   1.4381271e-01  -8.6083473e-02
   1.4046823e-01  -8.5602069e-02
   1.3712375e-01  -8.5099008e-02
   1.3377926e-01  -8.4573549e-02
   1.3043478e-01  -8.4024907e-02
   1.2709030e-01  -8.3452248e-02
   1.2374582e-01  -8.2854688e-02
   1.2040134e-01  -8.2231284e-02
   1.1705686e-01  -8.1581033e-02
   1.1371237e-01  -8.0902863e-02
   1.1036789e-01  -8.0195627e-02
   1.0702341e-01  -7.9458097e-02
   1.0367893e-01  -7.8688954e-02
   1.0033445e-01  -7.7886778e-02
   9.6989967e-02  -7.7050038e-02
   9.3645485e-02  -7.6177077e-02
   9.0301003e-02  -7.5266101e-02
   8.6956522e-02  -7.4315157e-02
   8.3612040e-02  -7.3322113e-02
   8.0267559e-02  -7.2284638e-02
   7.6923077e-02  -7.1200169e-02
   7.3578595e-02  -7.0065880e-02
   7.0234114e-02  -6.8878638e-02
   6.6889632e-02  -6.7634954e-02
   6.3545151e-02  -6.6330925e-02
   6.0200669e-02  -6.4962153e-02
   5.6856187e-02  -6.3523658e-02
   5.3511706e-02  -6.2009749e-02
   5.0167224e-02  -6.0413881e-02
   4.6822742e-02  -5.8728448e-02
   4.3478261e-02  -5.6944523e-02
   4.0133779e-02  -5.5051500e-02
   3.6789298e-02  -5.3036602e-02
   3.3444816e-02  -5.0884186e-02
   3.0100334e-02  -4.8574723e-02
   2.6755853e-02  -4.6083256e-02
   2.3411371e-02  -4.3376969e-02
   2.0066890e-02  -4.0411117e-02
   1.6722408e-02  -3.7121746e-02
   1.3377926e-02  -3.3411404e-02
   1.0033445e-02  -2.9117225e-02
   6.6889632e-03  -2.3923919e-02
   3.3444816e-03  -1.7023495e-02
   0.0000000e+00  -0.0000000e+00
