   0.0000000e+00   0.0000000e+00
   3.3444816e-03   1.0147501e-02
   6.6889632e-03   1.4299126e-02
   1.0033445e-02   1.7449554e-02
   1.3377926e-02   2.0075977e-02
   1.6722408e-02   2.2363947e-02
   2.0066890e-02   2.4408976e-02
   2.3411371e-02   2.6268008e-02
   2.6755853e-02   2.7978276e-02
   3.0100334e-02   2.9565736e-02
   3.3444816e-02   3.1049351e-02
   3.6789298e-02   3.2443489e-02
   4.0133779e-02   3.3759348e-02
   4.3478261e-02   3.5005867e-02
   4.6822742e-02   3.6190318e-02
   5.0167224e-02   3.7318715e-02
   5.3511706e-02   3.8396102e-02
   5.6856187e-02   3.9426760e-02
   6.0200669e-02   4.0414362e-02
   6.3545151e-02   4.1362086e-02
   6.6889632e-02   4.2272709e-02
   7.0234114e-02   4.3148672e-02
   7.3578595e-02   4.3992136e-02
   7.6923077e-02   4.4805026e-02
   8.0267559e-02   4.5589066e-02
   8.3612040e-02   4.6345807e-02
   8.6956522e-02   4.7076651e-02
   9.0301003e-02   4.7782872e-02
   9.3645485e-02   4.8465631e-02
   9.6989967e-02   4.9125988e-02
   1.0033445e-01   4.9764919e-02
   1.0367893e-01   5.0383320e-02
   1.0702341e-01   5.0982018e-02
   1.1036789e-01   5.1561782e-02
   1.1371237e-01   5.2123322e-02
   1.1705686e-01   5.2667300e-02
   1.2040134e-01   5.3194333e-02
   1.2374582e-01   5.3704998e-02
   1.2709030e-01   5.4199836e-02
   1.3043478e-01   5.4679353e-02
   1.3377926e-01   5.5144024e-02
   1.3712375e-01   5.5594298e-02
   1.4046823e-01   5.6030598e-02
   1.4381271e-01   5.6453322e-02
   1.4715719e-01   5.6862849e-02
   1.5050167e-01   5.7259535e-02
   1.5384615e-01   5.7643720e-02
   1.5719064e-01   5.8015725e-02
   1.6053512e-01   5.8375857e-02
   1.6387960e-01   5.8724407e-02
   1.6722408e-01   5.9061652e-02
   1.7056856e-01   5.9387857e-02
   1.7391304e-01   5.9703276e-02
   1.7725753e-01   6.0008150e-02
   1.8060201e-01   6.0302711e-02
   1.8394649e-01   6.0587179e-02
   1.8729097e-01   6.0861768e-02
   1.9063545e-01   6.1126681e-02
   1.9397993e-01   6.1382114e-02
   1.9732441e-01   6.1628255e-02
   2.0066890e-01   6.1865285e-02
   2.0401338e-01   6.2093378e-02
   2.0735786e-01   6.2312702e-02
   2.1070234e-01   6.2523418e-02
   2.1404682e-01   6.2725682e-02
   2.1739130e-01   6.2919645e-02
   2.2073579e-01   6.3105451e-02
   2.2408027e-01   6.3283242e-02
   2.2742475e-01   6.3453153e-02
   2.3076923e-01   6.3615316e-02
   2.3411371e-01   6.3769857e-02
   2.3745819e-01   6.3916900e-02
   2.4080268e-01   6.4056565e-02
   2.4414716e-01   6.4188966e-02
   2.4749164e-01   6.4314217e-02
   2.5083612e-01   6.4432426e-02
   2.5418060e-01   6.4543699e-02
   2.5752508e-01   6.4648139e-02
   2.6086957e-01   6.4745847e-02
   2.6421405e-01   6.4836918e-02
   2.6755853e-01   6.4921448e-02
   2.7090301e-01   6.4999529e-02
   2.7424749e-01   6.5071251e-02
   2.7759197e-01   6.5136700e-02
   2.8093645e-01   6.5195962e-02
   2.8428094e-01   6.5249119e-02
   2.8762542e-01   6.5296253e-02
   2.9096990e-01   6.5337442e-02
   2.9431438e-01   6.5372764e-02
   2.9765886e-01   6.5402293e-02
   3.0100334e-01   6.5426102e-02
   3.0434783e-01   6.5444264e-02
   3.0769231e-01   6.5456849e-02
   3.1103679e-01   6.5463924e-02
   3.1438127e-01   6.5465558e-02
   3.1772575e-01   6.5461814e-02
   3.2107023e-01   6.5452758e-02
   3.2441472e-01   6.5438452e-02
   3.2775920e-01   6.5418957e-02
   3.3110368e-01   6.5394334e-02
   3.3444816e-01   6.5364641e-02
   3.3779264e-01   6.5329936e-02
   3.4113712e-01   6.5290275e-02
   3.4448161e-01   6.5245714e-02
   3.4782609e-01   6.5196308e-02
   3.5117057e-01   6.5142108e-02
   3.5451505e-01   6.5083168e-02
   3.5785953e-01   6.5019539e-02
   3.6120401e-01   6.4951271e-02
   3.6454849e-01   6.4878414e-02
   3.6789298e-01   6.4801015e-02
   3.7123746e-01   6.4719123e-02
   3.7458194e-01   6.4632785e-02
   3.7792642e-01   6.4542045e-02
   3.8127090e-01   6.4446950e-02
   3.8461538e-01   6.4347544e-02
   3.8795987e-01   6.4243870e-02
   3.9130435e-01   6.4135971e-02
   3.9464883e-01   6.4023889e-02
   3.9799331e-01   6.3907666e-02
   4.0133779e-01   6.3787343e-02
   4.0468227e-01   6.3662959e-02
   4.0802676e-01   6.3534554e-02
   4.1137124e-01   6.3402168e-02
   4.1471572e-01   6.3265838e-02
   4.1806020e-01   6.3125602e-02
   4.2140468e-01   6.2981497e-02
   4.2474916e-01   6.2833559e-02
   4.2809365e-01   6.2681825e-02
   4.3143813e-01   6.2526330e-02
   4.3478261e-01   6.2367109e-02
   4.3812709e-01   6.2204196e-02
   4.4147157e-01   6.2037626e-02
   4.4481605e-01   6.1867431e-02
   4.4816054e-01   6.1693645e-02
   4.5150502e-01   6.1516300e-02
   4.5484950e-01   6.1335428e-02
   4.5819398e-01   6.1151061e-02
   4.6153846e-01   6.0963230e-02
   4.6488294e-01   6.0771965e-02
   4.6822742e-01   6.0577297e-02
   4.7157191e-01   6.0379257e-02
   4.7491639e-01   6.0177872e-02
   4.7826087e-01   5.9973174e-02
   4.8160535e-01   5.9765189e-02
   4.8494983e-01   5.9553947e-02
   4.8829431e-01   5.9339476e-02
   4.9163880e-01   5.9121804e-02
   4.9498328e-01   5.8900957e-02
   4.9832776e-01   5.8676962e-02
   5.0167224e-01   5.8449847e-02
   5.0501672e-01   5.8219637e-02
   5.0836120e-01   5.7986359e-02
   5.1170569e-01   5.7750038e-02
   5.1505017e-01   5.7510700e-02
   5.1839465e-01   5.7268369e-02
   5.2173913e-01   5.7023071e-02
   5.2508361e-01   5.6774829e-02
   5.2842809e-01   5.6523669e-02
   5.3177258e-01   5.6269613e-02
   5.3511706e-01   5.6012686e-02
   5.3846154e-01   5.5752910e-02
   5.4180602e-01   5.5490309e-02
   5.4515050e-01   5.5224906e-02
   5.4849498e-01   5.4956723e-02
   5.5183946e-01   5.4685782e-02
   5.5518395e-01   5.4412106e-02
   5.5852843e-01   5.4135716e-02
   5.6187291e-01   5.3856634e-02
   5.6521739e-01   5.3574880e-02
   5.6856187e-01   5.3290477e-02
   5.7190635e-01   5.3003445e-02
   5.7525084e-01   5.2713804e-02
   5.7859532e-01   5.2421575e-02
   5.8193980e-01   5.2126779e-02
   5.8528428e-01   5.1829434e-02
   5.8862876e-01   5.1529561e-02
   5.9197324e-01   5.1227179e-02
   5.9531773e-01   5.0922308e-02
   5.9866221e-01   5.0614966e-02
   6.0200669e-01   5.0305173e-02
   6.0535117e-01   4.9992947e-02
   6.0869565e-01   4.9678306e-02
   6.1204013e-01   4.9361270e-02
   6.1538462e-01   4.9041856e-02
   6.1872910e-01   4.8720082e-02
   6.2207358e-01   4.8395965e-02
   6.2541806e-01   4.8069524e-02
   6.2876254e-01   4.7740775e-02
   6.3210702e-01   4.7409737e-02
   6.3545151e-01   4.7076425e-02
   6.3879599e-01   4.6740857e-02
   6.4214047e-01   4.6403049e-02
   6.4548495e-01   4.6063018e-02
   6.4882943e-01   4.5720780e-02
   6.5217391e-01   4.5376351e-02
   6.5551839e-01   4.5029748e-02
   6.5886288e-01   4.4680986e-02
   6.6220736e-01   4.4330081e-02
   6.6555184e-01   4.3977048e-02
   6.6889632e-01   4.3621902e-02
   6.7224080e-01   4.3264660e-02
   6.7558528e-01   4.2905335e-02
   6.7892977e-01   4.2543943e-02
   6.8227425e-01   4.2180499e-02
   6.8561873e-01   4.1815016e-02
   6.8896321e-01   4.1447510e-02
   6.9230769e-01   4.1077995e-02
   6.9565217e-01   4.0706485e-02
   6.9899666e-01   4.0332993e-02
   7.0234114e-01   3.9957535e-02
   7.0568562e-01   3.9580122e-02
   7.0903010e-01   3.9200770e-02
   7.1237458e-01   3.8819492e-02
   7.1571906e-01   3.8436300e-02
   7.1906355e-01   3.8051208e-02
   7.2240803e-01   3.7664229e-02
   7.2575251e-01   3.7275376e-02
   7.2909699e-01   3.6884662e-02
   7.3244147e-01   3.6492098e-02
   7.3578595e-01   3.6097699e-02
   7.3913043e-01   3.5701476e-02
   7.4247492e-01   3.5303441e-02
   7.4581940e-01   3.4903606e-02
   7.4916388e-01   3.4501985e-02
   7.5250836e-01   3.4098587e-02
   7.5585284e-01   3.3693425e-02
   7.5919732e-01   3.3286512e-02
   7.6254181e-01   3.2877857e-02
   7.6588629e-01   3.2467473e-02
   7.6923077e-01   3.2055371e-02
   7.7257525e-01   3.1641562e-02
   7.7591973e-01   3.1226056e-02
   7.7926421e-01   3.0808866e-02
   7.8260870e-01   3.0390001e-02
   7.8595318e-01   2.9969473e-02
   7.8929766e-01   2.9547291e-02
   7.9264214e-01   2.9123466e-02
   7.9598662e-01   2.8698010e-02
   7.9933110e-01   2.8270931e-02
   8.0267559e-01   2.7842240e-02
   8.0602007e-01   2.7411946e-02
   8.0936455e-01   2.6980061e-02
   8.1270903e-01   2.6546593e-02
   8.1605351e-01   2.6111552e-02
   8.1939799e-01   2.5674948e-02
   8.2274247e-01   2.5236789e-02
   8.2608696e-01   2.4797087e-02
   8.2943144e-01   2.4355848e-02
   8.3277592e-01   2.3913084e-02
   8.3612040e-01   2.3468802e-02
   8.3946488e-01   2.3023012e-02
   8.4280936e-01   2.2575722e-02
   8.4615385e-01   2.2126941e-02
   8.4949833e-01   2.1676678e-02
   8.5284281e-01   2.1224941e-02
   8.5618729e-01   2.0771739e-02
   8.5953177e-01   2.0317079e-02
   8.6287625e-01   1.9860970e-02
   8.6622074e-01   1.9403420e-02
   8.6956522e-01   1.8944437e-02
   8.7290970e-01   1.8484028e-02
   8.7625418e-01   1.8022203e-02
   8.7959866e-01   1.7558967e-02
   8.8294314e-01   1.7094329e-02
   8.8628763e-01   1.6628296e-02
   8.8963211e-01   1.6160875e-02
   8.9297659e-01   1.5692075e-02
   8.9632107e-01   1.5221901e-02
   8.9966555e-01   1.4750361e-02
   9.0301003e-01   1.4277462e-02
   9.0635452e-01   1.3803211e-02
   9.0969900e-01   1.3327614e-02
   9.1304348e-01   1.2850679e-02
   9.1638796e-01   1.2372411e-02
   9.1973244e-01   1.1892818e-02
   9.2307692e-01   1.1411905e-02
   9.2642140e-01   1.0929679e-02
   9.2976589e-01   1.0446146e-02
   9.3311037e-01   9.9613124e-03
   9.3645485e-01   9.4751838e-03
   9.3979933e-01   8.9877662e-03
   9.4314381e-01   8.4990655e-03
   9.4648829e-01   8.0090873e-03
   9.4983278e-01   7.5178373e-03
   9.5317726e-01   7.0253210e-03
   9.5652174e-01   6.5315438e-03
   9.5986622e-01   6.0365110e-03
   9.6321070e-01   5.5402279e-03
   9.6655518e-01   5.0426997e-03
   9.6989967e-01   4.5439314e-03
   9.7324415e-01   4.0439279e-03
   9.7658863e-01   3.5426941e-03
   9.7993311e-01   3.0402349e-03
   9.8327759e-01   2.5365548e-03
   9.8662207e-01   2.0316586e-03
   9.8996656e-01   1.5255506e-03
   9.9331104e-01   1.0182353e-03
   9.9665552e-01   5.0971702e-04
   1.0000000e+00   0.0000000e+00
   1.0000000e+00   0.0000000e+00
   9.9665552e-01  -3.2472402e-04
   9.9331104e-01  -6.5315468e-04
   9.8996656e-01  -9.8516681e-04
   9.8662207e-01  -1.3206366e-03
   9.8327759e-01  -1.6594413e-03
   9.7993311e-01  -2.0014600e-03
   9.7658863e-01  -2.3465725e-03
   9.7324415e-01  -2.6946603e-03
   9.6989967e-01  -3.0456061e-03
   9.6655518e-01  -3.3992937e-03
   9.6321070e-01  -3.7556086e-03
   9.5986622e-01  -4.1144372e-03
   9.5652174e-01  -4.4756673e-03
   9.5317726e-01  -4.8391881e-03
   9.4983278e-01  -5.2048899e-03
   9.4648829e-01  -5.5726643e-03
   9.4314381e-01  -5.9424043e-03
   9.3979933e-01  -6.3140040e-03
   9.3645485e-01  -6.6873588e-03
   9.3311037e-01  -7.0623653e-03
   9.2976589e-01  -7.4389214e-03
   9.2642140e-01  -7.8169263e-03
   9.2307692e-01  -8.1962803e-03
   9.1973244e-01  -8.5768851e-03
   9.1638796e-01  -8.9586434e-03
   9.1304348e-01  -9.3414592e-03
   9.0969900e-01  -9.7252378e-03
   9.0635452e-01  -1.0109886e-02
   9.0301003e-01  -1.0495311e-02
   8.9966555e-01  -1.0881421e-02
   8.9632107e-01  -1.1268127e-02
   8.9297659e-01  -1.1655341e-02
   8.8963211e-01  -1.2042974e-02
   8.8628763e-01  -1.2430940e-02
   8.8294314e-01  -1.2819153e-02
   8.7959866e-01  -1.3207531e-02
   8.7625418e-01  -1.3595989e-02
   8.7290970e-01  -1.3984446e-02
   8.6956522e-01  -1.4372822e-02
   8.6622074e-01  -1.4761037e-02
   8.6287625e-01  -1.5149013e-02
   8.5953177e-01  -1.5536673e-02
   8.5618729e-01  -1.5923940e-02
   8.5284281e-01  -1.6310739e-02
   8.4949833e-01  -1.6696998e-02
   8.4615385e-01  -1.7082643e-02
   8.4280936e-01  -1.7467602e-02
   8.3946488e-01  -1.7851806e-02
   8.3612040e-01  -1.8235185e-02
   8.3277592e-01  -1.8617670e-02
   8.2943144e-01  -1.8999195e-02
   8.2608696e-01  -1.9379693e-02
   8.2274247e-01  -1.9759099e-02
   8.1939799e-01  -2.0137350e-02
   8.1605351e-01  -2.0514382e-02
   8.1270903e-01  -2.0890134e-02
   8.0936455e-01  -2.1264545e-02
   8.0602007e-01  -2.1637556e-02
   8.0267559e-01  -2.2009107e-02
   7.9933110e-01  -2.2379141e-02
   7.9598662e-01  -2.2747601e-02
   7.9264214e-01  -2.3114433e-02
   7.8929766e-01  -2.3479581e-02
   7.8595318e-01  -2.3842991e-02
   7.8260870e-01  -2.4204612e-02
   7.7926421e-01  -2.4564392e-02
   7.7591973e-01  -2.4922280e-02
   7.7257525e-01  -2.5278227e-02
   7.6923077e-01  -2.5632184e-02
   7.6588629e-01  -2.5984104e-02
   7.6254181e-01  -2.6333940e-02
   7.5919732e-01  -2.6681646e-02
   7.5585284e-01  -2.7027179e-02
   7.5250836e-01  -2.7370493e-02
   7.4916388e-01  -2.7711547e-02
   7.4581940e-01  -2.8050299e-02
   7.4247492e-01  -2.8386708e-02
   7.3913043e-01  -2.8720733e-02
   7.3578595e-01  -2.9052336e-02
   7.3244147e-01  -2.9381479e-02
   7.2909699e-01  -2.9708125e-02
   7.2575251e-01  -3.0032236e-02
   7.2240803e-01  -3.0353779e-02
   7.1906355e-01  -3.0672718e-02
   7.1571906e-01  -3.0989020e-02
   7.1237458e-01  -3.1302652e-02
   7.0903010e-01  -3.1613583e-02
   7.0568562e-01  -3.1921780e-02
   7.0234114e-01  -3.2227215e-02
   6.9899666e-01  -3.2529858e-02
   6.9565217e-01  -3.2829680e-02
   6.9230769e-01  -3.3126654e-02
   6.8896321e-01  -3.3420753e-02
   6.8561873e-01  -3.3711951e-02
   6.8227425e-01  -3.4000223e-02
   6.7892977e-01  -3.4285545e-02
   6.7558528e-01  -3.4567892e-02
   6.7224080e-01  -3.4847244e-02
   6.6889632e-01  -3.5123577e-02
   6.6555184e-01  -3.5396870e-02
   6.6220736e-01  -3.5667103e-02
   6.5886288e-01  -3.5934256e-02
   6.5551839e-01  -3.6198311e-02
   6.5217391e-01  -3.6459249e-02
   6.4882943e-01  -3.6717053e-02
   6.4548495e-01  -3.6971706e-02
   6.4214047e-01  -3.7223193e-02
   6.3879599e-01  -3.7471498e-02
   6.3545151e-01  -3.7716607e-02
   6.3210702e-01  -3.7958506e-02
   6.2876254e-01  -3.8197181e-02
   6.2541806e-01  -3.8432621e-02
   6.2207358e-01  -3.8664813e-02
   6.1872910e-01  -3.8893747e-02
   6.1538462e-01  -3.9119413e-02
   6.1204013e-01  -3.9341800e-02
   6.0869565e-01  -3.9560899e-02
   6.0535117e-01  -3.9776702e-02
   6.0200669e-01  -3.9989201e-02
   5.9866221e-01  -4.0198389e-02
   5.9531773e-01  -4.0404259e-02
   5.9197324e-01  -4.0606805e-02
   5.8862876e-01  -4.0806021e-02
   5.8528428e-01  -4.1001904e-02
   5.8193980e-01  -4.1194448e-02
   5.7859532e-01  -4.1383650e-02
   5.7525084e-01  -4.1569507e-02
   5.7190635e-01  -4.1752016e-02
   5.6856187e-01  -4.1931174e-02
   5.6521739e-01  -4.2106981e-02
   5.6187291e-01  -4.2279435e-02
   5.5852843e-01  -4.2448536e-02
   5.5518395e-01  -4.2614284e-02
   5.5183946e-01  -4.2776678e-02
   5.4849498e-01  -4.2935721e-02
   5.4515050e-01  -4.3091412e-02
   5.4180602e-01  -4.3243755e-02
   5.3846154e-01  -4.3392751e-02
   5.3511706e-01  -4.3538403e-02
   5.3177258e-01  -4.3680714e-02
   5.2842809e-01  -4.3819688e-02
   5.2508361e-01  -4.3955327e-02
   5.2173913e-01  -4.4087638e-02
   5.1839465e-01  -4.4216623e-02
   5.1505017e-01  -4.4342289e-02
   5.1170569e-01  -4.4464640e-02
   5.0836120e-01  -4.4583683e-02
   5.0501672e-01  -4.4699422e-02
   5.0167224e-01  -4.4811865e-02
   4.9832776e-01  -4.4921018e-02
   4.9498328e-01  -4.5026888e-02
   4.9163880e-01  -4.5129481e-02
   4.8829431e-01  -4.5228807e-02
   4.8494983e-01  -4.5324871e-02
   4.8160535e-01  -4.5417682e-02
   4.7826087e-01  -4.5507247e-02
   4.7491639e-01  -4.5593576e-02
   4.7157191e-01  -4.5676677e-02
   4.6822742e-01  -4.5756558e-02
   4.6488294e-01  -4.5833227e-02
   4.6153846e-01  -4.5906695e-02
   4.5819398e-01  -4.5976969e-02
   4.5484950e-01  -4.6044060e-02
   4.5150502e-01  -4.6107976e-02
   4.4816054e-01  -4.6168726e-02
   4.4481605e-01  -4.6226320e-02
   4.4147157e-01  -4.6280767e-02
   4.3812709e-01  -4.6332077e-02
   4.3478261e-01  -4.6380259e-02
   4.3143813e-01  -4.6425323e-02
   4.2809365e-01  -4.6467277e-02
   4.2474916e-01  -4.6506131e-02
   4.2140468e-01  -4.6541895e-02
   4.1806020e-01  -4.6574577e-02
   4.1471572e-01  -4.6604186e-02
   4.1137124e-01  -4.6630732e-02
   4.0802676e-01  -4.6654223e-02
   4.0468227e-01  -4.6674667e-02
   4.0133779e-01  -4.6692073e-02
   3.9799331e-01  -4.6706450e-02
   3.9464883e-01  -4.6717804e-02
   3.9130435e-01  -4.6726143e-02
   3.8795987e-01  -4.6731475e-02
   3.8461538e-01  -4.6733807e-02
   3.8127090e-01  -4.6733145e-02
   3.7792642e-01  -4.6729496e-02
   3.7458194e-01  -4.6722865e-02
   3.7123746e-01  -4.6713257e-02
   3.6789298e-01  -4.6700679e-02
   3.6454849e-01  -4.6685133e-02
   3.6120401e-01  -4.6666624e-02
   3.5785953e-01  -4.6645156e-02
   3.5451505e-01  -4.6620731e-02
   3.5117057e-01  -4.6593350e-02
   3.4782609e-01  -4.6563017e-02
   3.4448161e-01  -4.6529731e-02
   3.4113712e-01  -4.6493493e-02
   3.3779264e-01  -4.6454302e-02
   3.3444816e-01  -4.6412156e-02
   3.3110368e-01  -4.6367053e-02
   3.2775920e-01  -4.6318989e-02
   3.2441472e-01  -4.6267962e-02
   3.2107023e-01  -4.6213964e-02
   3.1772575e-01  -4.6156991e-02
   3.1438127e-01  -4.6097035e-02
   3.1103679e-01  -4.6034087e-02
   3.0769231e-01  -4.5968138e-02
   3.0434783e-01  -4.5899177e-02
   3.0100334e-01  -4.5827192e-02
   2.9765886e-01  -4.5752170e-02
   2.9431438e-01  -4.5674095e-02
   2.9096990e-01  -4.5592952e-02
   2.8762542e-01  -4.5508723e-02
   2.8428094e-01  -4.5421387e-02
   2.8093645e-01  -4.5330924e-02
   2.7759197e-01  -4.5237312e-02
   2.7424749e-01  -4.5140525e-02
   2.7090301e-01  -4.5040536e-02
   2.6755853e-01  -4.4937317e-02
   2.6421405e-01  -4.4830838e-02
   2.6086957e-01  -4.4721065e-02
   2.5752508e-01  -4.4607963e-02
   2.5418060e-01  -4.4491494e-02
   2.5083612e-01  -4.4371619e-02
   2.4749164e-01  -4.4248295e-02
   2.4414716e-01  -4.4121477e-02
   2.4080268e-01  -4.3991115e-02
   2.3745819e-01  -4.3857160e-02
   2.3411371e-01  -4.3719556e-02
   2.3076923e-01  -4.3578245e-02
   2.2742475e-01  -4.3433168e-02
   2.2408027e-01  -4.3284259e-02
   2.2073579e-01  -4.3131449e-02
   2.1739130e-01  -4.2974666e-02
   2.1404682e-01  -4.2813834e-02
   2.1070234e-01  -4.2648872e-02
   2.0735786e-01  -4.2479694e-02
   2.0401338e-01  -4.2306209e-02
   2.0066890e-01  -4.2128322e-02
   1.9732441e-01  -4.1945933e-02
   1.9397993e-01  -4.1758935e-02
   1.9063545e-01  -4.1567214e-02
   1.8729097e-01  -4.1370654e-02
   1.8394649e-01  -4.1169127e-02
   1.8060201e-01  -4.0962502e-02
   1.7725753e-01  -4.0750638e-02
   1.7391304e-01  -4.0533388e-02
   1.7056856e-01  -4.0310595e-02
   1.6722408e-01  -4.0082094e-02
   1.6387960e-01  -3.9847710e-02
   1.6053512e-01  -3.9607258e-02
   1.5719064e-01  -3.9360544e-02
   1.5384615e-01  -3.9107359e-02
   1.5050167e-01  -3.8847483e-02
   1.4715719e-01  -3.8580685e-02
   1.4381271e-01  -3.8306717e-02
   1.4046823e-01  -3.8025317e-02
   1.3712375e-01  -3.7736206e-02
   1.3377926e-01  -3.7439089e-02
   1.3043478e-01  -3.7133648e-02
   1.2709030e-01  -3.6819549e-02
   1.2374582e-01  -3.6496432e-02
   1.2040134e-01  -3.6163914e-02
   1.1705686e-01  -3.5821585e-02
   1.1371237e-01  -3.5469006e-02
   1.1036789e-01  -3.5105706e-02
   1.0702341e-01  -3.4731177e-02
   1.0367893e-01  -3.4344874e-02
   1.0033445e-01  -3.3946209e-02
   9.6989967e-02  -3.3534544e-02
   9.3645485e-02  -3.3109192e-02
   9.0301003e-02  -3.2669401e-02
   8.6956522e-02  -3.2214355e-02
   8.3612040e-02  -3.1743162e-02
   8.0267559e-02  -3.1254844e-02
   7.6923077e-02  -3.0748324e-02
   7.3578595e-02  -3.0222414e-02
   7.0234114e-02  -2.9675794e-02
   6.6889632e-02  -2.9106994e-02
   6.3545151e-02  -2.8514368e-02
   6.0200669e-02  -2.7896061e-02
   5.6856187e-02  -2.7249968e-02
   5.3511706e-02  -2.6573687e-02
   5.0167224e-02  -2.5864449e-02
   4.6822742e-02  -2.5119041e-02
   4.3478261e-02  -2.4333687e-02
   4.0133779e-02  -2.3503902e-02
   3.6789298e-02  -2.2624282e-02
   3.3444816e-02  -2.1688210e-02
   3.0100334e-02  -2.0687426e-02
   2.6755853e-02  -1.9611375e-02
   2.3411371e-02  -1.8446177e-02
   2.0066890e-02  -1.7172907e-02
   1.6722408e-02  -1.5764517e-02
   1.3377926e-02  -1.4179792e-02
   1.0033445e-02  -1.2349845e-02
   6.6889632e-03  -1.0141304e-02
   3.3444816e-03  -7.2122980e-03
   0.0000000e+00  -0.0000000e+00
