   0.0000000e+00   0.0000000e+00
   3.3444816e-03   1.0235728e-02
   6.6889632e-03   1.4439588e-02
   1.0033445e-02   1.7640523e-02
   1.3377926e-02   2.0318040e-02
   1.6722408e-02   2.2658322e-02
   2.0066890e-02   2.4757071e-02
   2.3411371e-02   2.6671259e-02
   2.6755853e-02   2.8438080e-02
   3.0100334e-02   3.0083424e-02
   3.3444816e-02   3.1626175e-02
   3.6789298e-02   3.3080617e-02
   4.0133779e-02   3.4457866e-02
   4.3478261e-02   3.5766780e-02
   4.6822742e-02   3.7014551e-02
   5.0167224e-02   3.8207120e-02
   5.3511706e-02   3.9349457e-02
   5.6856187e-02   4.0445775e-02
   6.0200669e-02   4.1499681e-02
   6.3545151e-02   4.2514293e-02
   6.6889632e-02   4.3492326e-02
   7.0234114e-02   4.4436167e-02
   7.3578595e-02   4.5347923e-02
   7.6923077e-02   4.6229466e-02
   8.0267559e-02   4.7082472e-02
   8.3612040e-02   4.7908446e-02
   8.6956522e-02   4.8708744e-02
   9.0301003e-02   4.9484599e-02
   9.3645485e-02   5.0237128e-02
   9.6989967e-02   5.0967355e-02
   1.0033445e-01   5.1676217e-02
   1.0367893e-01   5.2364572e-02
   1.0702341e-01   5.3033217e-02
   1.1036789e-01   5.3682882e-02
   1.1371237e-01   5.4314249e-02
   1.1705686e-01   5.4927947e-02
   1.2040134e-01   5.5524565e-02
   1.2374582e-01   5.6104651e-02
   1.2709030e-01   5.6668718e-02
   1.3043478e-01   5.7217245e-02
   1.3377926e-01   5.7750684e-02
   1.3712375e-01   5.8269458e-02
   1.4046823e-01   5.8773966e-02
   1.4381271e-01   5.9264583e-02
   1.4715719e-01   5.9741667e-02
   1.5050167e-01   6.0205553e-02
   1.5384615e-01   6.0656559e-02
   1.5719064e-01   6.1094988e-02
   1.6053512e-01   6.1521127e-02
   1.6387960e-01   6.1935249e-02
   1.6722408e-01   6.2337614e-02
   1.7056856e-01   6.2728470e-02
   1.7391304e-01   6.3108053e-02
   1.7725753e-01   6.3476589e-02
   1.8060201e-01   6.3834295e-02
   1.8394649e-01   6.4181376e-02
   1.8729097e-01   6.4518032e-02
   1.9063545e-01   6.4844453e-02
   1.9397993e-01   6.5160820e-02
   1.9732441e-01   6.5467310e-02
   2.0066890e-01   6.5764090e-02
   2.0401338e-01   6.6051324e-02
   2.0735786e-01   6.6329167e-02
   2.1070234e-01   6.6597771e-02
   2.1404682e-01   6.6857280e-02
   2.1739130e-01   6.7107835e-02
   2.2073579e-01   6.7349571e-02
   2.2408027e-01   6.7582621e-02
   2.2742475e-01   6.7807109e-02
   2.3076923e-01   6.8023160e-02
   2.3411371e-01   6.8230892e-02
   2.3745819e-01   6.8430420e-02
   2.4080268e-01   6.8621857e-02
   2.4414716e-01   6.8805310e-02
   2.4749164e-01   6.8980885e-02
   2.5083612e-01   6.9148685e-02
   2.5418060e-01   6.9308808e-02
   2.5752508e-01   6.9461353e-02
   2.6086957e-01   6.9606412e-02
   2.6421405e-01   6.9744078e-02
   2.6755853e-01   6.9874440e-02
   2.7090301e-01   6.9997585e-02
   2.7424749e-01   7.0113598e-02
   2.7759197e-01   7.0222563e-02
   2.8093645e-01   7.0324559e-02
   2.8428094e-01   7.0419665e-02
   2.8762542e-01   7.0507960e-02
   2.9096990e-01   7.0589518e-02
   2.9431438e-01   7.0664413e-02
   2.9765886e-01   7.0732717e-02
   3.0100334e-01   7.0794501e-02
   3.0434783e-01   7.0849834e-02
   3.0769231e-01   7.0898784e-02
   3.1103679e-01   7.0941416e-02
   3.1438127e-01   7.0977796e-02
   3.1772575e-01   7.1007987e-02
   3.2107023e-01   7.1032052e-02
   3.2441472e-01   7.1050052e-02
   3.2775920e-01   7.1062048e-02
   3.3110368e-01   7.1068098e-02
   3.3444816e-01   7.1068260e-02
   3.3779264e-01   7.1062592e-02
   3.4113712e-01   7.1051148e-02
   3.4448161e-01   7.1033985e-02
   3.4782609e-01   7.1011156e-02
   3.5117057e-01   7.0982715e-02
   3.5451505e-01   7.0948714e-02
   3.5785953e-01   7.0909204e-02
   3.6120401e-01   7.0864236e-02
   3.6454849e-01   7.0813860e-02
   3.6789298e-01   7.0758126e-02
   3.7123746e-01   7.0697081e-02
   3.7458194e-01   7.0630773e-02
   3.7792642e-01   7.0559249e-02
   3.8127090e-01   7.0482557e-02
   3.8461538e-01   7.0400741e-02
   3.8795987e-01   7.0313846e-02
   3.9130435e-01   7.0221917e-02
   3.9464883e-01   7.0124998e-02
   3.9799331e-01   7.0023133e-02
   4.0133779e-01   6.9916363e-02
   4.0468227e-01   6.9804732e-02
   4.0802676e-01   6.9688280e-02
   4.1137124e-01   6.9567049e-02
   4.1471572e-01   6.9441080e-02
   4.1806020e-01   6.9310413e-02
   4.2140468e-01   6.9175087e-02
   4.2474916e-01   6.9035143e-02
   4.2809365e-01   6.8890617e-02
   4.3143813e-01   6.8741550e-02
   4.3478261e-01   6.8587978e-02
   4.3812709e-01   6.8429939e-02
   4.4147157e-01   6.8267471e-02
   4.4481605e-01   6.8100610e-02
   4.4816054e-01   6.7929393e-02
   4.5150502e-01   6.7753854e-02
   4.5484950e-01   6.7574031e-02
   4.5819398e-01   6.7389957e-02
   4.6153846e-01   6.7201668e-02
   4.6488294e-01   6.7009199e-02
   4.6822742e-01   6.6812583e-02
   4.7157191e-01   6.6611854e-02
   4.7491639e-01   6.6407047e-02
   4.7826087e-01   6.6198193e-02
   4.8160535e-01   6.5985326e-02
   4.8494983e-01   6.5768478e-02
   4.8829431e-01   6.5547682e-02
   4.9163880e-01   6.5322969e-02
   4.9498328e-01   6.5094371e-02
   4.9832776e-01   6.4861921e-02
   5.0167224e-01   6.4625648e-02
   5.0501672e-01   6.4385583e-02
   5.0836120e-01   6.4141758e-02
   5.1170569e-01   6.3894202e-02
   5.1505017e-01   6.3642945e-02
   5.1839465e-01   6.3388018e-02
   5.2173913e-01   6.3129449e-02
   5.2508361e-01   6.2867269e-02
   5.2842809e-01   6.2601506e-02
   5.3177258e-01   6.2332189e-02
   5.3511706e-01   6.2059347e-02
   5.3846154e-01   6.1783007e-02
   5.4180602e-01   6.1503198e-02
   5.4515050e-01   6.1219949e-02
   5.4849498e-01   6.0933286e-02
   5.5183946e-01   6.0643238e-02
   5.5518395e-01   6.0349830e-02
   5.5852843e-01   6.0053092e-02
   5.6187291e-01   5.9753048e-02
   5.6521739e-01   5.9449726e-02
   5.6856187e-01   5.9143153e-02
   5.7190635e-01   5.8833354e-02
   5.7525084e-01   5.8520356e-02
   5.7859532e-01   5.8204185e-02
   5.8193980e-01   5.7884865e-02
   5.8528428e-01   5.7562423e-02
   5.8862876e-01   5.7236884e-02
   5.9197324e-01   5.6908273e-02
   5.9531773e-01   5.6576614e-02
   5.9866221e-01   5.6241933e-02
   6.0200669e-01   5.5904254e-02
   6.0535117e-01   5.5563601e-02
   6.0869565e-01   5.5219999e-02
   6.1204013e-01   5.4873471e-02
   6.1538462e-01   5.4524041e-02
   6.1872910e-01   5.4171734e-02
   6.2207358e-01   5.3816572e-02
   6.2541806e-01   5.3458578e-02
   6.2876254e-01   5.3097777e-02
   6.3210702e-01   5.2734190e-02
   6.3545151e-01   5.2367841e-02
   6.3879599e-01   5.1998752e-02
   6.4214047e-01   5.1626947e-02
   6.4548495e-01   5.1252446e-02
   6.4882943e-01   5.0875272e-02
   6.5217391e-01   5.0495448e-02
   6.5551839e-01   5.0112994e-02
   6.5886288e-01   4.9727933e-02
   6.6220736e-01   4.9340287e-02
   6.6555184e-01   4.8950076e-02
   6.6889632e-01   4.8557322e-02
   6.7224080e-01   4.8162046e-02
   6.7558528e-01   4.7764268e-02
   6.7892977e-01   4.7364010e-02
   6.8227425e-01   4.6961293e-02
   6.8561873e-01   4.6556135e-02
   6.8896321e-01   4.6148559e-02
   6.9230769e-01   4.5738583e-02
   6.9565217e-01   4.5326229e-02
   6.9899666e-01   4.4911515e-02
   7.0234114e-01   4.4494462e-02
   7.0568562e-01   4.4075089e-02
   7.0903010e-01   4.3653415e-02
   7.1237458e-01   4.3229460e-02
   7.1571906e-01   4.2803242e-02
   7.1906355e-01   4.2374782e-02
   7.2240803e-01   4.1944097e-02
   7.2575251e-01   4.1511206e-02
   7.2909699e-01   4.1076128e-02
   7.3244147e-01   4.0638882e-02
   7.3578595e-01   4.0199484e-02
   7.3913043e-01   3.9757955e-02
   7.4247492e-01   3.9314310e-02
   7.4581940e-01   3.8868569e-02
   7.4916388e-01   3.8420749e-02
   7.5250836e-01   3.7970867e-02
   7.5585284e-01   3.7518941e-02
   7.5919732e-01   3.7064988e-02
   7.6254181e-01   3.6609026e-02
   7.6588629e-01   3.6151070e-02
   7.6923077e-01   3.5691139e-02
   7.7257525e-01   3.5229248e-02
   7.7591973e-01   3.4765414e-02
   7.7926421e-01   3.4299654e-02
   7.8260870e-01   3.3831984e-02
   7.8595318e-01   3.3362419e-02
   7.8929766e-01   3.2890977e-02
   7.9264214e-01   3.2417672e-02
   7.9598662e-01   3.1942521e-02
   7.9933110e-01   3.1465538e-02
   8.0267559e-01   3.0986740e-02
   8.0602007e-01   3.0506142e-02
   8.0936455e-01   3.0023759e-02
   8.1270903e-01   2.9539605e-02
   8.1605351e-01   2.9053696e-02
   8.1939799e-01   2.8566046e-02
   8.2274247e-01   2.8076670e-02
   8.2608696e-01   2.7585583e-02
   8.2943144e-01   2.7092798e-02
   8.3277592e-01   2.6598330e-02
   8.3612040e-01   2.6102192e-02
   8.3946488e-01   2.5604400e-02
   8.4280936e-01   2.5104965e-02
   8.4615385e-01   2.4603903e-02
   8.4949833e-01   2.4101226e-02
   8.5284281e-01   2.3596948e-02
   8.5618729e-01   2.3091082e-02
   8.5953177e-01   2.2583640e-02
   8.6287625e-01   2.2074637e-02
   8.6622074e-01   2.1564084e-02
   8.6956522e-01   2.1051994e-02
   8.7290970e-01   2.0538379e-02
   8.7625418e-01   2.0023253e-02
   8.7959866e-01   1.9506627e-02
   8.8294314e-01   1.8988512e-02
   8.8628763e-01   1.8468922e-02
   8.8963211e-01   1.7947867e-02
   8.9297659e-01   1.7425360e-02
   8.9632107e-01   1.6901412e-02
   8.9966555e-01   1.6376033e-02
   9.0301003e-01   1.5849236e-02
   9.0635452e-01   1.5321032e-02
   9.0969900e-01   1.4791430e-02
   9.1304348e-01   1.4260443e-02
   9.1638796e-01   1.3728079e-02
   9.1973244e-01   1.3194351e-02
   9.2307692e-01   1.2659269e-02
   9.2642140e-01   1.2122842e-02
   9.2976589e-01   1.1585080e-02
   9.3311037e-01   1.1045993e-02
   9.3645485e-01   1.0505592e-02
   9.3979933e-01   9.9638855e-03
   9.4314381e-01   9.4208830e-03
   9.4648829e-01   8.8765939e-03
   9.4983278e-01   8.3310273e-03
   9.5317726e-01   7.7841923e-03
   9.5652174e-01   7.2360977e-03
   9.5986622e-01   6.6867521e-03
   9.6321070e-01   6.1361643e-03
   9.6655518e-01   5.5843424e-03
   9.6989967e-01   5.0312949e-03
   9.7324415e-01   4.4770298e-03
   9.7658863e-01   3.9215551e-03
   9.7993311e-01   3.3648786e-03
   9.8327759e-01   2.8070079e-03
   9.8662207e-01   2.2479506e-03
   9.8996656e-01   1.6877140e-03
   9.9331104e-01   1.1263054e-03
   9.9665552e-01   5.6373174e-04
   1.0000000e+00   0.0000000e+00
   1.0000000e+00   0.0000000e+00
   9.9665552e-01  -9.3585783e-05
   9.9331104e-01  -1.8877648e-04
   9.8996656e-01  -2.8554046e-04
   9.8662207e-01  -3.8384637e-04
   9.8327759e-01  -4.8366322e-04
   9.7993311e-01  -5.8496032e-04
   9.7658863e-01  -6.8770731e-04
   9.7324415e-01  -7.9187413e-04
   9.6989967e-01  -8.9743105e-04
   9.6655518e-01  -1.0043486e-03
   9.6321070e-01  -1.1125978e-03
   9.5986622e-01  -1.2221498e-03
   9.5652174e-01  -1.3329760e-03
   9.5317726e-01  -1.4450483e-03
   9.4983278e-01  -1.5583388e-03
   9.4648829e-01  -1.6728200e-03
   9.4314381e-01  -1.7884646e-03
   9.3979933e-01  -1.9052455e-03
   9.3645485e-01  -2.0231362e-03
   9.3311037e-01  -2.1421102e-03
   9.2976589e-01  -2.2621415e-03
   9.2642140e-01  -2.3832043e-03
   9.2307692e-01  -2.5052731e-03
   9.1973244e-01  -2.6283226e-03
   9.1638796e-01  -2.7523280e-03
   9.1304348e-01  -2.8772647e-03
   9.0969900e-01  -3.0031082e-03
   9.0635452e-01  -3.1298345e-03
   9.0301003e-01  -3.2574199e-03
   8.9966555e-01  -3.3858408e-03
   8.9632107e-01  -3.5150740e-03
   8.9297659e-01  -3.6450966e-03
   8.8963211e-01  -3.7758859e-03
   8.8628763e-01  -3.9074194e-03
   8.8294314e-01  -4.0396751e-03
   8.7959866e-01  -4.1726311e-03
   8.7625418e-01  -4.3062657e-03
   8.7290970e-01  -4.4405577e-03
   8.6956522e-01  -4.5754859e-03
   8.6622074e-01  -4.7110296e-03
   8.6287625e-01  -4.8471683e-03
   8.5953177e-01  -4.9838815e-03
   8.5618729e-01  -5.1211493e-03
   8.5284281e-01  -5.2589519e-03
   8.4949833e-01  -5.3972697e-03
   8.4615385e-01  -5.5360835e-03
   8.4280936e-01  -5.6753742e-03
   8.3946488e-01  -5.8151231e-03
   8.3612040e-01  -5.9553115e-03
   8.3277592e-01  -6.0959211e-03
   8.2943144e-01  -6.2369339e-03
   8.2608696e-01  -6.3783321e-03
   8.2274247e-01  -6.5200980e-03
   8.1939799e-01  -6.6622143e-03
   8.1605351e-01  -6.8046638e-03
   8.1270903e-01  -6.9474296e-03
   8.0936455e-01  -7.0904950e-03
   8.0602007e-01  -7.2338437e-03
   8.0267559e-01  -7.3774592e-03
   7.9933110e-01  -7.5213257e-03
   7.9598662e-01  -7.6654272e-03
   7.9264214e-01  -7.8097483e-03
   7.8929766e-01  -7.9542736e-03
   7.8595318e-01  -8.0989878e-03
   7.8260870e-01  -8.2438760e-03
   7.7926421e-01  -8.3889235e-03
   7.7591973e-01  -8.5341157e-03
   7.7257525e-01  -8.6794383e-03
   7.6923077e-01  -8.8248771e-03
   7.6588629e-01  -8.9704183e-03
   7.6254181e-01  -9.1160479e-03
   7.5919732e-01  -9.2617525e-03
   7.5585284e-01  -9.4075187e-03
   7.5250836e-01  -9.5533332e-03
   7.4916388e-01  -9.6991832e-03
   7.4581940e-01  -9.8450558e-03
   7.4247492e-01  -9.9909382e-03
   7.3913043e-01  -1.0136818e-02
   7.3578595e-01  -1.0282683e-02
   7.3244147e-01  -1.0428521e-02
   7.2909699e-01  -1.0574321e-02
   7.2575251e-01  -1.0720069e-02
   7.2240803e-01  -1.0865755e-02
   7.1906355e-01  -1.1011368e-02
   7.1571906e-01  -1.1156895e-02
   7.1237458e-01  -1.1302326e-02
   7.0903010e-01  -1.1447650e-02
   7.0568562e-01  -1.1592856e-02
   7.0234114e-01  -1.1737933e-02
   6.9899666e-01  -1.1882871e-02
   6.9565217e-01  -1.2027659e-02
   6.9230769e-01  -1.2172287e-02
   6.8896321e-01  -1.2316745e-02
   6.8561873e-01  -1.2461023e-02
   6.8227425e-01  -1.2605111e-02
   6.7892977e-01  -1.2748998e-02
   6.7558528e-01  -1.2892677e-02
   6.7224080e-01  -1.3036137e-02
   6.6889632e-01  -1.3179368e-02
   6.6555184e-01  -1.3322362e-02
   6.6220736e-01  -1.3465108e-02
   6.5886288e-01  -1.3607600e-02
   6.5551839e-01  -1.3749826e-02
   6.5217391e-01  -1.3891779e-02
   6.4882943e-01  -1.4033449e-02
   6.4548495e-01  -1.4174828e-02
   6.4214047e-01  -1.4315908e-02
   6.3879599e-01  -1.4456679e-02
   6.3545151e-01  -1.4597134e-02
   6.3210702e-01  -1.4737264e-02
   6.2876254e-01  -1.4877061e-02
   6.2541806e-01  -1.5016517e-02
   6.2207358e-01  -1.5155623e-02
   6.1872910e-01  -1.5294372e-02
   6.1538462e-01  -1.5432756e-02
   6.1204013e-01  -1.5570766e-02
   6.0869565e-01  -1.5708395e-02
   6.0535117e-01  -1.5845635e-02
   6.0200669e-01  -1.5982478e-02
   5.9866221e-01  -1.6118917e-02
   5.9531773e-01  -1.6254943e-02
   5.9197324e-01  -1.6390549e-02
   5.8862876e-01  -1.6525728e-02
   5.8528428e-01  -1.6660472e-02
   5.8193980e-01  -1.6794773e-02
   5.7859532e-01  -1.6928623e-02
   5.7525084e-01  -1.7062016e-02
   5.7190635e-01  -1.7194943e-02
   5.6856187e-01  -1.7327397e-02
   5.6521739e-01  -1.7459370e-02
   5.6187291e-01  -1.7590856e-02
   5.5852843e-01  -1.7721845e-02
   5.5518395e-01  -1.7852331e-02
   5.5183946e-01  -1.7982306e-02
   5.4849498e-01  -1.8111763e-02
   5.4515050e-01  -1.8240693e-02
   5.4180602e-01  -1.8369088e-02
   5.3846154e-01  -1.8496942e-02
   5.3511706e-01  -1.8624247e-02
   5.3177258e-01  -1.8750993e-02
   5.2842809e-01  -1.8877175e-02
   5.2508361e-01  -1.9002782e-02
   5.2173913e-01  -1.9127808e-02
   5.1839465e-01  -1.9252244e-02
   5.1505017e-01  -1.9376083e-02
   5.1170569e-01  -1.9499314e-02
   5.0836120e-01  -1.9621931e-02
   5.0501672e-01  -1.9743925e-02
   5.0167224e-01  -1.9865286e-02
   4.9832776e-01  -1.9986007e-02
   4.9498328e-01  -2.0106078e-02
   4.9163880e-01  -2.0225490e-02
   4.8829431e-01  -2.0344235e-02
   4.8494983e-01  -2.0462302e-02
   4.8160535e-01  -2.0579683e-02
   4.7826087e-01  -2.0696367e-02
   4.7491639e-01  -2.0812345e-02
   4.7157191e-01  -2.0927607e-02
   4.6822742e-01  -2.1042143e-02
   4.6488294e-01  -2.1155942e-02
   4.6153846e-01  -2.1268994e-02
   4.5819398e-01  -2.1381288e-02
   4.5484950e-01  -2.1492814e-02
   4.5150502e-01  -2.1603559e-02
   4.4816054e-01  -2.1713512e-02
   4.4481605e-01  -2.1822662e-02
   4.4147157e-01  -2.1930997e-02
   4.3812709e-01  -2.2038504e-02
   4.3478261e-01  -2.2145171e-02
   4.3143813e-01  -2.2250986e-02
   4.2809365e-01  -2.2355934e-02
   4.2474916e-01  -2.2460003e-02
   4.2140468e-01  -2.2563179e-02
   4.1806020e-01  -2.2665448e-02
   4.1471572e-01  -2.2766795e-02
   4.1137124e-01  -2.2867206e-02
   4.0802676e-01  -2.2966665e-02
   4.0468227e-01  -2.3065157e-02
   4.0133779e-01  -2.3162666e-02
   3.9799331e-01  -2.3259176e-02
   3.9464883e-01  -2.3354670e-02
   3.9130435e-01  -2.3449130e-02
   3.8795987e-01  -2.3542539e-02
   3.8461538e-01  -2.3634879e-02
   3.8127090e-01  -2.3726132e-02
   3.7792642e-01  -2.3816277e-02
   3.7458194e-01  -2.3905296e-02
   3.7123746e-01  -2.3993168e-02
   3.6789298e-01  -2.4079872e-02
   3.6454849e-01  -2.4165388e-02
   3.6120401e-01  -2.4249692e-02
   3.5785953e-01  -2.4332764e-02
   3.5451505e-01  -2.4414578e-02
   3.5117057e-01  -2.4495113e-02
   3.4782609e-01  -2.4574342e-02
   3.4448161e-01  -2.4652242e-02
   3.4113712e-01  -2.4728785e-02
   3.3779264e-01  -2.4803946e-02
   3.3444816e-01  -2.4877696e-02
   3.3110368e-01  -2.4950007e-02
   3.2775920e-01  -2.5020851e-02
   3.2441472e-01  -2.5090198e-02
   3.2107023e-01  -2.5158015e-02
   3.1772575e-01  -2.5224273e-02
   3.1438127e-01  -2.5288937e-02
   3.1103679e-01  -2.5351975e-02
   3.0769231e-01  -2.5413351e-02
   3.0434783e-01  -2.5473029e-02
   3.0100334e-01  -2.5530973e-02
   2.9765886e-01  -2.5587145e-02
   2.9431438e-01  -2.5641506e-02
   2.9096990e-01  -2.5694014e-02
   2.8762542e-01  -2.5744629e-02
   2.8428094e-01  -2.5793306e-02
   2.8093645e-01  -2.5840003e-02
   2.7759197e-01  -2.5884673e-02
   2.7424749e-01  -2.5927268e-02
   2.7090301e-01  -2.5967741e-02
   2.6755853e-01  -2.6006040e-02
   2.6421405e-01  -2.6042114e-02
   2.6086957e-01  -2.6075908e-02
   2.5752508e-01  -2.6107368e-02
   2.5418060e-01  -2.6136436e-02
   2.5083612e-01  -2.6163052e-02
   2.4749164e-01  -2.6187156e-02
   2.4414716e-01  -2.6208684e-02
   2.4080268e-01  -2.6227570e-02
   2.3745819e-01  -2.6243746e-02
   2.3411371e-01  -2.6257143e-02
   2.3076923e-01  -2.6267687e-02
   2.2742475e-01  -2.6275304e-02
   2.2408027e-01  -2.6279914e-02
   2.2073579e-01  -2.6281438e-02
   2.1739130e-01  -2.6279791e-02
   2.1404682e-01  -2.6274886e-02
   2.1070234e-01  -2.6266633e-02
   2.0735786e-01  -2.6254939e-02
   2.0401338e-01  -2.6239705e-02
   2.0066890e-01  -2.6220831e-02
   1.9732441e-01  -2.6198212e-02
   1.9397993e-01  -2.6171738e-02
   1.9063545e-01  -2.6141296e-02
   1.8729097e-01  -2.6106766e-02
   1.8394649e-01  -2.6068027e-02
   1.8060201e-01  -2.6024949e-02
   1.7725753e-01  -2.5977397e-02
   1.7391304e-01  -2.5925233e-02
   1.7056856e-01  -2.5868309e-02
   1.6722408e-01  -2.5806473e-02
   1.6387960e-01  -2.5739565e-02
   1.6053512e-01  -2.5667418e-02
   1.5719064e-01  -2.5589855e-02
   1.5384615e-01  -2.5506695e-02
   1.5050167e-01  -2.5417742e-02
   1.4715719e-01  -2.5322796e-02
   1.4381271e-01  -2.5221641e-02
   1.4046823e-01  -2.5114055e-02
   1.3712375e-01  -2.4999800e-02
   1.3377926e-01  -2.4878626e-02
   1.3043478e-01  -2.4750271e-02
   1.2709030e-01  -2.4614453e-02
   1.2374582e-01  -2.4470878e-02
   1.2040134e-01  -2.4319231e-02
   1.1705686e-01  -2.4159179e-02
   1.1371237e-01  -2.3990366e-02
   1.1036789e-01  -2.3812413e-02
   1.0702341e-01  -2.3624914e-02
   1.0367893e-01  -2.3427436e-02
   1.0033445e-01  -2.3219513e-02
   9.6989967e-02  -2.3000642e-02
   9.3645485e-02  -2.2770284e-02
   9.0301003e-02  -2.2527852e-02
   8.6956522e-02  -2.2272712e-02
   8.3612040e-02  -2.2004174e-02
   8.0267559e-02  -2.1721481e-02
   7.6923077e-02  -2.1423806e-02
   7.3578595e-02  -2.1110240e-02
   7.0234114e-02  -2.0779774e-02
   6.6889632e-02  -2.0431289e-02
   6.3545151e-02  -2.0063535e-02
   6.0200669e-02  -1.9675108e-02
   5.6856187e-02  -1.9264418e-02
   5.3511706e-02  -1.8829654e-02
   5.0167224e-02  -1.8368738e-02
   4.6822742e-02  -1.7879257e-02
   4.3478261e-02  -1.7358386e-02
   4.0133779e-02  -1.6802774e-02
   3.6789298e-02  -1.6208390e-02
   3.3444816e-02  -1.5570309e-02
   3.0100334e-02  -1.4882391e-02
   2.6755853e-02  -1.4136804e-02
   2.3411371e-02  -1.3323264e-02
   2.0066890e-02  -1.2427769e-02
   1.6722408e-02  -1.1430339e-02
   1.3377926e-02  -1.0300570e-02
   1.0033445e-02  -8.9877234e-03
   6.6889632e-03  -7.3937117e-03
   3.3444816e-03  -5.2675251e-03
   0.0000000e+00  -0.0000000e+00
