   0.0000000e+00   0.0000000e+00
   3.3444816e-03   9.2985252e-03
   6.6889632e-03   1.3059583e-02
   1.0033445e-02   1.5885010e-02
   1.3377926e-02   1.8217205e-02
   1.6722408e-02   2.0228979e-02
   2.0066890e-02   2.2009700e-02
   2.3411371e-02   2.3612902e-02
   2.6755853e-02   2.5073760e-02
   3.0100334e-02   2.6416918e-02
   3.3444816e-02   2.7660471e-02
   3.6789298e-02   2.8818198e-02
   4.0133779e-02   2.9900898e-02
   4.3478261e-02   3.0917230e-02
   4.6822742e-02   3.1874278e-02
   5.0167224e-02   3.2777929e-02
   5.3511706e-02   3.3633145e-02
   5.6856187e-02   3.4444159e-02
   6.0200669e-02   3.5214618e-02
   6.3545151e-02   3.5947695e-02
   6.6889632e-02   3.6646173e-02
   7.0234114e-02   3.7312511e-02
   7.3578595e-02   3.7948892e-02
   7.6923077e-02   3.8557271e-02
   8.0267559e-02   3.9139404e-02
   8.3612040e-02   3.9696877e-02
   8.6956522e-02   4.0231129e-02
   9.0301003e-02   4.0743470e-02
   9.3645485e-02   4.1235098e-02
   9.6989967e-02   4.1707110e-02
   1.0033445e-01   4.2160516e-02
   1.0367893e-01   4.2596248e-02
   1.0702341e-01   4.3015167e-02
   1.1036789e-01   4.3418073e-02
   1.1371237e-01   4.3805706e-02
   1.1705686e-01   4.4178758e-02
   1.2040134e-01   4.4537874e-02
   1.2374582e-01   4.4883654e-02
   1.2709030e-01   4.5216663e-02
   1.3043478e-01   4.5537429e-02
   1.3377926e-01   4.5846448e-02
   1.3712375e-01   4.6144186e-02
   1.4046823e-01   4.6431082e-02
   1.4381271e-01   4.6707550e-02
   1.4715719e-01   4.6973979e-02
   1.5050167e-01   4.7230738e-02
   1.5384615e-01   4.7478175e-02
   1.5719064e-01   4.7716619e-02
   1.6053512e-01   4.7946383e-02
   1.6387960e-01   4.8167761e-02
   1.6722408e-01   4.8381035e-02
   1.7056856e-01   4.8586469e-02
   1.7391304e-01   4.8784317e-02
   1.7725753e-01   4.8974818e-02
   1.8060201e-01   4.9158200e-02
   1.8394649e-01   4.9334679e-02
   1.8729097e-01   4.9504462e-02
   1.9063545e-01   4.9667745e-02
   1.9397993e-01   4.9824715e-02
   1.9732441e-01   4.9975550e-02
   2.0066890e-01   5.0120419e-02
   2.0401338e-01   5.0259483e-02
   2.0735786e-01   5.0392896e-02
   2.1070234e-01   5.0520806e-02
   2.1404682e-01   5.0643352e-02
   2.1739130e-01   5.0760667e-02
   2.2073579e-01   5.0872878e-02
   2.2408027e-01   5.0980107e-02
   2.2742475e-01   5.1082469e-02
   2.3076923e-01   5.1180075e-02
   2.3411371e-01   5.1273030e-02
   2.3745819e-01   5.1361434e-02
   2.4080268e-01   5.1445383e-02
   2.4414716e-01   5.1524967e-02
   2.4749164e-01   5.1600275e-02
   2.5083612e-01   5.1671389e-02
   2.5418060e-01   5.1738387e-02
   2.5752508e-01   5.1801346e-02
   2.6086957e-01   5.1860336e-02
   2.6421405e-01   5.1915427e-02
   2.6755853e-01   5.1966682e-02
   2.7090301e-01   5.2014165e-02
   2.7424749e-01   5.2057933e-02
   2.7759197e-01   5.2098043e-02
   2.8093645e-01   5.2134547e-02
   2.8428094e-01   5.2167497e-02
   2.8762542e-01   5.2196940e-02
   2.9096990e-01   5.2222922e-02
   2.9431438e-01   5.2245486e-02
   2.9765886e-01   5.2264672e-02
   3.0100334e-01   5.2280519e-02
   3.0434783e-01   5.2293065e-02
   3.0769231e-01   5.2302343e-02
   3.1103679e-01   5.2308386e-02
   3.1438127e-01   5.2311226e-02
   3.1772575e-01   5.2310890e-02
   3.2107023e-01   5.2307407e-02
   3.2441472e-01   5.2300801e-02
   3.2775920e-01   5.2291098e-02
   3.3110368e-01   5.2278320e-02
   3.3444816e-01   5.2262487e-02
   3.3779264e-01   5.2243621e-02
   3.4113712e-01   5.2221738e-02
   3.4448161e-01   5.2196856e-02
   3.4782609e-01   5.2168992e-02
   3.5117057e-01   5.2138160e-02
   3.5451505e-01   5.2104373e-02
   3.5785953e-01   5.2067644e-02
   3.6120401e-01   5.2027984e-02
   3.6454849e-01   5.1985405e-02
   3.6789298e-01   5.1939915e-02
   3.7123746e-01   5.1891523e-02
   3.7458194e-01   5.1840238e-02
   3.7792642e-01   5.1786065e-02
   3.8127090e-01   5.1729012e-02
   3.8461538e-01   5.1669083e-02
   3.8795987e-01   5.1606284e-02
   3.9130435e-01   5.1540618e-02
   3.9464883e-01   5.1472089e-02
   3.9799331e-01   5.1400699e-02
   4.0133779e-01   5.1326451e-02
   4.0468227e-01   5.1249347e-02
   4.0802676e-01   5.1169388e-02
   4.1137124e-01   5.1086573e-02
   4.1471572e-01   5.1000905e-02
   4.1806020e-01   5.0912381e-02
   4.2140468e-01   5.0821003e-02
   4.2474916e-01   5.0726768e-02
   4.2809365e-01   5.0629676e-02
   4.3143813e-01   5.0529725e-02
   4.3478261e-01   5.0426912e-02
   4.3812709e-01   5.0321237e-02
   4.4147157e-01   5.0212695e-02
   4.4481605e-01   5.0101286e-02
   4.4816054e-01   4.9987005e-02
   4.5150502e-01   4.9869850e-02
   4.5484950e-01   4.9749818e-02
   4.5819398e-01   4.9626905e-02
   4.6153846e-01   4.9501108e-02
   4.6488294e-01   4.9372424e-02
   4.6822742e-01   4.9240849e-02
   4.7157191e-01   4.9106378e-02
   4.7491639e-01   4.8969010e-02
   4.7826087e-01   4.8828739e-02
   4.8160535e-01   4.8685563e-02
   4.8494983e-01   4.8539478e-02
   4.8829431e-01   4.8390480e-02
   4.9163880e-01   4.8238566e-02
   4.9498328e-01   4.8083732e-02
   4.9832776e-01   4.7925975e-02
   5.0167224e-01   4.7765292e-02
   5.0501672e-01   4.7601680e-02
   5.0836120e-01   4.7435136e-02
   5.1170569e-01   4.7265658e-02
   5.1505017e-01   4.7093241e-02
   5.1839465e-01   4.6917886e-02
   5.2173913e-01   4.6739588e-02
   5.2508361e-01   4.6558347e-02
   5.2842809e-01   4.6374161e-02
   5.3177258e-01   4.6187028e-02
   5.3511706e-01   4.5996947e-02
   5.3846154e-01   4.5803917e-02
   5.4180602e-01   4.5607939e-02
   5.4515050e-01   4.5409011e-02
   5.4849498e-01   4.5207134e-02
   5.5183946e-01   4.5002308e-02
   5.5518395e-01   4.4794534e-02
   5.5852843e-01   4.4583813e-02
   5.6187291e-01   4.4370148e-02
   5.6521739e-01   4.4153539e-02
   5.6856187e-01   4.3933989e-02
   5.7190635e-01   4.3711501e-02
   5.7525084e-01   4.3486079e-02
   5.7859532e-01   4.3257725e-02
   5.8193980e-01   4.3026445e-02
   5.8528428e-01   4.2792242e-02
   5.8862876e-01   4.2555122e-02
   5.9197324e-01   4.2315090e-02
   5.9531773e-01   4.2072153e-02
   5.9866221e-01   4.1826317e-02
   6.0200669e-01   4.1577589e-02
   6.0535117e-01   4.1325977e-02
   6.0869565e-01   4.1071489e-02
   6.1204013e-01   4.0814134e-02
   6.1538462e-01   4.0553921e-02
   6.1872910e-01   4.0290861e-02
   6.2207358e-01   4.0024962e-02
   6.2541806e-01   3.9756238e-02
   6.2876254e-01   3.9484699e-02
   6.3210702e-01   3.9210358e-02
   6.3545151e-01   3.8933227e-02
   6.3879599e-01   3.8653322e-02
   6.4214047e-01   3.8370654e-02
   6.4548495e-01   3.8085241e-02
   6.4882943e-01   3.7797096e-02
   6.5217391e-01   3.7506237e-02
   6.5551839e-01   3.7212681e-02
   6.5886288e-01   3.6916445e-02
   6.6220736e-01   3.6617547e-02
   6.6555184e-01   3.6316007e-02
   6.6889632e-01   3.6011844e-02
   6.7224080e-01   3.5705079e-02
   6.7558528e-01   3.5395733e-02
   6.7892977e-01   3.5083829e-02
   6.8227425e-01   3.4769389e-02
   6.8561873e-01   3.4452437e-02
   6.8896321e-01   3.4132996e-02
   6.9230769e-01   3.3811093e-02
   6.9565217e-01   3.3486753e-02
   6.9899666e-01   3.3160003e-02
   7.0234114e-01   3.2830870e-02
   7.0568562e-01   3.2499383e-02
   7.0903010e-01   3.2165571e-02
   7.1237458e-01   3.1829465e-02
   7.1571906e-01   3.1491094e-02
   7.1906355e-01   3.1150491e-02
   7.2240803e-01   3.0807688e-02
   7.2575251e-01   3.0462718e-02
   7.2909699e-01   3.0115617e-02
   7.3244147e-01   2.9766420e-02
   7.3578595e-01   2.9415161e-02
   7.3913043e-01   2.9061879e-02
   7.4247492e-01   2.8706612e-02
   7.4581940e-01   2.8349398e-02
   7.4916388e-01   2.7990277e-02
   7.5250836e-01   2.7629289e-02
   7.5585284e-01   2.7266477e-02
   7.5919732e-01   2.6901882e-02
   7.6254181e-01   2.6535549e-02
   7.6588629e-01   2.6167522e-02
   7.6923077e-01   2.5797846e-02
   7.7257525e-01   2.5426568e-02
   7.7591973e-01   2.5053735e-02
   7.7926421e-01   2.4679396e-02
   7.8260870e-01   2.4303600e-02
   7.8595318e-01   2.3926396e-02
   7.8929766e-01   2.3547838e-02
   7.9264214e-01   2.3167977e-02
   7.9598662e-01   2.2786866e-02
   7.9933110e-01   2.2404560e-02
   8.0267559e-01   2.2021115e-02
   8.0602007e-01   2.1636586e-02
   8.0936455e-01   2.1251032e-02
   8.1270903e-01   2.0864512e-02
   8.1605351e-01   2.0477084e-02
   8.1939799e-01   2.0088810e-02
   8.2274247e-01   1.9699752e-02
   8.2608696e-01   1.9309972e-02
   8.2943144e-01   1.8919534e-02
   8.3277592e-01   1.8528504e-02
   8.3612040e-01   1.8136948e-02
   8.3946488e-01   1.7744933e-02
   8.4280936e-01   1.7352527e-02
   8.4615385e-01   1.6959800e-02
   8.4949833e-01   1.6566823e-02
   8.5284281e-01   1.6173668e-02
   8.5618729e-01   1.5780406e-02
   8.5953177e-01   1.5387114e-02
   8.6287625e-01   1.4993865e-02
   8.6622074e-01   1.4600736e-02
   8.6956522e-01   1.4207805e-02
   8.7290970e-01   1.3815150e-02
   8.7625418e-01   1.3422852e-02
   8.7959866e-01   1.3030991e-02
   8.8294314e-01   1.2639649e-02
   8.8628763e-01   1.2248910e-02
   8.8963211e-01   1.1858860e-02
   8.9297659e-01   1.1469582e-02
   8.9632107e-01   1.1081166e-02
   8.9966555e-01   1.0693698e-02
   9.0301003e-01   1.0307268e-02
   9.0635452e-01   9.9219678e-03
   9.0969900e-01   9.5378884e-03
   9.1304348e-01   9.1551232e-03
   9.1638796e-01   8.7737666e-03
   9.1973244e-01   8.3939144e-03
   9.2307692e-01   8.0156635e-03
   9.2642140e-01   7.6391121e-03
   9.2976589e-01   7.2643595e-03
   9.3311037e-01   6.8915067e-03
   9.3645485e-01   6.5206555e-03
   9.3979933e-01   6.1519093e-03
   9.4314381e-01   5.7853726e-03
   9.4648829e-01   5.4211514e-03
   9.4983278e-01   5.0593528e-03
   9.5317726e-01   4.7000853e-03
   9.5652174e-01   4.3434586e-03
   9.5986622e-01   3.9895839e-03
   9.6321070e-01   3.6385736e-03
   9.6655518e-01   3.2905414e-03
   9.6989967e-01   2.9456025e-03
   9.7324415e-01   2.6038732e-03
   9.7658863e-01   2.2654712e-03
   9.7993311e-01   1.9305158e-03
   9.8327759e-01   1.5991273e-03
   9.8662207e-01   1.2714275e-03
   9.8996656e-01   9.4753972e-04
   9.9331104e-01   6.2758835e-04
   9.9665552e-01   3.1169935e-04
   1.0000000e+00   0.0000000e+00
   1.0000000e+00   0.0000000e+00
   9.9665552e-01  -4.9492304e-04
   9.9331104e-01  -9.8294616e-04
   9.8996656e-01  -1.4641367e-03
   9.8662207e-01  -1.9385617e-03
   9.8327759e-01  -2.4062878e-03
   9.7993311e-01  -2.8673813e-03
   9.7658863e-01  -3.3219082e-03
   9.7324415e-01  -3.7699340e-03
   9.6989967e-01  -4.2115242e-03
   9.6655518e-01  -4.6467436e-03
   9.6321070e-01  -5.0756567e-03
   9.5986622e-01  -5.4983279e-03
   9.5652174e-01  -5.9148211e-03
   9.5317726e-01  -6.3251997e-03
   9.4983278e-01  -6.7295270e-03
   9.4648829e-01  -7.1278659e-03
   9.4314381e-01  -7.5202788e-03
   9.3979933e-01  -7.9068280e-03
   9.3645485e-01  -8.2875752e-03
   9.3311037e-01  -8.6625819e-03
   9.2976589e-01  -9.0319093e-03
   9.2642140e-01  -9.3956182e-03
   9.2307692e-01  -9.7537689e-03
   9.1973244e-01  -1.0106422e-02
   9.1638796e-01  -1.0453636e-02
   9.1304348e-01  -1.0795472e-02
   9.0969900e-01  -1.1131988e-02
   9.0635452e-01  -1.1463242e-02
   9.0301003e-01  -1.1789294e-02
   8.9966555e-01  -1.2110201e-02
   8.9632107e-01  -1.2426022e-02
   8.9297659e-01  -1.2736812e-02
   8.8963211e-01  -1.3042630e-02
   8.8628763e-01  -1.3343532e-02
   8.8294314e-01  -1.3639574e-02
   8.7959866e-01  -1.3930812e-02
   8.7625418e-01  -1.4217301e-02
   8.7290970e-01  -1.4499098e-02
   8.6956522e-01  -1.4776257e-02
   8.6622074e-01  -1.5048832e-02
   8.6287625e-01  -1.5316877e-02
   8.5953177e-01  -1.5580447e-02
   8.5618729e-01  -1.5839596e-02
   8.5284281e-01  -1.6094375e-02
   8.4949833e-01  -1.6344838e-02
   8.4615385e-01  -1.6591038e-02
   8.4280936e-01  -1.6833026e-02
   8.3946488e-01  -1.7070855e-02
   8.3612040e-01  -1.7304575e-02
   8.3277592e-01  -1.7534238e-02
   8.2943144e-01  -1.7759895e-02
   8.2608696e-01  -1.7981596e-02
   8.2274247e-01  -1.8199391e-02
   8.1939799e-01  -1.8413329e-02
   8.1605351e-01  -1.8623460e-02
   8.1270903e-01  -1.8829833e-02
   8.0936455e-01  -1.9032497e-02
   8.0602007e-01  -1.9231499e-02
   8.0267559e-01  -1.9426889e-02
   7.9933110e-01  -1.9618712e-02
   7.9598662e-01  -1.9807017e-02
   7.9264214e-01  -1.9991851e-02
   7.8929766e-01  -2.0173259e-02
   7.8595318e-01  -2.0351289e-02
   7.8260870e-01  -2.0525985e-02
   7.7926421e-01  -2.0697394e-02
   7.7591973e-01  -2.0865560e-02
   7.7257525e-01  -2.1030529e-02
   7.6923077e-01  -2.1192344e-02
   7.6588629e-01  -2.1351049e-02
   7.6254181e-01  -2.1506689e-02
   7.5919732e-01  -2.1659306e-02
   7.5585284e-01  -2.1808945e-02
   7.5250836e-01  -2.1955646e-02
   7.4916388e-01  -2.2099453e-02
   7.4581940e-01  -2.2240407e-02
   7.4247492e-01  -2.2378550e-02
   7.3913043e-01  -2.2513923e-02
   7.3578595e-01  -2.2646567e-02
   7.3244147e-01  -2.2776522e-02
   7.2909699e-01  -2.2903829e-02
   7.2575251e-01  -2.3028528e-02
   7.2240803e-01  -2.3150656e-02
   7.1906355e-01  -2.3270255e-02
   7.1571906e-01  -2.3387362e-02
   7.1237458e-01  -2.3502015e-02
   7.0903010e-01  -2.3614253e-02
   7.0568562e-01  -2.3724113e-02
   7.0234114e-01  -2.3831632e-02
   6.9899666e-01  -2.3936847e-02
   6.9565217e-01  -2.4039795e-02
   6.9230769e-01  -2.4140512e-02
   6.8896321e-01  -2.4239033e-02
   6.8561873e-01  -2.4335393e-02
   6.8227425e-01  -2.4429629e-02
   6.7892977e-01  -2.4521774e-02
   6.7558528e-01  -2.4611863e-02
   6.7224080e-01  -2.4699929e-02
   6.6889632e-01  -2.4786006e-02
   6.6555184e-01  -2.4870128e-02
   6.6220736e-01  -2.4952326e-02
   6.5886288e-01  -2.5032634e-02
   6.5551839e-01  -2.5111083e-02
   6.5217391e-01  -2.5187705e-02
   6.4882943e-01  -2.5262532e-02
   6.4548495e-01  -2.5335593e-02
   6.4214047e-01  -2.5406920e-02
   6.3879599e-01  -2.5476543e-02
   6.3545151e-01  -2.5544491e-02
   6.3210702e-01  -2.5610794e-02
   6.2876254e-01  -2.5675481e-02
   6.2541806e-01  -2.5738580e-02
   6.2207358e-01  -2.5800120e-02
   6.1872910e-01  -2.5860128e-02
   6.1538462e-01  -2.5918631e-02
   6.1204013e-01  -2.5975657e-02
   6.0869565e-01  -2.6031233e-02
   6.0535117e-01  -2.6085384e-02
   6.0200669e-01  -2.6138136e-02
   5.9866221e-01  -2.6189515e-02
   5.9531773e-01  -2.6239546e-02
   5.9197324e-01  -2.6288254e-02
   5.8862876e-01  -2.6335662e-02
   5.8528428e-01  -2.6381794e-02
   5.8193980e-01  -2.6426675e-02
   5.7859532e-01  -2.6470326e-02
   5.7525084e-01  -2.6512771e-02
   5.7190635e-01  -2.6554031e-02
   5.6856187e-01  -2.6594129e-02
   5.6521739e-01  -2.6633086e-02
   5.6187291e-01  -2.6670922e-02
   5.5852843e-01  -2.6707659e-02
   5.5518395e-01  -2.6743316e-02
   5.5183946e-01  -2.6777913e-02
   5.4849498e-01  -2.6811469e-02
   5.4515050e-01  -2.6844003e-02
   5.4180602e-01  -2.6875534e-02
   5.3846154e-01  -2.6906079e-02
   5.3511706e-01  -2.6935657e-02
   5.3177258e-01  -2.6964283e-02
   5.2842809e-01  -2.6991974e-02
   5.2508361e-01  -2.7018748e-02
   5.2173913e-01  -2.7044619e-02
   5.1839465e-01  -2.7069603e-02
   5.1505017e-01  -2.7093715e-02
   5.1170569e-01  -2.7116968e-02
   5.0836120e-01  -2.7139378e-02
   5.0501672e-01  -2.7160957e-02
   5.0167224e-01  -2.7181719e-02
   4.9832776e-01  -2.7201676e-02
   4.9498328e-01  -2.7220839e-02
   4.9163880e-01  -2.7239221e-02
   4.8829431e-01  -2.7256833e-02
   4.8494983e-01  -2.7273686e-02
   4.8160535e-01  -2.7289788e-02
   4.7826087e-01  -2.7305151e-02
   4.7491639e-01  -2.7319783e-02
   4.7157191e-01  -2.7333693e-02
   4.6822742e-01  -2.7346888e-02
   4.6488294e-01  -2.7359378e-02
   4.6153846e-01  -2.7371167e-02
   4.5819398e-01  -2.7382265e-02
   4.5484950e-01  -2.7392675e-02
   4.5150502e-01  -2.7402404e-02
   4.4816054e-01  -2.7411457e-02
   4.4481605e-01  -2.7419839e-02
   4.4147157e-01  -2.7427552e-02
   4.3812709e-01  -2.7434601e-02
   4.3478261e-01  -2.7440988e-02
   4.3143813e-01  -2.7446716e-02
   4.2809365e-01  -2.7451786e-02
   4.2474916e-01  -2.7456199e-02
   4.2140468e-01  -2.7459955e-02
   4.1806020e-01  -2.7463055e-02
   4.1471572e-01  -2.7465498e-02
   4.1137124e-01  -2.7467283e-02
   4.0802676e-01  -2.7468407e-02
   4.0468227e-01  -2.7468868e-02
   4.0133779e-01  -2.7468663e-02
   3.9799331e-01  -2.7467788e-02
   3.9464883e-01  -2.7466238e-02
   3.9130435e-01  -2.7464008e-02
   3.8795987e-01  -2.7461093e-02
   3.8461538e-01  -2.7457486e-02
   3.8127090e-01  -2.7453179e-02
   3.7792642e-01  -2.7448165e-02
   3.7458194e-01  -2.7442436e-02
   3.7123746e-01  -2.7435981e-02
   3.6789298e-01  -2.7428790e-02
   3.6454849e-01  -2.7420854e-02
   3.6120401e-01  -2.7412159e-02
   3.5785953e-01  -2.7402695e-02
   3.5451505e-01  -2.7392447e-02
   3.5117057e-01  -2.7381401e-02
   3.4782609e-01  -2.7369543e-02
   3.4448161e-01  -2.7356857e-02
   3.4113712e-01  -2.7343327e-02
   3.3779264e-01  -2.7328935e-02
   3.3444816e-01  -2.7313662e-02
   3.3110368e-01  -2.7297490e-02
   3.2775920e-01  -2.7280398e-02
   3.2441472e-01  -2.7262365e-02
   3.2107023e-01  -2.7243370e-02
   3.1772575e-01  -2.7223388e-02
   3.1438127e-01  -2.7202396e-02
   3.1103679e-01  -2.7180369e-02
   3.0769231e-01  -2.7157280e-02
   3.0434783e-01  -2.7133103e-02
   3.0100334e-01  -2.7107808e-02
   2.9765886e-01  -2.7081366e-02
   2.9431438e-01  -2.7053746e-02
   2.9096990e-01  -2.7024916e-02
   2.8762542e-01  -2.6994842e-02
   2.8428094e-01  -2.6963491e-02
   2.8093645e-01  -2.6930826e-02
   2.7759197e-01  -2.6896810e-02
   2.7424749e-01  -2.6861403e-02
   2.7090301e-01  -2.6824567e-02
   2.6755853e-01  -2.6786258e-02
   2.6421405e-01  -2.6746435e-02
   2.6086957e-01  -2.6705051e-02
   2.5752508e-01  -2.6662061e-02
   2.5418060e-01  -2.6617416e-02
   2.5083612e-01  -2.6571066e-02
   2.4749164e-01  -2.6522959e-02
   2.4414716e-01  -2.6473042e-02
   2.4080268e-01  -2.6421259e-02
   2.3745819e-01  -2.6367552e-02
   2.3411371e-01  -2.6311860e-02
   2.3076923e-01  -2.6254122e-02
   2.2742475e-01  -2.6194274e-02
   2.2408027e-01  -2.6132248e-02
   2.2073579e-01  -2.6067974e-02
   2.1739130e-01  -2.6001382e-02
   2.1404682e-01  -2.5932396e-02
   2.1070234e-01  -2.5860938e-02
   2.0735786e-01  -2.5786928e-02
   2.0401338e-01  -2.5710282e-02
   2.0066890e-01  -2.5630913e-02
   1.9732441e-01  -2.5548730e-02
   1.9397993e-01  -2.5463640e-02
   1.9063545e-01  -2.5375544e-02
   1.8729097e-01  -2.5284340e-02
   1.8394649e-01  -2.5189923e-02
   1.8060201e-01  -2.5092180e-02
   1.7725753e-01  -2.4990998e-02
   1.7391304e-01  -2.4886255e-02
   1.7056856e-01  -2.4777826e-02
   1.6722408e-01  -2.4665579e-02
   1.6387960e-01  -2.4549377e-02
   1.6053512e-01  -2.4429077e-02
   1.5719064e-01  -2.4304527e-02
   1.5384615e-01  -2.4175571e-02
   1.5050167e-01  -2.4042042e-02
   1.4715719e-01  -2.3903767e-02
   1.4381271e-01  -2.3760564e-02
   1.4046823e-01  -2.3612239e-02
   1.3712375e-01  -2.3458592e-02
   1.3377926e-01  -2.3299408e-02
   1.3043478e-01  -2.3134461e-02
   1.2709030e-01  -2.2963513e-02
   1.2374582e-01  -2.2786312e-02
   1.2040134e-01  -2.2602589e-02
   1.1705686e-01  -2.2412060e-02
   1.1371237e-01  -2.2214421e-02
   1.1036789e-01  -2.2009348e-02
   1.0702341e-01  -2.1796497e-02
   1.0367893e-01  -2.1575498e-02
   1.0033445e-01  -2.1345953e-02
   9.6989967e-02  -2.1107434e-02
   9.3645485e-02  -2.0859481e-02
   9.0301003e-02  -2.0601595e-02
   8.6956522e-02  -2.0333234e-02
   8.3612040e-02  -2.0053810e-02
   8.0267559e-02  -1.9762679e-02
   7.6923077e-02  -1.9459135e-02
   7.3578595e-02  -1.9142400e-02
   7.0234114e-02  -1.8811614e-02
   6.6889632e-02  -1.8465822e-02
   6.3545151e-02  -1.8103955e-02
   6.0200669e-02  -1.7724810e-02
   5.6856187e-02  -1.7327029e-02
   5.3511706e-02  -1.6909059e-02
   5.0167224e-02  -1.6469116e-02
   4.6822742e-02  -1.6005131e-02
   4.3478261e-02  -1.5514676e-02
   4.0133779e-02  -1.4994867e-02
   3.6789298e-02  -1.4442234e-02
   3.3444816e-02  -1.3852529e-02
   3.0100334e-02  -1.3220450e-02
   2.6755853e-02  -1.2539225e-02
   2.3411371e-02  -1.1799950e-02
   2.0066890e-02  -1.0990484e-02
   1.6722408e-02  -1.0093477e-02
   1.3377926e-02  -9.0824882e-03
   1.0033445e-02  -7.9133225e-03
   6.6889632e-03  -6.5004121e-03
   3.3444816e-03  -4.6244248e-03
   0.0000000e+00  -0.0000000e+00
