   0.0000000e+00   0.0000000e+00
   3.3444816e-03   1.2119895e-02
   6.6889632e-03   1.7081896e-02
   1.0033445e-02   2.0849207e-02
   1.3377926e-02   2.3991223e-02
   1.6722408e-02   2.6729237e-02
   2.0066890e-02   2.9177097e-02
   2.3411371e-02   3.1402638e-02
   2.6755853e-02   3.3450188e-02
   3.0100334e-02   3.5350627e-02
   3.3444816e-02   3.7126501e-02
   3.6789298e-02   3.8794882e-02
   4.0133779e-02   4.0369068e-02
   4.3478261e-02   4.1859664e-02
   4.6822742e-02   4.3275297e-02
   5.0167224e-02   4.4623093e-02
   5.3511706e-02   4.5909028e-02
   5.6856187e-02   4.7138171e-02
   6.0200669e-02   4.8314867e-02
   6.3545151e-02   4.9442880e-02
   6.6889632e-02   5.0525491e-02
   7.0234114e-02   5.1565589e-02
   7.3578595e-02   5.2565728e-02
   7.6923077e-02   5.3528186e-02
   8.0267559e-02   5.4454999e-02
   8.3612040e-02   5.5348004e-02
   8.6956522e-02   5.6208859e-02
   9.0301003e-02   5.7039072e-02
   9.3645485e-02   5.7840018e-02
   9.6989967e-02   5.8612954e-02
   1.0033445e-01   5.9359037e-02
   1.0367893e-01   6.0079330e-02
   1.0702341e-01   6.0774819e-02
   1.1036789e-01   6.1446415e-02
   1.1371237e-01   6.2094967e-02
   1.1705686e-01   6.2721265e-02
   1.2040134e-01   6.3326046e-02
   1.2374582e-01   6.3910001e-02
   1.2709030e-01   6.4473780e-02
   1.3043478e-01   6.5017989e-02
   1.3377926e-01   6.5543205e-02
   1.3712375e-01   6.6049967e-02
   1.4046823e-01   6.6538789e-02
   1.4381271e-01   6.7010155e-02
   1.4715719e-01   6.7464525e-02
   1.5050167e-01   6.7902335e-02
   1.5384615e-01   6.8324002e-02
   1.5719064e-01   6.8729922e-02
   1.6053512e-01   6.9120471e-02
   1.6387960e-01   6.9496012e-02
   1.6722408e-01   6.9856890e-02
   1.7056856e-01   7.0203434e-02
   1.7391304e-01   7.0535963e-02
   1.7725753e-01   7.0854781e-02
   1.8060201e-01   7.1160180e-02
   1.8394649e-01   7.1452441e-02
   1.8729097e-01   7.1731836e-02
   1.9063545e-01   7.1998626e-02
   1.9397993e-01   7.2253064e-02
   1.9732441e-01   7.2495391e-02
   2.0066890e-01   7.2725845e-02
   2.0401338e-01   7.2944651e-02
   2.0735786e-01   7.3152032e-02
   2.1070234e-01   7.3348200e-02
   2.1404682e-01   7.3533363e-02
   2.1739130e-01   7.3707721e-02
   2.2073579e-01   7.3871470e-02
   2.2408027e-01   7.4024800e-02
   2.2742475e-01   7.4167895e-02
   2.3076923e-01   7.4300935e-02
   2.3411371e-01   7.4424094e-02
   2.3745819e-01   7.4537543e-02
   2.4080268e-01   7.4641448e-02
   2.4414716e-01   7.4735971e-02
   2.4749164e-01   7.4821271e-02
   2.5083612e-01   7.4897501e-02
   2.5418060e-01   7.4964813e-02
   2.5752508e-01   7.5023354e-02
   2.6086957e-01   7.5073268e-02
   2.6421405e-01   7.5114696e-02
   2.6755853e-01   7.5147777e-02
   2.7090301e-01   7.5172646e-02
   2.7424749e-01   7.5189436e-02
   2.7759197e-01   7.5198276e-02
   2.8093645e-01   7.5199293e-02
   2.8428094e-01   7.5192613e-02
   2.8762542e-01   7.5178359e-02
   2.9096990e-01   7.5156650e-02
   2.9431438e-01   7.5127604e-02
   2.9765886e-01   7.5091338e-02
   3.0100334e-01   7.5047966e-02
   3.0434783e-01   7.4997599e-02
   3.0769231e-01   7.4940348e-02
   3.1103679e-01   7.4876321e-02
   3.1438127e-01   7.4805625e-02
   3.1772575e-01   7.4728363e-02
   3.2107023e-01   7.4644640e-02
   3.2441472e-01   7.4554556e-02
   3.2775920e-01   7.4458212e-02
   3.3110368e-01   7.4355706e-02
   3.3444816e-01   7.4247134e-02
   3.3779264e-01   7.4132592e-02
   3.4113712e-01   7.4012175e-02
   3.4448161e-01   7.3885974e-02
   3.4782609e-01   7.3754081e-02
   3.5117057e-01   7.3616585e-02
   3.5451505e-01   7.3473576e-02
   3.5785953e-01   7.3325141e-02
   3.6120401e-01   7.3171366e-02
   3.6454849e-01   7.3012336e-02
   3.6789298e-01   7.2848135e-02
   3.7123746e-01   7.2678846e-02
   3.7458194e-01   7.2504550e-02
   3.7792642e-01   7.2325328e-02
   3.8127090e-01   7.2141259e-02
   3.8461538e-01   7.1952421e-02
   3.8795987e-01   7.1758893e-02
   3.9130435e-01   7.1560750e-02
   3.9464883e-01   7.1358067e-02
   3.9799331e-01   7.1150920e-02
   4.0133779e-01   7.0939381e-02
   4.0468227e-01   7.0723522e-02
   4.0802676e-01   7.0503417e-02
   4.1137124e-01   7.0279134e-02
   4.1471572e-01   7.0050744e-02
   4.1806020e-01   6.9818315e-02
   4.2140468e-01   6.9581916e-02
   4.2474916e-01   6.9341613e-02
   4.2809365e-01   6.9097473e-02
   4.3143813e-01   6.8849561e-02
   4.3478261e-01   6.8597942e-02
   4.3812709e-01   6.8342679e-02
   4.4147157e-01   6.8083835e-02
   4.4481605e-01   6.7821472e-02
   4.4816054e-01   6.7555652e-02
   4.5150502e-01   6.7286434e-02
   4.5484950e-01   6.7013879e-02
   4.5819398e-01   6.6738046e-02
   4.6153846e-01   6.6458992e-02
   4.6488294e-01   6.6176774e-02
   4.6822742e-01   6.5891451e-02
   4.7157191e-01   6.5603076e-02
   4.7491639e-01   6.5311707e-02
   4.7826087e-01   6.5017395e-02
   4.8160535e-01   6.4720196e-02
   4.8494983e-01   6.4420163e-02
   4.8829431e-01   6.4117346e-02
   4.9163880e-01   6.3811798e-02
   4.9498328e-01   6.3503570e-02
   4.9832776e-01   6.3192710e-02
   5.0167224e-01   6.2879269e-02
   5.0501672e-01   6.2563296e-02
   5.0836120e-01   6.2244837e-02
   5.1170569e-01   6.1923939e-02
   5.1505017e-01   6.1600651e-02
   5.1839465e-01   6.1275016e-02
   5.2173913e-01   6.0947080e-02
   5.2508361e-01   6.0616887e-02
   5.2842809e-01   6.0284481e-02
   5.3177258e-01   5.9949905e-02
   5.3511706e-01   5.9613201e-02
   5.3846154e-01   5.9274410e-02
   5.4180602e-01   5.8933573e-02
   5.4515050e-01   5.8590731e-02
   5.4849498e-01   5.8245922e-02
   5.5183946e-01   5.7899186e-02
   5.5518395e-01   5.7550560e-02
   5.5852843e-01   5.7200083e-02
   5.6187291e-01   5.6847790e-02
   5.6521739e-01   5.6493717e-02
   5.6856187e-01   5.6137900e-02
   5.7190635e-01   5.5780374e-02
   5.7525084e-01   5.5421173e-02
   5.7859532e-01   5.5060329e-02
   5.8193980e-01   5.4697876e-02
   5.8528428e-01   5.4333845e-02
   5.8862876e-01   5.3968267e-02
   5.9197324e-01   5.3601173e-02
   5.9531773e-01   5.3232593e-02
   5.9866221e-01   5.2862556e-02
   6.0200669e-01   5.2491090e-02
   6.0535117e-01   5.2118224e-02
   6.0869565e-01   5.1743984e-02
   6.1204013e-01   5.1368396e-02
   6.1538462e-01   5.0991487e-02
   6.1872910e-01   5.0613282e-02
   6.2207358e-01   5.0233805e-02
   6.2541806e-01   4.9853078e-02
   6.2876254e-01   4.9471127e-02
   6.3210702e-01   4.9087972e-02
   6.3545151e-01   4.8703636e-02
   6.3879599e-01   4.8318138e-02
   6.4214047e-01   4.7931501e-02
   6.4548495e-01   4.7543742e-02
   6.4882943e-01   4.7154881e-02
   6.5217391e-01   4.6764935e-02
   6.5551839e-01   4.6373924e-02
   6.5886288e-01   4.5981862e-02
   6.6220736e-01   4.5588766e-02
   6.6555184e-01   4.5194651e-02
   6.6889632e-01   4.4799532e-02
   6.7224080e-01   4.4403423e-02
   6.7558528e-01   4.4006337e-02
   6.7892977e-01   4.3608286e-02
   6.8227425e-01   4.3209283e-02
   6.8561873e-01   4.2809338e-02
   6.8896321e-01   4.2408462e-02
   6.9230769e-01   4.2006664e-02
   6.9565217e-01   4.1603953e-02
   6.9899666e-01   4.1200337e-02
   7.0234114e-01   4.0795825e-02
   7.0568562e-01   4.0390422e-02
   7.0903010e-01   3.9984134e-02
   7.1237458e-01   3.9576968e-02
   7.1571906e-01   3.9168927e-02
   7.1906355e-01   3.8760015e-02
   7.2240803e-01   3.8350237e-02
   7.2575251e-01   3.7939593e-02
   7.2909699e-01   3.7528085e-02
   7.3244147e-01   3.7115715e-02
   7.3578595e-01   3.6702483e-02
   7.3913043e-01   3.6288388e-02
   7.4247492e-01   3.5873429e-02
   7.4581940e-01   3.5457603e-02
   7.4916388e-01   3.5040909e-02
   7.5250836e-01   3.4623342e-02
   7.5585284e-01   3.4204898e-02
   7.5919732e-01   3.3785573e-02
   7.6254181e-01   3.3365360e-02
   7.6588629e-01   3.2944253e-02
   7.6923077e-01   3.2522244e-02
   7.7257525e-01   3.2099326e-02
   7.7591973e-01   3.1675490e-02
   7.7926421e-01   3.1250726e-02
   7.8260870e-01   3.0825024e-02
   7.8595318e-01   3.0398372e-02
   7.8929766e-01   2.9970760e-02
   7.9264214e-01   2.9542173e-02
   7.9598662e-01   2.9112600e-02
   7.9933110e-01   2.8682024e-02
   8.0267559e-01   2.8250433e-02
   8.0602007e-01   2.7817809e-02
   8.0936455e-01   2.7384137e-02
   8.1270903e-01   2.6949399e-02
   8.1605351e-01   2.6513577e-02
   8.1939799e-01   2.6076651e-02
   8.2274247e-01   2.5638603e-02
   8.2608696e-01   2.5199412e-02
   8.2943144e-01   2.4759057e-02
   8.3277592e-01   2.4317515e-02
   8.3612040e-01   2.3874764e-02
   8.3946488e-01   2.3430780e-02
   8.4280936e-01   2.2985538e-02
   8.4615385e-01   2.2539014e-02
   8.4949833e-01   2.2091181e-02
   8.5284281e-01   2.1642012e-02
   8.5618729e-01   2.1191480e-02
   8.5953177e-01   2.0739557e-02
   8.6287625e-01   2.0286212e-02
   8.6622074e-01   1.9831415e-02
   8.6956522e-01   1.9375136e-02
   8.7290970e-01   1.8917344e-02
   8.7625418e-01   1.8458004e-02
   8.7959866e-01   1.7997085e-02
   8.8294314e-01   1.7534551e-02
   8.8628763e-01   1.7070367e-02
   8.8963211e-01   1.6604498e-02
   8.9297659e-01   1.6136907e-02
   8.9632107e-01   1.5667556e-02
   8.9966555e-01   1.5196406e-02
   9.0301003e-01   1.4723420e-02
   9.0635452e-01   1.4248555e-02
   9.0969900e-01   1.3771772e-02
   9.1304348e-01   1.3293028e-02
   9.1638796e-01   1.2812281e-02
   9.1973244e-01   1.2329487e-02
   9.2307692e-01   1.1844602e-02
   9.2642140e-01   1.1357580e-02
   9.2976589e-01   1.0868377e-02
   9.3311037e-01   1.0376943e-02
   9.3645485e-01   9.8832324e-03
   9.3979933e-01   9.3871956e-03
   9.4314381e-01   8.8887831e-03
   9.4648829e-01   8.3879446e-03
   9.4983278e-01   7.8846287e-03
   9.5317726e-01   7.3787832e-03
   9.5652174e-01   6.8703549e-03
   9.5986622e-01   6.3592901e-03
   9.6321070e-01   5.8455337e-03
   9.6655518e-01   5.3290302e-03
   9.6989967e-01   4.8097227e-03
   9.7324415e-01   4.2875540e-03
   9.7658863e-01   3.7624655e-03
   9.7993311e-01   3.2343980e-03
   9.8327759e-01   2.7032913e-03
   9.8662207e-01   2.1690843e-03
   9.8996656e-01   1.6317150e-03
   9.9331104e-01   1.0911206e-03
   9.9665552e-01   5.4723711e-04
   1.0000000e+00   0.0000000e+00
   1.0000000e+00   0.0000000e+00
   9.9665552e-01  -5.4716740e-04
   9.9331104e-01  -1.0909832e-03
   9.8996656e-01  -1.6315120e-03
   9.8662207e-01  -2.1688176e-03
   9.8327759e-01  -2.7029629e-03
   9.7993311e-01  -3.2340099e-03
   9.7658863e-01  -3.7620195e-03
   9.7324415e-01  -4.2870519e-03
   9.6989967e-01  -4.8091664e-03
   9.6655518e-01  -5.3284215e-03
   9.6321070e-01  -5.8448744e-03
   9.5986622e-01  -6.3585819e-03
   9.5652174e-01  -6.8695996e-03
   9.5317726e-01  -7.3779823e-03
   9.4983278e-01  -7.8837840e-03
   9.4648829e-01  -8.3870578e-03
   9.4314381e-01  -8.8878557e-03
   9.3979933e-01  -9.3862292e-03
   9.3645485e-01  -9.8822285e-03
   9.3311037e-01  -1.0375903e-02
   9.2976589e-01  -1.0867302e-02
   9.2642140e-01  -1.1356473e-02
   9.2307692e-01  -1.1843463e-02
   9.1973244e-01  -1.2328318e-02
   9.1638796e-01  -1.2811083e-02
   9.1304348e-01  -1.3291803e-02
   9.0969900e-01  -1.3770521e-02
   9.0635452e-01  -1.4247279e-02
   9.0301003e-01  -1.4722120e-02
   8.9966555e-01  -1.5195085e-02
   8.9632107e-01  -1.5666213e-02
   8.9297659e-01  -1.6135545e-02
   8.8963211e-01  -1.6603118e-02
   8.8628763e-01  -1.7068969e-02
   8.8294314e-01  -1.7533136e-02
   8.7959866e-01  -1.7995655e-02
   8.7625418e-01  -1.8456561e-02
   8.7290970e-01  -1.8915887e-02
   8.6956522e-01  -1.9373668e-02
   8.6622074e-01  -1.9829936e-02
   8.6287625e-01  -2.0284723e-02
   8.5953177e-01  -2.0738059e-02
   8.5618729e-01  -2.1189975e-02
   8.5284281e-01  -2.1640500e-02
   8.4949833e-01  -2.2089662e-02
   8.4615385e-01  -2.2537490e-02
   8.4280936e-01  -2.2984010e-02
   8.3946488e-01  -2.3429248e-02
   8.3612040e-01  -2.3873230e-02
   8.3277592e-01  -2.4315979e-02
   8.2943144e-01  -2.4757520e-02
   8.2608696e-01  -2.5197875e-02
   8.2274247e-01  -2.5637067e-02
   8.1939799e-01  -2.6075116e-02
   8.1605351e-01  -2.6512043e-02
   8.1270903e-01  -2.6947868e-02
   8.0936455e-01  -2.7382610e-02
   8.0602007e-01  -2.7816286e-02
   8.0267559e-01  -2.8248914e-02
   7.9933110e-01  -2.8680511e-02
   7.9598662e-01  -2.9111092e-02
   7.9264214e-01  -2.9540672e-02
   7.8929766e-01  -2.9969265e-02
   7.8595318e-01  -3.0396886e-02
   7.8260870e-01  -3.0823545e-02
   7.7926421e-01  -3.1249256e-02
   7.7591973e-01  -3.1674029e-02
   7.7257525e-01  -3.2097875e-02
   7.6923077e-01  -3.2520803e-02
   7.6588629e-01  -3.2942822e-02
   7.6254181e-01  -3.3363940e-02
   7.5919732e-01  -3.3784165e-02
   7.5585284e-01  -3.4203502e-02
   7.5250836e-01  -3.4621958e-02
   7.4916388e-01  -3.5039537e-02
   7.4581940e-01  -3.5456245e-02
   7.4247492e-01  -3.5872083e-02
   7.3913043e-01  -3.6287056e-02
   7.3578595e-01  -3.6701165e-02
   7.3244147e-01  -3.7114412e-02
   7.2909699e-01  -3.7526796e-02
   7.2575251e-01  -3.7938318e-02
   7.2240803e-01  -3.8348977e-02
   7.1906355e-01  -3.8758772e-02
   7.1571906e-01  -3.9167699e-02
   7.1237458e-01  -3.9575755e-02
   7.0903010e-01  -3.9982938e-02
   7.0568562e-01  -4.0389241e-02
   7.0234114e-01  -4.0794661e-02
   6.9899666e-01  -4.1199190e-02
   6.9565217e-01  -4.1602822e-02
   6.9230769e-01  -4.2005550e-02
   6.8896321e-01  -4.2407365e-02
   6.8561873e-01  -4.2808259e-02
   6.8227425e-01  -4.3208221e-02
   6.7892977e-01  -4.3607242e-02
   6.7558528e-01  -4.4005310e-02
   6.7224080e-01  -4.4402414e-02
   6.6889632e-01  -4.4798540e-02
   6.6555184e-01  -4.5193677e-02
   6.6220736e-01  -4.5587809e-02
   6.5886288e-01  -4.5980923e-02
   6.5551839e-01  -4.6373003e-02
   6.5217391e-01  -4.6764033e-02
   6.4882943e-01  -4.7153996e-02
   6.4548495e-01  -4.7542875e-02
   6.4214047e-01  -4.7930652e-02
   6.3879599e-01  -4.8317307e-02
   6.3545151e-01  -4.8702823e-02
   6.3210702e-01  -4.9087177e-02
   6.2876254e-01  -4.9470350e-02
   6.2541806e-01  -4.9852319e-02
   6.2207358e-01  -5.0233063e-02
   6.1872910e-01  -5.0612558e-02
   6.1538462e-01  -5.0990781e-02
   6.1204013e-01  -5.1367707e-02
   6.0869565e-01  -5.1743312e-02
   6.0535117e-01  -5.2117570e-02
   6.0200669e-01  -5.2490454e-02
   5.9866221e-01  -5.2861936e-02
   5.9531773e-01  -5.3231991e-02
   5.9197324e-01  -5.3600588e-02
   5.8862876e-01  -5.3967698e-02
   5.8528428e-01  -5.4333293e-02
   5.8193980e-01  -5.4697341e-02
   5.7859532e-01  -5.5059811e-02
   5.7525084e-01  -5.5420671e-02
   5.7190635e-01  -5.5779888e-02
   5.6856187e-01  -5.6137431e-02
   5.6521739e-01  -5.6493263e-02
   5.6187291e-01  -5.6847351e-02
   5.5852843e-01  -5.7199660e-02
   5.5518395e-01  -5.7550153e-02
   5.5183946e-01  -5.7898794e-02
   5.4849498e-01  -5.8245545e-02
   5.4515050e-01  -5.8590369e-02
   5.4180602e-01  -5.8933226e-02
   5.3846154e-01  -5.9274077e-02
   5.3511706e-01  -5.9612882e-02
   5.3177258e-01  -5.9949601e-02
   5.2842809e-01  -6.0284191e-02
   5.2508361e-01  -6.0616610e-02
   5.2173913e-01  -6.0946816e-02
   5.1839465e-01  -6.1274766e-02
   5.1505017e-01  -6.1600414e-02
   5.1170569e-01  -6.1923715e-02
   5.0836120e-01  -6.2244625e-02
   5.0501672e-01  -6.2563097e-02
   5.0167224e-01  -6.2879083e-02
   4.9832776e-01  -6.3192535e-02
   4.9498328e-01  -6.3503406e-02
   4.9163880e-01  -6.3811646e-02
   4.8829431e-01  -6.4117206e-02
   4.8494983e-01  -6.4420033e-02
   4.8160535e-01  -6.4720078e-02
   4.7826087e-01  -6.5017287e-02
   4.7491639e-01  -6.5311609e-02
   4.7157191e-01  -6.5602989e-02
   4.6822742e-01  -6.5891373e-02
   4.6488294e-01  -6.6176707e-02
   4.6153846e-01  -6.6458933e-02
   4.5819398e-01  -6.6737996e-02
   4.5484950e-01  -6.7013839e-02
   4.5150502e-01  -6.7286402e-02
   4.4816054e-01  -6.7555628e-02
   4.4481605e-01  -6.7821457e-02
   4.4147157e-01  -6.8083828e-02
   4.3812709e-01  -6.8342680e-02
   4.3478261e-01  -6.8597950e-02
   4.3143813e-01  -6.8849577e-02
   4.2809365e-01  -6.9097496e-02
   4.2474916e-01  -6.9341643e-02
   4.2140468e-01  -6.9581952e-02
   4.1806020e-01  -6.9818357e-02
   4.1471572e-01  -7.0050792e-02
   4.1137124e-01  -7.0279188e-02
   4.0802676e-01  -7.0503476e-02
   4.0468227e-01  -7.0723588e-02
   4.0133779e-01  -7.0939451e-02
   3.9799331e-01  -7.1150995e-02
   3.9464883e-01  -7.1358147e-02
   3.9130435e-01  -7.1560834e-02
   3.8795987e-01  -7.1758982e-02
   3.8461538e-01  -7.1952514e-02
   3.8127090e-01  -7.2141355e-02
   3.7792642e-01  -7.2325428e-02
   3.7458194e-01  -7.2504653e-02
   3.7123746e-01  -7.2678953e-02
   3.6789298e-01  -7.2848245e-02
   3.6454849e-01  -7.3012448e-02
   3.6120401e-01  -7.3171481e-02
   3.5785953e-01  -7.3325258e-02
   3.5451505e-01  -7.3473695e-02
   3.5117057e-01  -7.3616706e-02
   3.4782609e-01  -7.3754203e-02
   3.4448161e-01  -7.3886098e-02
   3.4113712e-01  -7.4012301e-02
   3.3779264e-01  -7.4132719e-02
   3.3444816e-01  -7.4247262e-02
   3.3110368e-01  -7.4355835e-02
   3.2775920e-01  -7.4458342e-02
   3.2441472e-01  -7.4554686e-02
   3.2107023e-01  -7.4644770e-02
   3.1772575e-01  -7.4728493e-02
   3.1438127e-01  -7.4805755e-02
   3.1103679e-01  -7.4876451e-02
   3.0769231e-01  -7.4940478e-02
   3.0434783e-01  -7.4997729e-02
   3.0100334e-01  -7.5048095e-02
   2.9765886e-01  -7.5091466e-02
   2.9431438e-01  -7.5127731e-02
   2.9096990e-01  -7.5156775e-02
   2.8762542e-01  -7.5178483e-02
   2.8428094e-01  -7.5192737e-02
   2.8093645e-01  -7.5199415e-02
   2.7759197e-01  -7.5198396e-02
   2.7424749e-01  -7.5189555e-02
   2.7090301e-01  -7.5172763e-02
   2.6755853e-01  -7.5147892e-02
   2.6421405e-01  -7.5114809e-02
   2.6086957e-01  -7.5073379e-02
   2.5752508e-01  -7.5023462e-02
   2.5418060e-01  -7.4964919e-02
   2.5083612e-01  -7.4897605e-02
   2.4749164e-01  -7.4821373e-02
   2.4414716e-01  -7.4736071e-02
   2.4080268e-01  -7.4641545e-02
   2.3745819e-01  -7.4537637e-02
   2.3411371e-01  -7.4424185e-02
   2.3076923e-01  -7.4301024e-02
   2.2742475e-01  -7.4167981e-02
   2.2408027e-01  -7.4024883e-02
   2.2073579e-01  -7.3871551e-02
   2.1739130e-01  -7.3707799e-02
   2.1404682e-01  -7.3533437e-02
   2.1070234e-01  -7.3348272e-02
   2.0735786e-01  -7.3152101e-02
   2.0401338e-01  -7.2944717e-02
   2.0066890e-01  -7.2725907e-02
   1.9732441e-01  -7.2495451e-02
   1.9397993e-01  -7.2253120e-02
   1.9063545e-01  -7.1998680e-02
   1.8729097e-01  -7.1731886e-02
   1.8394649e-01  -7.1452488e-02
   1.8060201e-01  -7.1160224e-02
   1.7725753e-01  -7.0854822e-02
   1.7391304e-01  -7.0536001e-02
   1.7056856e-01  -7.0203469e-02
   1.6722408e-01  -6.9856922e-02
   1.6387960e-01  -6.9496042e-02
   1.6053512e-01  -6.9120498e-02
   1.5719064e-01  -6.8729946e-02
   1.5384615e-01  -6.8324023e-02
   1.5050167e-01  -6.7902354e-02
   1.4715719e-01  -6.7464541e-02
   1.4381271e-01  -6.7010168e-02
   1.4046823e-01  -6.6538800e-02
   1.3712375e-01  -6.6049976e-02
   1.3377926e-01  -6.5543211e-02
   1.3043478e-01  -6.5017993e-02
   1.2709030e-01  -6.4473781e-02
   1.2374582e-01  -6.3910001e-02
   1.2040134e-01  -6.3326043e-02
   1.1705686e-01  -6.2721260e-02
   1.1371237e-01  -6.2094961e-02
   1.1036789e-01  -6.1446407e-02
   1.0702341e-01  -6.0774809e-02
   1.0367893e-01  -6.0079319e-02
   1.0033445e-01  -5.9359024e-02
   9.6989967e-02  -5.8612940e-02
   9.3645485e-02  -5.7840002e-02
   9.0301003e-02  -5.7039056e-02
   8.6956522e-02  -5.6208842e-02
   8.3612040e-02  -5.5347985e-02
   8.0267559e-02  -5.4454980e-02
   7.6923077e-02  -5.3528166e-02
   7.3578595e-02  -5.2565708e-02
   7.0234114e-02  -5.1565568e-02
   6.6889632e-02  -5.0525470e-02
   6.3545151e-02  -4.9442858e-02
   6.0200669e-02  -4.8314846e-02
   5.6856187e-02  -4.7138149e-02
   5.3511706e-02  -4.5909007e-02
   5.0167224e-02  -4.4623072e-02
   4.6822742e-02  -4.3275277e-02
   4.3478261e-02  -4.1859645e-02
   4.0133779e-02  -4.0369048e-02
   3.6789298e-02  -3.8794863e-02
   3.3444816e-02  -3.7126484e-02
   3.0100334e-02  -3.5350610e-02
   2.6755853e-02  -3.3450173e-02
   2.3411371e-02  -3.1402624e-02
   2.0066890e-02  -2.9177084e-02
   1.6722408e-02  -2.6729226e-02
   1.3377926e-02  -2.3991213e-02
   1.0033445e-02  -2.0849198e-02
   6.6889632e-03  -1.7081889e-02
   3.3444816e-03  -1.2119890e-02
   0.0000000e+00  -0.0000000e+00
