   0.0000000e+00   0.0000000e+00
   3.3444816e-03   8.4993741e-03
   6.6889632e-03   1.1997361e-02
   1.0033445e-02   1.4665648e-02
   1.3377926e-02   1.6901554e-02
   1.6722408e-02   1.8859224e-02
   2.0066890e-02   2.0617822e-02
   2.3411371e-02   2.2224433e-02
   2.6755853e-02   2.3709773e-02
   3.0100334e-02   2.5095196e-02
   3.3444816e-02   2.6396267e-02
   3.6789298e-02   2.7624745e-02
   4.0133779e-02   2.8789772e-02
   4.3478261e-02   2.9898625e-02
   4.6822742e-02   3.0957208e-02
   5.0167224e-02   3.1970387e-02
   5.3511706e-02   3.2942234e-02
   5.6856187e-02   3.3876195e-02
   6.0200669e-02   3.4775214e-02
   6.3545151e-02   3.5641837e-02
   6.6889632e-02   3.6478276e-02
   7.0234114e-02   3.7286473e-02
   7.3578595e-02   3.8068141e-02
   7.6923077e-02   3.8824801e-02
   8.0267559e-02   3.9557811e-02
   8.3612040e-02   4.0268390e-02
   8.6956522e-02   4.0957637e-02
   9.0301003e-02   4.1626545e-02
   9.3645485e-02   4.2276017e-02
   9.6989967e-02   4.2906879e-02
   1.0033445e-01   4.3519885e-02
   1.0367893e-01   4.4115725e-02
   1.0702341e-01   4.4695039e-02
   1.1036789e-01   4.5258413e-02
   1.1371237e-01   4.5806394e-02
   1.1705686e-01   4.6339485e-02
   1.2040134e-01   4.6858158e-02
   1.2374582e-01   4.7362851e-02
   1.2709030e-01   4.7853972e-02
   1.3043478e-01   4.8331905e-02
   1.3377926e-01   4.8797009e-02
   1.3712375e-01   4.9249622e-02
   1.4046823e-01   4.9690060e-02
   1.4381271e-01   5.0118624e-02
   1.4715719e-01   5.0535595e-02
   1.5050167e-01   5.0941242e-02
   1.5384615e-01   5.1335816e-02
   1.5719064e-01   5.1719558e-02
   1.6053512e-01   5.2092695e-02
   1.6387960e-01   5.2455444e-02
   1.6722408e-01   5.2808011e-02
   1.7056856e-01   5.3150593e-02
   1.7391304e-01   5.3483376e-02
   1.7725753e-01   5.3806541e-02
   1.8060201e-01   5.4120257e-02
   1.8394649e-01   5.4424690e-02
   1.8729097e-01   5.4719996e-02
   1.9063545e-01   5.5006326e-02
   1.9397993e-01   5.5283824e-02
   1.9732441e-01   5.5552631e-02
   2.0066890e-01   5.5812880e-02
   2.0401338e-01   5.6064699e-02
   2.0735786e-01   5.6308214e-02
   2.1070234e-01   5.6543544e-02
   2.1404682e-01   5.6770804e-02
   2.1739130e-01   5.6990107e-02
   2.2073579e-01   5.7201562e-02
   2.2408027e-01   5.7405272e-02
   2.2742475e-01   5.7601339e-02
   2.3076923e-01   5.7789862e-02
   2.3411371e-01   5.7970936e-02
   2.3745819e-01   5.8144654e-02
   2.4080268e-01   5.8311105e-02
   2.4414716e-01   5.8470377e-02
   2.4749164e-01   5.8622556e-02
   2.5083612e-01   5.8767724e-02
   2.5418060e-01   5.8905961e-02
   2.5752508e-01   5.9037348e-02
   2.6086957e-01   5.9161959e-02
   2.6421405e-01   5.9279871e-02
   2.6755853e-01   5.9391156e-02
   2.7090301e-01   5.9495886e-02
   2.7424749e-01   5.9594131e-02
   2.7759197e-01   5.9685958e-02
   2.8093645e-01   5.9771436e-02
   2.8428094e-01   5.9850628e-02
   2.8762542e-01   5.9923601e-02
   2.9096990e-01   5.9990416e-02
   2.9431438e-01   6.0051135e-02
   2.9765886e-01   6.0105819e-02
   3.0100334e-01   6.0154527e-02
   3.0434783e-01   6.0197317e-02
   3.0769231e-01   6.0234248e-02
   3.1103679e-01   6.0265374e-02
   3.1438127e-01   6.0290753e-02
   3.1772575e-01   6.0310438e-02
   3.2107023e-01   6.0324483e-02
   3.2441472e-01   6.0332941e-02
   3.2775920e-01   6.0335864e-02
   3.3110368e-01   6.0333304e-02
   3.3444816e-01   6.0325310e-02
   3.3779264e-01   6.0311934e-02
   3.4113712e-01   6.0293224e-02
   3.4448161e-01   6.0269229e-02
   3.4782609e-01   6.0239997e-02
   3.5117057e-01   6.0205575e-02
   3.5451505e-01   6.0166011e-02
   3.5785953e-01   6.0121350e-02
   3.6120401e-01   6.0071638e-02
   3.6454849e-01   6.0016921e-02
   3.6789298e-01   5.9957244e-02
   3.7123746e-01   5.9892650e-02
   3.7458194e-01   5.9823184e-02
   3.7792642e-01   5.9748889e-02
   3.8127090e-01   5.9669808e-02
   3.8461538e-01   5.9585983e-02
   3.8795987e-01   5.9497458e-02
   3.9130435e-01   5.9404273e-02
   3.9464883e-01   5.9306470e-02
   3.9799331e-01   5.9204091e-02
   4.0133779e-01   5.9097176e-02
   4.0468227e-01   5.8985765e-02
   4.0802676e-01   5.8869899e-02
   4.1137124e-01   5.8749617e-02
   4.1471572e-01   5.8624960e-02
   4.1806020e-01   5.8495966e-02
   4.2140468e-01   5.8362675e-02
   4.2474916e-01   5.8225125e-02
   4.2809365e-01   5.8083354e-02
   4.3143813e-01   5.7937401e-02
   4.3478261e-01   5.7787304e-02
   4.3812709e-01   5.7633101e-02
   4.4147157e-01   5.7474828e-02
   4.4481605e-01   5.7312525e-02
   4.4816054e-01   5.7146227e-02
   4.5150502e-01   5.6975971e-02
   4.5484950e-01   5.6801795e-02
   4.5819398e-01   5.6623734e-02
   4.6153846e-01   5.6441826e-02
   4.6488294e-01   5.6256106e-02
   4.6822742e-01   5.6066610e-02
   4.7157191e-01   5.5873374e-02
   4.7491639e-01   5.5676434e-02
   4.7826087e-01   5.5475826e-02
   4.8160535e-01   5.5271584e-02
   4.8494983e-01   5.5063744e-02
   4.8829431e-01   5.4852341e-02
   4.9163880e-01   5.4637410e-02
   4.9498328e-01   5.4418986e-02
   4.9832776e-01   5.4197103e-02
   5.0167224e-01   5.3971796e-02
   5.0501672e-01   5.3743099e-02
   5.0836120e-01   5.3511047e-02
   5.1170569e-01   5.3275673e-02
   5.1505017e-01   5.3037013e-02
   5.1839465e-01   5.2795099e-02
   5.2173913e-01   5.2549966e-02
   5.2508361e-01   5.2301647e-02
   5.2842809e-01   5.2050177e-02
   5.3177258e-01   5.1795588e-02
   5.3511706e-01   5.1537914e-02
   5.3846154e-01   5.1277188e-02
   5.4180602e-01   5.1013444e-02
   5.4515050e-01   5.0746715e-02
   5.4849498e-01   5.0477034e-02
   5.5183946e-01   5.0204434e-02
   5.5518395e-01   4.9928947e-02
   5.5852843e-01   4.9650608e-02
   5.6187291e-01   4.9369447e-02
   5.6521739e-01   4.9085499e-02
   5.6856187e-01   4.8798795e-02
   5.7190635e-01   4.8509369e-02
   5.7525084e-01   4.8217252e-02
   5.7859532e-01   4.7922478e-02
   5.8193980e-01   4.7625078e-02
   5.8528428e-01   4.7325084e-02
   5.8862876e-01   4.7022529e-02
   5.9197324e-01   4.6717445e-02
   5.9531773e-01   4.6409865e-02
   5.9866221e-01   4.6099819e-02
   6.0200669e-01   4.5787340e-02
   6.0535117e-01   4.5472460e-02
   6.0869565e-01   4.5155210e-02
   6.1204013e-01   4.4835623e-02
   6.1538462e-01   4.4513730e-02
   6.1872910e-01   4.4189562e-02
   6.2207358e-01   4.3863152e-02
   6.2541806e-01   4.3534531e-02
   6.2876254e-01   4.3203729e-02
   6.3210702e-01   4.2870780e-02
   6.3545151e-01   4.2535713e-02
   6.3879599e-01   4.2198561e-02
   6.4214047e-01   4.1859355e-02
   6.4548495e-01   4.1518125e-02
   6.4882943e-01   4.1174904e-02
   6.5217391e-01   4.0829722e-02
   6.5551839e-01   4.0482609e-02
   6.5886288e-01   4.0133598e-02
   6.6220736e-01   3.9782720e-02
   6.6555184e-01   3.9430004e-02
   6.6889632e-01   3.9075483e-02
   6.7224080e-01   3.8719186e-02
   6.7558528e-01   3.8361145e-02
   6.7892977e-01   3.8001390e-02
   6.8227425e-01   3.7639953e-02
   6.8561873e-01   3.7276863e-02
   6.8896321e-01   3.6912152e-02
   6.9230769e-01   3.6545849e-02
   6.9565217e-01   3.6177986e-02
   6.9899666e-01   3.5808593e-02
   7.0234114e-01   3.5437700e-02
   7.0568562e-01   3.5065338e-02
   7.0903010e-01   3.4691537e-02
   7.1237458e-01   3.4316328e-02
   7.1571906e-01   3.3939740e-02
   7.1906355e-01   3.3561804e-02
   7.2240803e-01   3.3182550e-02
   7.2575251e-01   3.2802009e-02
   7.2909699e-01   3.2420210e-02
   7.3244147e-01   3.2037183e-02
   7.3578595e-01   3.1652958e-02
   7.3913043e-01   3.1267566e-02
   7.4247492e-01   3.0881037e-02
   7.4581940e-01   3.0493399e-02
   7.4916388e-01   3.0104683e-02
   7.5250836e-01   2.9714920e-02
   7.5585284e-01   2.9324138e-02
   7.5919732e-01   2.8932367e-02
   7.6254181e-01   2.8539637e-02
   7.6588629e-01   2.8145978e-02
   7.6923077e-01   2.7751419e-02
   7.7257525e-01   2.7355990e-02
   7.7591973e-01   2.6959720e-02
   7.7926421e-01   2.6562639e-02
   7.8260870e-01   2.6164776e-02
   7.8595318e-01   2.5766161e-02
   7.8929766e-01   2.5366822e-02
   7.9264214e-01   2.4966790e-02
   7.9598662e-01   2.4566094e-02
   7.9933110e-01   2.4164761e-02
   8.0267559e-01   2.3762823e-02
   8.0602007e-01   2.3360308e-02
   8.0936455e-01   2.2957245e-02
   8.1270903e-01   2.2553663e-02
   8.1605351e-01   2.2149591e-02
   8.1939799e-01   2.1745058e-02
   8.2274247e-01   2.1340094e-02
   8.2608696e-01   2.0934726e-02
   8.2943144e-01   2.0528983e-02
   8.3277592e-01   2.0122895e-02
   8.3612040e-01   1.9716491e-02
   8.3946488e-01   1.9309798e-02
   8.4280936e-01   1.8902845e-02
   8.4615385e-01   1.8495662e-02
   8.4949833e-01   1.8088276e-02
   8.5284281e-01   1.7680717e-02
   8.5618729e-01   1.7273012e-02
   8.5953177e-01   1.6865190e-02
   8.6287625e-01   1.6457279e-02
   8.6622074e-01   1.6049309e-02
   8.6956522e-01   1.5641306e-02
   8.7290970e-01   1.5233299e-02
   8.7625418e-01   1.4825317e-02
   8.7959866e-01   1.4417387e-02
   8.8294314e-01   1.4009538e-02
   8.8628763e-01   1.3601797e-02
   8.8963211e-01   1.3194193e-02
   8.9297659e-01   1.2786753e-02
   8.9632107e-01   1.2379506e-02
   8.9966555e-01   1.1972479e-02
   9.0301003e-01   1.1565700e-02
   9.0635452e-01   1.1159197e-02
   9.0969900e-01   1.0752997e-02
   9.1304348e-01   1.0347128e-02
   9.1638796e-01   9.9416183e-03
   9.1973244e-01   9.5364944e-03
   9.2307692e-01   9.1317841e-03
   9.2642140e-01   8.7275148e-03
   9.2976589e-01   8.3237140e-03
   9.3311037e-01   7.9204089e-03
   9.3645485e-01   7.5176269e-03
   9.3979933e-01   7.1153950e-03
   9.4314381e-01   6.7137405e-03
   9.4648829e-01   6.3126905e-03
   9.4983278e-01   5.9122721e-03
   9.5317726e-01   5.5125121e-03
   9.5652174e-01   5.1134376e-03
   9.5986622e-01   4.7150755e-03
   9.6321070e-01   4.3174525e-03
   9.6655518e-01   3.9205955e-03
   9.6989967e-01   3.5245311e-03
   9.7324415e-01   3.1292860e-03
   9.7658863e-01   2.7348868e-03
   9.7993311e-01   2.3413601e-03
   9.8327759e-01   1.9487323e-03
   9.8662207e-01   1.5570298e-03
   9.8996656e-01   1.1662791e-03
   9.9331104e-01   7.7650640e-04
   9.9665552e-01   3.8773797e-04
   1.0000000e+00   0.0000000e+00
   1.0000000e+00   0.0000000e+00
   9.9665552e-01  -1.8955373e-04
   9.9331104e-01  -3.8080155e-04
   9.8996656e-01  -5.7371934e-04
   9.8662207e-01  -7.6828301e-04
   9.8327759e-01  -9.6446855e-04
   9.7993311e-01  -1.1622520e-03
   9.7658863e-01  -1.3616093e-03
   9.7324415e-01  -1.5625167e-03
   9.6989967e-01  -1.7649503e-03
   9.6655518e-01  -1.9688863e-03
   9.6321070e-01  -2.1743009e-03
   9.5986622e-01  -2.3811705e-03
   9.5652174e-01  -2.5894713e-03
   9.5317726e-01  -2.7991798e-03
   9.4983278e-01  -3.0102723e-03
   9.4648829e-01  -3.2227254e-03
   9.4314381e-01  -3.4365155e-03
   9.3979933e-01  -3.6516191e-03
   9.3645485e-01  -3.8680130e-03
   9.3311037e-01  -4.0856736e-03
   9.2976589e-01  -4.3045777e-03
   9.2642140e-01  -4.5247020e-03
   9.2307692e-01  -4.7460232e-03
   9.1973244e-01  -4.9685181e-03
   9.1638796e-01  -5.1921635e-03
   9.1304348e-01  -5.4169364e-03
   9.0969900e-01  -5.6428136e-03
   9.0635452e-01  -5.8697720e-03
   9.0301003e-01  -6.0977887e-03
   8.9966555e-01  -6.3268406e-03
   8.9632107e-01  -6.5569049e-03
   8.9297659e-01  -6.7879585e-03
   8.8963211e-01  -7.0199786e-03
   8.8628763e-01  -7.2529425e-03
   8.8294314e-01  -7.4868271e-03
   8.7959866e-01  -7.7216099e-03
   8.7625418e-01  -7.9572680e-03
   8.7290970e-01  -8.1937788e-03
   8.6956522e-01  -8.4311195e-03
   8.6622074e-01  -8.6692676e-03
   8.6287625e-01  -8.9082003e-03
   8.5953177e-01  -9.1478952e-03
   8.5618729e-01  -9.3883296e-03
   8.5284281e-01  -9.6294810e-03
   8.4949833e-01  -9.8713270e-03
   8.4615385e-01  -1.0113845e-02
   8.4280936e-01  -1.0357013e-02
   8.3946488e-01  -1.0600808e-02
   8.3612040e-01  -1.0845207e-02
   8.3277592e-01  -1.1090189e-02
   8.2943144e-01  -1.1335732e-02
   8.2608696e-01  -1.1581812e-02
   8.2274247e-01  -1.1828407e-02
   8.1939799e-01  -1.2075496e-02
   8.1605351e-01  -1.2323056e-02
   8.1270903e-01  -1.2571064e-02
   8.0936455e-01  -1.2819499e-02
   8.0602007e-01  -1.3068338e-02
   8.0267559e-01  -1.3317560e-02
   7.9933110e-01  -1.3567142e-02
   7.9598662e-01  -1.3817061e-02
   7.9264214e-01  -1.4067296e-02
   7.8929766e-01  -1.4317825e-02
   7.8595318e-01  -1.4568626e-02
   7.8260870e-01  -1.4819676e-02
   7.7926421e-01  -1.5070954e-02
   7.7591973e-01  -1.5322437e-02
   7.7257525e-01  -1.5574104e-02
   7.6923077e-01  -1.5825932e-02
   7.6588629e-01  -1.6077899e-02
   7.6254181e-01  -1.6329984e-02
   7.5919732e-01  -1.6582164e-02
   7.5585284e-01  -1.6834418e-02
   7.5250836e-01  -1.7086723e-02
   7.4916388e-01  -1.7339058e-02
   7.4581940e-01  -1.7591400e-02
   7.4247492e-01  -1.7843728e-02
   7.3913043e-01  -1.8096019e-02
   7.3578595e-01  -1.8348252e-02
   7.3244147e-01  -1.8600405e-02
   7.2909699e-01  -1.8852456e-02
   7.2575251e-01  -1.9104382e-02
   7.2240803e-01  -1.9356163e-02
   7.1906355e-01  -1.9607775e-02
   7.1571906e-01  -1.9859197e-02
   7.1237458e-01  -2.0110407e-02
   7.0903010e-01  -2.0361383e-02
   7.0568562e-01  -2.0612104e-02
   7.0234114e-01  -2.0862546e-02
   6.9899666e-01  -2.1112688e-02
   6.9565217e-01  -2.1362508e-02
   6.9230769e-01  -2.1611985e-02
   6.8896321e-01  -2.1861095e-02
   6.8561873e-01  -2.2109817e-02
   6.8227425e-01  -2.2358129e-02
   6.7892977e-01  -2.2606009e-02
   6.7558528e-01  -2.2853434e-02
   6.7224080e-01  -2.3100383e-02
   6.6889632e-01  -2.3346833e-02
   6.6555184e-01  -2.3592763e-02
   6.6220736e-01  -2.3838149e-02
   6.5886288e-01  -2.4082970e-02
   6.5551839e-01  -2.4327204e-02
   6.5217391e-01  -2.4570828e-02
   6.4882943e-01  -2.4813820e-02
   6.4548495e-01  -2.5056157e-02
   6.4214047e-01  -2.5297818e-02
   6.3879599e-01  -2.5538779e-02
   6.3545151e-01  -2.5779019e-02
   6.3210702e-01  -2.6018514e-02
   6.2876254e-01  -2.6257243e-02
   6.2541806e-01  -2.6495182e-02
   6.2207358e-01  -2.6732310e-02
   6.1872910e-01  -2.6968603e-02
   6.1538462e-01  -2.7204038e-02
   6.1204013e-01  -2.7438593e-02
   6.0869565e-01  -2.7672246e-02
   6.0535117e-01  -2.7904973e-02
   6.0200669e-01  -2.8136750e-02
   5.9866221e-01  -2.8367556e-02
   5.9531773e-01  -2.8597368e-02
   5.9197324e-01  -2.8826161e-02
   5.8862876e-01  -2.9053913e-02
   5.8528428e-01  -2.9280601e-02
   5.8193980e-01  -2.9506200e-02
   5.7859532e-01  -2.9730689e-02
   5.7525084e-01  -2.9954043e-02
   5.7190635e-01  -3.0176239e-02
   5.6856187e-01  -3.0397252e-02
   5.6521739e-01  -3.0617060e-02
   5.6187291e-01  -3.0835639e-02
   5.5852843e-01  -3.1052964e-02
   5.5518395e-01  -3.1269012e-02
   5.5183946e-01  -3.1483758e-02
   5.4849498e-01  -3.1697179e-02
   5.4515050e-01  -3.1909249e-02
   5.4180602e-01  -3.2119945e-02
   5.3846154e-01  -3.2329242e-02
   5.3511706e-01  -3.2537115e-02
   5.3177258e-01  -3.2743540e-02
   5.2842809e-01  -3.2948491e-02
   5.2508361e-01  -3.3151944e-02
   5.2173913e-01  -3.3353874e-02
   5.1839465e-01  -3.3554255e-02
   5.1505017e-01  -3.3753061e-02
   5.1170569e-01  -3.3950268e-02
   5.0836120e-01  -3.4145850e-02
   5.0501672e-01  -3.4339780e-02
   5.0167224e-01  -3.4532033e-02
   4.9832776e-01  -3.4722582e-02
   4.9498328e-01  -3.4911402e-02
   4.9163880e-01  -3.5098466e-02
   4.8829431e-01  -3.5283746e-02
   4.8494983e-01  -3.5467217e-02
   4.8160535e-01  -3.5648851e-02
   4.7826087e-01  -3.5828621e-02
   4.7491639e-01  -3.6006500e-02
   4.7157191e-01  -3.6182459e-02
   4.6822742e-01  -3.6356472e-02
   4.6488294e-01  -3.6528509e-02
   4.6153846e-01  -3.6698543e-02
   4.5819398e-01  -3.6866546e-02
   4.5484950e-01  -3.7032488e-02
   4.5150502e-01  -3.7196341e-02
   4.4816054e-01  -3.7358075e-02
   4.4481605e-01  -3.7517661e-02
   4.4147157e-01  -3.7675069e-02
   4.3812709e-01  -3.7830269e-02
   4.3478261e-01  -3.7983231e-02
   4.3143813e-01  -3.8133924e-02
   4.2809365e-01  -3.8282318e-02
   4.2474916e-01  -3.8428381e-02
   4.2140468e-01  -3.8572082e-02
   4.1806020e-01  -3.8713388e-02
   4.1471572e-01  -3.8852269e-02
   4.1137124e-01  -3.8988690e-02
   4.0802676e-01  -3.9122620e-02
   4.0468227e-01  -3.9254025e-02
   4.0133779e-01  -3.9382871e-02
   3.9799331e-01  -3.9509126e-02
   3.9464883e-01  -3.9632753e-02
   3.9130435e-01  -3.9753718e-02
   3.8795987e-01  -3.9871987e-02
   3.8461538e-01  -3.9987522e-02
   3.8127090e-01  -4.0100290e-02
   3.7792642e-01  -4.0210251e-02
   3.7458194e-01  -4.0317370e-02
   3.7123746e-01  -4.0421609e-02
   3.6789298e-01  -4.0522930e-02
   3.6454849e-01  -4.0621294e-02
   3.6120401e-01  -4.0716661e-02
   3.5785953e-01  -4.0808993e-02
   3.5451505e-01  -4.0898248e-02
   3.5117057e-01  -4.0984385e-02
   3.4782609e-01  -4.1067364e-02
   3.4448161e-01  -4.1147141e-02
   3.4113712e-01  -4.1223674e-02
   3.3779264e-01  -4.1296919e-02
   3.3444816e-01  -4.1366832e-02
   3.3110368e-01  -4.1433366e-02
   3.2775920e-01  -4.1496478e-02
   3.2441472e-01  -4.1556119e-02
   3.2107023e-01  -4.1612242e-02
   3.1772575e-01  -4.1664798e-02
   3.1438127e-01  -4.1713739e-02
   3.1103679e-01  -4.1759014e-02
   3.0769231e-01  -4.1800572e-02
   3.0434783e-01  -4.1838360e-02
   3.0100334e-01  -4.1872325e-02
   2.9765886e-01  -4.1902413e-02
   2.9431438e-01  -4.1928568e-02
   2.9096990e-01  -4.1950733e-02
   2.8762542e-01  -4.1968851e-02
   2.8428094e-01  -4.1982862e-02
   2.8093645e-01  -4.1992705e-02
   2.7759197e-01  -4.1998320e-02
   2.7424749e-01  -4.1999642e-02
   2.7090301e-01  -4.1996607e-02
   2.6755853e-01  -4.1989148e-02
   2.6421405e-01  -4.1977198e-02
   2.6086957e-01  -4.1960686e-02
   2.5752508e-01  -4.1939541e-02
   2.5418060e-01  -4.1913691e-02
   2.5083612e-01  -4.1883059e-02
   2.4749164e-01  -4.1847568e-02
   2.4414716e-01  -4.1807139e-02
   2.4080268e-01  -4.1761691e-02
   2.3745819e-01  -4.1711139e-02
   2.3411371e-01  -4.1655397e-02
   2.3076923e-01  -4.1594376e-02
   2.2742475e-01  -4.1527986e-02
   2.2408027e-01  -4.1456130e-02
   2.2073579e-01  -4.1378713e-02
   2.1739130e-01  -4.1295633e-02
   2.1404682e-01  -4.1206788e-02
   2.1070234e-01  -4.1112069e-02
   2.0735786e-01  -4.1011366e-02
   2.0401338e-01  -4.0904564e-02
   2.0066890e-01  -4.0791546e-02
   1.9732441e-01  -4.0672187e-02
   1.9397993e-01  -4.0546361e-02
   1.9063545e-01  -4.0413936e-02
   1.8729097e-01  -4.0274773e-02
   1.8394649e-01  -4.0128731e-02
   1.8060201e-01  -3.9975661e-02
   1.7725753e-01  -3.9815408e-02
   1.7391304e-01  -3.9647813e-02
   1.7056856e-01  -3.9472706e-02
   1.6722408e-01  -3.9289913e-02
   1.6387960e-01  -3.9099250e-02
   1.6053512e-01  -3.8900527e-02
   1.5719064e-01  -3.8693543e-02
   1.5384615e-01  -3.8478088e-02
   1.5050167e-01  -3.8253941e-02
   1.4715719e-01  -3.8020870e-02
   1.4381271e-01  -3.7778633e-02
   1.4046823e-01  -3.7526972e-02
   1.3712375e-01  -3.7265617e-02
   1.3377926e-01  -3.6994282e-02
   1.3043478e-01  -3.6712664e-02
   1.2709030e-01  -3.6420443e-02
   1.2374582e-01  -3.6117279e-02
   1.2040134e-01  -3.5802810e-02
   1.1705686e-01  -3.5476652e-02
   1.1371237e-01  -3.5138393e-02
   1.1036789e-01  -3.4787595e-02
   1.0702341e-01  -3.4423786e-02
   1.0367893e-01  -3.4046461e-02
   1.0033445e-01  -3.3655078e-02
   9.6989967e-02  -3.3249047e-02
   9.3645485e-02  -3.2827735e-02
   9.0301003e-02  -3.2390452e-02
   8.6956522e-02  -3.1936447e-02
   8.3612040e-02  -3.1464900e-02
   8.0267559e-02  -3.0974913e-02
   7.6923077e-02  -3.0465498e-02
   7.3578595e-02  -2.9935560e-02
   7.0234114e-02  -2.9383886e-02
   6.6889632e-02  -2.8809123e-02
   6.3545151e-02  -2.8209753e-02
   6.0200669e-02  -2.7584060e-02
   5.6856187e-02  -2.6930098e-02
   5.3511706e-02  -2.6245638e-02
   5.0167224e-02  -2.5528107e-02
   4.6822742e-02  -2.4774511e-02
   4.3478261e-02  -2.3981322e-02
   4.0133779e-02  -2.3144339e-02
   3.6789298e-02  -2.2258485e-02
   3.3444816e-02  -2.1317526e-02
   3.0100334e-02  -2.0313655e-02
   2.6755853e-02  -1.9236869e-02
   2.3411371e-02  -1.8073970e-02
   2.0066890e-02  -1.6806913e-02
   1.6722408e-02  -1.5409828e-02
   1.3377926e-02  -1.3843184e-02
   1.0033445e-02  -1.2040723e-02
   6.6889632e-03  -9.8738324e-03
   3.3444816e-03  -7.0120082e-03
   0.0000000e+00  -0.0000000e+00
