   0.0000000e+00   0.0000000e+00
   3.3444816e-03   1.3062126e-02
   6.6889632e-03   1.8411246e-02
   1.0033445e-02   2.2475032e-02
   1.3377926e-02   2.5867723e-02
   1.6722408e-02   2.8828269e-02
   2.0066890e-02   3.1479747e-02
   2.3411371e-02   3.3895589e-02
   2.6755853e-02   3.6123851e-02
   3.0100334e-02   3.8198064e-02
   3.3444816e-02   4.0142749e-02
   3.6789298e-02   4.1976504e-02
   4.0133779e-02   4.3713839e-02
   4.3478261e-02   4.5366348e-02
   4.6822742e-02   4.6943470e-02
   5.0167224e-02   4.8453019e-02
   5.3511706e-02   4.9901554e-02
   5.6856187e-02   5.1294643e-02
   6.0200669e-02   5.2637067e-02
   6.3545151e-02   5.3932966e-02
   6.6889632e-02   5.5185956e-02
   7.0234114e-02   5.6399214e-02
   7.3578595e-02   5.7575556e-02
   7.6923077e-02   5.8717485e-02
   8.0267559e-02   5.9827244e-02
   8.3612040e-02   6.0906847e-02
   8.6956522e-02   6.1958115e-02
   9.0301003e-02   6.2982697e-02
   9.3645485e-02   6.3982093e-02
   9.6989967e-02   6.4957674e-02
   1.0033445e-01   6.5910693e-02
   1.0367893e-01   6.6842300e-02
   1.0702341e-01   6.7753556e-02
   1.1036789e-01   6.8645437e-02
   1.1371237e-01   6.9518846e-02
   1.1705686e-01   7.0374620e-02
   1.2040134e-01   7.1213534e-02
   1.2374582e-01   7.2036311e-02
   1.2709030e-01   7.2843622e-02
   1.3043478e-01   7.3636092e-02
   1.3377926e-01   7.4414307e-02
   1.3712375e-01   7.5178813e-02
   1.4046823e-01   7.5930119e-02
   1.4381271e-01   7.6668706e-02
   1.4715719e-01   7.7395021e-02
   1.5050167e-01   7.8109486e-02
   1.5384615e-01   7.8812495e-02
   1.5719064e-01   7.9504420e-02
   1.6053512e-01   8.0185610e-02
   1.6387960e-01   8.0856392e-02
   1.6722408e-01   8.1517077e-02
   1.7056856e-01   8.2167954e-02
   1.7391304e-01   8.2809297e-02
   1.7725753e-01   8.3441364e-02
   1.8060201e-01   8.4064397e-02
   1.8394649e-01   8.4678626e-02
   1.8729097e-01   8.5284266e-02
   1.9063545e-01   8.5881519e-02
   1.9397993e-01   8.6470578e-02
   1.9732441e-01   8.7051621e-02
   2.0066890e-01   8.7624819e-02
   2.0401338e-01   8.8190331e-02
   2.0735786e-01   8.8748306e-02
   2.1070234e-01   8.9298887e-02
   2.1404682e-01   8.9842204e-02
   2.1739130e-01   9.0378384e-02
   2.2073579e-01   9.0907542e-02
   2.2408027e-01   9.1429788e-02
   2.2742475e-01   9.1945224e-02
   2.3076923e-01   9.2453946e-02
   2.3411371e-01   9.2956043e-02
   2.3745819e-01   9.3451599e-02
   2.4080268e-01   9.3940691e-02
   2.4414716e-01   9.4423391e-02
   2.4749164e-01   9.4899766e-02
   2.5083612e-01   9.5369878e-02
   2.5418060e-01   9.5833783e-02
   2.5752508e-01   9.6291533e-02
   2.6086957e-01   9.6743177e-02
   2.6421405e-01   9.7188757e-02
   2.6755853e-01   9.7628314e-02
   2.7090301e-01   9.8061882e-02
   2.7424749e-01   9.8489494e-02
   2.7759197e-01   9.8911177e-02
   2.8093645e-01   9.9326956e-02
   2.8428094e-01   9.9736853e-02
   2.8762542e-01   1.0014089e-01
   2.9096990e-01   1.0053907e-01
   2.9431438e-01   1.0093142e-01
   2.9765886e-01   1.0131793e-01
   3.0100334e-01   1.0169863e-01
   3.0434783e-01   1.0207351e-01
   3.0769231e-01   1.0244257e-01
   3.1103679e-01   1.0280582e-01
   3.1438127e-01   1.0316325e-01
   3.1772575e-01   1.0351485e-01
   3.2107023e-01   1.0386061e-01
   3.2441472e-01   1.0420053e-01
   3.2775920e-01   1.0453460e-01
   3.3110368e-01   1.0486280e-01
   3.3444816e-01   1.0518511e-01
   3.3779264e-01   1.0550152e-01
   3.4113712e-01   1.0581201e-01
   3.4448161e-01   1.0611655e-01
   3.4782609e-01   1.0641514e-01
   3.5117057e-01   1.0670773e-01
   3.5451505e-01   1.0699430e-01
   3.5785953e-01   1.0727484e-01
   3.6120401e-01   1.0754930e-01
   3.6454849e-01   1.0781767e-01
   3.6789298e-01   1.0807991e-01
   3.7123746e-01   1.0833598e-01
   3.7458194e-01   1.0858586e-01
   3.7792642e-01   1.0882951e-01
   3.8127090e-01   1.0906689e-01
   3.8461538e-01   1.0929797e-01
   3.8795987e-01   1.0952272e-01
   3.9130435e-01   1.0974108e-01
   3.9464883e-01   1.0995303e-01
   3.9799331e-01   1.1015852e-01
   4.0133779e-01   1.1035752e-01
   4.0468227e-01   1.1054997e-01
   4.0802676e-01   1.1073584e-01
   4.1137124e-01   1.1091509e-01
   4.1471572e-01   1.1108766e-01
   4.1806020e-01   1.1125352e-01
   4.2140468e-01   1.1141263e-01
   4.2474916e-01   1.1156492e-01
   4.2809365e-01   1.1171037e-01
   4.3143813e-01   1.1184891e-01
   4.3478261e-01   1.1198051e-01
   4.3812709e-01   1.1210511e-01
   4.4147157e-01   1.1222268e-01
   4.4481605e-01   1.1233315e-01
   4.4816054e-01   1.1243648e-01
   4.5150502e-01   1.1253261e-01
   4.5484950e-01   1.1262151e-01
   4.5819398e-01   1.1270312e-01
   4.6153846e-01   1.1277739e-01
   4.6488294e-01   1.1284426e-01
   4.6822742e-01   1.1290369e-01
   4.7157191e-01   1.1295563e-01
   4.7491639e-01   1.1300001e-01
   4.7826087e-01   1.1303681e-01
   4.8160535e-01   1.1306595e-01
   4.8494983e-01   1.1308739e-01
   4.8829431e-01   1.1310108e-01
   4.9163880e-01   1.1310696e-01
   4.9498328e-01   1.1310498e-01
   4.9832776e-01   1.1309509e-01
   5.0167224e-01   1.1307723e-01
   5.0501672e-01   1.1305137e-01
   5.0836120e-01   1.1301743e-01
   5.1170569e-01   1.1297537e-01
   5.1505017e-01   1.1292514e-01
   5.1839465e-01   1.1286668e-01
   5.2173913e-01   1.1279995e-01
   5.2508361e-01   1.1272489e-01
   5.2842809e-01   1.1264144e-01
   5.3177258e-01   1.1254956e-01
   5.3511706e-01   1.1244919e-01
   5.3846154e-01   1.1234029e-01
   5.4180602e-01   1.1222279e-01
   5.4515050e-01   1.1209666e-01
   5.4849498e-01   1.1196183e-01
   5.5183946e-01   1.1181826e-01
   5.5518395e-01   1.1166590e-01
   5.5852843e-01   1.1150469e-01
   5.6187291e-01   1.1133459e-01
   5.6521739e-01   1.1115555e-01
   5.6856187e-01   1.1096751e-01
   5.7190635e-01   1.1077042e-01
   5.7525084e-01   1.1056424e-01
   5.7859532e-01   1.1034893e-01
   5.8193980e-01   1.1012442e-01
   5.8528428e-01   1.0989067e-01
   5.8862876e-01   1.0964764e-01
   5.9197324e-01   1.0939527e-01
   5.9531773e-01   1.0913352e-01
   5.9866221e-01   1.0886235e-01
   6.0200669e-01   1.0858170e-01
   6.0535117e-01   1.0829153e-01
   6.0869565e-01   1.0799180e-01
   6.1204013e-01   1.0768246e-01
   6.1538462e-01   1.0736347e-01
   6.1872910e-01   1.0703478e-01
   6.2207358e-01   1.0669635e-01
   6.2541806e-01   1.0634813e-01
   6.2876254e-01   1.0599008e-01
   6.3210702e-01   1.0562217e-01
   6.3545151e-01   1.0524435e-01
   6.3879599e-01   1.0485657e-01
   6.4214047e-01   1.0445881e-01
   6.4548495e-01   1.0405101e-01
   6.4882943e-01   1.0363314e-01
   6.5217391e-01   1.0320517e-01
   6.5551839e-01   1.0276704e-01
   6.5886288e-01   1.0231873e-01
   6.6220736e-01   1.0186020e-01
   6.6555184e-01   1.0139141e-01
   6.6889632e-01   1.0091233e-01
   6.7224080e-01   1.0042291e-01
   6.7558528e-01   9.9923137e-02
   6.7892977e-01   9.9412964e-02
   6.8227425e-01   9.8892360e-02
   6.8561873e-01   9.8361294e-02
   6.8896321e-01   9.7819734e-02
   6.9230769e-01   9.7267649e-02
   6.9565217e-01   9.6705008e-02
   6.9899666e-01   9.6131782e-02
   7.0234114e-01   9.5547942e-02
   7.0568562e-01   9.4953460e-02
   7.0903010e-01   9.4348309e-02
   7.1237458e-01   9.3732461e-02
   7.1571906e-01   9.3105891e-02
   7.1906355e-01   9.2468574e-02
   7.2240803e-01   9.1820485e-02
   7.2575251e-01   9.1161601e-02
   7.2909699e-01   9.0491899e-02
   7.3244147e-01   8.9811357e-02
   7.3578595e-01   8.9119954e-02
   7.3913043e-01   8.8417669e-02
   7.4247492e-01   8.7704483e-02
   7.4581940e-01   8.6980378e-02
   7.4916388e-01   8.6245334e-02
   7.5250836e-01   8.5499336e-02
   7.5585284e-01   8.4742367e-02
   7.5919732e-01   8.3974412e-02
   7.6254181e-01   8.3195455e-02
   7.6588629e-01   8.2405485e-02
   7.6923077e-01   8.1604488e-02
   7.7257525e-01   8.0792451e-02
   7.7591973e-01   7.9969366e-02
   7.7926421e-01   7.9135220e-02
   7.8260870e-01   7.8290006e-02
   7.8595318e-01   7.7433715e-02
   7.8929766e-01   7.6566340e-02
   7.9264214e-01   7.5687875e-02
   7.9598662e-01   7.4798314e-02
   7.9933110e-01   7.3897653e-02
   8.0267559e-01   7.2985888e-02
   8.0602007e-01   7.2063018e-02
   8.0936455e-01   7.1129041e-02
   8.1270903e-01   7.0183955e-02
   8.1605351e-01   6.9227763e-02
   8.1939799e-01   6.8260464e-02
   8.2274247e-01   6.7282063e-02
   8.2608696e-01   6.6292561e-02
   8.2943144e-01   6.5291965e-02
   8.3277592e-01   6.4280278e-02
   8.3612040e-01   6.3257509e-02
   8.3946488e-01   6.2223664e-02
   8.4280936e-01   6.1178753e-02
   8.4615385e-01   6.0122784e-02
   8.4949833e-01   5.9055769e-02
   8.5284281e-01   5.7977720e-02
   8.5618729e-01   5.6888649e-02
   8.5953177e-01   5.5788570e-02
   8.6287625e-01   5.4677499e-02
   8.6622074e-01   5.3555452e-02
   8.6956522e-01   5.2422446e-02
   8.7290970e-01   5.1278499e-02
   8.7625418e-01   5.0123631e-02
   8.7959866e-01   4.8957863e-02
   8.8294314e-01   4.7781215e-02
   8.8628763e-01   4.6593712e-02
   8.8963211e-01   4.5395377e-02
   8.9297659e-01   4.4186234e-02
   8.9632107e-01   4.2966311e-02
   8.9966555e-01   4.1735635e-02
   9.0301003e-01   4.0494234e-02
   9.0635452e-01   3.9242138e-02
   9.0969900e-01   3.7979378e-02
   9.1304348e-01   3.6705987e-02
   9.1638796e-01   3.5421997e-02
   9.1973244e-01   3.4127442e-02
   9.2307692e-01   3.2822360e-02
   9.2642140e-01   3.1506785e-02
   9.2976589e-01   3.0180757e-02
   9.3311037e-01   2.8844315e-02
   9.3645485e-01   2.7497500e-02
   9.3979933e-01   2.6140352e-02
   9.4314381e-01   2.4772915e-02
   9.4648829e-01   2.3395234e-02
   9.4983278e-01   2.2007353e-02
   9.5317726e-01   2.0609320e-02
   9.5652174e-01   1.9201182e-02
   9.5986622e-01   1.7782988e-02
   9.6321070e-01   1.6354790e-02
   9.6655518e-01   1.4916638e-02
   9.6989967e-01   1.3468586e-02
   9.7324415e-01   1.2010689e-02
   9.7658863e-01   1.0543001e-02
   9.7993311e-01   9.0655792e-03
   9.8327759e-01   7.5784826e-03
   9.8662207e-01   6.0817703e-03
   9.8996656e-01   4.5755031e-03
   9.9331104e-01   3.0597431e-03
   9.9665552e-01   1.5345538e-03
   1.0000000e+00   0.0000000e+00
   1.0000000e+00   0.0000000e+00
   9.9665552e-01   7.2130890e-04
   9.9331104e-01   1.4134648e-03
   9.8996656e-01   2.0769044e-03
   9.8662207e-01   2.7120613e-03
   9.8327759e-01   3.3193664e-03
   9.7993311e-01   3.8992476e-03
   9.7658863e-01   4.4521302e-03
   9.7324415e-01   4.9784363e-03
   9.6989967e-01   5.4785855e-03
   9.6655518e-01   5.9529943e-03
   9.6321070e-01   6.4020766e-03
   9.5986622e-01   6.8262431e-03
   9.5652174e-01   7.2259022e-03
   9.5317726e-01   7.6014590e-03
   9.4983278e-01   7.9533160e-03
   9.4648829e-01   8.2818729e-03
   9.4314381e-01   8.5875266e-03
   9.3979933e-01   8.8706710e-03
   9.3645485e-01   9.1316976e-03
   9.3311037e-01   9.3709948e-03
   9.2976589e-01   9.5889482e-03
   9.2642140e-01   9.7859407e-03
   9.2307692e-01   9.9623526e-03
   9.1973244e-01   1.0118561e-02
   9.1638796e-01   1.0254941e-02
   9.1304348e-01   1.0371864e-02
   9.0969900e-01   1.0469699e-02
   9.0635452e-01   1.0548812e-02
   9.0301003e-01   1.0609568e-02
   8.9966555e-01   1.0652326e-02
   8.9632107e-01   1.0677446e-02
   8.9297659e-01   1.0685282e-02
   8.8963211e-01   1.0676187e-02
   8.8628763e-01   1.0650511e-02
   8.8294314e-01   1.0608601e-02
   8.7959866e-01   1.0550802e-02
   8.7625418e-01   1.0477455e-02
   8.7290970e-01   1.0388900e-02
   8.6956522e-01   1.0285472e-02
   8.6622074e-01   1.0167507e-02
   8.6287625e-01   1.0035334e-02
   8.5953177e-01   9.8892816e-03
   8.5618729e-01   9.7296762e-03
   8.5284281e-01   9.5568404e-03
   8.4949833e-01   9.3710946e-03
   8.4615385e-01   9.1727563e-03
   8.4280936e-01   8.9621407e-03
   8.3946488e-01   8.7395600e-03
   8.3612040e-01   8.5053239e-03
   8.3277592e-01   8.2597395e-03
   8.2943144e-01   8.0031113e-03
   8.2608696e-01   7.7357410e-03
   8.2274247e-01   7.4579277e-03
   8.1939799e-01   7.1699681e-03
   8.1605351e-01   6.8721561e-03
   8.1270903e-01   6.5647829e-03
   8.0936455e-01   6.2481374e-03
   8.0602007e-01   5.9225055e-03
   8.0267559e-01   5.5881709e-03
   7.9933110e-01   5.2454144e-03
   7.9598662e-01   4.8945144e-03
   7.9264214e-01   4.5357466e-03
   7.8929766e-01   4.1693843e-03
   7.8595318e-01   3.7956980e-03
   7.8260870e-01   3.4149558e-03
   7.7926421e-01   3.0274232e-03
   7.7591973e-01   2.6333630e-03
   7.7257525e-01   2.2330358e-03
   7.6923077e-01   1.8266994e-03
   7.6588629e-01   1.4146089e-03
   7.6254181e-01   9.9701731e-04
   7.5919732e-01   5.7417472e-04
   7.5585284e-01   1.4632887e-04
   7.5250836e-01  -2.8627504e-04
   7.4916388e-01  -7.2339434e-04
   7.4581940e-01  -1.1647889e-03
   7.4247492e-01  -1.6102209e-03
   7.3913043e-01  -2.0594554e-03
   7.3578595e-01  -2.5122595e-03
   7.3244147e-01  -2.9684032e-03
   7.2909699e-01  -3.4276587e-03
   7.2575251e-01  -3.8898008e-03
   7.2240803e-01  -4.3546068e-03
   7.1906355e-01  -4.8218564e-03
   7.1571906e-01  -5.2913317e-03
   7.1237458e-01  -5.7628174e-03
   7.0903010e-01  -6.2361006e-03
   7.0568562e-01  -6.7109708e-03
   7.0234114e-01  -7.1872200e-03
   6.9899666e-01  -7.6646426e-03
   6.9565217e-01  -8.1430355e-03
   6.9230769e-01  -8.6221979e-03
   6.8896321e-01  -9.1019316e-03
   6.8561873e-01  -9.5820407e-03
   6.8227425e-01  -1.0062332e-02
   6.7892977e-01  -1.0542613e-02
   6.7558528e-01  -1.1022697e-02
   6.7224080e-01  -1.1502397e-02
   6.6889632e-01  -1.1981529e-02
   6.6555184e-01  -1.2459911e-02
   6.6220736e-01  -1.2937365e-02
   6.5886288e-01  -1.3413713e-02
   6.5551839e-01  -1.3888782e-02
   6.5217391e-01  -1.4362399e-02
   6.4882943e-01  -1.4834394e-02
   6.4548495e-01  -1.5304601e-02
   6.4214047e-01  -1.5772855e-02
   6.3879599e-01  -1.6238992e-02
   6.3545151e-01  -1.6702853e-02
   6.3210702e-01  -1.7164279e-02
   6.2876254e-01  -1.7623116e-02
   6.2541806e-01  -1.8079209e-02
   6.2207358e-01  -1.8532408e-02
   6.1872910e-01  -1.8982565e-02
   6.1538462e-01  -1.9429532e-02
   6.1204013e-01  -1.9873166e-02
   6.0869565e-01  -2.0313326e-02
   6.0535117e-01  -2.0749871e-02
   6.0200669e-01  -2.1182665e-02
   5.9866221e-01  -2.1611572e-02
   5.9531773e-01  -2.2036461e-02
   5.9197324e-01  -2.2457201e-02
   5.8862876e-01  -2.2873664e-02
   5.8528428e-01  -2.3285724e-02
   5.8193980e-01  -2.3693257e-02
   5.7859532e-01  -2.4096143e-02
   5.7525084e-01  -2.4494262e-02
   5.7190635e-01  -2.4887498e-02
   5.6856187e-01  -2.5275736e-02
   5.6521739e-01  -2.5658864e-02
   5.6187291e-01  -2.6036772e-02
   5.5852843e-01  -2.6409351e-02
   5.5518395e-01  -2.6776497e-02
   5.5183946e-01  -2.7138106e-02
   5.4849498e-01  -2.7494077e-02
   5.4515050e-01  -2.7844311e-02
   5.4180602e-01  -2.8188710e-02
   5.3846154e-01  -2.8527182e-02
   5.3511706e-01  -2.8859632e-02
   5.3177258e-01  -2.9185971e-02
   5.2842809e-01  -2.9506112e-02
   5.2508361e-01  -2.9819967e-02
   5.2173913e-01  -3.0127454e-02
   5.1839465e-01  -3.0428490e-02
   5.1505017e-01  -3.0722998e-02
   5.1170569e-01  -3.1010898e-02
   5.0836120e-01  -3.1292117e-02
   5.0501672e-01  -3.1566582e-02
   5.0167224e-01  -3.1834222e-02
   4.9832776e-01  -3.2094968e-02
   4.9498328e-01  -3.2348753e-02
   4.9163880e-01  -3.2595515e-02
   4.8829431e-01  -3.2835189e-02
   4.8494983e-01  -3.3067717e-02
   4.8160535e-01  -3.3293040e-02
   4.7826087e-01  -3.3511103e-02
   4.7491639e-01  -3.3721852e-02
   4.7157191e-01  -3.3925235e-02
   4.6822742e-01  -3.4121203e-02
   4.6488294e-01  -3.4309708e-02
   4.6153846e-01  -3.4490706e-02
   4.5819398e-01  -3.4664152e-02
   4.5484950e-01  -3.4830006e-02
   4.5150502e-01  -3.4988229e-02
   4.4816054e-01  -3.5138784e-02
   4.4481605e-01  -3.5281636e-02
   4.4147157e-01  -3.5416752e-02
   4.3812709e-01  -3.5544101e-02
   4.3478261e-01  -3.5663656e-02
   4.3143813e-01  -3.5775388e-02
   4.2809365e-01  -3.5879274e-02
   4.2474916e-01  -3.5975292e-02
   4.2140468e-01  -3.6063420e-02
   4.1806020e-01  -3.6143641e-02
   4.1471572e-01  -3.6215938e-02
   4.1137124e-01  -3.6280297e-02
   4.0802676e-01  -3.6336705e-02
   4.0468227e-01  -3.6385153e-02
   4.0133779e-01  -3.6425632e-02
   3.9799331e-01  -3.6458137e-02
   3.9464883e-01  -3.6482662e-02
   3.9130435e-01  -3.6499207e-02
   3.8795987e-01  -3.6507771e-02
   3.8461538e-01  -3.6508355e-02
   3.8127090e-01  -3.6500965e-02
   3.7792642e-01  -3.6485607e-02
   3.7458194e-01  -3.6462287e-02
   3.7123746e-01  -3.6431017e-02
   3.6789298e-01  -3.6391808e-02
   3.6454849e-01  -3.6344675e-02
   3.6120401e-01  -3.6289634e-02
   3.5785953e-01  -3.6226703e-02
   3.5451505e-01  -3.6155902e-02
   3.5117057e-01  -3.6077254e-02
   3.4782609e-01  -3.5990782e-02
   3.4448161e-01  -3.5896513e-02
   3.4113712e-01  -3.5794476e-02
   3.3779264e-01  -3.5684700e-02
   3.3444816e-01  -3.5567217e-02
   3.3110368e-01  -3.5442063e-02
   3.2775920e-01  -3.5309274e-02
   3.2441472e-01  -3.5168887e-02
   3.2107023e-01  -3.5020943e-02
   3.1772575e-01  -3.4865486e-02
   3.1438127e-01  -3.4702558e-02
   3.1103679e-01  -3.4532207e-02
   3.0769231e-01  -3.4354482e-02
   3.0434783e-01  -3.4169432e-02
   3.0100334e-01  -3.3977111e-02
   2.9765886e-01  -3.3777572e-02
   2.9431438e-01  -3.3570874e-02
   2.9096990e-01  -3.3357074e-02
   2.8762542e-01  -3.3136234e-02
   2.8428094e-01  -3.2908416e-02
   2.8093645e-01  -3.2673685e-02
   2.7759197e-01  -3.2432109e-02
   2.7424749e-01  -3.2183757e-02
   2.7090301e-01  -3.1928699e-02
   2.6755853e-01  -3.1667010e-02
   2.6421405e-01  -3.1398765e-02
   2.6086957e-01  -3.1124041e-02
   2.5752508e-01  -3.0842918e-02
   2.5418060e-01  -3.0555479e-02
   2.5083612e-01  -3.0261807e-02
   2.4749164e-01  -2.9961988e-02
   2.4414716e-01  -2.9656111e-02
   2.4080268e-01  -2.9344268e-02
   2.3745819e-01  -2.9026549e-02
   2.3411371e-01  -2.8703052e-02
   2.3076923e-01  -2.8373873e-02
   2.2742475e-01  -2.8039112e-02
   2.2408027e-01  -2.7698870e-02
   2.2073579e-01  -2.7353253e-02
   2.1739130e-01  -2.7002367e-02
   2.1404682e-01  -2.6646321e-02
   2.1070234e-01  -2.6285226e-02
   2.0735786e-01  -2.5919196e-02
   2.0401338e-01  -2.5548347e-02
   2.0066890e-01  -2.5172799e-02
   1.9732441e-01  -2.4792673e-02
   1.9397993e-01  -2.4408092e-02
   1.9063545e-01  -2.4019183e-02
   1.8729097e-01  -2.3626075e-02
   1.8394649e-01  -2.3228899e-02
   1.8060201e-01  -2.2827791e-02
   1.7725753e-01  -2.2422888e-02
   1.7391304e-01  -2.2014329e-02
   1.7056856e-01  -2.1602257e-02
   1.6722408e-01  -2.1186819e-02
   1.6387960e-01  -2.0768163e-02
   1.6053512e-01  -2.0346441e-02
   1.5719064e-01  -1.9921809e-02
   1.5384615e-01  -1.9494423e-02
   1.5050167e-01  -1.9064447e-02
   1.4715719e-01  -1.8632044e-02
   1.4381271e-01  -1.8197383e-02
   1.4046823e-01  -1.7760636e-02
   1.3712375e-01  -1.7321978e-02
   1.3377926e-01  -1.6881588e-02
   1.3043478e-01  -1.6439650e-02
   1.2709030e-01  -1.5996351e-02
   1.2374582e-01  -1.5551881e-02
   1.2040134e-01  -1.5106436e-02
   1.1705686e-01  -1.4660217e-02
   1.1371237e-01  -1.4213426e-02
   1.1036789e-01  -1.3766273e-02
   1.0702341e-01  -1.3318973e-02
   1.0367893e-01  -1.2871743e-02
   1.0033445e-01  -1.2424809e-02
   9.6989967e-02  -1.1978400e-02
   9.3645485e-02  -1.1532751e-02
   9.0301003e-02  -1.1088104e-02
   8.6956522e-02  -1.0644706e-02
   8.3612040e-02  -1.0202811e-02
   8.0267559e-02  -9.7626794e-03
   7.6923077e-02  -9.3245785e-03
   7.3578595e-02  -8.8887825e-03
   7.0234114e-02  -8.4555733e-03
   6.6889632e-02  -8.0252398e-03
   6.3545151e-02  -7.5980785e-03
   6.0200669e-02  -7.1743932e-03
   5.6856187e-02  -6.7544952e-03
   5.3511706e-02  -6.3387022e-03
   5.0167224e-02  -5.9273377e-03
   4.6822742e-02  -5.5207294e-03
   4.3478261e-02  -5.1192066e-03
   4.0133779e-02  -4.7230961e-03
   3.6789298e-02  -4.3327158e-03
   3.3444816e-02  -3.9483639e-03
   3.0100334e-02  -3.5703019e-03
   2.6755853e-02  -3.1987256e-03
   2.3411371e-02  -2.8337151e-03
   2.0066890e-02  -2.4751436e-03
   1.6722408e-02  -2.1225010e-03
   1.3377926e-02  -1.7745215e-03
   1.0033445e-02  -1.4282908e-03
   6.6889632e-03  -1.0766466e-03
   3.3444816e-03  -6.9730351e-04
   0.0000000e+00  -0.0000000e+00
