   0.0000000e+00   0.0000000e+00
   3.3444816e-03   1.4289132e-02
   6.6889632e-03   2.0117530e-02
   1.0033445e-02   2.4527670e-02
   1.3377926e-02   2.8193170e-02
   1.6722408e-02   3.1376137e-02
   2.0066890e-02   3.4211570e-02
   2.3411371e-02   3.6779998e-02
   2.6755853e-02   3.9134106e-02
   3.0100334e-02   4.1310640e-02
   3.3444816e-02   4.3336462e-02
   3.6789298e-02   4.5231936e-02
   4.0133779e-02   4.7012946e-02
   4.3478261e-02   4.8692180e-02
   4.6822742e-02   5.0279966e-02
   5.0167224e-02   5.1784855e-02
   5.3511706e-02   5.3214026e-02
   5.6856187e-02   5.4573578e-02
   6.0200669e-02   5.5868750e-02
   6.3545151e-02   5.7104083e-02
   6.6889632e-02   5.8283550e-02
   7.0234114e-02   5.9410648e-02
   7.3578595e-02   6.0488481e-02
   7.6923077e-02   6.1519817e-02
   8.0267559e-02   6.2507142e-02
   8.3612040e-02   6.3452697e-02
   8.6956522e-02   6.4358515e-02
   9.0301003e-02   6.5226446e-02
   9.3645485e-02   6.6058180e-02
   9.6989967e-02   6.6855269e-02
   1.0033445e-01   6.7619143e-02
   1.0367893e-01   6.8351120e-02
   1.0702341e-01   6.9052425e-02
   1.1036789e-01   6.9724195e-02
   1.1371237e-01   7.0367488e-02
   1.1705686e-01   7.0983297e-02
   1.2040134e-01   7.1572547e-02
   1.2374582e-01   7.2136110e-02
   1.2709030e-01   7.2674806e-02
   1.3043478e-01   7.3189407e-02
   1.3377926e-01   7.3680644e-02
   1.3712375e-01   7.4149207e-02
   1.4046823e-01   7.4595754e-02
   1.4381271e-01   7.5020905e-02
   1.4715719e-01   7.5425255e-02
   1.5050167e-01   7.5809367e-02
   1.5384615e-01   7.6173782e-02
   1.5719064e-01   7.6519014e-02
   1.6053512e-01   7.6845557e-02
   1.6387960e-01   7.7153884e-02
   1.6722408e-01   7.7444450e-02
   1.7056856e-01   7.7717690e-02
   1.7391304e-01   7.7974024e-02
   1.7725753e-01   7.8213856e-02
   1.8060201e-01   7.8437577e-02
   1.8394649e-01   7.8645562e-02
   1.8729097e-01   7.8838175e-02
   1.9063545e-01   7.9015768e-02
   1.9397993e-01   7.9178681e-02
   1.9732441e-01   7.9327244e-02
   2.0066890e-01   7.9461776e-02
   2.0401338e-01   7.9582588e-02
   2.0735786e-01   7.9689982e-02
   2.1070234e-01   7.9784251e-02
   2.1404682e-01   7.9865679e-02
   2.1739130e-01   7.9934544e-02
   2.2073579e-01   7.9991116e-02
   2.2408027e-01   8.0035659e-02
   2.2742475e-01   8.0068430e-02
   2.3076923e-01   8.0089679e-02
   2.3411371e-01   8.0099651e-02
   2.3745819e-01   8.0098585e-02
   2.4080268e-01   8.0086716e-02
   2.4414716e-01   8.0064271e-02
   2.4749164e-01   8.0031475e-02
   2.5083612e-01   7.9988547e-02
   2.5418060e-01   7.9935700e-02
   2.5752508e-01   7.9873146e-02
   2.6086957e-01   7.9801089e-02
   2.6421405e-01   7.9719732e-02
   2.6755853e-01   7.9629274e-02
   2.7090301e-01   7.9529908e-02
   2.7424749e-01   7.9421824e-02
   2.7759197e-01   7.9305212e-02
   2.8093645e-01   7.9180254e-02
   2.8428094e-01   7.9047130e-02
   2.8762542e-01   7.8906020e-02
   2.9096990e-01   7.8757097e-02
   2.9431438e-01   7.8600533e-02
   2.9765886e-01   7.8436497e-02
   3.0100334e-01   7.8265155e-02
   3.0434783e-01   7.8086671e-02
   3.0769231e-01   7.7901204e-02
   3.1103679e-01   7.7708914e-02
   3.1438127e-01   7.7509956e-02
   3.1772575e-01   7.7304484e-02
   3.2107023e-01   7.7092648e-02
   3.2441472e-01   7.6874598e-02
   3.2775920e-01   7.6650480e-02
   3.3110368e-01   7.6420438e-02
   3.3444816e-01   7.6184615e-02
   3.3779264e-01   7.5943151e-02
   3.4113712e-01   7.5696184e-02
   3.4448161e-01   7.5443850e-02
   3.4782609e-01   7.5186283e-02
   3.5117057e-01   7.4923616e-02
   3.5451505e-01   7.4655979e-02
   3.5785953e-01   7.4383500e-02
   3.6120401e-01   7.4106306e-02
   3.6454849e-01   7.3824522e-02
   3.6789298e-01   7.3538271e-02
   3.7123746e-01   7.3247675e-02
   3.7458194e-01   7.2952852e-02
   3.7792642e-01   7.2653922e-02
   3.8127090e-01   7.2351000e-02
   3.8461538e-01   7.2044202e-02
   3.8795987e-01   7.1733639e-02
   3.9130435e-01   7.1419424e-02
   3.9464883e-01   7.1101666e-02
   3.9799331e-01   7.0780474e-02
   4.0133779e-01   7.0455955e-02
   4.0468227e-01   7.0128213e-02
   4.0802676e-01   6.9797352e-02
   4.1137124e-01   6.9463475e-02
   4.1471572e-01   6.9126681e-02
   4.1806020e-01   6.8787071e-02
   4.2140468e-01   6.8444742e-02
   4.2474916e-01   6.8099790e-02
   4.2809365e-01   6.7752311e-02
   4.3143813e-01   6.7402396e-02
   4.3478261e-01   6.7050139e-02
   4.3812709e-01   6.6695629e-02
   4.4147157e-01   6.6338956e-02
   4.4481605e-01   6.5980207e-02
   4.4816054e-01   6.5619469e-02
   4.5150502e-01   6.5256827e-02
   4.5484950e-01   6.4892363e-02
   4.5819398e-01   6.4526161e-02
   4.6153846e-01   6.4158300e-02
   4.6488294e-01   6.3788861e-02
   4.6822742e-01   6.3417920e-02
   4.7157191e-01   6.3045555e-02
   4.7491639e-01   6.2671841e-02
   4.7826087e-01   6.2296851e-02
   4.8160535e-01   6.1920659e-02
   4.8494983e-01   6.1543335e-02
   4.8829431e-01   6.1164949e-02
   4.9163880e-01   6.0785569e-02
   4.9498328e-01   6.0405264e-02
   4.9832776e-01   6.0024097e-02
   5.0167224e-01   5.9642135e-02
   5.0501672e-01   5.9259439e-02
   5.0836120e-01   5.8876072e-02
   5.1170569e-01   5.8492094e-02
   5.1505017e-01   5.8107563e-02
   5.1839465e-01   5.7722539e-02
   5.2173913e-01   5.7337076e-02
   5.2508361e-01   5.6951230e-02
   5.2842809e-01   5.6565055e-02
   5.3177258e-01   5.6178603e-02
   5.3511706e-01   5.5791925e-02
   5.3846154e-01   5.5405070e-02
   5.4180602e-01   5.5018087e-02
   5.4515050e-01   5.4631023e-02
   5.4849498e-01   5.4243923e-02
   5.5183946e-01   5.3856832e-02
   5.5518395e-01   5.3469792e-02
   5.5852843e-01   5.3082845e-02
   5.6187291e-01   5.2696031e-02
   5.6521739e-01   5.2309389e-02
   5.6856187e-01   5.1922956e-02
   5.7190635e-01   5.1536769e-02
   5.7525084e-01   5.1150862e-02
   5.7859532e-01   5.0765268e-02
   5.8193980e-01   5.0380020e-02
   5.8528428e-01   4.9995148e-02
   5.8862876e-01   4.9610682e-02
   5.9197324e-01   4.9226648e-02
   5.9531773e-01   4.8843075e-02
   5.9866221e-01   4.8459986e-02
   6.0200669e-01   4.8077406e-02
   6.0535117e-01   4.7695356e-02
   6.0869565e-01   4.7313858e-02
   6.1204013e-01   4.6932932e-02
   6.1538462e-01   4.6552595e-02
   6.1872910e-01   4.6172865e-02
   6.2207358e-01   4.5793755e-02
   6.2541806e-01   4.5415282e-02
   6.2876254e-01   4.5037456e-02
   6.3210702e-01   4.4660290e-02
   6.3545151e-01   4.4283792e-02
   6.3879599e-01   4.3907971e-02
   6.4214047e-01   4.3532834e-02
   6.4548495e-01   4.3158386e-02
   6.4882943e-01   4.2784632e-02
   6.5217391e-01   4.2411573e-02
   6.5551839e-01   4.2039211e-02
   6.5886288e-01   4.1667546e-02
   6.6220736e-01   4.1296575e-02
   6.6555184e-01   4.0926296e-02
   6.6889632e-01   4.0556703e-02
   6.7224080e-01   4.0187791e-02
   6.7558528e-01   3.9819552e-02
   6.7892977e-01   3.9451976e-02
   6.8227425e-01   3.9085054e-02
   6.8561873e-01   3.8718773e-02
   6.8896321e-01   3.8353119e-02
   6.9230769e-01   3.7988078e-02
   6.9565217e-01   3.7623632e-02
   6.9899666e-01   3.7259765e-02
   7.0234114e-01   3.6896456e-02
   7.0568562e-01   3.6533684e-02
   7.0903010e-01   3.6171427e-02
   7.1237458e-01   3.5809661e-02
   7.1571906e-01   3.5448360e-02
   7.1906355e-01   3.5087498e-02
   7.2240803e-01   3.4727044e-02
   7.2575251e-01   3.4366971e-02
   7.2909699e-01   3.4007244e-02
   7.3244147e-01   3.3647832e-02
   7.3578595e-01   3.3288700e-02
   7.3913043e-01   3.2929812e-02
   7.4247492e-01   3.2571128e-02
   7.4581940e-01   3.2212611e-02
   7.4916388e-01   3.1854219e-02
   7.5250836e-01   3.1495909e-02
   7.5585284e-01   3.1137638e-02
   7.5919732e-01   3.0779360e-02
   7.6254181e-01   3.0421026e-02
   7.6588629e-01   3.0062590e-02
   7.6923077e-01   2.9703999e-02
   7.7257525e-01   2.9345203e-02
   7.7591973e-01   2.8986147e-02
   7.7926421e-01   2.8626776e-02
   7.8260870e-01   2.8267033e-02
   7.8595318e-01   2.7906861e-02
   7.8929766e-01   2.7546197e-02
   7.9264214e-01   2.7184982e-02
   7.9598662e-01   2.6823152e-02
   7.9933110e-01   2.6460641e-02
   8.0267559e-01   2.6097383e-02
   8.0602007e-01   2.5733310e-02
   8.0936455e-01   2.5368352e-02
   8.1270903e-01   2.5002438e-02
   8.1605351e-01   2.4635493e-02
   8.1939799e-01   2.4267444e-02
   8.2274247e-01   2.3898213e-02
   8.2608696e-01   2.3527724e-02
   8.2943144e-01   2.3155894e-02
   8.3277592e-01   2.2782644e-02
   8.3612040e-01   2.2407890e-02
   8.3946488e-01   2.2031547e-02
   8.4280936e-01   2.1653529e-02
   8.4615385e-01   2.1273746e-02
   8.4949833e-01   2.0892110e-02
   8.5284281e-01   2.0508528e-02
   8.5618729e-01   2.0122907e-02
   8.5953177e-01   1.9735152e-02
   8.6287625e-01   1.9345165e-02
   8.6622074e-01   1.8952849e-02
   8.6956522e-01   1.8558103e-02
   8.7290970e-01   1.8160825e-02
   8.7625418e-01   1.7760911e-02
   8.7959866e-01   1.7358256e-02
   8.8294314e-01   1.6952752e-02
   8.8628763e-01   1.6544291e-02
   8.8963211e-01   1.6132761e-02
   8.9297659e-01   1.5718049e-02
   8.9632107e-01   1.5300043e-02
   8.9966555e-01   1.4878625e-02
   9.0301003e-01   1.4453677e-02
   9.0635452e-01   1.4025081e-02
   9.0969900e-01   1.3592714e-02
   9.1304348e-01   1.3156453e-02
   9.1638796e-01   1.2716173e-02
   9.1973244e-01   1.2271748e-02
   9.2307692e-01   1.1823048e-02
   9.2642140e-01   1.1369944e-02
   9.2976589e-01   1.0912302e-02
   9.3311037e-01   1.0449990e-02
   9.3645485e-01   9.9828703e-03
   9.3979933e-01   9.5108061e-03
   9.4314381e-01   9.0336574e-03
   9.4648829e-01   8.5512831e-03
   9.4983278e-01   8.0635397e-03
   9.5317726e-01   7.5702822e-03
   9.5652174e-01   7.0713636e-03
   9.5986622e-01   6.5666351e-03
   9.6321070e-01   6.0559461e-03
   9.6655518e-01   5.5391440e-03
   9.6989967e-01   5.0160744e-03
   9.7324415e-01   4.4865809e-03
   9.7658863e-01   3.9505055e-03
   9.7993311e-01   3.4076881e-03
   9.8327759e-01   2.8579667e-03
   9.8662207e-01   2.3011776e-03
   9.8996656e-01   1.7371549e-03
   9.9331104e-01   1.1657311e-03
   9.9665552e-01   5.8673663e-04
   1.0000000e+00   0.0000000e+00
   1.0000000e+00   0.0000000e+00
   9.9665552e-01  -5.8673658e-04
   9.9331104e-01  -1.1657310e-03
   9.8996656e-01  -1.7371548e-03
   9.8662207e-01  -2.3011774e-03
   9.8327759e-01  -2.8579665e-03
   9.7993311e-01  -3.4076879e-03
   9.7658863e-01  -3.9505053e-03
   9.7324415e-01  -4.4865806e-03
   9.6989967e-01  -5.0160740e-03
   9.6655518e-01  -5.5391437e-03
   9.6321070e-01  -6.0559458e-03
   9.5986622e-01  -6.5666348e-03
   9.5652174e-01  -7.0713632e-03
   9.5317726e-01  -7.5702818e-03
   9.4983278e-01  -8.0635393e-03
   9.4648829e-01  -8.5512827e-03
   9.4314381e-01  -9.0336571e-03
   9.3979933e-01  -9.5108057e-03
   9.3645485e-01  -9.9828700e-03
   9.3311037e-01  -1.0449989e-02
   9.2976589e-01  -1.0912302e-02
   9.2642140e-01  -1.1369943e-02
   9.2307692e-01  -1.1823048e-02
   9.1973244e-01  -1.2271747e-02
   9.1638796e-01  -1.2716173e-02
   9.1304348e-01  -1.3156452e-02
   9.0969900e-01  -1.3592713e-02
   9.0635452e-01  -1.4025080e-02
   9.0301003e-01  -1.4453677e-02
   8.9966555e-01  -1.4878625e-02
   8.9632107e-01  -1.5300043e-02
   8.9297659e-01  -1.5718049e-02
   8.8963211e-01  -1.6132761e-02
   8.8628763e-01  -1.6544291e-02
   8.8294314e-01  -1.6952752e-02
   8.7959866e-01  -1.7358256e-02
   8.7625418e-01  -1.7760912e-02
   8.7290970e-01  -1.8160825e-02
   8.6956522e-01  -1.8558103e-02
   8.6622074e-01  -1.8952850e-02
   8.6287625e-01  -1.9345166e-02
   8.5953177e-01  -1.9735152e-02
   8.5618729e-01  -2.0122907e-02
   8.5284281e-01  -2.0508528e-02
   8.4949833e-01  -2.0892110e-02
   8.4615385e-01  -2.1273747e-02
   8.4280936e-01  -2.1653529e-02
   8.3946488e-01  -2.2031548e-02
   8.3612040e-01  -2.2407891e-02
   8.3277592e-01  -2.2782645e-02
   8.2943144e-01  -2.3155895e-02
   8.2608696e-01  -2.3527724e-02
   8.2274247e-01  -2.3898214e-02
   8.1939799e-01  -2.4267445e-02
   8.1605351e-01  -2.4635494e-02
   8.1270903e-01  -2.5002438e-02
   8.0936455e-01  -2.5368353e-02
   8.0602007e-01  -2.5733311e-02
   8.0267559e-01  -2.6097384e-02
   7.9933110e-01  -2.6460642e-02
   7.9598662e-01  -2.6823153e-02
   7.9264214e-01  -2.7184984e-02
   7.8929766e-01  -2.7546199e-02
   7.8595318e-01  -2.7906862e-02
   7.8260870e-01  -2.8267035e-02
   7.7926421e-01  -2.8626777e-02
   7.7591973e-01  -2.8986148e-02
   7.7257525e-01  -2.9345205e-02
   7.6923077e-01  -2.9704001e-02
   7.6588629e-01  -3.0062592e-02
   7.6254181e-01  -3.0421028e-02
   7.5919732e-01  -3.0779361e-02
   7.5585284e-01  -3.1137640e-02
   7.5250836e-01  -3.1495911e-02
   7.4916388e-01  -3.1854221e-02
   7.4581940e-01  -3.2212613e-02
   7.4247492e-01  -3.2571130e-02
   7.3913043e-01  -3.2929814e-02
   7.3578595e-01  -3.3288702e-02
   7.3244147e-01  -3.3647835e-02
   7.2909699e-01  -3.4007246e-02
   7.2575251e-01  -3.4366973e-02
   7.2240803e-01  -3.4727047e-02
   7.1906355e-01  -3.5087500e-02
   7.1571906e-01  -3.5448363e-02
   7.1237458e-01  -3.5809664e-02
   7.0903010e-01  -3.6171430e-02
   7.0568562e-01  -3.6533687e-02
   7.0234114e-01  -3.6896458e-02
   6.9899666e-01  -3.7259767e-02
   6.9565217e-01  -3.7623635e-02
   6.9230769e-01  -3.7988080e-02
   6.8896321e-01  -3.8353121e-02
   6.8561873e-01  -3.8718775e-02
   6.8227425e-01  -3.9085057e-02
   6.7892977e-01  -3.9451979e-02
   6.7558528e-01  -3.9819555e-02
   6.7224080e-01  -4.0187794e-02
   6.6889632e-01  -4.0556706e-02
   6.6555184e-01  -4.0926299e-02
   6.6220736e-01  -4.1296578e-02
   6.5886288e-01  -4.1667549e-02
   6.5551839e-01  -4.2039214e-02
   6.5217391e-01  -4.2411576e-02
   6.4882943e-01  -4.2784635e-02
   6.4548495e-01  -4.3158389e-02
   6.4214047e-01  -4.3532837e-02
   6.3879599e-01  -4.3907974e-02
   6.3545151e-01  -4.4283795e-02
   6.3210702e-01  -4.4660292e-02
   6.2876254e-01  -4.5037459e-02
   6.2541806e-01  -4.5415285e-02
   6.2207358e-01  -4.5793758e-02
   6.1872910e-01  -4.6172867e-02
   6.1538462e-01  -4.6552598e-02
   6.1204013e-01  -4.6932935e-02
   6.0869565e-01  -4.7313861e-02
   6.0535117e-01  -4.7695359e-02
   6.0200669e-01  -4.8077408e-02
   5.9866221e-01  -4.8459989e-02
   5.9531773e-01  -4.8843078e-02
   5.9197324e-01  -4.9226651e-02
   5.8862876e-01  -4.9610685e-02
   5.8528428e-01  -4.9995151e-02
   5.8193980e-01  -5.0380023e-02
   5.7859532e-01  -5.0765271e-02
   5.7525084e-01  -5.1150865e-02
   5.7190635e-01  -5.1536772e-02
   5.6856187e-01  -5.1922959e-02
   5.6521739e-01  -5.2309392e-02
   5.6187291e-01  -5.2696034e-02
   5.5852843e-01  -5.3082848e-02
   5.5518395e-01  -5.3469795e-02
   5.5183946e-01  -5.3856834e-02
   5.4849498e-01  -5.4243926e-02
   5.4515050e-01  -5.4631026e-02
   5.4180602e-01  -5.5018090e-02
   5.3846154e-01  -5.5405073e-02
   5.3511706e-01  -5.5791927e-02
   5.3177258e-01  -5.6178606e-02
   5.2842809e-01  -5.6565058e-02
   5.2508361e-01  -5.6951233e-02
   5.2173913e-01  -5.7337078e-02
   5.1839465e-01  -5.7722541e-02
   5.1505017e-01  -5.8107566e-02
   5.1170569e-01  -5.8492096e-02
   5.0836120e-01  -5.8876074e-02
   5.0501672e-01  -5.9259441e-02
   5.0167224e-01  -5.9642137e-02
   4.9832776e-01  -6.0024100e-02
   4.9498328e-01  -6.0405266e-02
   4.9163880e-01  -6.0785572e-02
   4.8829431e-01  -6.1164951e-02
   4.8494983e-01  -6.1543337e-02
   4.8160535e-01  -6.1920661e-02
   4.7826087e-01  -6.2296853e-02
   4.7491639e-01  -6.2671843e-02
   4.7157191e-01  -6.3045557e-02
   4.6822742e-01  -6.3417922e-02
   4.6488294e-01  -6.3788863e-02
   4.6153846e-01  -6.4158302e-02
   4.5819398e-01  -6.4526163e-02
   4.5484950e-01  -6.4892365e-02
   4.5150502e-01  -6.5256829e-02
   4.4816054e-01  -6.5619471e-02
   4.4481605e-01  -6.5980209e-02
   4.4147157e-01  -6.6338958e-02
   4.3812709e-01  -6.6695631e-02
   4.3478261e-01  -6.7050140e-02
   4.3143813e-01  -6.7402398e-02
   4.2809365e-01  -6.7752312e-02
   4.2474916e-01  -6.8099792e-02
   4.2140468e-01  -6.8444744e-02
   4.1806020e-01  -6.8787073e-02
   4.1471572e-01  -6.9126683e-02
   4.1137124e-01  -6.9463476e-02
   4.0802676e-01  -6.9797353e-02
   4.0468227e-01  -7.0128214e-02
   4.0133779e-01  -7.0455956e-02
   3.9799331e-01  -7.0780475e-02
   3.9464883e-01  -7.1101667e-02
   3.9130435e-01  -7.1419425e-02
   3.8795987e-01  -7.1733640e-02
   3.8461538e-01  -7.2044203e-02
   3.8127090e-01  -7.2351001e-02
   3.7792642e-01  -7.2653923e-02
   3.7458194e-01  -7.2952853e-02
   3.7123746e-01  -7.3247676e-02
   3.6789298e-01  -7.3538272e-02
   3.6454849e-01  -7.3824523e-02
   3.6120401e-01  -7.4106307e-02
   3.5785953e-01  -7.4383501e-02
   3.5451505e-01  -7.4655979e-02
   3.5117057e-01  -7.4923617e-02
   3.4782609e-01  -7.5186284e-02
   3.4448161e-01  -7.5443851e-02
   3.4113712e-01  -7.5696185e-02
   3.3779264e-01  -7.5943152e-02
   3.3444816e-01  -7.6184616e-02
   3.3110368e-01  -7.6420439e-02
   3.2775920e-01  -7.6650480e-02
   3.2441472e-01  -7.6874598e-02
   3.2107023e-01  -7.7092648e-02
   3.1772575e-01  -7.7304484e-02
   3.1438127e-01  -7.7509956e-02
   3.1103679e-01  -7.7708914e-02
   3.0769231e-01  -7.7901204e-02
   3.0434783e-01  -7.8086671e-02
   3.0100334e-01  -7.8265155e-02
   2.9765886e-01  -7.8436497e-02
   2.9431438e-01  -7.8600533e-02
   2.9096990e-01  -7.8757097e-02
   2.8762542e-01  -7.8906020e-02
   2.8428094e-01  -7.9047130e-02
   2.8093645e-01  -7.9180253e-02
   2.7759197e-01  -7.9305212e-02
   2.7424749e-01  -7.9421824e-02
   2.7090301e-01  -7.9529907e-02
   2.6755853e-01  -7.9629273e-02
   2.6421405e-01  -7.9719732e-02
   2.6086957e-01  -7.9801089e-02
   2.5752508e-01  -7.9873145e-02
   2.5418060e-01  -7.9935700e-02
   2.5083612e-01  -7.9988546e-02
   2.4749164e-01  -8.0031475e-02
   2.4414716e-01  -8.0064271e-02
   2.4080268e-01  -8.0086715e-02
   2.3745819e-01  -8.0098585e-02
   2.3411371e-01  -8.0099650e-02
   2.3076923e-01  -8.0089678e-02
   2.2742475e-01  -8.0068429e-02
   2.2408027e-01  -8.0035658e-02
   2.2073579e-01  -7.9991115e-02
   2.1739130e-01  -7.9934543e-02
   2.1404682e-01  -7.9865678e-02
   2.1070234e-01  -7.9784250e-02
   2.0735786e-01  -7.9689982e-02
   2.0401338e-01  -7.9582588e-02
   2.0066890e-01  -7.9461775e-02
   1.9732441e-01  -7.9327243e-02
   1.9397993e-01  -7.9178680e-02
   1.9063545e-01  -7.9015767e-02
   1.8729097e-01  -7.8838174e-02
   1.8394649e-01  -7.8645561e-02
   1.8060201e-01  -7.8437576e-02
   1.7725753e-01  -7.8213855e-02
   1.7391304e-01  -7.7974023e-02
   1.7056856e-01  -7.7717689e-02
   1.6722408e-01  -7.7444449e-02
   1.6387960e-01  -7.7153884e-02
   1.6053512e-01  -7.6845556e-02
   1.5719064e-01  -7.6519013e-02
   1.5384615e-01  -7.6173781e-02
   1.5050167e-01  -7.5809366e-02
   1.4715719e-01  -7.5425254e-02
   1.4381271e-01  -7.5020904e-02
   1.4046823e-01  -7.4595753e-02
   1.3712375e-01  -7.4149207e-02
   1.3377926e-01  -7.3680643e-02
   1.3043478e-01  -7.3189406e-02
   1.2709030e-01  -7.2674805e-02
   1.2374582e-01  -7.2136109e-02
   1.2040134e-01  -7.1572546e-02
   1.1705686e-01  -7.0983296e-02
   1.1371237e-01  -7.0367488e-02
   1.1036789e-01  -6.9724194e-02
   1.0702341e-01  -6.9052425e-02
   1.0367893e-01  -6.8351120e-02
   1.0033445e-01  -6.7619142e-02
   9.6989967e-02  -6.6855269e-02
   9.3645485e-02  -6.6058180e-02
   9.0301003e-02  -6.5226446e-02
   8.6956522e-02  -6.4358515e-02
   8.3612040e-02  -6.3452697e-02
   8.0267559e-02  -6.2507142e-02
   7.6923077e-02  -6.1519817e-02
   7.3578595e-02  -6.0488481e-02
   7.0234114e-02  -5.9410648e-02
   6.6889632e-02  -5.8283550e-02
   6.3545151e-02  -5.7104083e-02
   6.0200669e-02  -5.5868750e-02
   5.6856187e-02  -5.4573578e-02
   5.3511706e-02  -5.3214026e-02
   5.0167224e-02  -5.1784855e-02
   4.6822742e-02  -5.0279966e-02
   4.3478261e-02  -4.8692180e-02
   4.0133779e-02  -4.7012946e-02
   3.6789298e-02  -4.5231936e-02
   3.3444816e-02  -4.3336463e-02
   3.0100334e-02  -4.1310640e-02
   2.6755853e-02  -3.9134106e-02
   2.3411371e-02  -3.6779998e-02
   2.0066890e-02  -3.4211570e-02
   1.6722408e-02  -3.1376137e-02
   1.3377926e-02  -2.8193171e-02
   1.0033445e-02  -2.4527670e-02
   6.6889632e-03  -2.0117530e-02
   3.3444816e-03  -1.4289132e-02
   0.0000000e+00  -0.0000000e+00
