   0.0000000e+00   0.0000000e+00
   3.3444816e-03   1.3681027e-02
   6.6889632e-03   1.9373849e-02
   1.0033445e-02   2.3756612e-02
   1.3377926e-02   2.7461135e-02
   1.6722408e-02   3.0731283e-02
   2.0066890e-02   3.3691627e-02
   2.3411371e-02   3.6415843e-02
   2.6755853e-02   3.8951707e-02
   3.0100334e-02   4.1332232e-02
   3.3444816e-02   4.3581326e-02
   3.6789298e-02   4.5716934e-02
   4.0133779e-02   4.7752917e-02
   4.3478261e-02   4.9700232e-02
   4.6822742e-02   5.1567706e-02
   5.0167224e-02   5.3362571e-02
   5.3511706e-02   5.5090833e-02
   5.6856187e-02   5.6757541e-02
   6.0200669e-02   5.8366986e-02
   6.3545151e-02   5.9922848e-02
   6.6889632e-02   6.1428310e-02
   7.0234114e-02   6.2886147e-02
   7.3578595e-02   6.4298795e-02
   7.6923077e-02   6.5668405e-02
   8.0267559e-02   6.6996888e-02
   8.3612040e-02   6.8285952e-02
   8.6956522e-02   6.9537131e-02
   9.0301003e-02   7.0751807e-02
   9.3645485e-02   7.1931235e-02
   9.6989967e-02   7.3076555e-02
   1.0033445e-01   7.4188808e-02
   1.0367893e-01   7.5268952e-02
   1.0702341e-01   7.6317865e-02
   1.1036789e-01   7.7336362e-02
   1.1371237e-01   7.8325195e-02
   1.1705686e-01   7.9285065e-02
   1.2040134e-01   8.0216626e-02
   1.2374582e-01   8.1120489e-02
   1.2709030e-01   8.1997227e-02
   1.3043478e-01   8.2847382e-02
   1.3377926e-01   8.3671462e-02
   1.3712375e-01   8.4469950e-02
   1.4046823e-01   8.5243303e-02
   1.4381271e-01   8.5991955e-02
   1.4715719e-01   8.6716321e-02
   1.5050167e-01   8.7416798e-02
   1.5384615e-01   8.8093764e-02
   1.5719064e-01   8.8747583e-02
   1.6053512e-01   8.9378605e-02
   1.6387960e-01   8.9987167e-02
   1.6722408e-01   9.0573595e-02
   1.7056856e-01   9.1138203e-02
   1.7391304e-01   9.1681297e-02
   1.7725753e-01   9.2203172e-02
   1.8060201e-01   9.2704118e-02
   1.8394649e-01   9.3184413e-02
   1.8729097e-01   9.3644331e-02
   1.9063545e-01   9.4084139e-02
   1.9397993e-01   9.4504099e-02
   1.9732441e-01   9.4904466e-02
   2.0066890e-01   9.5285489e-02
   2.0401338e-01   9.5647417e-02
   2.0735786e-01   9.5990489e-02
   2.1070234e-01   9.6314944e-02
   2.1404682e-01   9.6621016e-02
   2.1739130e-01   9.6908935e-02
   2.2073579e-01   9.7178929e-02
   2.2408027e-01   9.7431223e-02
   2.2742475e-01   9.7666037e-02
   2.3076923e-01   9.7883592e-02
   2.3411371e-01   9.8084104e-02
   2.3745819e-01   9.8267788e-02
   2.4080268e-01   9.8434856e-02
   2.4414716e-01   9.8585519e-02
   2.4749164e-01   9.8719987e-02
   2.5083612e-01   9.8838466e-02
   2.5418060e-01   9.8941162e-02
   2.5752508e-01   9.9028279e-02
   2.6086957e-01   9.9100020e-02
   2.6421405e-01   9.9156587e-02
   2.6755853e-01   9.9198179e-02
   2.7090301e-01   9.9224996e-02
   2.7424749e-01   9.9237235e-02
   2.7759197e-01   9.9235094e-02
   2.8093645e-01   9.9218768e-02
   2.8428094e-01   9.9188452e-02
   2.8762542e-01   9.9144341e-02
   2.9096990e-01   9.9086627e-02
   2.9431438e-01   9.9015502e-02
   2.9765886e-01   9.8931158e-02
   3.0100334e-01   9.8833786e-02
   3.0434783e-01   9.8723576e-02
   3.0769231e-01   9.8600715e-02
   3.1103679e-01   9.8465394e-02
   3.1438127e-01   9.8317800e-02
   3.1772575e-01   9.8158119e-02
   3.2107023e-01   9.7986538e-02
   3.2441472e-01   9.7803243e-02
   3.2775920e-01   9.7608419e-02
   3.3110368e-01   9.7402249e-02
   3.3444816e-01   9.7184917e-02
   3.3779264e-01   9.6956608e-02
   3.4113712e-01   9.6717502e-02
   3.4448161e-01   9.6467781e-02
   3.4782609e-01   9.6207627e-02
   3.5117057e-01   9.5937219e-02
   3.5451505e-01   9.5656739e-02
   3.5785953e-01   9.5366364e-02
   3.6120401e-01   9.5066273e-02
   3.6454849e-01   9.4756643e-02
   3.6789298e-01   9.4437652e-02
   3.7123746e-01   9.4109477e-02
   3.7458194e-01   9.3772292e-02
   3.7792642e-01   9.3426273e-02
   3.8127090e-01   9.3071593e-02
   3.8461538e-01   9.2708427e-02
   3.8795987e-01   9.2336947e-02
   3.9130435e-01   9.1957325e-02
   3.9464883e-01   9.1569733e-02
   3.9799331e-01   9.1174340e-02
   4.0133779e-01   9.0771317e-02
   4.0468227e-01   9.0360832e-02
   4.0802676e-01   8.9943054e-02
   4.1137124e-01   8.9518150e-02
   4.1471572e-01   8.9086286e-02
   4.1806020e-01   8.8647628e-02
   4.2140468e-01   8.8202340e-02
   4.2474916e-01   8.7750587e-02
   4.2809365e-01   8.7292531e-02
   4.3143813e-01   8.6828335e-02
   4.3478261e-01   8.6358159e-02
   4.3812709e-01   8.5882164e-02
   4.4147157e-01   8.5400509e-02
   4.4481605e-01   8.4913351e-02
   4.4816054e-01   8.4420849e-02
   4.5150502e-01   8.3923159e-02
   4.5484950e-01   8.3420435e-02
   4.5819398e-01   8.2912832e-02
   4.6153846e-01   8.2400504e-02
   4.6488294e-01   8.1883601e-02
   4.6822742e-01   8.1362276e-02
   4.7157191e-01   8.0836677e-02
   4.7491639e-01   8.0306954e-02
   4.7826087e-01   7.9773254e-02
   4.8160535e-01   7.9235724e-02
   4.8494983e-01   7.8694509e-02
   4.8829431e-01   7.8149753e-02
   4.9163880e-01   7.7601599e-02
   4.9498328e-01   7.7050188e-02
   4.9832776e-01   7.6495661e-02
   5.0167224e-01   7.5938156e-02
   5.0501672e-01   7.5377813e-02
   5.0836120e-01   7.4814767e-02
   5.1170569e-01   7.4249154e-02
   5.1505017e-01   7.3681107e-02
   5.1839465e-01   7.3110759e-02
   5.2173913e-01   7.2538241e-02
   5.2508361e-01   7.1963683e-02
   5.2842809e-01   7.1387214e-02
   5.3177258e-01   7.0808961e-02
   5.3511706e-01   7.0229048e-02
   5.3846154e-01   6.9647601e-02
   5.4180602e-01   6.9064741e-02
   5.4515050e-01   6.8480590e-02
   5.4849498e-01   6.7895268e-02
   5.5183946e-01   6.7308893e-02
   5.5518395e-01   6.6721581e-02
   5.5852843e-01   6.6133447e-02
   5.6187291e-01   6.5544605e-02
   5.6521739e-01   6.4955167e-02
   5.6856187e-01   6.4365243e-02
   5.7190635e-01   6.3774942e-02
   5.7525084e-01   6.3184370e-02
   5.7859532e-01   6.2593633e-02
   5.8193980e-01   6.2002835e-02
   5.8528428e-01   6.1412078e-02
   5.8862876e-01   6.0821462e-02
   5.9197324e-01   6.0231085e-02
   5.9531773e-01   5.9641045e-02
   5.9866221e-01   5.9051436e-02
   6.0200669e-01   5.8462352e-02
   6.0535117e-01   5.7873884e-02
   6.0869565e-01   5.7286122e-02
   6.1204013e-01   5.6699154e-02
   6.1538462e-01   5.6113066e-02
   6.1872910e-01   5.5527941e-02
   6.2207358e-01   5.4943863e-02
   6.2541806e-01   5.4360912e-02
   6.2876254e-01   5.3779165e-02
   6.3210702e-01   5.3198701e-02
   6.3545151e-01   5.2619593e-02
   6.3879599e-01   5.2041914e-02
   6.4214047e-01   5.1465735e-02
   6.4548495e-01   5.0891124e-02
   6.4882943e-01   5.0318148e-02
   6.5217391e-01   4.9746873e-02
   6.5551839e-01   4.9177360e-02
   6.5886288e-01   4.8609670e-02
   6.6220736e-01   4.8043862e-02
   6.6555184e-01   4.7479993e-02
   6.6889632e-01   4.6918116e-02
   6.7224080e-01   4.6358284e-02
   6.7558528e-01   4.5800547e-02
   6.7892977e-01   4.5244953e-02
   6.8227425e-01   4.4691548e-02
   6.8561873e-01   4.4140375e-02
   6.8896321e-01   4.3591477e-02
   6.9230769e-01   4.3044891e-02
   6.9565217e-01   4.2500656e-02
   6.9899666e-01   4.1958806e-02
   7.0234114e-01   4.1419373e-02
   7.0568562e-01   4.0882388e-02
   7.0903010e-01   4.0347880e-02
   7.1237458e-01   3.9815872e-02
   7.1571906e-01   3.9286390e-02
   7.1906355e-01   3.8759453e-02
   7.2240803e-01   3.8235082e-02
   7.2575251e-01   3.7713291e-02
   7.2909699e-01   3.7194096e-02
   7.3244147e-01   3.6677507e-02
   7.3578595e-01   3.6163533e-02
   7.3913043e-01   3.5652183e-02
   7.4247492e-01   3.5143459e-02
   7.4581940e-01   3.4637365e-02
   7.4916388e-01   3.4133898e-02
   7.5250836e-01   3.3633057e-02
   7.5585284e-01   3.3134836e-02
   7.5919732e-01   3.2639226e-02
   7.6254181e-01   3.2146218e-02
   7.6588629e-01   3.1655797e-02
   7.6923077e-01   3.1167949e-02
   7.7257525e-01   3.0682656e-02
   7.7591973e-01   3.0199896e-02
   7.7926421e-01   2.9719646e-02
   7.8260870e-01   2.9241880e-02
   7.8595318e-01   2.8766570e-02
   7.8929766e-01   2.8293685e-02
   7.9264214e-01   2.7823190e-02
   7.9598662e-01   2.7355049e-02
   7.9933110e-01   2.6889223e-02
   8.0267559e-01   2.6425671e-02
   8.0602007e-01   2.5964347e-02
   8.0936455e-01   2.5505204e-02
   8.1270903e-01   2.5048192e-02
   8.1605351e-01   2.4593259e-02
   8.1939799e-01   2.4140349e-02
   8.2274247e-01   2.3689404e-02
   8.2608696e-01   2.3240362e-02
   8.2943144e-01   2.2793160e-02
   8.3277592e-01   2.2347732e-02
   8.3612040e-01   2.1904007e-02
   8.3946488e-01   2.1461913e-02
   8.4280936e-01   2.1021376e-02
   8.4615385e-01   2.0582317e-02
   8.4949833e-01   2.0144655e-02
   8.5284281e-01   1.9708307e-02
   8.5618729e-01   1.9273185e-02
   8.5953177e-01   1.8839201e-02
   8.6287625e-01   1.8406261e-02
   8.6622074e-01   1.7974271e-02
   8.6956522e-01   1.7543131e-02
   8.7290970e-01   1.7112741e-02
   8.7625418e-01   1.6682995e-02
   8.7959866e-01   1.6253787e-02
   8.8294314e-01   1.5825007e-02
   8.8628763e-01   1.5396540e-02
   8.8963211e-01   1.4968270e-02
   8.9297659e-01   1.4540079e-02
   8.9632107e-01   1.4111843e-02
   8.9966555e-01   1.3683436e-02
   9.0301003e-01   1.3254731e-02
   9.0635452e-01   1.2825595e-02
   9.0969900e-01   1.2395893e-02
   9.1304348e-01   1.1965488e-02
   9.1638796e-01   1.1534238e-02
   9.1973244e-01   1.1101999e-02
   9.2307692e-01   1.0668623e-02
   9.2642140e-01   1.0233960e-02
   9.2976589e-01   9.7978568e-03
   9.3311037e-01   9.3601554e-03
   9.3645485e-01   8.9206959e-03
   9.3979933e-01   8.4793149e-03
   9.4314381e-01   8.0358458e-03
   9.4648829e-01   7.5901186e-03
   9.4983278e-01   7.1419603e-03
   9.5317726e-01   6.6911943e-03
   9.5652174e-01   6.2376411e-03
   9.5986622e-01   5.7811176e-03
   9.6321070e-01   5.3214375e-03
   9.6655518e-01   4.8584112e-03
   9.6989967e-01   4.3918458e-03
   9.7324415e-01   3.9215450e-03
   9.7658863e-01   3.4473092e-03
   9.7993311e-01   2.9689354e-03
   9.8327759e-01   2.4862172e-03
   9.8662207e-01   1.9989449e-03
   9.8996656e-01   1.5069053e-03
   9.9331104e-01   1.0098818e-03
   9.9665552e-01   5.0765453e-04
   1.0000000e+00   0.0000000e+00
   1.0000000e+00   0.0000000e+00
   9.9665552e-01  -7.2663268e-04
   9.9331104e-01  -1.4485615e-03
   9.8996656e-01  -2.1657388e-03
   9.8662207e-01  -2.8781183e-03
   9.8327759e-01  -3.5856543e-03
   9.7993311e-01  -4.2883025e-03
   9.7658863e-01  -4.9860192e-03
   9.7324415e-01  -5.6787621e-03
   9.6989967e-01  -6.3664897e-03
   9.6655518e-01  -7.0491614e-03
   9.6321070e-01  -7.7267378e-03
   9.5986622e-01  -8.3991804e-03
   9.5652174e-01  -9.0664515e-03
   9.5317726e-01  -9.7285147e-03
   9.4983278e-01  -1.0385334e-02
   9.4648829e-01  -1.1036876e-02
   9.4314381e-01  -1.1683105e-02
   9.3979933e-01  -1.2323990e-02
   9.3645485e-01  -1.2959499e-02
   9.3311037e-01  -1.3589601e-02
   9.2976589e-01  -1.4214265e-02
   9.2642140e-01  -1.4833464e-02
   9.2307692e-01  -1.5447168e-02
   9.1973244e-01  -1.6055352e-02
   9.1638796e-01  -1.6657988e-02
   9.1304348e-01  -1.7255053e-02
   9.0969900e-01  -1.7846520e-02
   9.0635452e-01  -1.8432367e-02
   9.0301003e-01  -1.9012572e-02
   8.9966555e-01  -1.9587113e-02
   8.9632107e-01  -2.0155969e-02
   8.9297659e-01  -2.0719120e-02
   8.8963211e-01  -2.1276548e-02
   8.8628763e-01  -2.1828234e-02
   8.8294314e-01  -2.2374162e-02
   8.7959866e-01  -2.2914314e-02
   8.7625418e-01  -2.3448677e-02
   8.7290970e-01  -2.3977234e-02
   8.6956522e-01  -2.4499973e-02
   8.6622074e-01  -2.5016880e-02
   8.6287625e-01  -2.5527944e-02
   8.5953177e-01  -2.6033154e-02
   8.5618729e-01  -2.6532499e-02
   8.5284281e-01  -2.7025969e-02
   8.4949833e-01  -2.7513557e-02
   8.4615385e-01  -2.7995254e-02
   8.4280936e-01  -2.8471053e-02
   8.3946488e-01  -2.8940949e-02
   8.3612040e-01  -2.9404936e-02
   8.3277592e-01  -2.9863008e-02
   8.2943144e-01  -3.0315164e-02
   8.2608696e-01  -3.0761398e-02
   8.2274247e-01  -3.1201711e-02
   8.1939799e-01  -3.1636099e-02
   8.1605351e-01  -3.2064563e-02
   8.1270903e-01  -3.2487102e-02
   8.0936455e-01  -3.2903718e-02
   8.0602007e-01  -3.3314411e-02
   8.0267559e-01  -3.3719186e-02
   7.9933110e-01  -3.4118044e-02
   7.9598662e-01  -3.4510991e-02
   7.9264214e-01  -3.4898029e-02
   7.8929766e-01  -3.5279166e-02
   7.8595318e-01  -3.5654407e-02
   7.8260870e-01  -3.6023758e-02
   7.7926421e-01  -3.6387228e-02
   7.7591973e-01  -3.6744825e-02
   7.7257525e-01  -3.7096558e-02
   7.6923077e-01  -3.7442437e-02
   7.6588629e-01  -3.7782471e-02
   7.6254181e-01  -3.8116673e-02
   7.5919732e-01  -3.8445053e-02
   7.5585284e-01  -3.8767625e-02
   7.5250836e-01  -3.9084401e-02
   7.4916388e-01  -3.9395396e-02
   7.4581940e-01  -3.9700623e-02
   7.4247492e-01  -4.0000098e-02
   7.3913043e-01  -4.0293837e-02
   7.3578595e-01  -4.0581856e-02
   7.3244147e-01  -4.0864172e-02
   7.2909699e-01  -4.1140803e-02
   7.2575251e-01  -4.1411767e-02
   7.2240803e-01  -4.1677083e-02
   7.1906355e-01  -4.1936771e-02
   7.1571906e-01  -4.2190851e-02
   7.1237458e-01  -4.2439343e-02
   7.0903010e-01  -4.2682268e-02
   7.0568562e-01  -4.2919650e-02
   7.0234114e-01  -4.3151510e-02
   6.9899666e-01  -4.3377871e-02
   6.9565217e-01  -4.3598757e-02
   6.9230769e-01  -4.3814192e-02
   6.8896321e-01  -4.4024201e-02
   6.8561873e-01  -4.4228810e-02
   6.8227425e-01  -4.4428043e-02
   6.7892977e-01  -4.4621928e-02
   6.7558528e-01  -4.4810491e-02
   6.7224080e-01  -4.4993760e-02
   6.6889632e-01  -4.5171763e-02
   6.6555184e-01  -4.5344528e-02
   6.6220736e-01  -4.5512085e-02
   6.5886288e-01  -4.5674461e-02
   6.5551839e-01  -4.5831689e-02
   6.5217391e-01  -4.5983797e-02
   6.4882943e-01  -4.6130817e-02
   6.4548495e-01  -4.6272780e-02
   6.4214047e-01  -4.6409718e-02
   6.3879599e-01  -4.6541663e-02
   6.3545151e-01  -4.6668647e-02
   6.3210702e-01  -4.6790705e-02
   6.2876254e-01  -4.6907869e-02
   6.2541806e-01  -4.7020174e-02
   6.2207358e-01  -4.7127653e-02
   6.1872910e-01  -4.7230342e-02
   6.1538462e-01  -4.7328275e-02
   6.1204013e-01  -4.7421489e-02
   6.0869565e-01  -4.7510019e-02
   6.0535117e-01  -4.7593901e-02
   6.0200669e-01  -4.7673172e-02
   5.9866221e-01  -4.7747869e-02
   5.9531773e-01  -4.7818030e-02
   5.9197324e-01  -4.7883691e-02
   5.8862876e-01  -4.7944892e-02
   5.8528428e-01  -4.8001670e-02
   5.8193980e-01  -4.8054064e-02
   5.7859532e-01  -4.8102113e-02
   5.7525084e-01  -4.8145856e-02
   5.7190635e-01  -4.8185333e-02
   5.6856187e-01  -4.8220583e-02
   5.6521739e-01  -4.8251646e-02
   5.6187291e-01  -4.8278563e-02
   5.5852843e-01  -4.8301375e-02
   5.5518395e-01  -4.8320121e-02
   5.5183946e-01  -4.8334844e-02
   5.4849498e-01  -4.8345584e-02
   5.4515050e-01  -4.8352382e-02
   5.4180602e-01  -4.8355281e-02
   5.3846154e-01  -4.8354321e-02
   5.3511706e-01  -4.8349546e-02
   5.3177258e-01  -4.8340997e-02
   5.2842809e-01  -4.8328716e-02
   5.2508361e-01  -4.8312745e-02
   5.2173913e-01  -4.8293129e-02
   5.1839465e-01  -4.8269908e-02
   5.1505017e-01  -4.8243126e-02
   5.1170569e-01  -4.8212826e-02
   5.0836120e-01  -4.8179050e-02
   5.0501672e-01  -4.8141842e-02
   5.0167224e-01  -4.8101245e-02
   4.9832776e-01  -4.8057302e-02
   4.9498328e-01  -4.8010056e-02
   4.9163880e-01  -4.7959550e-02
   4.8829431e-01  -4.7905827e-02
   4.8494983e-01  -4.7848932e-02
   4.8160535e-01  -4.7788906e-02
   4.7826087e-01  -4.7725794e-02
   4.7491639e-01  -4.7659637e-02
   4.7157191e-01  -4.7590480e-02
   4.6822742e-01  -4.7518366e-02
   4.6488294e-01  -4.7443337e-02
   4.6153846e-01  -4.7365435e-02
   4.5819398e-01  -4.7284705e-02
   4.5484950e-01  -4.7201188e-02
   4.5150502e-01  -4.7114927e-02
   4.4816054e-01  -4.7025964e-02
   4.4481605e-01  -4.6934341e-02
   4.4147157e-01  -4.6840101e-02
   4.3812709e-01  -4.6743285e-02
   4.3478261e-01  -4.6643934e-02
   4.3143813e-01  -4.6542090e-02
   4.2809365e-01  -4.6437793e-02
   4.2474916e-01  -4.6331085e-02
   4.2140468e-01  -4.6222006e-02
   4.1806020e-01  -4.6110596e-02
   4.1471572e-01  -4.5996895e-02
   4.1137124e-01  -4.5880942e-02
   4.0802676e-01  -4.5762777e-02
   4.0468227e-01  -4.5642437e-02
   4.0133779e-01  -4.5519962e-02
   3.9799331e-01  -4.5395389e-02
   3.9464883e-01  -4.5268756e-02
   3.9130435e-01  -4.5140099e-02
   3.8795987e-01  -4.5009455e-02
   3.8461538e-01  -4.4876860e-02
   3.8127090e-01  -4.4742349e-02
   3.7792642e-01  -4.4605957e-02
   3.7458194e-01  -4.4467719e-02
   3.7123746e-01  -4.4327667e-02
   3.6789298e-01  -4.4185834e-02
   3.6454849e-01  -4.4042254e-02
   3.6120401e-01  -4.3896957e-02
   3.5785953e-01  -4.3749974e-02
   3.5451505e-01  -4.3601336e-02
   3.5117057e-01  -4.3451072e-02
   3.4782609e-01  -4.3299209e-02
   3.4448161e-01  -4.3145776e-02
   3.4113712e-01  -4.2990800e-02
   3.3779264e-01  -4.2834306e-02
   3.3444816e-01  -4.2676319e-02
   3.3110368e-01  -4.2516862e-02
   3.2775920e-01  -4.2355960e-02
   3.2441472e-01  -4.2193632e-02
   3.2107023e-01  -4.2029901e-02
   3.1772575e-01  -4.1864786e-02
   3.1438127e-01  -4.1698304e-02
   3.1103679e-01  -4.1530473e-02
   3.0769231e-01  -4.1361309e-02
   3.0434783e-01  -4.1190826e-02
   3.0100334e-01  -4.1019037e-02
   2.9765886e-01  -4.0845954e-02
   2.9431438e-01  -4.0671587e-02
   2.9096990e-01  -4.0495944e-02
   2.8762542e-01  -4.0319033e-02
   2.8428094e-01  -4.0140859e-02
   2.8093645e-01  -3.9961425e-02
   2.7759197e-01  -3.9780734e-02
   2.7424749e-01  -3.9598785e-02
   2.7090301e-01  -3.9415576e-02
   2.6755853e-01  -3.9231103e-02
   2.6421405e-01  -3.9045361e-02
   2.6086957e-01  -3.8858342e-02
   2.5752508e-01  -3.8670034e-02
   2.5418060e-01  -3.8480425e-02
   2.5083612e-01  -3.8289499e-02
   2.4749164e-01  -3.8097240e-02
   2.4414716e-01  -3.7903627e-02
   2.4080268e-01  -3.7708636e-02
   2.3745819e-01  -3.7512242e-02
   2.3411371e-01  -3.7314416e-02
   2.3076923e-01  -3.7115125e-02
   2.2742475e-01  -3.6914335e-02
   2.2408027e-01  -3.6712007e-02
   2.2073579e-01  -3.6508099e-02
   2.1739130e-01  -3.6302565e-02
   2.1404682e-01  -3.6095356e-02
   2.1070234e-01  -3.5886417e-02
   2.0735786e-01  -3.5675691e-02
   2.0401338e-01  -3.5463115e-02
   2.0066890e-01  -3.5248623e-02
   1.9732441e-01  -3.5032142e-02
   1.9397993e-01  -3.4813597e-02
   1.9063545e-01  -3.4592903e-02
   1.8729097e-01  -3.4369974e-02
   1.8394649e-01  -3.4144716e-02
   1.8060201e-01  -3.3917028e-02
   1.7725753e-01  -3.3686804e-02
   1.7391304e-01  -3.3453930e-02
   1.7056856e-01  -3.3218284e-02
   1.6722408e-01  -3.2979738e-02
   1.6387960e-01  -3.2738154e-02
   1.6053512e-01  -3.2493386e-02
   1.5719064e-01  -3.2245278e-02
   1.5384615e-01  -3.1993666e-02
   1.5050167e-01  -3.1738372e-02
   1.4715719e-01  -3.1479208e-02
   1.4381271e-01  -3.1215977e-02
   1.4046823e-01  -3.0948463e-02
   1.3712375e-01  -3.0676441e-02
   1.3377926e-01  -3.0399669e-02
   1.3043478e-01  -3.0117887e-02
   1.2709030e-01  -2.9830822e-02
   1.2374582e-01  -2.9538177e-02
   1.2040134e-01  -2.9239637e-02
   1.1705686e-01  -2.8934864e-02
   1.1371237e-01  -2.8623497e-02
   1.1036789e-01  -2.8305144e-02
   1.0702341e-01  -2.7979389e-02
   1.0367893e-01  -2.7645779e-02
   1.0033445e-01  -2.7303828e-02
   9.6989967e-02  -2.6953010e-02
   9.3645485e-02  -2.6592753e-02
   9.0301003e-02  -2.6222438e-02
   8.6956522e-02  -2.5841390e-02
   8.3612040e-02  -2.5448871e-02
   8.0267559e-02  -2.5044072e-02
   7.6923077e-02  -2.4626107e-02
   7.3578595e-02  -2.4193994e-02
   7.0234114e-02  -2.3746646e-02
   6.6889632e-02  -2.3282855e-02
   6.3545151e-02  -2.2801265e-02
   6.0200669e-02  -2.2300355e-02
   5.6856187e-02  -2.1778398e-02
   5.3511706e-02  -2.1233427e-02
   5.0167224e-02  -2.0663180e-02
   4.6822742e-02  -2.0065030e-02
   4.3478261e-02  -1.9435902e-02
   4.0133779e-02  -1.8772144e-02
   3.6789298e-02  -1.8069364e-02
   3.3444816e-02  -1.7322194e-02
   3.0100334e-02  -1.6523942e-02
   2.6755853e-02  -1.5666070e-02
   2.3411371e-02  -1.4737366e-02
   2.0066890e-02  -1.3722569e-02
   1.6722408e-02  -1.2599893e-02
   1.3377926e-02  -1.1336188e-02
   1.0033445e-02  -9.8761097e-03
   6.6889632e-03  -8.1126273e-03
   3.3444816e-03  -5.7716599e-03
   0.0000000e+00  -0.0000000e+00
