   0.0000000e+00   0.0000000e+00
   3.3444816e-03   1.2232429e-02
   6.6889632e-03   1.7325083e-02
   1.0033445e-02   2.1249110e-02
   1.3377926e-02   2.4569841e-02
   1.6722408e-02   2.7505673e-02
   2.0066890e-02   3.0168291e-02
   2.3411371e-02   3.2623839e-02
   2.6755853e-02   3.4915267e-02
   3.0100334e-02   3.7072301e-02
   3.3444816e-02   3.9116500e-02
   3.6789298e-02   4.1064074e-02
   4.0133779e-02   4.2927562e-02
   4.3478261e-02   4.4716889e-02
   4.6822742e-02   4.6440066e-02
   5.0167224e-02   4.8103660e-02
   5.3511706e-02   4.9713131e-02
   5.6856187e-02   5.1273075e-02
   6.0200669e-02   5.2787396e-02
   6.3545151e-02   5.4259445e-02
   6.6889632e-02   5.5692119e-02
   7.0234114e-02   5.7087942e-02
   7.3578595e-02   5.8449126e-02
   7.6923077e-02   5.9777624e-02
   8.0267559e-02   6.1075165e-02
   8.3612040e-02   6.2343290e-02
   8.6956522e-02   6.3583379e-02
   9.0301003e-02   6.4796670e-02
   9.3645485e-02   6.5984281e-02
   9.6989967e-02   6.7147223e-02
   1.0033445e-01   6.8286415e-02
   1.0367893e-01   6.9402693e-02
   1.0702341e-01   7.0496821e-02
   1.1036789e-01   7.1569498e-02
   1.1371237e-01   7.2621366e-02
   1.1705686e-01   7.3653015e-02
   1.2040134e-01   7.4664991e-02
   1.2374582e-01   7.5657798e-02
   1.2709030e-01   7.6631900e-02
   1.3043478e-01   7.7587732e-02
   1.3377926e-01   7.8525695e-02
   1.3712375e-01   7.9446162e-02
   1.4046823e-01   8.0349485e-02
   1.4381271e-01   8.1235987e-02
   1.4715719e-01   8.2105976e-02
   1.5050167e-01   8.2959736e-02
   1.5384615e-01   8.3797536e-02
   1.5719064e-01   8.4619628e-02
   1.6053512e-01   8.5426250e-02
   1.6387960e-01   8.6217625e-02
   1.6722408e-01   8.6993963e-02
   1.7056856e-01   8.7755465e-02
   1.7391304e-01   8.8502319e-02
   1.7725753e-01   8.9234704e-02
   1.8060201e-01   8.9952788e-02
   1.8394649e-01   9.0656732e-02
   1.8729097e-01   9.1346690e-02
   1.9063545e-01   9.2022806e-02
   1.9397993e-01   9.2685220e-02
   1.9732441e-01   9.3334063e-02
   2.0066890e-01   9.3969462e-02
   2.0401338e-01   9.4591537e-02
   2.0735786e-01   9.5200404e-02
   2.1070234e-01   9.5796172e-02
   2.1404682e-01   9.6378950e-02
   2.1739130e-01   9.6948838e-02
   2.2073579e-01   9.7505934e-02
   2.2408027e-01   9.8050333e-02
   2.2742475e-01   9.8582125e-02
   2.3076923e-01   9.9101399e-02
   2.3411371e-01   9.9608238e-02
   2.3745819e-01   1.0010272e-01
   2.4080268e-01   1.0058494e-01
   2.4414716e-01   1.0105495e-01
   2.4749164e-01   1.0151285e-01
   2.5083612e-01   1.0195869e-01
   2.5418060e-01   1.0239256e-01
   2.5752508e-01   1.0281451e-01
   2.6086957e-01   1.0322462e-01
   2.6421405e-01   1.0362294e-01
   2.6755853e-01   1.0400955e-01
   2.7090301e-01   1.0438450e-01
   2.7424749e-01   1.0474786e-01
   2.7759197e-01   1.0509968e-01
   2.8093645e-01   1.0544003e-01
   2.8428094e-01   1.0576895e-01
   2.8762542e-01   1.0608650e-01
   2.9096990e-01   1.0639275e-01
   2.9431438e-01   1.0668773e-01
   2.9765886e-01   1.0697152e-01
   3.0100334e-01   1.0724415e-01
   3.0434783e-01   1.0750568e-01
   3.0769231e-01   1.0775616e-01
   3.1103679e-01   1.0799564e-01
   3.1438127e-01   1.0822416e-01
   3.1772575e-01   1.0844179e-01
   3.2107023e-01   1.0864857e-01
   3.2441472e-01   1.0884453e-01
   3.2775920e-01   1.0902975e-01
   3.3110368e-01   1.0920425e-01
   3.3444816e-01   1.0936809e-01
   3.3779264e-01   1.0952131e-01
   3.4113712e-01   1.0966396e-01
   3.4448161e-01   1.0979608e-01
   3.4782609e-01   1.0991773e-01
   3.5117057e-01   1.1002894e-01
   3.5451505e-01   1.1012977e-01
   3.5785953e-01   1.1022025e-01
   3.6120401e-01   1.1030044e-01
   3.6454849e-01   1.1037037e-01
   3.6789298e-01   1.1043009e-01
   3.7123746e-01   1.1047965e-01
   3.7458194e-01   1.1051909e-01
   3.7792642e-01   1.1054846e-01
   3.8127090e-01   1.1056780e-01
   3.8461538e-01   1.1057715e-01
   3.8795987e-01   1.1057657e-01
   3.9130435e-01   1.1056609e-01
   3.9464883e-01   1.1054576e-01
   3.9799331e-01   1.1051562e-01
   4.0133779e-01   1.1047572e-01
   4.0468227e-01   1.1042610e-01
   4.0802676e-01   1.1036682e-01
   4.1137124e-01   1.1029791e-01
   4.1471572e-01   1.1021941e-01
   4.1806020e-01   1.1013139e-01
   4.2140468e-01   1.1003387e-01
   4.2474916e-01   1.0992690e-01
   4.2809365e-01   1.0981054e-01
   4.3143813e-01   1.0968483e-01
   4.3478261e-01   1.0954981e-01
   4.3812709e-01   1.0940552e-01
   4.4147157e-01   1.0925203e-01
   4.4481605e-01   1.0908936e-01
   4.4816054e-01   1.0891758e-01
   4.5150502e-01   1.0873672e-01
   4.5484950e-01   1.0854683e-01
   4.5819398e-01   1.0834797e-01
   4.6153846e-01   1.0814017e-01
   4.6488294e-01   1.0792349e-01
   4.6822742e-01   1.0769797e-01
   4.7157191e-01   1.0746366e-01
   4.7491639e-01   1.0722061e-01
   4.7826087e-01   1.0696888e-01
   4.8160535e-01   1.0670850e-01
   4.8494983e-01   1.0643953e-01
   4.8829431e-01   1.0616201e-01
   4.9163880e-01   1.0587600e-01
   4.9498328e-01   1.0558155e-01
   4.9832776e-01   1.0527870e-01
   5.0167224e-01   1.0496751e-01
   5.0501672e-01   1.0464803e-01
   5.0836120e-01   1.0432031e-01
   5.1170569e-01   1.0398440e-01
   5.1505017e-01   1.0364034e-01
   5.1839465e-01   1.0328821e-01
   5.2173913e-01   1.0292803e-01
   5.2508361e-01   1.0255988e-01
   5.2842809e-01   1.0218379e-01
   5.3177258e-01   1.0179983e-01
   5.3511706e-01   1.0140804e-01
   5.3846154e-01   1.0100848e-01
   5.4180602e-01   1.0060121e-01
   5.4515050e-01   1.0018627e-01
   5.4849498e-01   9.9763729e-02
   5.5183946e-01   9.9333631e-02
   5.5518395e-01   9.8896035e-02
   5.5852843e-01   9.8450995e-02
   5.6187291e-01   9.7998567e-02
   5.6521739e-01   9.7538808e-02
   5.6856187e-01   9.7071772e-02
   5.7190635e-01   9.6597516e-02
   5.7525084e-01   9.6116098e-02
   5.7859532e-01   9.5627574e-02
   5.8193980e-01   9.5132001e-02
   5.8528428e-01   9.4629437e-02
   5.8862876e-01   9.4119940e-02
   5.9197324e-01   9.3603569e-02
   5.9531773e-01   9.3080380e-02
   5.9866221e-01   9.2550434e-02
   6.0200669e-01   9.2013790e-02
   6.0535117e-01   9.1470507e-02
   6.0869565e-01   9.0920644e-02
   6.1204013e-01   9.0364262e-02
   6.1538462e-01   8.9801421e-02
   6.1872910e-01   8.9232181e-02
   6.2207358e-01   8.8656604e-02
   6.2541806e-01   8.8074751e-02
   6.2876254e-01   8.7486683e-02
   6.3210702e-01   8.6892463e-02
   6.3545151e-01   8.6292151e-02
   6.3879599e-01   8.5685812e-02
   6.4214047e-01   8.5073507e-02
   6.4548495e-01   8.4455300e-02
   6.4882943e-01   8.3831254e-02
   6.5217391e-01   8.3201433e-02
   6.5551839e-01   8.2565900e-02
   6.5886288e-01   8.1924721e-02
   6.6220736e-01   8.1277959e-02
   6.6555184e-01   8.0625680e-02
   6.6889632e-01   7.9967949e-02
   6.7224080e-01   7.9304831e-02
   6.7558528e-01   7.8636392e-02
   6.7892977e-01   7.7962699e-02
   6.8227425e-01   7.7283817e-02
   6.8561873e-01   7.6599814e-02
   6.8896321e-01   7.5910757e-02
   6.9230769e-01   7.5216712e-02
   6.9565217e-01   7.4517748e-02
   6.9899666e-01   7.3813932e-02
   7.0234114e-01   7.3105334e-02
   7.0568562e-01   7.2392020e-02
   7.0903010e-01   7.1674061e-02
   7.1237458e-01   7.0951526e-02
   7.1571906e-01   7.0224483e-02
   7.1906355e-01   6.9493003e-02
   7.2240803e-01   6.8757156e-02
   7.2575251e-01   6.8017011e-02
   7.2909699e-01   6.7272641e-02
   7.3244147e-01   6.6524115e-02
   7.3578595e-01   6.5771506e-02
   7.3913043e-01   6.5014884e-02
   7.4247492e-01   6.4254321e-02
   7.4581940e-01   6.3489891e-02
   7.4916388e-01   6.2721664e-02
   7.5250836e-01   6.1949714e-02
   7.5585284e-01   6.1174114e-02
   7.5919732e-01   6.0394938e-02
   7.6254181e-01   5.9612258e-02
   7.6588629e-01   5.8826150e-02
   7.6923077e-01   5.8036687e-02
   7.7257525e-01   5.7243943e-02
   7.7591973e-01   5.6447994e-02
   7.7926421e-01   5.5648914e-02
   7.8260870e-01   5.4846780e-02
   7.8595318e-01   5.4041666e-02
   7.8929766e-01   5.3233650e-02
   7.9264214e-01   5.2422806e-02
   7.9598662e-01   5.1609212e-02
   7.9933110e-01   5.0792944e-02
   8.0267559e-01   4.9974081e-02
   8.0602007e-01   4.9152698e-02
   8.0936455e-01   4.8328874e-02
   8.1270903e-01   4.7502687e-02
   8.1605351e-01   4.6674215e-02
   8.1939799e-01   4.5843538e-02
   8.2274247e-01   4.5010732e-02
   8.2608696e-01   4.4175879e-02
   8.2943144e-01   4.3339057e-02
   8.3277592e-01   4.2500346e-02
   8.3612040e-01   4.1659826e-02
   8.3946488e-01   4.0817578e-02
   8.4280936e-01   3.9973681e-02
   8.4615385e-01   3.9128217e-02
   8.4949833e-01   3.8281268e-02
   8.5284281e-01   3.7432913e-02
   8.5618729e-01   3.6583236e-02
   8.5953177e-01   3.5732318e-02
   8.6287625e-01   3.4880241e-02
   8.6622074e-01   3.4027089e-02
   8.6956522e-01   3.3172943e-02
   8.7290970e-01   3.2317887e-02
   8.7625418e-01   3.1462004e-02
   8.7959866e-01   3.0605378e-02
   8.8294314e-01   2.9748093e-02
   8.8628763e-01   2.8890233e-02
   8.8963211e-01   2.8031882e-02
   8.9297659e-01   2.7173126e-02
   8.9632107e-01   2.6314049e-02
   8.9966555e-01   2.5454737e-02
   9.0301003e-01   2.4595275e-02
   9.0635452e-01   2.3735749e-02
   9.0969900e-01   2.2876245e-02
   9.1304348e-01   2.2016850e-02
   9.1638796e-01   2.1157649e-02
   9.1973244e-01   2.0298731e-02
   9.2307692e-01   1.9440183e-02
   9.2642140e-01   1.8582091e-02
   9.2976589e-01   1.7724543e-02
   9.3311037e-01   1.6867628e-02
   9.3645485e-01   1.6011434e-02
   9.3979933e-01   1.5156049e-02
   9.4314381e-01   1.4301562e-02
   9.4648829e-01   1.3448062e-02
   9.4983278e-01   1.2595639e-02
   9.5317726e-01   1.1744381e-02
   9.5652174e-01   1.0894380e-02
   9.5986622e-01   1.0045725e-02
   9.6321070e-01   9.1985054e-03
   9.6655518e-01   8.3528133e-03
   9.6989967e-01   7.5087390e-03
   9.7324415e-01   6.6663738e-03
   9.7658863e-01   5.8258090e-03
   9.7993311e-01   4.9871363e-03
   9.8327759e-01   4.1504476e-03
   9.8662207e-01   3.3158351e-03
   9.8996656e-01   2.4833913e-03
   9.9331104e-01   1.6532088e-03
   9.9665552e-01   8.2538066e-04
   1.0000000e+00   0.0000000e+00
   1.0000000e+00   0.0000000e+00
   9.9665552e-01   7.4315330e-05
   9.9331104e-01   1.3723030e-04
   9.8996656e-01   1.8900448e-04
   9.8662207e-01   2.2989467e-04
   9.8327759e-01   2.6015492e-04
   9.7993311e-01   2.8003651e-04
   9.7658863e-01   2.8978800e-04
   9.7324415e-01   2.8965521e-04
   9.6989967e-01   2.7988123e-04
   9.6655518e-01   2.6070644e-04
   9.6321070e-01   2.3236852e-04
   9.5986622e-01   1.9510244e-04
   9.5652174e-01   1.4914052e-04
   9.5317726e-01   9.4712354e-05
   9.4983278e-01   3.2044906e-05
   9.4648829e-01  -3.8637534e-05
   9.4314381e-01  -1.1711332e-04
   9.3979933e-01  -2.0316344e-04
   9.3645485e-01  -2.9657153e-04
   9.3311037e-01  -3.9712382e-04
   9.2976589e-01  -5.0460917e-04
   9.2642140e-01  -6.1881903e-04
   9.2307692e-01  -7.3954745e-04
   9.1973244e-01  -8.6659104e-04
   9.1638796e-01  -9.9974902e-04
   9.1304348e-01  -1.1388231e-03
   9.0969900e-01  -1.2836177e-03
   9.0635452e-01  -1.4339395e-03
   9.0301003e-01  -1.5895981e-03
   8.9966555e-01  -1.7504052e-03
   8.9632107e-01  -1.9161753e-03
   8.9297659e-01  -2.0867254e-03
   8.8963211e-01  -2.2618748e-03
   8.8628763e-01  -2.4414454e-03
   8.8294314e-01  -2.6252617e-03
   8.7959866e-01  -2.8131504e-03
   8.7625418e-01  -3.0049408e-03
   8.7290970e-01  -3.2004647e-03
   8.6956522e-01  -3.3995561e-03
   8.6622074e-01  -3.6020518e-03
   8.6287625e-01  -3.8077906e-03
   8.5953177e-01  -4.0166140e-03
   8.5618729e-01  -4.2283657e-03
   8.5284281e-01  -4.4428919e-03
   8.4949833e-01  -4.6600412e-03
   8.4615385e-01  -4.8796643e-03
   8.4280936e-01  -5.1016146e-03
   8.3946488e-01  -5.3257476e-03
   8.3612040e-01  -5.5519212e-03
   8.3277592e-01  -5.7799957e-03
   8.2943144e-01  -6.0098335e-03
   8.2608696e-01  -6.2412995e-03
   8.2274247e-01  -6.4742607e-03
   8.1939799e-01  -6.7085866e-03
   8.1605351e-01  -6.9441487e-03
   8.1270903e-01  -7.1808210e-03
   8.0936455e-01  -7.4184796e-03
   8.0602007e-01  -7.6570028e-03
   8.0267559e-01  -7.8962712e-03
   7.9933110e-01  -8.1361676e-03
   7.9598662e-01  -8.3765770e-03
   7.9264214e-01  -8.6173864e-03
   7.8929766e-01  -8.8584853e-03
   7.8595318e-01  -9.0997651e-03
   7.8260870e-01  -9.3411195e-03
   7.7926421e-01  -9.5824442e-03
   7.7591973e-01  -9.8236372e-03
   7.7257525e-01  -1.0064598e-02
   7.6923077e-01  -1.0305230e-02
   7.6588629e-01  -1.0545436e-02
   7.6254181e-01  -1.0785124e-02
   7.5919732e-01  -1.1024200e-02
   7.5585284e-01  -1.1262576e-02
   7.5250836e-01  -1.1500164e-02
   7.4916388e-01  -1.1736879e-02
   7.4581940e-01  -1.1972637e-02
   7.4247492e-01  -1.2207357e-02
   7.3913043e-01  -1.2440959e-02
   7.3578595e-01  -1.2673366e-02
   7.3244147e-01  -1.2904502e-02
   7.2909699e-01  -1.3134293e-02
   7.2575251e-01  -1.3362669e-02
   7.2240803e-01  -1.3589559e-02
   7.1906355e-01  -1.3814895e-02
   7.1571906e-01  -1.4038612e-02
   7.1237458e-01  -1.4260646e-02
   7.0903010e-01  -1.4480934e-02
   7.0568562e-01  -1.4699417e-02
   7.0234114e-01  -1.4916036e-02
   6.9899666e-01  -1.5130734e-02
   6.9565217e-01  -1.5343458e-02
   6.9230769e-01  -1.5554153e-02
   6.8896321e-01  -1.5762770e-02
   6.8561873e-01  -1.5969258e-02
   6.8227425e-01  -1.6173570e-02
   6.7892977e-01  -1.6375661e-02
   6.7558528e-01  -1.6575486e-02
   6.7224080e-01  -1.6773004e-02
   6.6889632e-01  -1.6968174e-02
   6.6555184e-01  -1.7160956e-02
   6.6220736e-01  -1.7351315e-02
   6.5886288e-01  -1.7539213e-02
   6.5551839e-01  -1.7724619e-02
   6.5217391e-01  -1.7907499e-02
   6.4882943e-01  -1.8087823e-02
   6.4548495e-01  -1.8265562e-02
   6.4214047e-01  -1.8440690e-02
   6.3879599e-01  -1.8613180e-02
   6.3545151e-01  -1.8783008e-02
   6.3210702e-01  -1.8950152e-02
   6.2876254e-01  -1.9114590e-02
   6.2541806e-01  -1.9276305e-02
   6.2207358e-01  -1.9435276e-02
   6.1872910e-01  -1.9591489e-02
   6.1538462e-01  -1.9744928e-02
   6.1204013e-01  -1.9895580e-02
   6.0869565e-01  -2.0043433e-02
   6.0535117e-01  -2.0188476e-02
   6.0200669e-01  -2.0330700e-02
   5.9866221e-01  -2.0470098e-02
   5.9531773e-01  -2.0606663e-02
   5.9197324e-01  -2.0740390e-02
   5.8862876e-01  -2.0871276e-02
   5.8528428e-01  -2.0999319e-02
   5.8193980e-01  -2.1124517e-02
   5.7859532e-01  -2.1246871e-02
   5.7525084e-01  -2.1366383e-02
   5.7190635e-01  -2.1483056e-02
   5.6856187e-01  -2.1596894e-02
   5.6521739e-01  -2.1707902e-02
   5.6187291e-01  -2.1816087e-02
   5.5852843e-01  -2.1921458e-02
   5.5518395e-01  -2.2024023e-02
   5.5183946e-01  -2.2123792e-02
   5.4849498e-01  -2.2220777e-02
   5.4515050e-01  -2.2314991e-02
   5.4180602e-01  -2.2406447e-02
   5.3846154e-01  -2.2495160e-02
   5.3511706e-01  -2.2581146e-02
   5.3177258e-01  -2.2664422e-02
   5.2842809e-01  -2.2745005e-02
   5.2508361e-01  -2.2822916e-02
   5.2173913e-01  -2.2898172e-02
   5.1839465e-01  -2.2970797e-02
   5.1505017e-01  -2.3040811e-02
   5.1170569e-01  -2.3108237e-02
   5.0836120e-01  -2.3173100e-02
   5.0501672e-01  -2.3235423e-02
   5.0167224e-01  -2.3295233e-02
   4.9832776e-01  -2.3352555e-02
   4.9498328e-01  -2.3407418e-02
   4.9163880e-01  -2.3459848e-02
   4.8829431e-01  -2.3509875e-02
   4.8494983e-01  -2.3557529e-02
   4.8160535e-01  -2.3602839e-02
   4.7826087e-01  -2.3645837e-02
   4.7491639e-01  -2.3686555e-02
   4.7157191e-01  -2.3725025e-02
   4.6822742e-01  -2.3761279e-02
   4.6488294e-01  -2.3795353e-02
   4.6153846e-01  -2.3827279e-02
   4.5819398e-01  -2.3857093e-02
   4.5484950e-01  -2.3884831e-02
   4.5150502e-01  -2.3910528e-02
   4.4816054e-01  -2.3934220e-02
   4.4481605e-01  -2.3955945e-02
   4.4147157e-01  -2.3975740e-02
   4.3812709e-01  -2.3993642e-02
   4.3478261e-01  -2.4009691e-02
   4.3143813e-01  -2.4023923e-02
   4.2809365e-01  -2.4036379e-02
   4.2474916e-01  -2.4047097e-02
   4.2140468e-01  -2.4056117e-02
   4.1806020e-01  -2.4063478e-02
   4.1471572e-01  -2.4069221e-02
   4.1137124e-01  -2.4073384e-02
   4.0802676e-01  -2.4076010e-02
   4.0468227e-01  -2.4077137e-02
   4.0133779e-01  -2.4076806e-02
   3.9799331e-01  -2.4075058e-02
   3.9464883e-01  -2.4071934e-02
   3.9130435e-01  -2.4067473e-02
   3.8795987e-01  -2.4061716e-02
   3.8461538e-01  -2.4054703e-02
   3.8127090e-01  -2.4046475e-02
   3.7792642e-01  -2.4037071e-02
   3.7458194e-01  -2.4026532e-02
   3.7123746e-01  -2.4014897e-02
   3.6789298e-01  -2.4002205e-02
   3.6454849e-01  -2.3988495e-02
   3.6120401e-01  -2.3973806e-02
   3.5785953e-01  -2.3958176e-02
   3.5451505e-01  -2.3941642e-02
   3.5117057e-01  -2.3924243e-02
   3.4782609e-01  -2.3906014e-02
   3.4448161e-01  -2.3886992e-02
   3.4113712e-01  -2.3867213e-02
   3.3779264e-01  -2.3846710e-02
   3.3444816e-01  -2.3825519e-02
   3.3110368e-01  -2.3803671e-02
   3.2775920e-01  -2.3781201e-02
   3.2441472e-01  -2.3758139e-02
   3.2107023e-01  -2.3734515e-02
   3.1772575e-01  -2.3710360e-02
   3.1438127e-01  -2.3685701e-02
   3.1103679e-01  -2.3660567e-02
   3.0769231e-01  -2.3634983e-02
   3.0434783e-01  -2.3608973e-02
   3.0100334e-01  -2.3582563e-02
   2.9765886e-01  -2.3555772e-02
   2.9431438e-01  -2.3528623e-02
   2.9096990e-01  -2.3501135e-02
   2.8762542e-01  -2.3473324e-02
   2.8428094e-01  -2.3445206e-02
   2.8093645e-01  -2.3416796e-02
   2.7759197e-01  -2.3388105e-02
   2.7424749e-01  -2.3359144e-02
   2.7090301e-01  -2.3329920e-02
   2.6755853e-01  -2.3300440e-02
   2.6421405e-01  -2.3270706e-02
   2.6086957e-01  -2.3240721e-02
   2.5752508e-01  -2.3210483e-02
   2.5418060e-01  -2.3179988e-02
   2.5083612e-01  -2.3149229e-02
   2.4749164e-01  -2.3118198e-02
   2.4414716e-01  -2.3086882e-02
   2.4080268e-01  -2.3055265e-02
   2.3745819e-01  -2.3023329e-02
   2.3411371e-01  -2.2991052e-02
   2.3076923e-01  -2.2958409e-02
   2.2742475e-01  -2.2925370e-02
   2.2408027e-01  -2.2891903e-02
   2.2073579e-01  -2.2857969e-02
   2.1739130e-01  -2.2823528e-02
   2.1404682e-01  -2.2788535e-02
   2.1070234e-01  -2.2752938e-02
   2.0735786e-01  -2.2716682e-02
   2.0401338e-01  -2.2679707e-02
   2.0066890e-01  -2.2641948e-02
   1.9732441e-01  -2.2603332e-02
   1.9397993e-01  -2.2563784e-02
   1.9063545e-01  -2.2523218e-02
   1.8729097e-01  -2.2481547e-02
   1.8394649e-01  -2.2438672e-02
   1.8060201e-01  -2.2394490e-02
   1.7725753e-01  -2.2348889e-02
   1.7391304e-01  -2.2301750e-02
   1.7056856e-01  -2.2252944e-02
   1.6722408e-01  -2.2202336e-02
   1.6387960e-01  -2.2149778e-02
   1.6053512e-01  -2.2095113e-02
   1.5719064e-01  -2.2038176e-02
   1.5384615e-01  -2.1978787e-02
   1.5050167e-01  -2.1916756e-02
   1.4715719e-01  -2.1851880e-02
   1.4381271e-01  -2.1783943e-02
   1.4046823e-01  -2.1712713e-02
   1.3712375e-01  -2.1637943e-02
   1.3377926e-01  -2.1559370e-02
   1.3043478e-01  -2.1476712e-02
   1.2709030e-01  -2.1389670e-02
   1.2374582e-01  -2.1297920e-02
   1.2040134e-01  -2.1201121e-02
   1.1705686e-01  -2.1098903e-02
   1.1371237e-01  -2.0990872e-02
   1.1036789e-01  -2.0876605e-02
   1.0702341e-01  -2.0755647e-02
   1.0367893e-01  -2.0627510e-02
   1.0033445e-01  -2.0491666e-02
   9.6989967e-02  -2.0347547e-02
   9.3645485e-02  -2.0194540e-02
   9.0301003e-02  -2.0031977e-02
   8.6956522e-02  -1.9859138e-02
   8.3612040e-02  -1.9675234e-02
   8.0267559e-02  -1.9479407e-02
   7.6923077e-02  -1.9270716e-02
   7.3578595e-02  -1.9048128e-02
   7.0234114e-02  -1.8810501e-02
   6.6889632e-02  -1.8556572e-02
   6.3545151e-02  -1.8284934e-02
   6.0200669e-02  -1.7994012e-02
   5.6856187e-02  -1.7682031e-02
   5.3511706e-02  -1.7346979e-02
   5.0167224e-02  -1.6986559e-02
   4.6822742e-02  -1.6598119e-02
   4.3478261e-02  -1.6178572e-02
   4.0133779e-02  -1.5724280e-02
   3.6789298e-02  -1.5230900e-02
   3.3444816e-02  -1.4693156e-02
   3.0100334e-02  -1.4104523e-02
   2.6755853e-02  -1.3456736e-02
   2.3411371e-02  -1.2739028e-02
   2.0066890e-02  -1.1936850e-02
   1.6722408e-02  -1.1029595e-02
   1.3377926e-02  -9.9861477e-03
   1.0033445e-02  -8.7549638e-03
   6.6889632e-03  -7.2371257e-03
   3.3444816e-03  -5.1813087e-03
   0.0000000e+00  -0.0000000e+00
