   0.0000000e+00   0.0000000e+00
   3.3444816e-03   1.0061328e-02
   6.6889632e-03   1.4289049e-02
   1.0033445e-02   1.7571249e-02
   1.3377926e-02   2.0367981e-02
   1.6722408e-02   2.2856141e-02
   2.0066890e-02   2.5125744e-02
   2.3411371e-02   2.7229816e-02
   2.6755853e-02   2.9202595e-02
   3.0100334e-02   3.1067640e-02
   3.3444816e-02   3.2841930e-02
   3.6789298e-02   3.4538151e-02
   4.0133779e-02   3.6166049e-02
   4.3478261e-02   3.7733287e-02
   4.6822742e-02   3.9246009e-02
   5.0167224e-02   4.0709213e-02
   5.3511706e-02   4.2127030e-02
   5.6856187e-02   4.3502907e-02
   6.0200669e-02   4.4839757e-02
   6.3545151e-02   4.6140060e-02
   6.6889632e-02   4.7405946e-02
   7.0234114e-02   4.8639259e-02
   7.3578595e-02   4.9841604e-02
   7.6923077e-02   5.1014390e-02
   8.0267559e-02   5.2158856e-02
   8.3612040e-02   5.3276104e-02
   8.6956522e-02   5.4367111e-02
   9.0301003e-02   5.5432753e-02
   9.3645485e-02   5.6473817e-02
   9.6989967e-02   5.7491013e-02
   1.0033445e-01   5.8484984e-02
   1.0367893e-01   5.9456315e-02
   1.0702341e-01   6.0405537e-02
   1.1036789e-01   6.1333140e-02
   1.1371237e-01   6.2239573e-02
   1.1705686e-01   6.3125248e-02
   1.2040134e-01   6.3990549e-02
   1.2374582e-01   6.4835830e-02
   1.2709030e-01   6.5661422e-02
   1.3043478e-01   6.6467634e-02
   1.3377926e-01   6.7254753e-02
   1.3712375e-01   6.8023052e-02
   1.4046823e-01   6.8772786e-02
   1.4381271e-01   6.9504196e-02
   1.4715719e-01   7.0217512e-02
   1.5050167e-01   7.0912952e-02
   1.5384615e-01   7.1590721e-02
   1.5719064e-01   7.2251018e-02
   1.6053512e-01   7.2894033e-02
   1.6387960e-01   7.3519948e-02
   1.6722408e-01   7.4128938e-02
   1.7056856e-01   7.4721172e-02
   1.7391304e-01   7.5296814e-02
   1.7725753e-01   7.5856021e-02
   1.8060201e-01   7.6398949e-02
   1.8394649e-01   7.6925747e-02
   1.8729097e-01   7.7436562e-02
   1.9063545e-01   7.7931535e-02
   1.9397993e-01   7.8410808e-02
   1.9732441e-01   7.8874517e-02
   2.0066890e-01   7.9322797e-02
   2.0401338e-01   7.9755781e-02
   2.0735786e-01   8.0173600e-02
   2.1070234e-01   8.0576381e-02
   2.1404682e-01   8.0964253e-02
   2.1739130e-01   8.1337341e-02
   2.2073579e-01   8.1695770e-02
   2.2408027e-01   8.2039664e-02
   2.2742475e-01   8.2369144e-02
   2.3076923e-01   8.2684334e-02
   2.3411371e-01   8.2985353e-02
   2.3745819e-01   8.3272321e-02
   2.4080268e-01   8.3545360e-02
   2.4414716e-01   8.3804587e-02
   2.4749164e-01   8.4050121e-02
   2.5083612e-01   8.4282082e-02
   2.5418060e-01   8.4500586e-02
   2.5752508e-01   8.4705753e-02
   2.6086957e-01   8.4897699e-02
   2.6421405e-01   8.5076543e-02
   2.6755853e-01   8.5242402e-02
   2.7090301e-01   8.5395392e-02
   2.7424749e-01   8.5535633e-02
   2.7759197e-01   8.5663240e-02
   2.8093645e-01   8.5778332e-02
   2.8428094e-01   8.5881025e-02
   2.8762542e-01   8.5971438e-02
   2.9096990e-01   8.6049688e-02
   2.9431438e-01   8.6115893e-02
   2.9765886e-01   8.6170170e-02
   3.0100334e-01   8.6212637e-02
   3.0434783e-01   8.6243414e-02
   3.0769231e-01   8.6262617e-02
   3.1103679e-01   8.6270365e-02
   3.1438127e-01   8.6266777e-02
   3.1772575e-01   8.6251971e-02
   3.2107023e-01   8.6226066e-02
   3.2441472e-01   8.6189182e-02
   3.2775920e-01   8.6141437e-02
   3.3110368e-01   8.6082951e-02
   3.3444816e-01   8.6013843e-02
   3.3779264e-01   8.5934232e-02
   3.4113712e-01   8.5844239e-02
   3.4448161e-01   8.5743984e-02
   3.4782609e-01   8.5633586e-02
   3.5117057e-01   8.5513165e-02
   3.5451505e-01   8.5382842e-02
   3.5785953e-01   8.5242738e-02
   3.6120401e-01   8.5092972e-02
   3.6454849e-01   8.4933666e-02
   3.6789298e-01   8.4764939e-02
   3.7123746e-01   8.4586914e-02
   3.7458194e-01   8.4399710e-02
   3.7792642e-01   8.4203448e-02
   3.8127090e-01   8.3998250e-02
   3.8461538e-01   8.3784236e-02
   3.8795987e-01   8.3561528e-02
   3.9130435e-01   8.3330246e-02
   3.9464883e-01   8.3090512e-02
   3.9799331e-01   8.2842446e-02
   4.0133779e-01   8.2586169e-02
   4.0468227e-01   8.2321803e-02
   4.0802676e-01   8.2049468e-02
   4.1137124e-01   8.1769285e-02
   4.1471572e-01   8.1481375e-02
   4.1806020e-01   8.1185858e-02
   4.2140468e-01   8.0882856e-02
   4.2474916e-01   8.0572489e-02
   4.2809365e-01   8.0254876e-02
   4.3143813e-01   7.9930139e-02
   4.3478261e-01   7.9598397e-02
   4.3812709e-01   7.9259771e-02
   4.4147157e-01   7.8914379e-02
   4.4481605e-01   7.8562342e-02
   4.4816054e-01   7.8203779e-02
   4.5150502e-01   7.7838809e-02
   4.5484950e-01   7.7467550e-02
   4.5819398e-01   7.7090123e-02
   4.6153846e-01   7.6706644e-02
   4.6488294e-01   7.6317232e-02
   4.6822742e-01   7.5922005e-02
   4.7157191e-01   7.5521081e-02
   4.7491639e-01   7.5114576e-02
   4.7826087e-01   7.4702608e-02
   4.8160535e-01   7.4285293e-02
   4.8494983e-01   7.3862747e-02
   4.8829431e-01   7.3435087e-02
   4.9163880e-01   7.3002427e-02
   4.9498328e-01   7.2564882e-02
   4.9832776e-01   7.2122568e-02
   5.0167224e-01   7.1675599e-02
   5.0501672e-01   7.1224087e-02
   5.0836120e-01   7.0768148e-02
   5.1170569e-01   7.0307892e-02
   5.1505017e-01   6.9843434e-02
   5.1839465e-01   6.9374884e-02
   5.2173913e-01   6.8902355e-02
   5.2508361e-01   6.8425956e-02
   5.2842809e-01   6.7945799e-02
   5.3177258e-01   6.7461993e-02
   5.3511706e-01   6.6974648e-02
   5.3846154e-01   6.6483872e-02
   5.4180602e-01   6.5989772e-02
   5.4515050e-01   6.5492458e-02
   5.4849498e-01   6.4992035e-02
   5.5183946e-01   6.4488610e-02
   5.5518395e-01   6.3982288e-02
   5.5852843e-01   6.3473175e-02
   5.6187291e-01   6.2961374e-02
   5.6521739e-01   6.2446989e-02
   5.6856187e-01   6.1930124e-02
   5.7190635e-01   6.1410881e-02
   5.7525084e-01   6.0889360e-02
   5.7859532e-01   6.0365663e-02
   5.8193980e-01   5.9839890e-02
   5.8528428e-01   5.9312140e-02
   5.8862876e-01   5.8782511e-02
   5.9197324e-01   5.8251103e-02
   5.9531773e-01   5.7718010e-02
   5.9866221e-01   5.7183330e-02
   6.0200669e-01   5.6647158e-02
   6.0535117e-01   5.6109588e-02
   6.0869565e-01   5.5570715e-02
   6.1204013e-01   5.5030630e-02
   6.1538462e-01   5.4489426e-02
   6.1872910e-01   5.3947194e-02
   6.2207358e-01   5.3404024e-02
   6.2541806e-01   5.2860006e-02
   6.2876254e-01   5.2315227e-02
   6.3210702e-01   5.1769775e-02
   6.3545151e-01   5.1223738e-02
   6.3879599e-01   5.0677199e-02
   6.4214047e-01   5.0130244e-02
   6.4548495e-01   4.9582957e-02
   6.4882943e-01   4.9035421e-02
   6.5217391e-01   4.8487715e-02
   6.5551839e-01   4.7939923e-02
   6.5886288e-01   4.7392122e-02
   6.6220736e-01   4.6844392e-02
   6.6555184e-01   4.6296811e-02
   6.6889632e-01   4.5749453e-02
   6.7224080e-01   4.5202396e-02
   6.7558528e-01   4.4655714e-02
   6.7892977e-01   4.4109479e-02
   6.8227425e-01   4.3563764e-02
   6.8561873e-01   4.3018640e-02
   6.8896321e-01   4.2474177e-02
   6.9230769e-01   4.1930444e-02
   6.9565217e-01   4.1387507e-02
   6.9899666e-01   4.0845435e-02
   7.0234114e-01   4.0304291e-02
   7.0568562e-01   3.9764141e-02
   7.0903010e-01   3.9225047e-02
   7.1237458e-01   3.8687071e-02
   7.1571906e-01   3.8150274e-02
   7.1906355e-01   3.7614714e-02
   7.2240803e-01   3.7080450e-02
   7.2575251e-01   3.6547539e-02
   7.2909699e-01   3.6016036e-02
   7.3244147e-01   3.5485996e-02
   7.3578595e-01   3.4957472e-02
   7.3913043e-01   3.4430516e-02
   7.4247492e-01   3.3905177e-02
   7.4581940e-01   3.3381506e-02
   7.4916388e-01   3.2859549e-02
   7.5250836e-01   3.2339355e-02
   7.5585284e-01   3.1820967e-02
   7.5919732e-01   3.1304429e-02
   7.6254181e-01   3.0789785e-02
   7.6588629e-01   3.0277075e-02
   7.6923077e-01   2.9766339e-02
   7.7257525e-01   2.9257615e-02
   7.7591973e-01   2.8750941e-02
   7.7926421e-01   2.8246352e-02
   7.8260870e-01   2.7743881e-02
   7.8595318e-01   2.7243562e-02
   7.8929766e-01   2.6745426e-02
   7.9264214e-01   2.6249503e-02
   7.9598662e-01   2.5755821e-02
   7.9933110e-01   2.5264407e-02
   8.0267559e-01   2.4775286e-02
   8.0602007e-01   2.4288483e-02
   8.0936455e-01   2.3804019e-02
   8.1270903e-01   2.3321916e-02
   8.1605351e-01   2.2842193e-02
   8.1939799e-01   2.2364868e-02
   8.2274247e-01   2.1889958e-02
   8.2608696e-01   2.1417476e-02
   8.2943144e-01   2.0947437e-02
   8.3277592e-01   2.0479852e-02
   8.3612040e-01   2.0014730e-02
   8.3946488e-01   1.9552082e-02
   8.4280936e-01   1.9091912e-02
   8.4615385e-01   1.8634228e-02
   8.4949833e-01   1.8179032e-02
   8.5284281e-01   1.7726327e-02
   8.5618729e-01   1.7276113e-02
   8.5953177e-01   1.6828388e-02
   8.6287625e-01   1.6383151e-02
   8.6622074e-01   1.5940397e-02
   8.6956522e-01   1.5500118e-02
   8.7290970e-01   1.5062309e-02
   8.7625418e-01   1.4626958e-02
   8.7959866e-01   1.4194055e-02
   8.8294314e-01   1.3763587e-02
   8.8628763e-01   1.3335539e-02
   8.8963211e-01   1.2909896e-02
   8.9297659e-01   1.2486638e-02
   8.9632107e-01   1.2065746e-02
   8.9966555e-01   1.1647198e-02
   9.0301003e-01   1.1230972e-02
   9.0635452e-01   1.0817042e-02
   9.0969900e-01   1.0405381e-02
   9.1304348e-01   9.9959601e-03
   9.1638796e-01   9.5887496e-03
   9.1973244e-01   9.1837169e-03
   9.2307692e-01   8.7808280e-03
   9.2642140e-01   8.3800469e-03
   9.2976589e-01   7.9813361e-03
   9.3311037e-01   7.5846559e-03
   9.3645485e-01   7.1899651e-03
   9.3979933e-01   6.7972203e-03
   9.4314381e-01   6.4063765e-03
   9.4648829e-01   6.0173867e-03
   9.4983278e-01   5.6302020e-03
   9.5317726e-01   5.2447719e-03
   9.5652174e-01   4.8610435e-03
   9.5986622e-01   4.4789625e-03
   9.6321070e-01   4.0984723e-03
   9.6655518e-01   3.7195147e-03
   9.6989967e-01   3.3420293e-03
   9.7324415e-01   2.9659539e-03
   9.7658863e-01   2.5912244e-03
   9.7993311e-01   2.2177746e-03
   9.8327759e-01   1.8455365e-03
   9.8662207e-01   1.4744401e-03
   9.8996656e-01   1.1044132e-03
   9.9331104e-01   7.3538187e-04
   9.9665552e-01   3.6727015e-04
   1.0000000e+00   0.0000000e+00
   1.0000000e+00   0.0000000e+00
   9.9665552e-01   3.1871953e-04
   9.9331104e-01   6.3867123e-04
   9.8996656e-01   9.5994357e-04
   9.8662207e-01   1.2826225e-03
   9.8327759e-01   1.6067914e-03
   9.7993311e-01   1.9325311e-03
   9.7658863e-01   2.2599200e-03
   9.7324415e-01   2.5890339e-03
   9.6989967e-01   2.9199461e-03
   9.6655518e-01   3.2527275e-03
   9.6321070e-01   3.5874465e-03
   9.5986622e-01   3.9241691e-03
   9.5652174e-01   4.2629586e-03
   9.5317726e-01   4.6038763e-03
   9.4983278e-01   4.9469806e-03
   9.4648829e-01   5.2923278e-03
   9.4314381e-01   5.6399718e-03
   9.3979933e-01   5.9899640e-03
   9.3645485e-01   6.3423534e-03
   9.3311037e-01   6.6971868e-03
   9.2976589e-01   7.0545086e-03
   9.2642140e-01   7.4143607e-03
   9.2307692e-01   7.7767829e-03
   9.1973244e-01   8.1418125e-03
   9.1638796e-01   8.5094848e-03
   9.1304348e-01   8.8798324e-03
   9.0969900e-01   9.2528860e-03
   9.0635452e-01   9.6286738e-03
   9.0301003e-01   1.0007222e-02
   8.9966555e-01   1.0388554e-02
   8.9632107e-01   1.0772692e-02
   8.9297659e-01   1.1159655e-02
   8.8963211e-01   1.1549460e-02
   8.8628763e-01   1.1942123e-02
   8.8294314e-01   1.2337655e-02
   8.7959866e-01   1.2736069e-02
   8.7625418e-01   1.3137371e-02
   8.7290970e-01   1.3541570e-02
   8.6956522e-01   1.3948669e-02
   8.6622074e-01   1.4358670e-02
   8.6287625e-01   1.4771573e-02
   8.5953177e-01   1.5187377e-02
   8.5618729e-01   1.5606078e-02
   8.5284281e-01   1.6027669e-02
   8.4949833e-01   1.6452142e-02
   8.4615385e-01   1.6879487e-02
   8.4280936e-01   1.7309693e-02
   8.3946488e-01   1.7742745e-02
   8.3612040e-01   1.8178627e-02
   8.3277592e-01   1.8617320e-02
   8.2943144e-01   1.9058806e-02
   8.2608696e-01   1.9503062e-02
   8.2274247e-01   1.9950063e-02
   8.1939799e-01   2.0399786e-02
   8.1605351e-01   2.0852201e-02
   8.1270903e-01   2.1307280e-02
   8.0936455e-01   2.1764990e-02
   8.0602007e-01   2.2225299e-02
   8.0267559e-01   2.2688172e-02
   7.9933110e-01   2.3153572e-02
   7.9598662e-01   2.3621460e-02
   7.9264214e-01   2.4091796e-02
   7.8929766e-01   2.4564537e-02
   7.8595318e-01   2.5039640e-02
   7.8260870e-01   2.5517058e-02
   7.7926421e-01   2.5996745e-02
   7.7591973e-01   2.6478650e-02
   7.7257525e-01   2.6962724e-02
   7.6923077e-01   2.7448914e-02
   7.6588629e-01   2.7937165e-02
   7.6254181e-01   2.8427422e-02
   7.5919732e-01   2.8919627e-02
   7.5585284e-01   2.9413721e-02
   7.5250836e-01   2.9909643e-02
   7.4916388e-01   3.0407331e-02
   7.4581940e-01   3.0906721e-02
   7.4247492e-01   3.1407747e-02
   7.3913043e-01   3.1910343e-02
   7.3578595e-01   3.2414441e-02
   7.3244147e-01   3.2919969e-02
   7.2909699e-01   3.3426857e-02
   7.2575251e-01   3.3935032e-02
   7.2240803e-01   3.4444419e-02
   7.1906355e-01   3.4954942e-02
   7.1571906e-01   3.5466524e-02
   7.1237458e-01   3.5979086e-02
   7.0903010e-01   3.6492549e-02
   7.0568562e-01   3.7006830e-02
   7.0234114e-01   3.7521847e-02
   6.9899666e-01   3.8037516e-02
   6.9565217e-01   3.8553751e-02
   6.9230769e-01   3.9070465e-02
   6.8896321e-01   3.9587571e-02
   6.8561873e-01   4.0104979e-02
   6.8227425e-01   4.0622598e-02
   6.7892977e-01   4.1140337e-02
   6.7558528e-01   4.1658102e-02
   6.7224080e-01   4.2175800e-02
   6.6889632e-01   4.2693334e-02
   6.6555184e-01   4.3210609e-02
   6.6220736e-01   4.3727526e-02
   6.5886288e-01   4.4243987e-02
   6.5551839e-01   4.4759892e-02
   6.5217391e-01   4.5275140e-02
   6.4882943e-01   4.5789628e-02
   6.4548495e-01   4.6303254e-02
   6.4214047e-01   4.6815913e-02
   6.3879599e-01   4.7327500e-02
   6.3545151e-01   4.7837909e-02
   6.3210702e-01   4.8347032e-02
   6.2876254e-01   4.8854763e-02
   6.2541806e-01   4.9360991e-02
   6.2207358e-01   4.9865607e-02
   6.1872910e-01   5.0368500e-02
   6.1538462e-01   5.0869558e-02
   6.1204013e-01   5.1368669e-02
   6.0869565e-01   5.1865719e-02
   6.0535117e-01   5.2360594e-02
   6.0200669e-01   5.2853179e-02
   5.9866221e-01   5.3343359e-02
   5.9531773e-01   5.3831017e-02
   5.9197324e-01   5.4316036e-02
   5.8862876e-01   5.4798297e-02
   5.8528428e-01   5.5277683e-02
   5.8193980e-01   5.5754073e-02
   5.7859532e-01   5.6227349e-02
   5.7525084e-01   5.6697390e-02
   5.7190635e-01   5.7164074e-02
   5.6856187e-01   5.7627280e-02
   5.6521739e-01   5.8086886e-02
   5.6187291e-01   5.8542769e-02
   5.5852843e-01   5.8994806e-02
   5.5518395e-01   5.9442873e-02
   5.5183946e-01   5.9886846e-02
   5.4849498e-01   6.0326600e-02
   5.4515050e-01   6.0762011e-02
   5.4180602e-01   6.1192953e-02
   5.3846154e-01   6.1619301e-02
   5.3511706e-01   6.2040927e-02
   5.3177258e-01   6.2457707e-02
   5.2842809e-01   6.2869514e-02
   5.2508361e-01   6.3276219e-02
   5.2173913e-01   6.3677698e-02
   5.1839465e-01   6.4073821e-02
   5.1505017e-01   6.4464462e-02
   5.1170569e-01   6.4849493e-02
   5.0836120e-01   6.5228785e-02
   5.0501672e-01   6.5602213e-02
   5.0167224e-01   6.5969646e-02
   4.9832776e-01   6.6330958e-02
   4.9498328e-01   6.6686020e-02
   4.9163880e-01   6.7034705e-02
   4.8829431e-01   6.7376884e-02
   4.8494983e-01   6.7712429e-02
   4.8160535e-01   6.8041213e-02
   4.7826087e-01   6.8363108e-02
   4.7491639e-01   6.8677987e-02
   4.7157191e-01   6.8985721e-02
   4.6822742e-01   6.9286185e-02
   4.6488294e-01   6.9579251e-02
   4.6153846e-01   6.9864792e-02
   4.5819398e-01   7.0142683e-02
   4.5484950e-01   7.0412796e-02
   4.5150502e-01   7.0675008e-02
   4.4816054e-01   7.0929192e-02
   4.4481605e-01   7.1175223e-02
   4.4147157e-01   7.1412978e-02
   4.3812709e-01   7.1642333e-02
   4.3478261e-01   7.1863164e-02
   4.3143813e-01   7.2075348e-02
   4.2809365e-01   7.2278765e-02
   4.2474916e-01   7.2473291e-02
   4.2140468e-01   7.2658806e-02
   4.1806020e-01   7.2835191e-02
   4.1471572e-01   7.3002326e-02
   4.1137124e-01   7.3160091e-02
   4.0802676e-01   7.3308371e-02
   4.0468227e-01   7.3447047e-02
   4.0133779e-01   7.3576003e-02
   3.9799331e-01   7.3695125e-02
   3.9464883e-01   7.3804299e-02
   3.9130435e-01   7.3903411e-02
   3.8795987e-01   7.3992349e-02
   3.8461538e-01   7.4071002e-02
   3.8127090e-01   7.4139261e-02
   3.7792642e-01   7.4197016e-02
   3.7458194e-01   7.4244161e-02
   3.7123746e-01   7.4280589e-02
   3.6789298e-01   7.4306196e-02
   3.6454849e-01   7.4320876e-02
   3.6120401e-01   7.4324530e-02
   3.5785953e-01   7.4317055e-02
   3.5451505e-01   7.4298353e-02
   3.5117057e-01   7.4268326e-02
   3.4782609e-01   7.4226877e-02
   3.4448161e-01   7.4173913e-02
   3.4113712e-01   7.4109340e-02
   3.3779264e-01   7.4033067e-02
   3.3444816e-01   7.3945005e-02
   3.3110368e-01   7.3845067e-02
   3.2775920e-01   7.3733166e-02
   3.2441472e-01   7.3609220e-02
   3.2107023e-01   7.3473146e-02
   3.1772575e-01   7.3324864e-02
   3.1438127e-01   7.3164298e-02
   3.1103679e-01   7.2991372e-02
   3.0769231e-01   7.2806012e-02
   3.0434783e-01   7.2608148e-02
   3.0100334e-01   7.2397711e-02
   2.9765886e-01   7.2174635e-02
   2.9431438e-01   7.1938856e-02
   2.9096990e-01   7.1690314e-02
   2.8762542e-01   7.1428948e-02
   2.8428094e-01   7.1154704e-02
   2.8093645e-01   7.0867529e-02
   2.7759197e-01   7.0567371e-02
   2.7424749e-01   7.0254183e-02
   2.7090301e-01   6.9927921e-02
   2.6755853e-01   6.9588543e-02
   2.6421405e-01   6.9236011e-02
   2.6086957e-01   6.8870288e-02
   2.5752508e-01   6.8491343e-02
   2.5418060e-01   6.8099147e-02
   2.5083612e-01   6.7693675e-02
   2.4749164e-01   6.7274904e-02
   2.4414716e-01   6.6842816e-02
   2.4080268e-01   6.6397396e-02
   2.3745819e-01   6.5938634e-02
   2.3411371e-01   6.5466522e-02
   2.3076923e-01   6.4981056e-02
   2.2742475e-01   6.4482238e-02
   2.2408027e-01   6.3970071e-02
   2.2073579e-01   6.3444566e-02
   2.1739130e-01   6.2905735e-02
   2.1404682e-01   6.2353596e-02
   2.1070234e-01   6.1788171e-02
   2.0735786e-01   6.1209486e-02
   2.0401338e-01   6.0617574e-02
   2.0066890e-01   6.0012470e-02
   1.9732441e-01   5.9394216e-02
   1.9397993e-01   5.8762857e-02
   1.9063545e-01   5.8118445e-02
   1.8729097e-01   5.7461037e-02
   1.8394649e-01   5.6790694e-02
   1.8060201e-01   5.6107484e-02
   1.7725753e-01   5.5411480e-02
   1.7391304e-01   5.4702760e-02
   1.7056856e-01   5.3981410e-02
   1.6722408e-01   5.3247518e-02
   1.6387960e-01   5.2501183e-02
   1.6053512e-01   5.1742506e-02
   1.5719064e-01   5.0971597e-02
   1.5384615e-01   5.0188571e-02
   1.5050167e-01   4.9393549e-02
   1.4715719e-01   4.8586662e-02
   1.4381271e-01   4.7768042e-02
   1.4046823e-01   4.6937833e-02
   1.3712375e-01   4.6096183e-02
   1.3377926e-01   4.5243248e-02
   1.3043478e-01   4.4379190e-02
   1.2709030e-01   4.3504180e-02
   1.2374582e-01   4.2618392e-02
   1.2040134e-01   4.1722011e-02
   1.1705686e-01   4.0815227e-02
   1.1371237e-01   3.9898237e-02
   1.1036789e-01   3.8971243e-02
   1.0702341e-01   3.8034456e-02
   1.0367893e-01   3.7088090e-02
   1.0033445e-01   3.6132366e-02
   9.6989967e-02   3.5167510e-02
   9.3645485e-02   3.4193750e-02
   9.0301003e-02   3.3211318e-02
   8.6956522e-02   3.2220449e-02
   8.3612040e-02   3.1221376e-02
   8.0267559e-02   3.0214330e-02
   7.6923077e-02   2.9199539e-02
   7.3578595e-02   2.8177221e-02
   7.0234114e-02   2.7147584e-02
   6.6889632e-02   2.6110816e-02
   6.3545151e-02   2.5067082e-02
   6.0200669e-02   2.4016514e-02
   5.6856187e-02   2.2959199e-02
   5.3511706e-02   2.1895162e-02
   5.0167224e-02   2.0824349e-02
   4.6822742e-02   1.9746596e-02
   4.3478261e-02   1.8661595e-02
   4.0133779e-02   1.7568835e-02
   3.6789298e-02   1.6467533e-02
   3.3444816e-02   1.5356519e-02
   3.0100334e-02   1.4234072e-02
   2.6755853e-02   1.3097662e-02
   2.3411371e-02   1.1943529e-02
   2.0066890e-02   1.0765966e-02
   1.6722408e-02   9.5559946e-03
   1.3377926e-02   8.2987108e-03
   1.0033445e-02   6.9672032e-03
   6.6889632e-03   5.5055753e-03
   3.3444816e-03   3.7608694e-03
   0.0000000e+00   0.0000000e+00
