   0.0000000e+00   0.0000000e+00
   3.3444816e-03   1.1741120e-02
   6.6889632e-03   1.6770086e-02
   1.0033445e-02   2.0737226e-02
   1.3377926e-02   2.4168699e-02
   1.6722408e-02   2.7265235e-02
   2.0066890e-02   3.0128160e-02
   2.3411371e-02   3.2816659e-02
   2.6755853e-02   3.5368606e-02
   3.0100334e-02   3.7809815e-02
   3.3444816e-02   4.0158705e-02
   3.6789298e-02   4.2428888e-02
   4.0133779e-02   4.4630708e-02
   4.3478261e-02   4.6772199e-02
   4.6822742e-02   4.8859717e-02
   5.0167224e-02   5.0898369e-02
   5.3511706e-02   5.2892312e-02
   5.6856187e-02   5.4844965e-02
   6.0200669e-02   5.6759169e-02
   6.3545151e-02   5.8637303e-02
   6.6889632e-02   6.0481375e-02
   7.0234114e-02   6.2293090e-02
   7.3578595e-02   6.4073903e-02
   7.6923077e-02   6.5825065e-02
   8.0267559e-02   6.7547652e-02
   8.3612040e-02   6.9242599e-02
   8.6956522e-02   7.0910715e-02
   9.0301003e-02   7.2552708e-02
   9.3645485e-02   7.4169196e-02
   9.6989967e-02   7.5760723e-02
   1.0033445e-01   7.7327767e-02
   1.0367893e-01   7.8870748e-02
   1.0702341e-01   8.0390041e-02
   1.1036789e-01   8.1885976e-02
   1.1371237e-01   8.3358847e-02
   1.1705686e-01   8.4808917e-02
   1.2040134e-01   8.6236421e-02
   1.2374582e-01   8.7641568e-02
   1.2709030e-01   8.9024548e-02
   1.3043478e-01   9.0385532e-02
   1.3377926e-01   9.1724673e-02
   1.3712375e-01   9.3042112e-02
   1.4046823e-01   9.4337977e-02
   1.4381271e-01   9.5612385e-02
   1.4715719e-01   9.6865443e-02
   1.5050167e-01   9.8097250e-02
   1.5384615e-01   9.9307899e-02
   1.5719064e-01   1.0049748e-01
   1.6053512e-01   1.0166606e-01
   1.6387960e-01   1.0281373e-01
   1.6722408e-01   1.0394056e-01
   1.7056856e-01   1.0504662e-01
   1.7391304e-01   1.0613196e-01
   1.7725753e-01   1.0719667e-01
   1.8060201e-01   1.0824079e-01
   1.8394649e-01   1.0926440e-01
   1.8729097e-01   1.1026754e-01
   1.9063545e-01   1.1125029e-01
   1.9397993e-01   1.1221269e-01
   1.9732441e-01   1.1315481e-01
   2.0066890e-01   1.1407670e-01
   2.0401338e-01   1.1497843e-01
   2.0735786e-01   1.1586005e-01
   2.1070234e-01   1.1672161e-01
   2.1404682e-01   1.1756320e-01
   2.1739130e-01   1.1838485e-01
   2.2073579e-01   1.1918663e-01
   2.2408027e-01   1.1996861e-01
   2.2742475e-01   1.2073086e-01
   2.3076923e-01   1.2147342e-01
   2.3411371e-01   1.2219638e-01
   2.3745819e-01   1.2289979e-01
   2.4080268e-01   1.2358373e-01
   2.4414716e-01   1.2424826e-01
   2.4749164e-01   1.2489346e-01
   2.5083612e-01   1.2551940e-01
   2.5418060e-01   1.2612615e-01
   2.5752508e-01   1.2671379e-01
   2.6086957e-01   1.2728240e-01
   2.6421405e-01   1.2783205e-01
   2.6755853e-01   1.2836282e-01
   2.7090301e-01   1.2887480e-01
   2.7424749e-01   1.2936807e-01
   2.7759197e-01   1.2984271e-01
   2.8093645e-01   1.3029881e-01
   2.8428094e-01   1.3073646e-01
   2.8762542e-01   1.3115574e-01
   2.9096990e-01   1.3155675e-01
   2.9431438e-01   1.3193957e-01
   2.9765886e-01   1.3230431e-01
   3.0100334e-01   1.3265106e-01
   3.0434783e-01   1.3297990e-01
   3.0769231e-01   1.3329095e-01
   3.1103679e-01   1.3358430e-01
   3.1438127e-01   1.3386005e-01
   3.1772575e-01   1.3411830e-01
   3.2107023e-01   1.3435916e-01
   3.2441472e-01   1.3458272e-01
   3.2775920e-01   1.3478911e-01
   3.3110368e-01   1.3497842e-01
   3.3444816e-01   1.3515076e-01
   3.3779264e-01   1.3530624e-01
   3.4113712e-01   1.3544497e-01
   3.4448161e-01   1.3556708e-01
   3.4782609e-01   1.3567266e-01
   3.5117057e-01   1.3576183e-01
   3.5451505e-01   1.3583471e-01
   3.5785953e-01   1.3589142e-01
   3.6120401e-01   1.3593208e-01
   3.6454849e-01   1.3595679e-01
   3.6789298e-01   1.3596569e-01
   3.7123746e-01   1.3595889e-01
   3.7458194e-01   1.3593652e-01
   3.7792642e-01   1.3589870e-01
   3.8127090e-01   1.3584555e-01
   3.8461538e-01   1.3577720e-01
   3.8795987e-01   1.3569377e-01
   3.9130435e-01   1.3559540e-01
   3.9464883e-01   1.3548220e-01
   3.9799331e-01   1.3535430e-01
   4.0133779e-01   1.3521184e-01
   4.0468227e-01   1.3505495e-01
   4.0802676e-01   1.3488375e-01
   4.1137124e-01   1.3469837e-01
   4.1471572e-01   1.3449896e-01
   4.1806020e-01   1.3428563e-01
   4.2140468e-01   1.3405853e-01
   4.2474916e-01   1.3381779e-01
   4.2809365e-01   1.3356354e-01
   4.3143813e-01   1.3329591e-01
   4.3478261e-01   1.3301505e-01
   4.3812709e-01   1.3272109e-01
   4.4147157e-01   1.3241416e-01
   4.4481605e-01   1.3209441e-01
   4.4816054e-01   1.3176196e-01
   4.5150502e-01   1.3141696e-01
   4.5484950e-01   1.3105955e-01
   4.5819398e-01   1.3068986e-01
   4.6153846e-01   1.3030804e-01
   4.6488294e-01   1.2991422e-01
   4.6822742e-01   1.2950854e-01
   4.7157191e-01   1.2909114e-01
   4.7491639e-01   1.2866217e-01
   4.7826087e-01   1.2822175e-01
   4.8160535e-01   1.2777004e-01
   4.8494983e-01   1.2730718e-01
   4.8829431e-01   1.2683330e-01
   4.9163880e-01   1.2634854e-01
   4.9498328e-01   1.2585306e-01
   4.9832776e-01   1.2534698e-01
   5.0167224e-01   1.2483045e-01
   5.0501672e-01   1.2430361e-01
   5.0836120e-01   1.2376661e-01
   5.1170569e-01   1.2321958e-01
   5.1505017e-01   1.2266266e-01
   5.1839465e-01   1.2209601e-01
   5.2173913e-01   1.2151975e-01
   5.2508361e-01   1.2093403e-01
   5.2842809e-01   1.2033900e-01
   5.3177258e-01   1.1973478e-01
   5.3511706e-01   1.1912153e-01
   5.3846154e-01   1.1849938e-01
   5.4180602e-01   1.1786848e-01
   5.4515050e-01   1.1722897e-01
   5.4849498e-01   1.1658098e-01
   5.5183946e-01   1.1592466e-01
   5.5518395e-01   1.1526014e-01
   5.5852843e-01   1.1458756e-01
   5.6187291e-01   1.1390708e-01
   5.6521739e-01   1.1321881e-01
   5.6856187e-01   1.1252291e-01
   5.7190635e-01   1.1181951e-01
   5.7525084e-01   1.1110874e-01
   5.7859532e-01   1.1039075e-01
   5.8193980e-01   1.0966568e-01
   5.8528428e-01   1.0893365e-01
   5.8862876e-01   1.0819481e-01
   5.9197324e-01   1.0744929e-01
   5.9531773e-01   1.0669723e-01
   5.9866221e-01   1.0593876e-01
   6.0200669e-01   1.0517401e-01
   6.0535117e-01   1.0440313e-01
   6.0869565e-01   1.0362623e-01
   6.1204013e-01   1.0284347e-01
   6.1538462e-01   1.0205495e-01
   6.1872910e-01   1.0126083e-01
   6.2207358e-01   1.0046123e-01
   6.2541806e-01   9.9656278e-02
   6.2876254e-01   9.8846104e-02
   6.3210702e-01   9.8030839e-02
   6.3545151e-01   9.7210610e-02
   6.3879599e-01   9.6385544e-02
   6.4214047e-01   9.5555769e-02
   6.4548495e-01   9.4721410e-02
   6.4882943e-01   9.3882592e-02
   6.5217391e-01   9.3039440e-02
   6.5551839e-01   9.2192078e-02
   6.5886288e-01   9.1340628e-02
   6.6220736e-01   9.0485213e-02
   6.6555184e-01   8.9625953e-02
   6.6889632e-01   8.8762969e-02
   6.7224080e-01   8.7896380e-02
   6.7558528e-01   8.7026305e-02
   6.7892977e-01   8.6152861e-02
   6.8227425e-01   8.5276166e-02
   6.8561873e-01   8.4396334e-02
   6.8896321e-01   8.3513481e-02
   6.9230769e-01   8.2627721e-02
   6.9565217e-01   8.1739167e-02
   6.9899666e-01   8.0847929e-02
   7.0234114e-01   7.9954120e-02
   7.0568562e-01   7.9057849e-02
   7.0903010e-01   7.8159225e-02
   7.1237458e-01   7.7258355e-02
   7.1571906e-01   7.6355347e-02
   7.1906355e-01   7.5450305e-02
   7.2240803e-01   7.4543335e-02
   7.2575251e-01   7.3634539e-02
   7.2909699e-01   7.2724020e-02
   7.3244147e-01   7.1811878e-02
   7.3578595e-01   7.0898215e-02
   7.3913043e-01   6.9983128e-02
   7.4247492e-01   6.9066715e-02
   7.4581940e-01   6.8149072e-02
   7.4916388e-01   6.7230295e-02
   7.5250836e-01   6.6310476e-02
   7.5585284e-01   6.5389710e-02
   7.5919732e-01   6.4468087e-02
   7.6254181e-01   6.3545697e-02
   7.6588629e-01   6.2622629e-02
   7.6923077e-01   6.1698971e-02
   7.7257525e-01   6.0774808e-02
   7.7591973e-01   5.9850226e-02
   7.7926421e-01   5.8925308e-02
   7.8260870e-01   5.8000136e-02
   7.8595318e-01   5.7074791e-02
   7.8929766e-01   5.6149352e-02
   7.9264214e-01   5.5223897e-02
   7.9598662e-01   5.4298503e-02
   7.9933110e-01   5.3373244e-02
   8.0267559e-01   5.2448195e-02
   8.0602007e-01   5.1523428e-02
   8.0936455e-01   5.0599013e-02
   8.1270903e-01   4.9675020e-02
   8.1605351e-01   4.8751517e-02
   8.1939799e-01   4.7828569e-02
   8.2274247e-01   4.6906242e-02
   8.2608696e-01   4.5984599e-02
   8.2943144e-01   4.5063701e-02
   8.3277592e-01   4.4143608e-02
   8.3612040e-01   4.3224380e-02
   8.3946488e-01   4.2306073e-02
   8.4280936e-01   4.1388742e-02
   8.4615385e-01   4.0472442e-02
   8.4949833e-01   3.9557224e-02
   8.5284281e-01   3.8643139e-02
   8.5618729e-01   3.7730236e-02
   8.5953177e-01   3.6818561e-02
   8.6287625e-01   3.5908161e-02
   8.6622074e-01   3.4999080e-02
   8.6956522e-01   3.4091359e-02
   8.7290970e-01   3.3185039e-02
   8.7625418e-01   3.2280159e-02
   8.7959866e-01   3.1376756e-02
   8.8294314e-01   3.0474865e-02
   8.8628763e-01   2.9574519e-02
   8.8963211e-01   2.8675751e-02
   8.9297659e-01   2.7778590e-02
   8.9632107e-01   2.6883064e-02
   8.9966555e-01   2.5989201e-02
   9.0301003e-01   2.5097023e-02
   9.0635452e-01   2.4206555e-02
   9.0969900e-01   2.3317817e-02
   9.1304348e-01   2.2430828e-02
   9.1638796e-01   2.1545606e-02
   9.1973244e-01   2.0662165e-02
   9.2307692e-01   1.9780520e-02
   9.2642140e-01   1.8900681e-02
   9.2976589e-01   1.8022658e-02
   9.3311037e-01   1.7146459e-02
   9.3645485e-01   1.6272091e-02
   9.3979933e-01   1.5399556e-02
   9.4314381e-01   1.4528856e-02
   9.4648829e-01   1.3659992e-02
   9.4983278e-01   1.2792962e-02
   9.5317726e-01   1.1927762e-02
   9.5652174e-01   1.1064385e-02
   9.5986622e-01   1.0202823e-02
   9.6321070e-01   9.3430671e-03
   9.6655518e-01   8.4851046e-03
   9.6989967e-01   7.6289215e-03
   9.7324415e-01   6.7745017e-03
   9.7658863e-01   5.9218270e-03
   9.7993311e-01   5.0708771e-03
   9.8327759e-01   4.2216297e-03
   9.8662207e-01   3.3740602e-03
   9.8996656e-01   2.5281423e-03
   9.9331104e-01   1.6838471e-03
   9.9665552e-01   8.4114401e-04
   1.0000000e+00   0.0000000e+00
   1.0000000e+00   0.0000000e+00
   9.9665552e-01   2.6907347e-04
   9.9331104e-01   5.2294477e-04
   9.8996656e-01   7.6178384e-04
   9.8662207e-01   9.8576019e-04
   9.8327759e-01   1.1950428e-03
   9.7993311e-01   1.3898003e-03
   9.7658863e-01   1.5702007e-03
   9.7324415e-01   1.7364117e-03
   9.6989967e-01   1.8886003e-03
   9.6655518e-01   2.0269333e-03
   9.6321070e-01   2.1515768e-03
   9.5986622e-01   2.2626965e-03
   9.5652174e-01   2.3604577e-03
   9.5317726e-01   2.4450252e-03
   9.4983278e-01   2.5165631e-03
   9.4648829e-01   2.5752354e-03
   9.4314381e-01   2.6212053e-03
   9.3979933e-01   2.6546357e-03
   9.3645485e-01   2.6756890e-03
   9.3311037e-01   2.6845270e-03
   9.2976589e-01   2.6813111e-03
   9.2642140e-01   2.6662023e-03
   9.2307692e-01   2.6393610e-03
   9.1973244e-01   2.6009471e-03
   9.1638796e-01   2.5511201e-03
   9.1304348e-01   2.4900389e-03
   9.0969900e-01   2.4178621e-03
   9.0635452e-01   2.3347476e-03
   9.0301003e-01   2.2408530e-03
   8.9966555e-01   2.1363353e-03
   8.9632107e-01   2.0213509e-03
   8.9297659e-01   1.8960560e-03
   8.8963211e-01   1.7606060e-03
   8.8628763e-01   1.6151560e-03
   8.8294314e-01   1.4598606e-03
   8.7959866e-01   1.2948738e-03
   8.7625418e-01   1.1203492e-03
   8.7290970e-01   9.3643978e-04
   8.6956522e-01   7.4329818e-04
   8.6622074e-01   5.4107644e-04
   8.6287625e-01   3.2992612e-04
   8.5953177e-01   1.0999828e-04
   8.5618729e-01  -1.1855653e-04
   8.5284281e-01  -3.5558825e-04
   8.4949833e-01  -6.0094732e-04
   8.4615385e-01  -8.5448471e-04
   8.4280936e-01  -1.1160519e-03
   8.3946488e-01  -1.3855008e-03
   8.3612040e-01  -1.6626839e-03
   8.3277592e-01  -1.9474543e-03
   8.2943144e-01  -2.2396653e-03
   8.2608696e-01  -2.5391711e-03
   8.2274247e-01  -2.8458261e-03
   8.1939799e-01  -3.1594853e-03
   8.1605351e-01  -3.4800044e-03
   8.1270903e-01  -3.8072393e-03
   8.0936455e-01  -4.1410467e-03
   8.0602007e-01  -4.4812836e-03
   8.0267559e-01  -4.8278078e-03
   7.9933110e-01  -5.1804772e-03
   7.9598662e-01  -5.5391505e-03
   7.9264214e-01  -5.9036870e-03
   7.8929766e-01  -6.2739463e-03
   7.8595318e-01  -6.6497886e-03
   7.8260870e-01  -7.0310748e-03
   7.7926421e-01  -7.4176660e-03
   7.7591973e-01  -7.8094241e-03
   7.7257525e-01  -8.2062113e-03
   7.6923077e-01  -8.6078906e-03
   7.6588629e-01  -9.0143254e-03
   7.6254181e-01  -9.4253794e-03
   7.5919732e-01  -9.8409173e-03
   7.5585284e-01  -1.0260804e-02
   7.5250836e-01  -1.0684905e-02
   7.4916388e-01  -1.1113086e-02
   7.4581940e-01  -1.1545214e-02
   7.4247492e-01  -1.1981157e-02
   7.3913043e-01  -1.2420781e-02
   7.3578595e-01  -1.2863955e-02
   7.3244147e-01  -1.3310547e-02
   7.2909699e-01  -1.3760428e-02
   7.2575251e-01  -1.4213466e-02
   7.2240803e-01  -1.4669533e-02
   7.1906355e-01  -1.5128499e-02
   7.1571906e-01  -1.5590235e-02
   7.1237458e-01  -1.6054614e-02
   7.0903010e-01  -1.6521508e-02
   7.0568562e-01  -1.6990790e-02
   7.0234114e-01  -1.7462334e-02
   6.9899666e-01  -1.7936014e-02
   6.9565217e-01  -1.8411706e-02
   6.9230769e-01  -1.8889283e-02
   6.8896321e-01  -1.9368623e-02
   6.8561873e-01  -1.9849601e-02
   6.8227425e-01  -2.0332095e-02
   6.7892977e-01  -2.0815983e-02
   6.7558528e-01  -2.1301141e-02
   6.7224080e-01  -2.1787449e-02
   6.6889632e-01  -2.2274787e-02
   6.6555184e-01  -2.2763034e-02
   6.6220736e-01  -2.3252070e-02
   6.5886288e-01  -2.3741776e-02
   6.5551839e-01  -2.4232035e-02
   6.5217391e-01  -2.4722727e-02
   6.4882943e-01  -2.5213736e-02
   6.4548495e-01  -2.5704945e-02
   6.4214047e-01  -2.6196238e-02
   6.3879599e-01  -2.6687498e-02
   6.3545151e-01  -2.7178612e-02
   6.3210702e-01  -2.7669464e-02
   6.2876254e-01  -2.8159941e-02
   6.2541806e-01  -2.8649929e-02
   6.2207358e-01  -2.9139316e-02
   6.1872910e-01  -2.9627989e-02
   6.1538462e-01  -3.0115838e-02
   6.1204013e-01  -3.0602750e-02
   6.0869565e-01  -3.1088615e-02
   6.0535117e-01  -3.1573325e-02
   6.0200669e-01  -3.2056769e-02
   5.9866221e-01  -3.2538838e-02
   5.9531773e-01  -3.3019426e-02
   5.9197324e-01  -3.3498424e-02
   5.8862876e-01  -3.3975725e-02
   5.8528428e-01  -3.4451224e-02
   5.8193980e-01  -3.4924814e-02
   5.7859532e-01  -3.5396391e-02
   5.7525084e-01  -3.5865849e-02
   5.7190635e-01  -3.6333086e-02
   5.6856187e-01  -3.6797998e-02
   5.6521739e-01  -3.7260482e-02
   5.6187291e-01  -3.7720436e-02
   5.5852843e-01  -3.8177759e-02
   5.5518395e-01  -3.8632350e-02
   5.5183946e-01  -3.9084108e-02
   5.4849498e-01  -3.9532934e-02
   5.4515050e-01  -3.9978729e-02
   5.4180602e-01  -4.0421394e-02
   5.3846154e-01  -4.0860832e-02
   5.3511706e-01  -4.1296945e-02
   5.3177258e-01  -4.1729637e-02
   5.2842809e-01  -4.2158812e-02
   5.2508361e-01  -4.2584374e-02
   5.2173913e-01  -4.3006229e-02
   5.1839465e-01  -4.3424282e-02
   5.1505017e-01  -4.3838440e-02
   5.1170569e-01  -4.4248610e-02
   5.0836120e-01  -4.4654700e-02
   5.0501672e-01  -4.5056617e-02
   5.0167224e-01  -4.5454272e-02
   4.9832776e-01  -4.5847573e-02
   4.9498328e-01  -4.6236431e-02
   4.9163880e-01  -4.6620756e-02
   4.8829431e-01  -4.7000460e-02
   4.8494983e-01  -4.7375455e-02
   4.8160535e-01  -4.7745654e-02
   4.7826087e-01  -4.8110970e-02
   4.7491639e-01  -4.8471316e-02
   4.7157191e-01  -4.8826607e-02
   4.6822742e-01  -4.9176759e-02
   4.6488294e-01  -4.9521687e-02
   4.6153846e-01  -4.9861308e-02
   4.5819398e-01  -5.0195538e-02
   4.5484950e-01  -5.0524296e-02
   4.5150502e-01  -5.0847499e-02
   4.4816054e-01  -5.1165066e-02
   4.4481605e-01  -5.1476917e-02
   4.4147157e-01  -5.1782973e-02
   4.3812709e-01  -5.2083153e-02
   4.3478261e-01  -5.2377379e-02
   4.3143813e-01  -5.2665574e-02
   4.2809365e-01  -5.2947659e-02
   4.2474916e-01  -5.3223558e-02
   4.2140468e-01  -5.3493195e-02
   4.1806020e-01  -5.3756494e-02
   4.1471572e-01  -5.4013381e-02
   4.1137124e-01  -5.4263780e-02
   4.0802676e-01  -5.4507619e-02
   4.0468227e-01  -5.4744825e-02
   4.0133779e-01  -5.4975324e-02
   3.9799331e-01  -5.5199044e-02
   3.9464883e-01  -5.5415916e-02
   3.9130435e-01  -5.5625867e-02
   3.8795987e-01  -5.5828827e-02
   3.8461538e-01  -5.6024728e-02
   3.8127090e-01  -5.6213501e-02
   3.7792642e-01  -5.6395076e-02
   3.7458194e-01  -5.6569386e-02
   3.7123746e-01  -5.6736365e-02
   3.6789298e-01  -5.6895944e-02
   3.6454849e-01  -5.7048059e-02
   3.6120401e-01  -5.7192644e-02
   3.5785953e-01  -5.7329633e-02
   3.5451505e-01  -5.7458963e-02
   3.5117057e-01  -5.7580570e-02
   3.4782609e-01  -5.7694389e-02
   3.4448161e-01  -5.7800359e-02
   3.4113712e-01  -5.7898417e-02
   3.3779264e-01  -5.7988501e-02
   3.3444816e-01  -5.8070550e-02
   3.3110368e-01  -5.8144504e-02
   3.2775920e-01  -5.8210300e-02
   3.2441472e-01  -5.8267881e-02
   3.2107023e-01  -5.8317186e-02
   3.1772575e-01  -5.8358157e-02
   3.1438127e-01  -5.8390734e-02
   3.1103679e-01  -5.8414859e-02
   3.0769231e-01  -5.8430476e-02
   3.0434783e-01  -5.8437526e-02
   3.0100334e-01  -5.8435951e-02
   2.9765886e-01  -5.8425697e-02
   2.9431438e-01  -5.8406705e-02
   2.9096990e-01  -5.8378920e-02
   2.8762542e-01  -5.8342286e-02
   2.8428094e-01  -5.8296747e-02
   2.8093645e-01  -5.8242248e-02
   2.7759197e-01  -5.8178733e-02
   2.7424749e-01  -5.8106148e-02
   2.7090301e-01  -5.8024437e-02
   2.6755853e-01  -5.7933545e-02
   2.6421405e-01  -5.7833417e-02
   2.6086957e-01  -5.7723999e-02
   2.5752508e-01  -5.7605235e-02
   2.5418060e-01  -5.7477071e-02
   2.5083612e-01  -5.7339451e-02
   2.4749164e-01  -5.7192320e-02
   2.4414716e-01  -5.7035621e-02
   2.4080268e-01  -5.6869300e-02
   2.3745819e-01  -5.6693299e-02
   2.3411371e-01  -5.6507562e-02
   2.3076923e-01  -5.6312032e-02
   2.2742475e-01  -5.6106649e-02
   2.2408027e-01  -5.5891356e-02
   2.2073579e-01  -5.5666093e-02
   2.1739130e-01  -5.5430800e-02
   2.1404682e-01  -5.5185415e-02
   2.1070234e-01  -5.4929875e-02
   2.0735786e-01  -5.4664116e-02
   2.0401338e-01  -5.4388074e-02
   2.0066890e-01  -5.4101681e-02
   1.9732441e-01  -5.3804868e-02
   1.9397993e-01  -5.3497565e-02
   1.9063545e-01  -5.3179699e-02
   1.8729097e-01  -5.2851196e-02
   1.8394649e-01  -5.2511977e-02
   1.8060201e-01  -5.2161962e-02
   1.7725753e-01  -5.1801068e-02
   1.7391304e-01  -5.1429208e-02
   1.7056856e-01  -5.1046291e-02
   1.6722408e-01  -5.0652223e-02
   1.6387960e-01  -5.0246905e-02
   1.6053512e-01  -4.9830232e-02
   1.5719064e-01  -4.9402095e-02
   1.5384615e-01  -4.8962379e-02
   1.5050167e-01  -4.8510962e-02
   1.4715719e-01  -4.8047716e-02
   1.4381271e-01  -4.7572503e-02
   1.4046823e-01  -4.7085179e-02
   1.3712375e-01  -4.6585588e-02
   1.3377926e-01  -4.6073565e-02
   1.3043478e-01  -4.5548935e-02
   1.2709030e-01  -4.5011506e-02
   1.2374582e-01  -4.4461075e-02
   1.2040134e-01  -4.3897424e-02
   1.1705686e-01  -4.3320314e-02
   1.1371237e-01  -4.2729489e-02
   1.1036789e-01  -4.2124672e-02
   1.0702341e-01  -4.1505560e-02
   1.0367893e-01  -4.0871822e-02
   1.0033445e-01  -4.0223100e-02
   9.6989967e-02  -3.9558996e-02
   9.3645485e-02  -3.8879078e-02
   9.0301003e-02  -3.8182866e-02
   8.6956522e-02  -3.7469830e-02
   8.3612040e-02  -3.6739383e-02
   8.0267559e-02  -3.5990869e-02
   7.6923077e-02  -3.5223557e-02
   7.3578595e-02  -3.4436624e-02
   7.0234114e-02  -3.3629142e-02
   6.6889632e-02  -3.2800062e-02
   6.3545151e-02  -3.1948185e-02
   6.0200669e-02  -3.1072140e-02
   5.6856187e-02  -3.0170344e-02
   5.3511706e-02  -2.9240959e-02
   5.0167224e-02  -2.8281832e-02
   4.6822742e-02  -2.7290419e-02
   4.3478261e-02  -2.6263685e-02
   4.0133779e-02  -2.5197962e-02
   3.6789298e-02  -2.4088759e-02
   3.3444816e-02  -2.2930488e-02
   3.0100334e-02  -2.1716067e-02
   2.6755853e-02  -2.0436302e-02
   2.3411371e-02  -1.9078928e-02
   2.0066890e-02  -1.7626974e-02
   1.6722408e-02  -1.6055850e-02
   1.3377926e-02  -1.4327576e-02
   1.0033445e-02  -1.2377854e-02
   6.6889632e-03  -1.0080653e-02
   3.3444816e-03  -7.1090034e-03
   0.0000000e+00  -0.0000000e+00
