   0.0000000e+00   0.0000000e+00
   3.3444816e-03   1.3014458e-02
   6.6889632e-03   1.8439060e-02
   1.0033445e-02   2.2624302e-02
   1.3377926e-02   2.6171470e-02
   1.6722408e-02   2.9312922e-02
   2.0066890e-02   3.2167536e-02
   2.3411371e-02   3.4805750e-02
   2.6755853e-02   3.7273331e-02
   3.0100334e-02   3.9601971e-02
   3.3444816e-02   4.1814669e-02
   3.6789298e-02   4.3928725e-02
   4.0133779e-02   4.5957526e-02
   4.3478261e-02   4.7911673e-02
   4.6822742e-02   4.9799720e-02
   5.0167224e-02   5.1628681e-02
   5.3511706e-02   5.3404384e-02
   5.6856187e-02   5.5131731e-02
   6.0200669e-02   5.6814884e-02
   6.3545151e-02   5.8457410e-02
   6.6889632e-02   6.0062386e-02
   7.0234114e-02   6.1632489e-02
   7.3578595e-02   6.3170059e-02
   7.6923077e-02   6.4677154e-02
   8.0267559e-02   6.6155590e-02
   8.3612040e-02   6.7606981e-02
   8.6956522e-02   6.9032762e-02
   9.0301003e-02   7.0434216e-02
   9.3645485e-02   7.1812493e-02
   9.6989967e-02   7.3168627e-02
   1.0033445e-01   7.4503548e-02
   1.0367893e-01   7.5818097e-02
   1.0702341e-01   7.7113035e-02
   1.1036789e-01   7.8389050e-02
   1.1371237e-01   7.9646768e-02
   1.1705686e-01   8.0886756e-02
   1.2040134e-01   8.2109531e-02
   1.2374582e-01   8.3315564e-02
   1.2709030e-01   8.4505281e-02
   1.3043478e-01   8.5679073e-02
   1.3377926e-01   8.6837296e-02
   1.3712375e-01   8.7980272e-02
   1.4046823e-01   8.9108299e-02
   1.4381271e-01   9.0221643e-02
   1.4715719e-01   9.1320550e-02
   1.5050167e-01   9.2405242e-02
   1.5384615e-01   9.3475922e-02
   1.5719064e-01   9.4532773e-02
   1.6053512e-01   9.5575962e-02
   1.6387960e-01   9.6605637e-02
   1.6722408e-01   9.7621936e-02
   1.7056856e-01   9.8624979e-02
   1.7391304e-01   9.9614876e-02
   1.7725753e-01   1.0059172e-01
   1.8060201e-01   1.0155561e-01
   1.8394649e-01   1.0250661e-01
   1.8729097e-01   1.0344480e-01
   1.9063545e-01   1.0437022e-01
   1.9397993e-01   1.0528293e-01
   1.9732441e-01   1.0618298e-01
   2.0066890e-01   1.0707040e-01
   2.0401338e-01   1.0794521e-01
   2.0735786e-01   1.0880744e-01
   2.1070234e-01   1.0965712e-01
   2.1404682e-01   1.1049424e-01
   2.1739130e-01   1.1131882e-01
   2.2073579e-01   1.1213086e-01
   2.2408027e-01   1.1293036e-01
   2.2742475e-01   1.1371732e-01
   2.3076923e-01   1.1449171e-01
   2.3411371e-01   1.1525354e-01
   2.3745819e-01   1.1600278e-01
   2.4080268e-01   1.1673942e-01
   2.4414716e-01   1.1746343e-01
   2.4749164e-01   1.1817479e-01
   2.5083612e-01   1.1887348e-01
   2.5418060e-01   1.1955946e-01
   2.5752508e-01   1.2023271e-01
   2.6086957e-01   1.2089318e-01
   2.6421405e-01   1.2154086e-01
   2.6755853e-01   1.2217570e-01
   2.7090301e-01   1.2279766e-01
   2.7424749e-01   1.2340671e-01
   2.7759197e-01   1.2400281e-01
   2.8093645e-01   1.2458592e-01
   2.8428094e-01   1.2515600e-01
   2.8762542e-01   1.2571300e-01
   2.9096990e-01   1.2625689e-01
   2.9431438e-01   1.2678762e-01
   2.9765886e-01   1.2730515e-01
   3.0100334e-01   1.2780943e-01
   3.0434783e-01   1.2830042e-01
   3.0769231e-01   1.2877808e-01
   3.1103679e-01   1.2924237e-01
   3.1438127e-01   1.2969323e-01
   3.1772575e-01   1.3013063e-01
   3.2107023e-01   1.3055452e-01
   3.2441472e-01   1.3096486e-01
   3.2775920e-01   1.3136161e-01
   3.3110368e-01   1.3174472e-01
   3.3444816e-01   1.3211416e-01
   3.3779264e-01   1.3246987e-01
   3.4113712e-01   1.3281182e-01
   3.4448161e-01   1.3313997e-01
   3.4782609e-01   1.3345427e-01
   3.5117057e-01   1.3375470e-01
   3.5451505e-01   1.3404120e-01
   3.5785953e-01   1.3431376e-01
   3.6120401e-01   1.3457231e-01
   3.6454849e-01   1.3481684e-01
   3.6789298e-01   1.3504731e-01
   3.7123746e-01   1.3526368e-01
   3.7458194e-01   1.3546592e-01
   3.7792642e-01   1.3565399e-01
   3.8127090e-01   1.3582788e-01
   3.8461538e-01   1.3598755e-01
   3.8795987e-01   1.3613297e-01
   3.9130435e-01   1.3626412e-01
   3.9464883e-01   1.3638097e-01
   3.9799331e-01   1.3648350e-01
   4.0133779e-01   1.3657168e-01
   4.0468227e-01   1.3664549e-01
   4.0802676e-01   1.3670492e-01
   4.1137124e-01   1.3674995e-01
   4.1471572e-01   1.3678055e-01
   4.1806020e-01   1.3679672e-01
   4.2140468e-01   1.3679845e-01
   4.2474916e-01   1.3678571e-01
   4.2809365e-01   1.3675851e-01
   4.3143813e-01   1.3671682e-01
   4.3478261e-01   1.3666065e-01
   4.3812709e-01   1.3659000e-01
   4.4147157e-01   1.3650485e-01
   4.4481605e-01   1.3640520e-01
   4.4816054e-01   1.3629107e-01
   4.5150502e-01   1.3616244e-01
   4.5484950e-01   1.3601933e-01
   4.5819398e-01   1.3586174e-01
   4.6153846e-01   1.3568967e-01
   4.6488294e-01   1.3550315e-01
   4.6822742e-01   1.3530217e-01
   4.7157191e-01   1.3508677e-01
   4.7491639e-01   1.3485694e-01
   4.7826087e-01   1.3461271e-01
   4.8160535e-01   1.3435410e-01
   4.8494983e-01   1.3408114e-01
   4.8829431e-01   1.3379384e-01
   4.9163880e-01   1.3349224e-01
   4.9498328e-01   1.3317636e-01
   4.9832776e-01   1.3284623e-01
   5.0167224e-01   1.3250190e-01
   5.0501672e-01   1.3214338e-01
   5.0836120e-01   1.3177073e-01
   5.1170569e-01   1.3138398e-01
   5.1505017e-01   1.3098317e-01
   5.1839465e-01   1.3056835e-01
   5.2173913e-01   1.3013956e-01
   5.2508361e-01   1.2969687e-01
   5.2842809e-01   1.2924031e-01
   5.3177258e-01   1.2876994e-01
   5.3511706e-01   1.2828582e-01
   5.3846154e-01   1.2778800e-01
   5.4180602e-01   1.2727656e-01
   5.4515050e-01   1.2675155e-01
   5.4849498e-01   1.2621304e-01
   5.5183946e-01   1.2566110e-01
   5.5518395e-01   1.2509580e-01
   5.5852843e-01   1.2451722e-01
   5.6187291e-01   1.2392543e-01
   5.6521739e-01   1.2332051e-01
   5.6856187e-01   1.2270254e-01
   5.7190635e-01   1.2207161e-01
   5.7525084e-01   1.2142781e-01
   5.7859532e-01   1.2077122e-01
   5.8193980e-01   1.2010195e-01
   5.8528428e-01   1.1942007e-01
   5.8862876e-01   1.1872570e-01
   5.9197324e-01   1.1801893e-01
   5.9531773e-01   1.1729986e-01
   5.9866221e-01   1.1656861e-01
   6.0200669e-01   1.1582528e-01
   6.0535117e-01   1.1506998e-01
   6.0869565e-01   1.1430283e-01
   6.1204013e-01   1.1352395e-01
   6.1538462e-01   1.1273345e-01
   6.1872910e-01   1.1193146e-01
   6.2207358e-01   1.1111811e-01
   6.2541806e-01   1.1029352e-01
   6.2876254e-01   1.0945782e-01
   6.3210702e-01   1.0861116e-01
   6.3545151e-01   1.0775366e-01
   6.3879599e-01   1.0688547e-01
   6.4214047e-01   1.0600674e-01
   6.4548495e-01   1.0511760e-01
   6.4882943e-01   1.0421821e-01
   6.5217391e-01   1.0330872e-01
   6.5551839e-01   1.0238929e-01
   6.5886288e-01   1.0146008e-01
   6.6220736e-01   1.0052124e-01
   6.6555184e-01   9.9572942e-02
   6.6889632e-01   9.8615354e-02
   6.7224080e-01   9.7648647e-02
   6.7558528e-01   9.6672994e-02
   6.7892977e-01   9.5688573e-02
   6.8227425e-01   9.4695563e-02
   6.8561873e-01   9.3694148e-02
   6.8896321e-01   9.2684514e-02
   6.9230769e-01   9.1666852e-02
   6.9565217e-01   9.0641354e-02
   6.9899666e-01   8.9608217e-02
   7.0234114e-01   8.8567639e-02
   7.0568562e-01   8.7519823e-02
   7.0903010e-01   8.6464975e-02
   7.1237458e-01   8.5403305e-02
   7.1571906e-01   8.4335023e-02
   7.1906355e-01   8.3260347e-02
   7.2240803e-01   8.2179494e-02
   7.2575251e-01   8.1092687e-02
   7.2909699e-01   8.0000152e-02
   7.3244147e-01   7.8902117e-02
   7.3578595e-01   7.7798814e-02
   7.3913043e-01   7.6690480e-02
   7.4247492e-01   7.5577352e-02
   7.4581940e-01   7.4459674e-02
   7.4916388e-01   7.3337690e-02
   7.5250836e-01   7.2211651e-02
   7.5585284e-01   7.1081807e-02
   7.5919732e-01   6.9948417e-02
   7.6254181e-01   6.8811738e-02
   7.6588629e-01   6.7672033e-02
   7.6923077e-01   6.6529570e-02
   7.7257525e-01   6.5384617e-02
   7.7591973e-01   6.4237448e-02
   7.7926421e-01   6.3088340e-02
   7.8260870e-01   6.1937573e-02
   7.8595318e-01   6.0785431e-02
   7.8929766e-01   5.9632201e-02
   7.9264214e-01   5.8478174e-02
   7.9598662e-01   5.7323644e-02
   7.9933110e-01   5.6168911e-02
   8.0267559e-01   5.5014274e-02
   8.0602007e-01   5.3860041e-02
   8.0936455e-01   5.2706518e-02
   8.1270903e-01   5.1554020e-02
   8.1605351e-01   5.0402861e-02
   8.1939799e-01   4.9253362e-02
   8.2274247e-01   4.8105847e-02
   8.2608696e-01   4.6960641e-02
   8.2943144e-01   4.5818077e-02
   8.3277592e-01   4.4678488e-02
   8.3612040e-01   4.3542213e-02
   8.3946488e-01   4.2409593e-02
   8.4280936e-01   4.1280974e-02
   8.4615385e-01   4.0156706e-02
   8.4949833e-01   3.9037141e-02
   8.5284281e-01   3.7922636e-02
   8.5618729e-01   3.6813552e-02
   8.5953177e-01   3.5710254e-02
   8.6287625e-01   3.4613109e-02
   8.6622074e-01   3.3522490e-02
   8.6956522e-01   3.2438772e-02
   8.7290970e-01   3.1362334e-02
   8.7625418e-01   3.0293562e-02
   8.7959866e-01   2.9232840e-02
   8.8294314e-01   2.8180562e-02
   8.8628763e-01   2.7137121e-02
   8.8963211e-01   2.6102918e-02
   8.9297659e-01   2.5078354e-02
   8.9632107e-01   2.4063836e-02
   8.9966555e-01   2.3059775e-02
   9.0301003e-01   2.2066585e-02
   9.0635452e-01   2.1084685e-02
   9.0969900e-01   2.0114498e-02
   9.1304348e-01   1.9156449e-02
   9.1638796e-01   1.8210969e-02
   9.1973244e-01   1.7278493e-02
   9.2307692e-01   1.6359458e-02
   9.2642140e-01   1.5454307e-02
   9.2976589e-01   1.4563486e-02
   9.3311037e-01   1.3687446e-02
   9.3645485e-01   1.2826640e-02
   9.3979933e-01   1.1981527e-02
   9.4314381e-01   1.1152570e-02
   9.4648829e-01   1.0340235e-02
   9.4983278e-01   9.5449931e-03
   9.5317726e-01   8.7673180e-03
   9.5652174e-01   8.0076887e-03
   9.5986622e-01   7.2665882e-03
   9.6321070e-01   6.5445033e-03
   9.6655518e-01   5.8419250e-03
   9.6989967e-01   5.1593485e-03
   9.7324415e-01   4.4972732e-03
   9.7658863e-01   3.8562024e-03
   9.7993311e-01   3.2366438e-03
   9.8327759e-01   2.6391091e-03
   9.8662207e-01   2.0641144e-03
   9.8996656e-01   1.5121796e-03
   9.9331104e-01   9.8382923e-04
   9.9665552e-01   4.7959177e-04
   1.0000000e+00   0.0000000e+00
   1.0000000e+00   0.0000000e+00
   9.9665552e-01   1.1095191e-04
   9.9331104e-01   2.0818433e-04
   9.8996656e-01   2.9196480e-04
   9.8662207e-01   3.6255845e-04
   9.8327759e-01   4.2022802e-04
   9.7993311e-01   4.6523385e-04
   9.7658863e-01   4.9783389e-04
   9.7324415e-01   5.1828373e-04
   9.6989967e-01   5.2683657e-04
   9.6655518e-01   5.2374326e-04
   9.6321070e-01   5.0925227e-04
   9.5986622e-01   4.8360975e-04
   9.5652174e-01   4.4705948e-04
   9.5317726e-01   3.9984292e-04
   9.4983278e-01   3.4219920e-04
   9.4648829e-01   2.7436511e-04
   9.4314381e-01   1.9657515e-04
   9.3979933e-01   1.0906149e-04
   9.3645485e-01   1.2054016e-05
   9.3311037e-01  -9.4219689e-05
   9.2976589e-01  -2.0953433e-04
   9.2642140e-01  -3.3366688e-04
   9.2307692e-01  -4.6639660e-04
   9.1973244e-01  -6.0750500e-04
   9.1638796e-01  -7.5677586e-04
   9.1304348e-01  -9.1399521e-04
   9.0969900e-01  -1.0789513e-03
   9.0635452e-01  -1.2514347e-03
   9.0301003e-01  -1.4312380e-03
   8.9966555e-01  -1.6181563e-03
   8.9632107e-01  -1.8119867e-03
   8.9297659e-01  -2.0125285e-03
   8.8963211e-01  -2.2195834e-03
   8.8628763e-01  -2.4329552e-03
   8.8294314e-01  -2.6524496e-03
   8.7959866e-01  -2.8778750e-03
   8.7625418e-01  -3.1090415e-03
   8.7290970e-01  -3.3457615e-03
   8.6956522e-01  -3.5878498e-03
   8.6622074e-01  -3.8351231e-03
   8.6287625e-01  -4.0874002e-03
   8.5953177e-01  -4.3445021e-03
   8.5618729e-01  -4.6062520e-03
   8.5284281e-01  -4.8724752e-03
   8.4949833e-01  -5.1429989e-03
   8.4615385e-01  -5.4176526e-03
   8.4280936e-01  -5.6962680e-03
   8.3946488e-01  -5.9786785e-03
   8.3612040e-01  -6.2647200e-03
   8.3277592e-01  -6.5542301e-03
   8.2943144e-01  -6.8470488e-03
   8.2608696e-01  -7.1430178e-03
   8.2274247e-01  -7.4419812e-03
   8.1939799e-01  -7.7437848e-03
   8.1605351e-01  -8.0482766e-03
   8.1270903e-01  -8.3553067e-03
   8.0936455e-01  -8.6647270e-03
   8.0602007e-01  -8.9763916e-03
   8.0267559e-01  -9.2901565e-03
   7.9933110e-01  -9.6058796e-03
   7.9598662e-01  -9.9234210e-03
   7.9264214e-01  -1.0242642e-02
   7.8929766e-01  -1.0563408e-02
   7.8595318e-01  -1.0885584e-02
   7.8260870e-01  -1.1209037e-02
   7.7926421e-01  -1.1533637e-02
   7.7591973e-01  -1.1859257e-02
   7.7257525e-01  -1.2185769e-02
   7.6923077e-01  -1.2513050e-02
   7.6588629e-01  -1.2840976e-02
   7.6254181e-01  -1.3169427e-02
   7.5919732e-01  -1.3498284e-02
   7.5585284e-01  -1.3827429e-02
   7.5250836e-01  -1.4156749e-02
   7.4916388e-01  -1.4486129e-02
   7.4581940e-01  -1.4815459e-02
   7.4247492e-01  -1.5144628e-02
   7.3913043e-01  -1.5473529e-02
   7.3578595e-01  -1.5802056e-02
   7.3244147e-01  -1.6130105e-02
   7.2909699e-01  -1.6457573e-02
   7.2575251e-01  -1.6784361e-02
   7.2240803e-01  -1.7110369e-02
   7.1906355e-01  -1.7435501e-02
   7.1571906e-01  -1.7759660e-02
   7.1237458e-01  -1.8082755e-02
   7.0903010e-01  -1.8404693e-02
   7.0568562e-01  -1.8725384e-02
   7.0234114e-01  -1.9044740e-02
   6.9899666e-01  -1.9362674e-02
   6.9565217e-01  -1.9679102e-02
   6.9230769e-01  -1.9993941e-02
   6.8896321e-01  -2.0307109e-02
   6.8561873e-01  -2.0618527e-02
   6.8227425e-01  -2.0928116e-02
   6.7892977e-01  -2.1235800e-02
   6.7558528e-01  -2.1541505e-02
   6.7224080e-01  -2.1845156e-02
   6.6889632e-01  -2.2146684e-02
   6.6555184e-01  -2.2446017e-02
   6.6220736e-01  -2.2743088e-02
   6.5886288e-01  -2.3037830e-02
   6.5551839e-01  -2.3330178e-02
   6.5217391e-01  -2.3620069e-02
   6.4882943e-01  -2.3907440e-02
   6.4548495e-01  -2.4192231e-02
   6.4214047e-01  -2.4474384e-02
   6.3879599e-01  -2.4753841e-02
   6.3545151e-01  -2.5030546e-02
   6.3210702e-01  -2.5304446e-02
   6.2876254e-01  -2.5575487e-02
   6.2541806e-01  -2.5843618e-02
   6.2207358e-01  -2.6108789e-02
   6.1872910e-01  -2.6370953e-02
   6.1538462e-01  -2.6630062e-02
   6.1204013e-01  -2.6886071e-02
   6.0869565e-01  -2.7138936e-02
   6.0535117e-01  -2.7388615e-02
   6.0200669e-01  -2.7635066e-02
   5.9866221e-01  -2.7878249e-02
   5.9531773e-01  -2.8118127e-02
   5.9197324e-01  -2.8354663e-02
   5.8862876e-01  -2.8587820e-02
   5.8528428e-01  -2.8817566e-02
   5.8193980e-01  -2.9043866e-02
   5.7859532e-01  -2.9266689e-02
   5.7525084e-01  -2.9486005e-02
   5.7190635e-01  -2.9701786e-02
   5.6856187e-01  -2.9914003e-02
   5.6521739e-01  -3.0122630e-02
   5.6187291e-01  -3.0327643e-02
   5.5852843e-01  -3.0529016e-02
   5.5518395e-01  -3.0726729e-02
   5.5183946e-01  -3.0920759e-02
   5.4849498e-01  -3.1111086e-02
   5.4515050e-01  -3.1297692e-02
   5.4180602e-01  -3.1480558e-02
   5.3846154e-01  -3.1659668e-02
   5.3511706e-01  -3.1835007e-02
   5.3177258e-01  -3.2006560e-02
   5.2842809e-01  -3.2174315e-02
   5.2508361e-01  -3.2338259e-02
   5.2173913e-01  -3.2498381e-02
   5.1839465e-01  -3.2654672e-02
   5.1505017e-01  -3.2807122e-02
   5.1170569e-01  -3.2955725e-02
   5.0836120e-01  -3.3100474e-02
   5.0501672e-01  -3.3241362e-02
   5.0167224e-01  -3.3378386e-02
   4.9832776e-01  -3.3511542e-02
   4.9498328e-01  -3.3640827e-02
   4.9163880e-01  -3.3766240e-02
   4.8829431e-01  -3.3887780e-02
   4.8494983e-01  -3.4005447e-02
   4.8160535e-01  -3.4119243e-02
   4.7826087e-01  -3.4229170e-02
   4.7491639e-01  -3.4335230e-02
   4.7157191e-01  -3.4437427e-02
   4.6822742e-01  -3.4535767e-02
   4.6488294e-01  -3.4630255e-02
   4.6153846e-01  -3.4720897e-02
   4.5819398e-01  -3.4807700e-02
   4.5484950e-01  -3.4890673e-02
   4.5150502e-01  -3.4969824e-02
   4.4816054e-01  -3.5045162e-02
   4.4481605e-01  -3.5116698e-02
   4.4147157e-01  -3.5184443e-02
   4.3812709e-01  -3.5248408e-02
   4.3478261e-01  -3.5308606e-02
   4.3143813e-01  -3.5365049e-02
   4.2809365e-01  -3.5417752e-02
   4.2474916e-01  -3.5466727e-02
   4.2140468e-01  -3.5511990e-02
   4.1806020e-01  -3.5553557e-02
   4.1471572e-01  -3.5591442e-02
   4.1137124e-01  -3.5625664e-02
   4.0802676e-01  -3.5656237e-02
   4.0468227e-01  -3.5683180e-02
   4.0133779e-01  -3.5706510e-02
   3.9799331e-01  -3.5726246e-02
   3.9464883e-01  -3.5742407e-02
   3.9130435e-01  -3.5755010e-02
   3.8795987e-01  -3.5764076e-02
   3.8461538e-01  -3.5769624e-02
   3.8127090e-01  -3.5771675e-02
   3.7792642e-01  -3.5770248e-02
   3.7458194e-01  -3.5765364e-02
   3.7123746e-01  -3.5757043e-02
   3.6789298e-01  -3.5745307e-02
   3.6454849e-01  -3.5730176e-02
   3.6120401e-01  -3.5711673e-02
   3.5785953e-01  -3.5689817e-02
   3.5451505e-01  -3.5664630e-02
   3.5117057e-01  -3.5636134e-02
   3.4782609e-01  -3.5604350e-02
   3.4448161e-01  -3.5569299e-02
   3.4113712e-01  -3.5531003e-02
   3.3779264e-01  -3.5489483e-02
   3.3444816e-01  -3.5444759e-02
   3.3110368e-01  -3.5396853e-02
   3.2775920e-01  -3.5345784e-02
   3.2441472e-01  -3.5291574e-02
   3.2107023e-01  -3.5234243e-02
   3.1772575e-01  -3.5173810e-02
   3.1438127e-01  -3.5110294e-02
   3.1103679e-01  -3.5043714e-02
   3.0769231e-01  -3.4974089e-02
   3.0434783e-01  -3.4901436e-02
   3.0100334e-01  -3.4825772e-02
   2.9765886e-01  -3.4747115e-02
   2.9431438e-01  -3.4665481e-02
   2.9096990e-01  -3.4580883e-02
   2.8762542e-01  -3.4493337e-02
   2.8428094e-01  -3.4402857e-02
   2.8093645e-01  -3.4309454e-02
   2.7759197e-01  -3.4213141e-02
   2.7424749e-01  -3.4113928e-02
   2.7090301e-01  -3.4011824e-02
   2.6755853e-01  -3.3906838e-02
   2.6421405e-01  -3.3798976e-02
   2.6086957e-01  -3.3688245e-02
   2.5752508e-01  -3.3574648e-02
   2.5418060e-01  -3.3458188e-02
   2.5083612e-01  -3.3338866e-02
   2.4749164e-01  -3.3216682e-02
   2.4414716e-01  -3.3091633e-02
   2.4080268e-01  -3.2963715e-02
   2.3745819e-01  -3.2832921e-02
   2.3411371e-01  -3.2699243e-02
   2.3076923e-01  -3.2562670e-02
   2.2742475e-01  -3.2423189e-02
   2.2408027e-01  -3.2280785e-02
   2.2073579e-01  -3.2135439e-02
   2.1739130e-01  -3.1987130e-02
   2.1404682e-01  -3.1835835e-02
   2.1070234e-01  -3.1681525e-02
   2.0735786e-01  -3.1524172e-02
   2.0401338e-01  -3.1363740e-02
   2.0066890e-01  -3.1200193e-02
   1.9732441e-01  -3.1033490e-02
   1.9397993e-01  -3.0863584e-02
   1.9063545e-01  -3.0690425e-02
   1.8729097e-01  -3.0513960e-02
   1.8394649e-01  -3.0334130e-02
   1.8060201e-01  -3.0150868e-02
   1.7725753e-01  -2.9964107e-02
   1.7391304e-01  -2.9773769e-02
   1.7056856e-01  -2.9579773e-02
   1.6722408e-01  -2.9382031e-02
   1.6387960e-01  -2.9180447e-02
   1.6053512e-01  -2.8974917e-02
   1.5719064e-01  -2.8765331e-02
   1.5384615e-01  -2.8551569e-02
   1.5050167e-01  -2.8333502e-02
   1.4715719e-01  -2.8110993e-02
   1.4381271e-01  -2.7883892e-02
   1.4046823e-01  -2.7652039e-02
   1.3712375e-01  -2.7415262e-02
   1.3377926e-01  -2.7173375e-02
   1.3043478e-01  -2.6926179e-02
   1.2709030e-01  -2.6673459e-02
   1.2374582e-01  -2.6414983e-02
   1.2040134e-01  -2.6150503e-02
   1.1705686e-01  -2.5879749e-02
   1.1371237e-01  -2.5602431e-02
   1.1036789e-01  -2.5318234e-02
   1.0702341e-01  -2.5026819e-02
   1.0367893e-01  -2.4727818e-02
   1.0033445e-01  -2.4420830e-02
   9.6989967e-02  -2.4105422e-02
   9.3645485e-02  -2.3781119e-02
   9.0301003e-02  -2.3447405e-02
   8.6956522e-02  -2.3103714e-02
   8.3612040e-02  -2.2749426e-02
   8.0267559e-02  -2.2383857e-02
   7.6923077e-02  -2.2006254e-02
   7.3578595e-02  -2.1615782e-02
   7.0234114e-02  -2.1211512e-02
   6.6889632e-02  -2.0792407e-02
   6.3545151e-02  -2.0357301e-02
   6.0200669e-02  -1.9904881e-02
   5.6856187e-02  -1.9433652e-02
   5.3511706e-02  -1.8941908e-02
   5.0167224e-02  -1.8427679e-02
   4.6822742e-02  -1.7888678e-02
   4.3478261e-02  -1.7322215e-02
   4.0133779e-02  -1.6725095e-02
   3.6789298e-02  -1.6093465e-02
   3.3444816e-02  -1.5422610e-02
   3.0100334e-02  -1.4706643e-02
   2.6755853e-02  -1.3938042e-02
   2.3411371e-02  -1.3106920e-02
   2.0066890e-02  -1.2199804e-02
   1.6722408e-02  -1.1197441e-02
   1.3377926e-02  -1.0070513e-02
   1.0033445e-02  -8.7700412e-03
   6.6889632e-03  -7.2012386e-03
   3.3444816e-03  -5.1212438e-03
   0.0000000e+00  -0.0000000e+00
