   0.0000000e+00   0.0000000e+00
   3.3444816e-03   1.1467724e-02
   6.6889632e-03   1.6288972e-02
   1.0033445e-02   2.0035147e-02
   1.3377926e-02   2.3230997e-02
   1.6722408e-02   2.6078490e-02
   2.0066890e-02   2.8680527e-02
   2.3411371e-02   3.1097820e-02
   2.6755853e-02   3.3369640e-02
   3.0100334e-02   3.5523058e-02
   3.3444816e-02   3.7577632e-02
   3.6789298e-02   3.9548005e-02
   4.0133779e-02   4.1445456e-02
   4.3478261e-02   4.3278877e-02
   4.6822742e-02   4.5055412e-02
   5.0167224e-02   4.6780896e-02
   5.3511706e-02   4.8460158e-02
   5.6856187e-02   5.0097242e-02
   6.0200669e-02   5.1695573e-02
   6.3545151e-02   5.3258074e-02
   6.6889632e-02   5.4787265e-02
   7.0234114e-02   5.6285329e-02
   7.3578595e-02   5.7754173e-02
   7.6923077e-02   5.9195470e-02
   8.0267559e-02   6.0610700e-02
   8.3612040e-02   6.2001173e-02
   8.6956522e-02   6.3368059e-02
   9.0301003e-02   6.4712402e-02
   9.3645485e-02   6.6035144e-02
   9.6989967e-02   6.7337129e-02
   1.0033445e-01   6.8619126e-02
   1.0367893e-01   6.9881828e-02
   1.0702341e-01   7.1125870e-02
   1.1036789e-01   7.2351828e-02
   1.1371237e-01   7.3560231e-02
   1.1705686e-01   7.4751563e-02
   1.2040134e-01   7.5926271e-02
   1.2374582e-01   7.7084765e-02
   1.2709030e-01   7.8227424e-02
   1.3043478e-01   7.9354600e-02
   1.3377926e-01   8.0466618e-02
   1.3712375e-01   8.1563780e-02
   1.4046823e-01   8.2646369e-02
   1.4381271e-01   8.3714647e-02
   1.4715719e-01   8.4768858e-02
   1.5050167e-01   8.5809234e-02
   1.5384615e-01   8.6835987e-02
   1.5719064e-01   8.7849322e-02
   1.6053512e-01   8.8849426e-02
   1.6387960e-01   8.9836480e-02
   1.6722408e-01   9.0810651e-02
   1.7056856e-01   9.1772099e-02
   1.7391304e-01   9.2720973e-02
   1.7725753e-01   9.3657418e-02
   1.8060201e-01   9.4581567e-02
   1.8394649e-01   9.5493548e-02
   1.8729097e-01   9.6393485e-02
   1.9063545e-01   9.7281492e-02
   1.9397993e-01   9.8157681e-02
   1.9732441e-01   9.9022156e-02
   2.0066890e-01   9.9875019e-02
   2.0401338e-01   1.0071636e-01
   2.0735786e-01   1.0154629e-01
   2.1070234e-01   1.0236487e-01
   2.1404682e-01   1.0317221e-01
   2.1739130e-01   1.0396837e-01
   2.2073579e-01   1.0475345e-01
   2.2408027e-01   1.0552751e-01
   2.2742475e-01   1.0629062e-01
   2.3076923e-01   1.0704286e-01
   2.3411371e-01   1.0778429e-01
   2.3745819e-01   1.0851498e-01
   2.4080268e-01   1.0923499e-01
   2.4414716e-01   1.0994439e-01
   2.4749164e-01   1.1064322e-01
   2.5083612e-01   1.1133155e-01
   2.5418060e-01   1.1200943e-01
   2.5752508e-01   1.1267692e-01
   2.6086957e-01   1.1333406e-01
   2.6421405e-01   1.1398092e-01
   2.6755853e-01   1.1461752e-01
   2.7090301e-01   1.1524393e-01
   2.7424749e-01   1.1586019e-01
   2.7759197e-01   1.1646635e-01
   2.8093645e-01   1.1706244e-01
   2.8428094e-01   1.1764850e-01
   2.8762542e-01   1.1822459e-01
   2.9096990e-01   1.1879074e-01
   2.9431438e-01   1.1934699e-01
   2.9765886e-01   1.1989338e-01
   3.0100334e-01   1.2042994e-01
   3.0434783e-01   1.2095671e-01
   3.0769231e-01   1.2147372e-01
   3.1103679e-01   1.2198101e-01
   3.1438127e-01   1.2247862e-01
   3.1772575e-01   1.2296656e-01
   3.2107023e-01   1.2344488e-01
   3.2441472e-01   1.2391361e-01
   3.2775920e-01   1.2437277e-01
   3.3110368e-01   1.2482240e-01
   3.3444816e-01   1.2526252e-01
   3.3779264e-01   1.2569315e-01
   3.4113712e-01   1.2611434e-01
   3.4448161e-01   1.2652609e-01
   3.4782609e-01   1.2692844e-01
   3.5117057e-01   1.2732141e-01
   3.5451505e-01   1.2770502e-01
   3.5785953e-01   1.2807929e-01
   3.6120401e-01   1.2844426e-01
   3.6454849e-01   1.2879993e-01
   3.6789298e-01   1.2914633e-01
   3.7123746e-01   1.2948348e-01
   3.7458194e-01   1.2981140e-01
   3.7792642e-01   1.3013010e-01
   3.8127090e-01   1.3043961e-01
   3.8461538e-01   1.3073993e-01
   3.8795987e-01   1.3103110e-01
   3.9130435e-01   1.3131311e-01
   3.9464883e-01   1.3158598e-01
   3.9799331e-01   1.3184973e-01
   4.0133779e-01   1.3210438e-01
   4.0468227e-01   1.3234993e-01
   4.0802676e-01   1.3258639e-01
   4.1137124e-01   1.3281378e-01
   4.1471572e-01   1.3303211e-01
   4.1806020e-01   1.3324138e-01
   4.2140468e-01   1.3344160e-01
   4.2474916e-01   1.3363278e-01
   4.2809365e-01   1.3381493e-01
   4.3143813e-01   1.3398806e-01
   4.3478261e-01   1.3415216e-01
   4.3812709e-01   1.3430725e-01
   4.4147157e-01   1.3445332e-01
   4.4481605e-01   1.3459038e-01
   4.4816054e-01   1.3471844e-01
   4.5150502e-01   1.3483748e-01
   4.5484950e-01   1.3494753e-01
   4.5819398e-01   1.3504856e-01
   4.6153846e-01   1.3514059e-01
   4.6488294e-01   1.3522360e-01
   4.6822742e-01   1.3529760e-01
   4.7157191e-01   1.3536259e-01
   4.7491639e-01   1.3541855e-01
   4.7826087e-01   1.3546549e-01
   4.8160535e-01   1.3550339e-01
   4.8494983e-01   1.3553226e-01
   4.8829431e-01   1.3555207e-01
   4.9163880e-01   1.3556282e-01
   4.9498328e-01   1.3556451e-01
   4.9832776e-01   1.3555712e-01
   5.0167224e-01   1.3554063e-01
   5.0501672e-01   1.3551505e-01
   5.0836120e-01   1.3548034e-01
   5.1170569e-01   1.3543651e-01
   5.1505017e-01   1.3538352e-01
   5.1839465e-01   1.3532137e-01
   5.2173913e-01   1.3525004e-01
   5.2508361e-01   1.3516951e-01
   5.2842809e-01   1.3507977e-01
   5.3177258e-01   1.3498078e-01
   5.3511706e-01   1.3487252e-01
   5.3846154e-01   1.3475499e-01
   5.4180602e-01   1.3462815e-01
   5.4515050e-01   1.3449197e-01
   5.4849498e-01   1.3434644e-01
   5.5183946e-01   1.3419152e-01
   5.5518395e-01   1.3402720e-01
   5.5852843e-01   1.3385343e-01
   5.6187291e-01   1.3367019e-01
   5.6521739e-01   1.3347745e-01
   5.6856187e-01   1.3327518e-01
   5.7190635e-01   1.3306334e-01
   5.7525084e-01   1.3284190e-01
   5.7859532e-01   1.3261083e-01
   5.8193980e-01   1.3237008e-01
   5.8528428e-01   1.3211963e-01
   5.8862876e-01   1.3185942e-01
   5.9197324e-01   1.3158944e-01
   5.9531773e-01   1.3130962e-01
   5.9866221e-01   1.3101993e-01
   6.0200669e-01   1.3072033e-01
   6.0535117e-01   1.3041077e-01
   6.0869565e-01   1.3009121e-01
   6.1204013e-01   1.2976160e-01
   6.1538462e-01   1.2942189e-01
   6.1872910e-01   1.2907204e-01
   6.2207358e-01   1.2871199e-01
   6.2541806e-01   1.2834169e-01
   6.2876254e-01   1.2796109e-01
   6.3210702e-01   1.2757013e-01
   6.3545151e-01   1.2716876e-01
   6.3879599e-01   1.2675693e-01
   6.4214047e-01   1.2633457e-01
   6.4548495e-01   1.2590163e-01
   6.4882943e-01   1.2545805e-01
   6.5217391e-01   1.2500376e-01
   6.5551839e-01   1.2453870e-01
   6.5886288e-01   1.2406281e-01
   6.6220736e-01   1.2357602e-01
   6.6555184e-01   1.2307827e-01
   6.6889632e-01   1.2256949e-01
   6.7224080e-01   1.2204960e-01
   6.7558528e-01   1.2151855e-01
   6.7892977e-01   1.2097624e-01
   6.8227425e-01   1.2042263e-01
   6.8561873e-01   1.1985761e-01
   6.8896321e-01   1.1928113e-01
   6.9230769e-01   1.1869311e-01
   6.9565217e-01   1.1809346e-01
   6.9899666e-01   1.1748210e-01
   7.0234114e-01   1.1685896e-01
   7.0568562e-01   1.1622395e-01
   7.0903010e-01   1.1557698e-01
   7.1237458e-01   1.1491797e-01
   7.1571906e-01   1.1424684e-01
   7.1906355e-01   1.1356349e-01
   7.2240803e-01   1.1286783e-01
   7.2575251e-01   1.1215978e-01
   7.2909699e-01   1.1143923e-01
   7.3244147e-01   1.1070610e-01
   7.3578595e-01   1.0996029e-01
   7.3913043e-01   1.0920170e-01
   7.4247492e-01   1.0843023e-01
   7.4581940e-01   1.0764578e-01
   7.4916388e-01   1.0684825e-01
   7.5250836e-01   1.0603754e-01
   7.5585284e-01   1.0521354e-01
   7.5919732e-01   1.0437614e-01
   7.6254181e-01   1.0352524e-01
   7.6588629e-01   1.0266073e-01
   7.6923077e-01   1.0178249e-01
   7.7257525e-01   1.0089042e-01
   7.7591973e-01   9.9984395e-02
   7.7926421e-01   9.9064305e-02
   7.8260870e-01   9.8130030e-02
   7.8595318e-01   9.7181452e-02
   7.8929766e-01   9.6218451e-02
   7.9264214e-01   9.5240905e-02
   7.9598662e-01   9.4248689e-02
   7.9933110e-01   9.3241679e-02
   8.0267559e-01   9.2219747e-02
   8.0602007e-01   9.1182766e-02
   8.0936455e-01   9.0130604e-02
   8.1270903e-01   8.9063131e-02
   8.1605351e-01   8.7980212e-02
   8.1939799e-01   8.6881712e-02
   8.2274247e-01   8.5767496e-02
   8.2608696e-01   8.4637424e-02
   8.2943144e-01   8.3491356e-02
   8.3277592e-01   8.2329151e-02
   8.3612040e-01   8.1150665e-02
   8.3946488e-01   7.9955753e-02
   8.4280936e-01   7.8744269e-02
   8.4615385e-01   7.7516063e-02
   8.4949833e-01   7.6270986e-02
   8.5284281e-01   7.5008885e-02
   8.5618729e-01   7.3729608e-02
   8.5953177e-01   7.2432998e-02
   8.6287625e-01   7.1118899e-02
   8.6622074e-01   6.9787151e-02
   8.6956522e-01   6.8437594e-02
   8.7290970e-01   6.7070067e-02
   8.7625418e-01   6.5684403e-02
   8.7959866e-01   6.4280438e-02
   8.8294314e-01   6.2858005e-02
   8.8628763e-01   6.1416933e-02
   8.8963211e-01   5.9957051e-02
   8.9297659e-01   5.8478186e-02
   8.9632107e-01   5.6980164e-02
   8.9966555e-01   5.5462808e-02
   9.0301003e-01   5.3925940e-02
   9.0635452e-01   5.2369378e-02
   9.0969900e-01   5.0792942e-02
   9.1304348e-01   4.9196447e-02
   9.1638796e-01   4.7579707e-02
   9.1973244e-01   4.5942535e-02
   9.2307692e-01   4.4284742e-02
   9.2642140e-01   4.2606135e-02
   9.2976589e-01   4.0906522e-02
   9.3311037e-01   3.9185708e-02
   9.3645485e-01   3.7443497e-02
   9.3979933e-01   3.5679688e-02
   9.4314381e-01   3.3894081e-02
   9.4648829e-01   3.2086475e-02
   9.4983278e-01   3.0256664e-02
   9.5317726e-01   2.8404441e-02
   9.5652174e-01   2.6529600e-02
   9.5986622e-01   2.4631929e-02
   9.6321070e-01   2.2711216e-02
   9.6655518e-01   2.0767247e-02
   9.6989967e-01   1.8799807e-02
   9.7324415e-01   1.6808676e-02
   9.7658863e-01   1.4793636e-02
   9.7993311e-01   1.2754465e-02
   9.8327759e-01   1.0690938e-02
   9.8662207e-01   8.6028296e-03
   9.8996656e-01   6.4899125e-03
   9.9331104e-01   4.3519567e-03
   9.9665552e-01   2.1887304e-03
   1.0000000e+00   0.0000000e+00
   1.0000000e+00   0.0000000e+00
   9.9665552e-01  -1.9579598e-04
   9.9331104e-01  -3.8896308e-04
   9.8996656e-01  -5.7952427e-04
   9.8662207e-01  -7.6750256e-04
   9.8327759e-01  -9.5292103e-04
   9.7993311e-01  -1.1358028e-03
   9.7658863e-01  -1.3161709e-03
   9.7324415e-01  -1.4940487e-03
   9.6989967e-01  -1.6694594e-03
   9.6655518e-01  -1.8424262e-03
   9.6321070e-01  -2.0129724e-03
   9.5986622e-01  -2.1811215e-03
   9.5652174e-01  -2.3468967e-03
   9.5317726e-01  -2.5103215e-03
   9.4983278e-01  -2.6714193e-03
   9.4648829e-01  -2.8302136e-03
   9.4314381e-01  -2.9867280e-03
   9.3979933e-01  -3.1409859e-03
   9.3645485e-01  -3.2930110e-03
   9.3311037e-01  -3.4428267e-03
   9.2976589e-01  -3.5904568e-03
   9.2642140e-01  -3.7359248e-03
   9.2307692e-01  -3.8792544e-03
   9.1973244e-01  -4.0204693e-03
   9.1638796e-01  -4.1595932e-03
   9.1304348e-01  -4.2966497e-03
   9.0969900e-01  -4.4316626e-03
   9.0635452e-01  -4.5646557e-03
   9.0301003e-01  -4.6956527e-03
   8.9966555e-01  -4.8246773e-03
   8.9632107e-01  -4.9517533e-03
   8.9297659e-01  -5.0769044e-03
   8.8963211e-01  -5.2001546e-03
   8.8628763e-01  -5.3215274e-03
   8.8294314e-01  -5.4410468e-03
   8.7959866e-01  -5.5587365e-03
   8.7625418e-01  -5.6746203e-03
   8.7290970e-01  -5.7887220e-03
   8.6956522e-01  -5.9010653e-03
   8.6622074e-01  -6.0116741e-03
   8.6287625e-01  -6.1205721e-03
   8.5953177e-01  -6.2277830e-03
   8.5618729e-01  -6.3333306e-03
   8.5284281e-01  -6.4372387e-03
   8.4949833e-01  -6.5395309e-03
   8.4615385e-01  -6.6402310e-03
   8.4280936e-01  -6.7393626e-03
   8.3946488e-01  -6.8369495e-03
   8.3612040e-01  -6.9330152e-03
   8.3277592e-01  -7.0275834e-03
   8.2943144e-01  -7.1206776e-03
   8.2608696e-01  -7.2123216e-03
   8.2274247e-01  -7.3025387e-03
   8.1939799e-01  -7.3913526e-03
   8.1605351e-01  -7.4787866e-03
   8.1270903e-01  -7.5648643e-03
   8.0936455e-01  -7.6496090e-03
   8.0602007e-01  -7.7330442e-03
   8.0267559e-01  -7.8151932e-03
   7.9933110e-01  -7.8960792e-03
   7.9598662e-01  -7.9757255e-03
   7.9264214e-01  -8.0541554e-03
   7.8929766e-01  -8.1313919e-03
   7.8595318e-01  -8.2074582e-03
   7.8260870e-01  -8.2823773e-03
   7.7926421e-01  -8.3561724e-03
   7.7591973e-01  -8.4288662e-03
   7.7257525e-01  -8.5004816e-03
   7.6923077e-01  -8.5710416e-03
   7.6588629e-01  -8.6405689e-03
   7.6254181e-01  -8.7090862e-03
   7.5919732e-01  -8.7766161e-03
   7.5585284e-01  -8.8431813e-03
   7.5250836e-01  -8.9088041e-03
   7.4916388e-01  -8.9735070e-03
   7.4581940e-01  -9.0373125e-03
   7.4247492e-01  -9.1002427e-03
   7.3913043e-01  -9.1623198e-03
   7.3578595e-01  -9.2235660e-03
   7.3244147e-01  -9.2840034e-03
   7.2909699e-01  -9.3436537e-03
   7.2575251e-01  -9.4025390e-03
   7.2240803e-01  -9.4606809e-03
   7.1906355e-01  -9.5181012e-03
   7.1571906e-01  -9.5748213e-03
   7.1237458e-01  -9.6308628e-03
   7.0903010e-01  -9.6862471e-03
   7.0568562e-01  -9.7409954e-03
   7.0234114e-01  -9.7951289e-03
   6.9899666e-01  -9.8486686e-03
   6.9565217e-01  -9.9016355e-03
   6.9230769e-01  -9.9540504e-03
   6.8896321e-01  -1.0005934e-02
   6.8561873e-01  -1.0057307e-02
   6.8227425e-01  -1.0108190e-02
   6.7892977e-01  -1.0158602e-02
   6.7558528e-01  -1.0208566e-02
   6.7224080e-01  -1.0258099e-02
   6.6889632e-01  -1.0307223e-02
   6.6555184e-01  -1.0355957e-02
   6.6220736e-01  -1.0404321e-02
   6.5886288e-01  -1.0452334e-02
   6.5551839e-01  -1.0500016e-02
   6.5217391e-01  -1.0547386e-02
   6.4882943e-01  -1.0594464e-02
   6.4548495e-01  -1.0641267e-02
   6.4214047e-01  -1.0687815e-02
   6.3879599e-01  -1.0734126e-02
   6.3545151e-01  -1.0780219e-02
   6.3210702e-01  -1.0826112e-02
   6.2876254e-01  -1.0871824e-02
   6.2541806e-01  -1.0917371e-02
   6.2207358e-01  -1.0962773e-02
   6.1872910e-01  -1.1008045e-02
   6.1538462e-01  -1.1053207e-02
   6.1204013e-01  -1.1098275e-02
   6.0869565e-01  -1.1143265e-02
   6.0535117e-01  -1.1188196e-02
   6.0200669e-01  -1.1233083e-02
   5.9866221e-01  -1.1277942e-02
   5.9531773e-01  -1.1322791e-02
   5.9197324e-01  -1.1367644e-02
   5.8862876e-01  -1.1412519e-02
   5.8528428e-01  -1.1457429e-02
   5.8193980e-01  -1.1502391e-02
   5.7859532e-01  -1.1547420e-02
   5.7525084e-01  -1.1592530e-02
   5.7190635e-01  -1.1637736e-02
   5.6856187e-01  -1.1683053e-02
   5.6521739e-01  -1.1728494e-02
   5.6187291e-01  -1.1774074e-02
   5.5852843e-01  -1.1819806e-02
   5.5518395e-01  -1.1865703e-02
   5.5183946e-01  -1.1911779e-02
   5.4849498e-01  -1.1958046e-02
   5.4515050e-01  -1.2004517e-02
   5.4180602e-01  -1.2051204e-02
   5.3846154e-01  -1.2098119e-02
   5.3511706e-01  -1.2145274e-02
   5.3177258e-01  -1.2192680e-02
   5.2842809e-01  -1.2240348e-02
   5.2508361e-01  -1.2288290e-02
   5.2173913e-01  -1.2336515e-02
   5.1839465e-01  -1.2385033e-02
   5.1505017e-01  -1.2433855e-02
   5.1170569e-01  -1.2482990e-02
   5.0836120e-01  -1.2532448e-02
   5.0501672e-01  -1.2582236e-02
   5.0167224e-01  -1.2632363e-02
   4.9832776e-01  -1.2682838e-02
   4.9498328e-01  -1.2733669e-02
   4.9163880e-01  -1.2784862e-02
   4.8829431e-01  -1.2836424e-02
   4.8494983e-01  -1.2888363e-02
   4.8160535e-01  -1.2940685e-02
   4.7826087e-01  -1.2993394e-02
   4.7491639e-01  -1.3046498e-02
   4.7157191e-01  -1.3100000e-02
   4.6822742e-01  -1.3153905e-02
   4.6488294e-01  -1.3208218e-02
   4.6153846e-01  -1.3262942e-02
   4.5819398e-01  -1.3318081e-02
   4.5484950e-01  -1.3373637e-02
   4.5150502e-01  -1.3429612e-02
   4.4816054e-01  -1.3486009e-02
   4.4481605e-01  -1.3542829e-02
   4.4147157e-01  -1.3600073e-02
   4.3812709e-01  -1.3657741e-02
   4.3478261e-01  -1.3715834e-02
   4.3143813e-01  -1.3774350e-02
   4.2809365e-01  -1.3833288e-02
   4.2474916e-01  -1.3892647e-02
   4.2140468e-01  -1.3952425e-02
   4.1806020e-01  -1.4012618e-02
   4.1471572e-01  -1.4073223e-02
   4.1137124e-01  -1.4134237e-02
   4.0802676e-01  -1.4195655e-02
   4.0468227e-01  -1.4257471e-02
   4.0133779e-01  -1.4319680e-02
   3.9799331e-01  -1.4382275e-02
   3.9464883e-01  -1.4445249e-02
   3.9130435e-01  -1.4508595e-02
   3.8795987e-01  -1.4572303e-02
   3.8461538e-01  -1.4636366e-02
   3.8127090e-01  -1.4700772e-02
   3.7792642e-01  -1.4765511e-02
   3.7458194e-01  -1.4830573e-02
   3.7123746e-01  -1.4895945e-02
   3.6789298e-01  -1.4961613e-02
   3.6454849e-01  -1.5027565e-02
   3.6120401e-01  -1.5093786e-02
   3.5785953e-01  -1.5160260e-02
   3.5451505e-01  -1.5226972e-02
   3.5117057e-01  -1.5293904e-02
   3.4782609e-01  -1.5361038e-02
   3.4448161e-01  -1.5428356e-02
   3.4113712e-01  -1.5495838e-02
   3.3779264e-01  -1.5563462e-02
   3.3444816e-01  -1.5631208e-02
   3.3110368e-01  -1.5699052e-02
   3.2775920e-01  -1.5766971e-02
   3.2441472e-01  -1.5834939e-02
   3.2107023e-01  -1.5902931e-02
   3.1772575e-01  -1.5970919e-02
   3.1438127e-01  -1.6038876e-02
   3.1103679e-01  -1.6106772e-02
   3.0769231e-01  -1.6174576e-02
   3.0434783e-01  -1.6242256e-02
   3.0100334e-01  -1.6309779e-02
   2.9765886e-01  -1.6377110e-02
   2.9431438e-01  -1.6444214e-02
   2.9096990e-01  -1.6511054e-02
   2.8762542e-01  -1.6577589e-02
   2.8428094e-01  -1.6643781e-02
   2.8093645e-01  -1.6709588e-02
   2.7759197e-01  -1.6774965e-02
   2.7424749e-01  -1.6839868e-02
   2.7090301e-01  -1.6904250e-02
   2.6755853e-01  -1.6968063e-02
   2.6421405e-01  -1.7031257e-02
   2.6086957e-01  -1.7093778e-02
   2.5752508e-01  -1.7155574e-02
   2.5418060e-01  -1.7216587e-02
   2.5083612e-01  -1.7276761e-02
   2.4749164e-01  -1.7336034e-02
   2.4414716e-01  -1.7394344e-02
   2.4080268e-01  -1.7451626e-02
   2.3745819e-01  -1.7507813e-02
   2.3411371e-01  -1.7562835e-02
   2.3076923e-01  -1.7616619e-02
   2.2742475e-01  -1.7669092e-02
   2.2408027e-01  -1.7720174e-02
   2.2073579e-01  -1.7769786e-02
   2.1739130e-01  -1.7817843e-02
   2.1404682e-01  -1.7864259e-02
   2.1070234e-01  -1.7908943e-02
   2.0735786e-01  -1.7951801e-02
   2.0401338e-01  -1.7992736e-02
   2.0066890e-01  -1.8031648e-02
   1.9732441e-01  -1.8068430e-02
   1.9397993e-01  -1.8102975e-02
   1.9063545e-01  -1.8135167e-02
   1.8729097e-01  -1.8164889e-02
   1.8394649e-01  -1.8192018e-02
   1.8060201e-01  -1.8216426e-02
   1.7725753e-01  -1.8237979e-02
   1.7391304e-01  -1.8256538e-02
   1.7056856e-01  -1.8271958e-02
   1.6722408e-01  -1.8284088e-02
   1.6387960e-01  -1.8292769e-02
   1.6053512e-01  -1.8297837e-02
   1.5719064e-01  -1.8299118e-02
   1.5384615e-01  -1.8296431e-02
   1.5050167e-01  -1.8289588e-02
   1.4715719e-01  -1.8278389e-02
   1.4381271e-01  -1.8262626e-02
   1.4046823e-01  -1.8242081e-02
   1.3712375e-01  -1.8216524e-02
   1.3377926e-01  -1.8185712e-02
   1.3043478e-01  -1.8149390e-02
   1.2709030e-01  -1.8107288e-02
   1.2374582e-01  -1.8059123e-02
   1.2040134e-01  -1.8004594e-02
   1.1705686e-01  -1.7943380e-02
   1.1371237e-01  -1.7875145e-02
   1.1036789e-01  -1.7799527e-02
   1.0702341e-01  -1.7716144e-02
   1.0367893e-01  -1.7624585e-02
   1.0033445e-01  -1.7524413e-02
   9.6989967e-02  -1.7415159e-02
   9.3645485e-02  -1.7296317e-02
   9.0301003e-02  -1.7167344e-02
   8.6956522e-02  -1.7027652e-02
   8.3612040e-02  -1.6876602e-02
   8.0267559e-02  -1.6713503e-02
   7.6923077e-02  -1.6537596e-02
   7.3578595e-02  -1.6348050e-02
   7.0234114e-02  -1.6143952e-02
   6.6889632e-02  -1.5924290e-02
   6.3545151e-02  -1.5687937e-02
   6.0200669e-02  -1.5433634e-02
   5.6856187e-02  -1.5159963e-02
   5.3511706e-02  -1.4865312e-02
   5.0167224e-02  -1.4547841e-02
   4.6822742e-02  -1.4205424e-02
   4.3478261e-02  -1.3835578e-02
   4.0133779e-02  -1.3435375e-02
   3.6789298e-02  -1.3001307e-02
   3.3444816e-02  -1.2529103e-02
   3.0100334e-02  -1.2013463e-02
   2.6755853e-02  -1.1447654e-02
   2.3411371e-02  -1.0822871e-02
   2.0066890e-02  -1.0127175e-02
   1.6722408e-02  -9.3435975e-03
   1.3377926e-02  -8.4464184e-03
   1.0033445e-02  -7.3928796e-03
   6.6889632e-03  -6.1006376e-03
   3.3444816e-03  -4.3597758e-03
   0.0000000e+00  -0.0000000e+00
