   0.0000000e+00   0.0000000e+00
   3.3444816e-03   1.6352365e-02
   6.6889632e-03   2.3133592e-02
   1.0033445e-02   2.8340681e-02
   1.3377926e-02   3.2732224e-02
   1.6722408e-02   3.6601669e-02
   2.0066890e-02   4.0099281e-02
   2.3411371e-02   4.3314169e-02
   2.6755853e-02   4.6304275e-02
   3.0100334e-02   4.9109759e-02
   3.3444816e-02   5.1759792e-02
   3.6789298e-02   5.4276340e-02
   4.0133779e-02   5.6676420e-02
   4.3478261e-02   5.8973527e-02
   4.6822742e-02   6.1178572e-02
   5.0167224e-02   6.3300517e-02
   5.3511706e-02   6.5346828e-02
   5.6856187e-02   6.7323799e-02
   6.0200669e-02   6.9236793e-02
   6.3545151e-02   7.1090422e-02
   6.6889632e-02   7.2888681e-02
   7.0234114e-02   7.4635063e-02
   7.3578595e-02   7.6332635e-02
   7.6923077e-02   7.7984111e-02
   8.0267559e-02   7.9591904e-02
   8.3612040e-02   8.1158170e-02
   8.6956522e-02   8.2684845e-02
   9.0301003e-02   8.4173673e-02
   9.3645485e-02   8.5626235e-02
   9.6989967e-02   8.7043965e-02
   1.0033445e-01   8.8428171e-02
   1.0367893e-01   8.9780047e-02
   1.0702341e-01   9.1100692e-02
   1.1036789e-01   9.2391113e-02
   1.1371237e-01   9.3652240e-02
   1.1705686e-01   9.4884934e-02
   1.2040134e-01   9.6089990e-02
   1.2374582e-01   9.7268150e-02
   1.2709030e-01   9.8420102e-02
   1.3043478e-01   9.9546489e-02
   1.3377926e-01   1.0064791e-01
   1.3712375e-01   1.0172493e-01
   1.4046823e-01   1.0277808e-01
   1.4381271e-01   1.0380785e-01
   1.4715719e-01   1.0481470e-01
   1.5050167e-01   1.0579909e-01
   1.5384615e-01   1.0676142e-01
   1.5719064e-01   1.0770209e-01
   1.6053512e-01   1.0862147e-01
   1.6387960e-01   1.0951992e-01
   1.6722408e-01   1.1039777e-01
   1.7056856e-01   1.1125534e-01
   1.7391304e-01   1.1209294e-01
   1.7725753e-01   1.1291086e-01
   1.8060201e-01   1.1370938e-01
   1.8394649e-01   1.1448875e-01
   1.8729097e-01   1.1524925e-01
   1.9063545e-01   1.1599110e-01
   1.9397993e-01   1.1671455e-01
   1.9732441e-01   1.1741983e-01
   2.0066890e-01   1.1810714e-01
   2.0401338e-01   1.1877670e-01
   2.0735786e-01   1.1942870e-01
   2.1070234e-01   1.2006335e-01
   2.1404682e-01   1.2068084e-01
   2.1739130e-01   1.2128133e-01
   2.2073579e-01   1.2186502e-01
   2.2408027e-01   1.2243207e-01
   2.2742475e-01   1.2298265e-01
   2.3076923e-01   1.2351692e-01
   2.3411371e-01   1.2403503e-01
   2.3745819e-01   1.2453714e-01
   2.4080268e-01   1.2502339e-01
   2.4414716e-01   1.2549394e-01
   2.4749164e-01   1.2594892e-01
   2.5083612e-01   1.2638847e-01
   2.5418060e-01   1.2681272e-01
   2.5752508e-01   1.2722181e-01
   2.6086957e-01   1.2761587e-01
   2.6421405e-01   1.2799502e-01
   2.6755853e-01   1.2835939e-01
   2.7090301e-01   1.2870909e-01
   2.7424749e-01   1.2904425e-01
   2.7759197e-01   1.2936499e-01
   2.8093645e-01   1.2967141e-01
   2.8428094e-01   1.2996364e-01
   2.8762542e-01   1.3024178e-01
   2.9096990e-01   1.3050594e-01
   2.9431438e-01   1.3075624e-01
   2.9765886e-01   1.3099277e-01
   3.0100334e-01   1.3121564e-01
   3.0434783e-01   1.3142497e-01
   3.0769231e-01   1.3162084e-01
   3.1103679e-01   1.3180336e-01
   3.1438127e-01   1.3197263e-01
   3.1772575e-01   1.3212875e-01
   3.2107023e-01   1.3227181e-01
   3.2441472e-01   1.3240192e-01
   3.2775920e-01   1.3251916e-01
   3.3110368e-01   1.3262364e-01
   3.3444816e-01   1.3271545e-01
   3.3779264e-01   1.3279467e-01
   3.4113712e-01   1.3286141e-01
   3.4448161e-01   1.3291575e-01
   3.4782609e-01   1.3295778e-01
   3.5117057e-01   1.3298759e-01
   3.5451505e-01   1.3300528e-01
   3.5785953e-01   1.3301093e-01
   3.6120401e-01   1.3300463e-01
   3.6454849e-01   1.3298647e-01
   3.6789298e-01   1.3295653e-01
   3.7123746e-01   1.3291490e-01
   3.7458194e-01   1.3286166e-01
   3.7792642e-01   1.3279691e-01
   3.8127090e-01   1.3272072e-01
   3.8461538e-01   1.3263318e-01
   3.8795987e-01   1.3253438e-01
   3.9130435e-01   1.3242439e-01
   3.9464883e-01   1.3230330e-01
   3.9799331e-01   1.3217120e-01
   4.0133779e-01   1.3202816e-01
   4.0468227e-01   1.3187427e-01
   4.0802676e-01   1.3170961e-01
   4.1137124e-01   1.3153426e-01
   4.1471572e-01   1.3134830e-01
   4.1806020e-01   1.3115181e-01
   4.2140468e-01   1.3094488e-01
   4.2474916e-01   1.3072758e-01
   4.2809365e-01   1.3049999e-01
   4.3143813e-01   1.3026219e-01
   4.3478261e-01   1.3001426e-01
   4.3812709e-01   1.2975629e-01
   4.4147157e-01   1.2948834e-01
   4.4481605e-01   1.2921050e-01
   4.4816054e-01   1.2892284e-01
   4.5150502e-01   1.2862545e-01
   4.5484950e-01   1.2831840e-01
   4.5819398e-01   1.2800177e-01
   4.6153846e-01   1.2767564e-01
   4.6488294e-01   1.2734008e-01
   4.6822742e-01   1.2699517e-01
   4.7157191e-01   1.2664099e-01
   4.7491639e-01   1.2627761e-01
   4.7826087e-01   1.2590511e-01
   4.8160535e-01   1.2552357e-01
   4.8494983e-01   1.2513306e-01
   4.8829431e-01   1.2473366e-01
   4.9163880e-01   1.2432544e-01
   4.9498328e-01   1.2390849e-01
   4.9832776e-01   1.2348286e-01
   5.0167224e-01   1.2304865e-01
   5.0501672e-01   1.2260592e-01
   5.0836120e-01   1.2215475e-01
   5.1170569e-01   1.2169521e-01
   5.1505017e-01   1.2122738e-01
   5.1839465e-01   1.2075134e-01
   5.2173913e-01   1.2026714e-01
   5.2508361e-01   1.1977488e-01
   5.2842809e-01   1.1927463e-01
   5.3177258e-01   1.1876644e-01
   5.3511706e-01   1.1825041e-01
   5.3846154e-01   1.1772661e-01
   5.4180602e-01   1.1719509e-01
   5.4515050e-01   1.1665595e-01
   5.4849498e-01   1.1610925e-01
   5.5183946e-01   1.1555506e-01
   5.5518395e-01   1.1499346e-01
   5.5852843e-01   1.1442452e-01
   5.6187291e-01   1.1384831e-01
   5.6521739e-01   1.1326489e-01
   5.6856187e-01   1.1267436e-01
   5.7190635e-01   1.1207676e-01
   5.7525084e-01   1.1147218e-01
   5.7859532e-01   1.1086069e-01
   5.8193980e-01   1.1024236e-01
   5.8528428e-01   1.0961725e-01
   5.8862876e-01   1.0898544e-01
   5.9197324e-01   1.0834700e-01
   5.9531773e-01   1.0770200e-01
   5.9866221e-01   1.0705050e-01
   6.0200669e-01   1.0639258e-01
   6.0535117e-01   1.0572831e-01
   6.0869565e-01   1.0505776e-01
   6.1204013e-01   1.0438099e-01
   6.1538462e-01   1.0369807e-01
   6.1872910e-01   1.0300908e-01
   6.2207358e-01   1.0231408e-01
   6.2541806e-01   1.0161314e-01
   6.2876254e-01   1.0090632e-01
   6.3210702e-01   1.0019370e-01
   6.3545151e-01   9.9475337e-02
   6.3879599e-01   9.8751305e-02
   6.4214047e-01   9.8021670e-02
   6.4548495e-01   9.7286498e-02
   6.4882943e-01   9.6545855e-02
   6.5217391e-01   9.5799808e-02
   6.5551839e-01   9.5048424e-02
   6.5886288e-01   9.4291767e-02
   6.6220736e-01   9.3529903e-02
   6.6555184e-01   9.2762898e-02
   6.6889632e-01   9.1990817e-02
   6.7224080e-01   9.1213725e-02
   6.7558528e-01   9.0431687e-02
   6.7892977e-01   8.9644766e-02
   6.8227425e-01   8.8853028e-02
   6.8561873e-01   8.8056535e-02
   6.8896321e-01   8.7255352e-02
   6.9230769e-01   8.6449541e-02
   6.9565217e-01   8.5639167e-02
   6.9899666e-01   8.4824291e-02
   7.0234114e-01   8.4004977e-02
   7.0568562e-01   8.3181286e-02
   7.0903010e-01   8.2353281e-02
   7.1237458e-01   8.1521023e-02
   7.1571906e-01   8.0684574e-02
   7.1906355e-01   7.9843995e-02
   7.2240803e-01   7.8999346e-02
   7.2575251e-01   7.8150689e-02
   7.2909699e-01   7.7298083e-02
   7.3244147e-01   7.6441589e-02
   7.3578595e-01   7.5581266e-02
   7.3913043e-01   7.4717174e-02
   7.4247492e-01   7.3849371e-02
   7.4581940e-01   7.2977917e-02
   7.4916388e-01   7.2102869e-02
   7.5250836e-01   7.1224287e-02
   7.5585284e-01   7.0342227e-02
   7.5919732e-01   6.9456748e-02
   7.6254181e-01   6.8567906e-02
   7.6588629e-01   6.7675759e-02
   7.6923077e-01   6.6780362e-02
   7.7257525e-01   6.5881773e-02
   7.7591973e-01   6.4980046e-02
   7.7926421e-01   6.4075238e-02
   7.8260870e-01   6.3167404e-02
   7.8595318e-01   6.2256597e-02
   7.8929766e-01   6.1342874e-02
   7.9264214e-01   6.0426288e-02
   7.9598662e-01   5.9506893e-02
   7.9933110e-01   5.8584742e-02
   8.0267559e-01   5.7659888e-02
   8.0602007e-01   5.6732385e-02
   8.0936455e-01   5.5802284e-02
   8.1270903e-01   5.4869637e-02
   8.1605351e-01   5.3934497e-02
   8.1939799e-01   5.2996913e-02
   8.2274247e-01   5.2056938e-02
   8.2608696e-01   5.1114621e-02
   8.2943144e-01   5.0170013e-02
   8.3277592e-01   4.9223164e-02
   8.3612040e-01   4.8274122e-02
   8.3946488e-01   4.7322938e-02
   8.4280936e-01   4.6369658e-02
   8.4615385e-01   4.5414332e-02
   8.4949833e-01   4.4457007e-02
   8.5284281e-01   4.3497731e-02
   8.5618729e-01   4.2536550e-02
   8.5953177e-01   4.1573511e-02
   8.6287625e-01   4.0608660e-02
   8.6622074e-01   3.9642044e-02
   8.6956522e-01   3.8673706e-02
   8.7290970e-01   3.7703693e-02
   8.7625418e-01   3.6732048e-02
   8.7959866e-01   3.5758816e-02
   8.8294314e-01   3.4784040e-02
   8.8628763e-01   3.3807764e-02
   8.8963211e-01   3.2830030e-02
   8.9297659e-01   3.1850880e-02
   8.9632107e-01   3.0870357e-02
   8.9966555e-01   2.9888501e-02
   9.0301003e-01   2.8905354e-02
   9.0635452e-01   2.7920957e-02
   9.0969900e-01   2.6935349e-02
   9.1304348e-01   2.5948570e-02
   9.1638796e-01   2.4960659e-02
   9.1973244e-01   2.3971655e-02
   9.2307692e-01   2.2981596e-02
   9.2642140e-01   2.1990521e-02
   9.2976589e-01   2.0998466e-02
   9.3311037e-01   2.0005468e-02
   9.3645485e-01   1.9011563e-02
   9.3979933e-01   1.8016788e-02
   9.4314381e-01   1.7021178e-02
   9.4648829e-01   1.6024768e-02
   9.4983278e-01   1.5027592e-02
   9.5317726e-01   1.4029685e-02
   9.5652174e-01   1.3031079e-02
   9.5986622e-01   1.2031808e-02
   9.6321070e-01   1.1031905e-02
   9.6655518e-01   1.0031401e-02
   9.6989967e-01   9.0303272e-03
   9.7324415e-01   8.0287156e-03
   9.7658863e-01   7.0265963e-03
   9.7993311e-01   6.0239993e-03
   9.8327759e-01   5.0209541e-03
   9.8662207e-01   4.0174897e-03
   9.8996656e-01   3.0136343e-03
   9.9331104e-01   2.0094161e-03
   9.9665552e-01   1.0048624e-03
   1.0000000e+00   0.0000000e+00
   1.0000000e+00   0.0000000e+00
   9.9665552e-01  -1.7748180e-05
   9.9331104e-01  -4.0617998e-05
   9.8996656e-01  -6.8559089e-05
   9.8662207e-01  -1.0152143e-04
   9.8327759e-01  -1.3945533e-04
   9.7993311e-01  -1.8231145e-04
   9.7658863e-01  -2.3004077e-04
   9.7324415e-01  -2.8259460e-04
   9.6989967e-01  -3.3992459e-04
   9.6655518e-01  -4.0198271e-04
   9.6321070e-01  -4.6872126e-04
   9.5986622e-01  -5.4009284e-04
   9.5652174e-01  -6.1605041e-04
   9.5317726e-01  -6.9654720e-04
   9.4983278e-01  -7.8153679e-04
   9.4648829e-01  -8.7097306e-04
   9.4314381e-01  -9.6481019e-04
   9.3979933e-01  -1.0630027e-03
   9.3645485e-01  -1.1655053e-03
   9.3311037e-01  -1.2722732e-03
   9.2976589e-01  -1.3832618e-03
   9.2642140e-01  -1.4984267e-03
   9.2307692e-01  -1.6177239e-03
   9.1973244e-01  -1.7411098e-03
   9.1638796e-01  -1.8685408e-03
   9.1304348e-01  -1.9999739e-03
   9.0969900e-01  -2.1353661e-03
   9.0635452e-01  -2.2746749e-03
   9.0301003e-01  -2.4178580e-03
   8.9966555e-01  -2.5648734e-03
   8.9632107e-01  -2.7156792e-03
   8.9297659e-01  -2.8702341e-03
   8.8963211e-01  -3.0284967e-03
   8.8628763e-01  -3.1904261e-03
   8.8294314e-01  -3.3559817e-03
   8.7959866e-01  -3.5251229e-03
   8.7625418e-01  -3.6978095e-03
   8.7290970e-01  -3.8740017e-03
   8.6956522e-01  -4.0536598e-03
   8.6622074e-01  -4.2367443e-03
   8.6287625e-01  -4.4232159e-03
   8.5953177e-01  -4.6130358e-03
   8.5618729e-01  -4.8061653e-03
   8.5284281e-01  -5.0025657e-03
   8.4949833e-01  -5.2021990e-03
   8.4615385e-01  -5.4050269e-03
   8.4280936e-01  -5.6110118e-03
   8.3946488e-01  -5.8201160e-03
   8.3612040e-01  -6.0323022e-03
   8.3277592e-01  -6.2475332e-03
   8.2943144e-01  -6.4657721e-03
   8.2608696e-01  -6.6869821e-03
   8.2274247e-01  -6.9111266e-03
   8.1939799e-01  -7.1381695e-03
   8.1605351e-01  -7.3680744e-03
   8.1270903e-01  -7.6008056e-03
   8.0936455e-01  -7.8363272e-03
   8.0602007e-01  -8.0746036e-03
   8.0267559e-01  -8.3155996e-03
   7.9933110e-01  -8.5592798e-03
   7.9598662e-01  -8.8056094e-03
   7.9264214e-01  -9.0545533e-03
   7.8929766e-01  -9.3060770e-03
   7.8595318e-01  -9.5601459e-03
   7.8260870e-01  -9.8167257e-03
   7.7926421e-01  -1.0075782e-02
   7.7591973e-01  -1.0337281e-02
   7.7257525e-01  -1.0601189e-02
   7.6923077e-01  -1.0867472e-02
   7.6588629e-01  -1.1136096e-02
   7.6254181e-01  -1.1407029e-02
   7.5919732e-01  -1.1680236e-02
   7.5585284e-01  -1.1955684e-02
   7.5250836e-01  -1.2233341e-02
   7.4916388e-01  -1.2513173e-02
   7.4581940e-01  -1.2795147e-02
   7.4247492e-01  -1.3079232e-02
   7.3913043e-01  -1.3365394e-02
   7.3578595e-01  -1.3653600e-02
   7.3244147e-01  -1.3943819e-02
   7.2909699e-01  -1.4236018e-02
   7.2575251e-01  -1.4530165e-02
   7.2240803e-01  -1.4826227e-02
   7.1906355e-01  -1.5124174e-02
   7.1571906e-01  -1.5423971e-02
   7.1237458e-01  -1.5725589e-02
   7.0903010e-01  -1.6028995e-02
   7.0568562e-01  -1.6334157e-02
   7.0234114e-01  -1.6641043e-02
   6.9899666e-01  -1.6949623e-02
   6.9565217e-01  -1.7259863e-02
   6.9230769e-01  -1.7571734e-02
   6.8896321e-01  -1.7885202e-02
   6.8561873e-01  -1.8200238e-02
   6.8227425e-01  -1.8516808e-02
   6.7892977e-01  -1.8834883e-02
   6.7558528e-01  -1.9154430e-02
   6.7224080e-01  -1.9475418e-02
   6.6889632e-01  -1.9797816e-02
   6.6555184e-01  -2.0121592e-02
   6.6220736e-01  -2.0446715e-02
   6.5886288e-01  -2.0773153e-02
   6.5551839e-01  -2.1100875e-02
   6.5217391e-01  -2.1429850e-02
   6.4882943e-01  -2.1760047e-02
   6.4548495e-01  -2.2091432e-02
   6.4214047e-01  -2.2423976e-02
   6.3879599e-01  -2.2757647e-02
   6.3545151e-01  -2.3092412e-02
   6.3210702e-01  -2.3428240e-02
   6.2876254e-01  -2.3765100e-02
   6.2541806e-01  -2.4102959e-02
   6.2207358e-01  -2.4441786e-02
   6.1872910e-01  -2.4781549e-02
   6.1538462e-01  -2.5122215e-02
   6.1204013e-01  -2.5463752e-02
   6.0869565e-01  -2.5806128e-02
   6.0535117e-01  -2.6149311e-02
   6.0200669e-01  -2.6493267e-02
   5.9866221e-01  -2.6837965e-02
   5.9531773e-01  -2.7183372e-02
   5.9197324e-01  -2.7529453e-02
   5.8862876e-01  -2.7876178e-02
   5.8528428e-01  -2.8223511e-02
   5.8193980e-01  -2.8571420e-02
   5.7859532e-01  -2.8919871e-02
   5.7525084e-01  -2.9268830e-02
   5.7190635e-01  -2.9618263e-02
   5.6856187e-01  -2.9968136e-02
   5.6521739e-01  -3.0318414e-02
   5.6187291e-01  -3.0669064e-02
   5.5852843e-01  -3.1020049e-02
   5.5518395e-01  -3.1371335e-02
   5.5183946e-01  -3.1722887e-02
   5.4849498e-01  -3.2074668e-02
   5.4515050e-01  -3.2426643e-02
   5.4180602e-01  -3.2778776e-02
   5.3846154e-01  -3.3131030e-02
   5.3511706e-01  -3.3483368e-02
   5.3177258e-01  -3.3835753e-02
   5.2842809e-01  -3.4188148e-02
   5.2508361e-01  -3.4540516e-02
   5.2173913e-01  -3.4892817e-02
   5.1839465e-01  -3.5245013e-02
   5.1505017e-01  -3.5597066e-02
   5.1170569e-01  -3.5948936e-02
   5.0836120e-01  -3.6300584e-02
   5.0501672e-01  -3.6651970e-02
   5.0167224e-01  -3.7003053e-02
   4.9832776e-01  -3.7353791e-02
   4.9498328e-01  -3.7704145e-02
   4.9163880e-01  -3.8054072e-02
   4.8829431e-01  -3.8403529e-02
   4.8494983e-01  -3.8752475e-02
   4.8160535e-01  -3.9100864e-02
   4.7826087e-01  -3.9448655e-02
   4.7491639e-01  -3.9795802e-02
   4.7157191e-01  -4.0142260e-02
   4.6822742e-01  -4.0487985e-02
   4.6488294e-01  -4.0832929e-02
   4.6153846e-01  -4.1177046e-02
   4.5819398e-01  -4.1520289e-02
   4.5484950e-01  -4.1862610e-02
   4.5150502e-01  -4.2203960e-02
   4.4816054e-01  -4.2544289e-02
   4.4481605e-01  -4.2883549e-02
   4.4147157e-01  -4.3221687e-02
   4.3812709e-01  -4.3558653e-02
   4.3478261e-01  -4.3894394e-02
   4.3143813e-01  -4.4228857e-02
   4.2809365e-01  -4.4561988e-02
   4.2474916e-01  -4.4893733e-02
   4.2140468e-01  -4.5224036e-02
   4.1806020e-01  -4.5552840e-02
   4.1471572e-01  -4.5880089e-02
   4.1137124e-01  -4.6205723e-02
   4.0802676e-01  -4.6529684e-02
   4.0468227e-01  -4.6851911e-02
   4.0133779e-01  -4.7172344e-02
   3.9799331e-01  -4.7490919e-02
   3.9464883e-01  -4.7807573e-02
   3.9130435e-01  -4.8122242e-02
   3.8795987e-01  -4.8434860e-02
   3.8461538e-01  -4.8745360e-02
   3.8127090e-01  -4.9053675e-02
   3.7792642e-01  -4.9359735e-02
   3.7458194e-01  -4.9663468e-02
   3.7123746e-01  -4.9964805e-02
   3.6789298e-01  -5.0263670e-02
   3.6454849e-01  -5.0559989e-02
   3.6120401e-01  -5.0853687e-02
   3.5785953e-01  -5.1144686e-02
   3.5451505e-01  -5.1432906e-02
   3.5117057e-01  -5.1718267e-02
   3.4782609e-01  -5.2000685e-02
   3.4448161e-01  -5.2280079e-02
   3.4113712e-01  -5.2556360e-02
   3.3779264e-01  -5.2829442e-02
   3.3444816e-01  -5.3099236e-02
   3.3110368e-01  -5.3365649e-02
   3.2775920e-01  -5.3628589e-02
   3.2441472e-01  -5.3887961e-02
   3.2107023e-01  -5.4143666e-02
   3.1772575e-01  -5.4395605e-02
   3.1438127e-01  -5.4643676e-02
   3.1103679e-01  -5.4887775e-02
   3.0769231e-01  -5.5127795e-02
   3.0434783e-01  -5.5363628e-02
   3.0100334e-01  -5.5595161e-02
   2.9765886e-01  -5.5822280e-02
   2.9431438e-01  -5.6044868e-02
   2.9096990e-01  -5.6262805e-02
   2.8762542e-01  -5.6475969e-02
   2.8428094e-01  -5.6684233e-02
   2.8093645e-01  -5.6887469e-02
   2.7759197e-01  -5.7085543e-02
   2.7424749e-01  -5.7278320e-02
   2.7090301e-01  -5.7465661e-02
   2.6755853e-01  -5.7647423e-02
   2.6421405e-01  -5.7823458e-02
   2.6086957e-01  -5.7993616e-02
   2.5752508e-01  -5.8157743e-02
   2.5418060e-01  -5.8315678e-02
   2.5083612e-01  -5.8467258e-02
   2.4749164e-01  -5.8612315e-02
   2.4414716e-01  -5.8750675e-02
   2.4080268e-01  -5.8882160e-02
   2.3745819e-01  -5.9006587e-02
   2.3411371e-01  -5.9123766e-02
   2.3076923e-01  -5.9233503e-02
   2.2742475e-01  -5.9335596e-02
   2.2408027e-01  -5.9429839e-02
   2.2073579e-01  -5.9516017e-02
   2.1739130e-01  -5.9593910e-02
   2.1404682e-01  -5.9663289e-02
   2.1070234e-01  -5.9723920e-02
   2.0735786e-01  -5.9775559e-02
   2.0401338e-01  -5.9817953e-02
   2.0066890e-01  -5.9850842e-02
   1.9732441e-01  -5.9873956e-02
   1.9397993e-01  -5.9887015e-02
   1.9063545e-01  -5.9889729e-02
   1.8729097e-01  -5.9881796e-02
   1.8394649e-01  -5.9862905e-02
   1.8060201e-01  -5.9832730e-02
   1.7725753e-01  -5.9790934e-02
   1.7391304e-01  -5.9737166e-02
   1.7056856e-01  -5.9671058e-02
   1.6722408e-01  -5.9592232e-02
   1.6387960e-01  -5.9500287e-02
   1.6053512e-01  -5.9394810e-02
   1.5719064e-01  -5.9275366e-02
   1.5384615e-01  -5.9141502e-02
   1.5050167e-01  -5.8992742e-02
   1.4715719e-01  -5.8828588e-02
   1.4381271e-01  -5.8648518e-02
   1.4046823e-01  -5.8451982e-02
   1.3712375e-01  -5.8238403e-02
   1.3377926e-01  -5.8007171e-02
   1.3043478e-01  -5.7757646e-02
   1.2709030e-01  -5.7489150e-02
   1.2374582e-01  -5.7200965e-02
   1.2040134e-01  -5.6892331e-02
   1.1705686e-01  -5.6562443e-02
   1.1371237e-01  -5.6210442e-02
   1.1036789e-01  -5.5835415e-02
   1.0702341e-01  -5.5436387e-02
   1.0367893e-01  -5.5012315e-02
   1.0033445e-01  -5.4562080e-02
   9.6989967e-02  -5.4084479e-02
   9.3645485e-02  -5.3578216e-02
   9.0301003e-02  -5.3041892e-02
   8.6956522e-02  -5.2473986e-02
   8.3612040e-02  -5.1872848e-02
   8.0267559e-02  -5.1236675e-02
   7.6923077e-02  -5.0563491e-02
   7.3578595e-02  -4.9851124e-02
   7.0234114e-02  -4.9097171e-02
   6.6889632e-02  -4.8298965e-02
   6.3545151e-02  -4.7453527e-02
   6.0200669e-02  -4.6557511e-02
   5.6856187e-02  -4.5607132e-02
   5.3511706e-02  -4.4598080e-02
   5.0167224e-02  -4.3525402e-02
   4.6822742e-02  -4.2383358e-02
   4.3478261e-02  -4.1165221e-02
   4.0133779e-02  -3.9863016e-02
   3.6789298e-02  -3.8467148e-02
   3.3444816e-02  -3.6965893e-02
   3.0100334e-02  -3.5344636e-02
   2.6755853e-02  -3.3584729e-02
   2.3411371e-02  -3.1661690e-02
   2.0066890e-02  -2.9542182e-02
   1.6722408e-02  -2.7178629e-02
   1.3377926e-02  -2.4498636e-02
   1.0033445e-02  -2.1381380e-02
   6.6889632e-03  -1.7593296e-02
   3.3444816e-03  -1.2536700e-02
   0.0000000e+00  -0.0000000e+00
