   0.0000000e+00   0.0000000e+00
   3.3444816e-03   9.3103645e-03
   6.6889632e-03   1.3157008e-02
   1.0033445e-02   1.6101155e-02
   1.3377926e-02   1.8576318e-02
   1.6722408e-02   2.0750426e-02
   2.0066890e-02   2.2709591e-02
   2.3411371e-02   2.4504952e-02
   2.6755853e-02   2.6169812e-02
   3.0100334e-02   2.7727290e-02
   3.3444816e-02   2.9194205e-02
   3.6789298e-02   3.0583246e-02
   4.0133779e-02   3.1904258e-02
   4.3478261e-02   3.3165066e-02
   4.6822742e-02   3.4372006e-02
   5.0167224e-02   3.5530295e-02
   5.3511706e-02   3.6644286e-02
   5.6856187e-02   3.7717660e-02
   6.0200669e-02   3.8753557e-02
   6.3545151e-02   3.9754685e-02
   6.6889632e-02   4.0723398e-02
   7.0234114e-02   4.1661754e-02
   7.3578595e-02   4.2571569e-02
   7.6923077e-02   4.3454453e-02
   8.0267559e-02   4.4311840e-02
   8.3612040e-02   4.5145018e-02
   8.6956522e-02   4.5955144e-02
   9.0301003e-02   4.6743264e-02
   9.3645485e-02   4.7510330e-02
   9.6989967e-02   4.8257207e-02
   1.0033445e-01   4.8984687e-02
   1.0367893e-01   4.9693496e-02
   1.0702341e-01   5.0384303e-02
   1.1036789e-01   5.1057725e-02
   1.1371237e-01   5.1714331e-02
   1.1705686e-01   5.2354652e-02
   1.2040134e-01   5.2979179e-02
   1.2374582e-01   5.3588372e-02
   1.2709030e-01   5.4182659e-02
   1.3043478e-01   5.4762440e-02
   1.3377926e-01   5.5328093e-02
   1.3712375e-01   5.5879971e-02
   1.4046823e-01   5.6418407e-02
   1.4381271e-01   5.6943715e-02
   1.4715719e-01   5.7456192e-02
   1.5050167e-01   5.7956119e-02
   1.5384615e-01   5.8443761e-02
   1.5719064e-01   5.8919372e-02
   1.6053512e-01   5.9383192e-02
   1.6387960e-01   5.9835449e-02
   1.6722408e-01   6.0276362e-02
   1.7056856e-01   6.0706138e-02
   1.7391304e-01   6.1124978e-02
   1.7725753e-01   6.1533070e-02
   1.8060201e-01   6.1930599e-02
   1.8394649e-01   6.2317739e-02
   1.8729097e-01   6.2694657e-02
   1.9063545e-01   6.3061517e-02
   1.9397993e-01   6.3418473e-02
   1.9732441e-01   6.3765675e-02
   2.0066890e-01   6.4103269e-02
   2.0401338e-01   6.4431394e-02
   2.0735786e-01   6.4750185e-02
   2.1070234e-01   6.5059772e-02
   2.1404682e-01   6.5360282e-02
   2.1739130e-01   6.5651838e-02
   2.2073579e-01   6.5934559e-02
   2.2408027e-01   6.6208558e-02
   2.2742475e-01   6.6473950e-02
   2.3076923e-01   6.6730842e-02
   2.3411371e-01   6.6979341e-02
   2.3745819e-01   6.7219550e-02
   2.4080268e-01   6.7451569e-02
   2.4414716e-01   6.7675496e-02
   2.4749164e-01   6.7891427e-02
   2.5083612e-01   6.8099455e-02
   2.5418060e-01   6.8299671e-02
   2.5752508e-01   6.8492165e-02
   2.6086957e-01   6.8677023e-02
   2.6421405e-01   6.8854331e-02
   2.6755853e-01   6.9024172e-02
   2.7090301e-01   6.9186628e-02
   2.7424749e-01   6.9341779e-02
   2.7759197e-01   6.9489703e-02
   2.8093645e-01   6.9630478e-02
   2.8428094e-01   6.9764178e-02
   2.8762542e-01   6.9890879e-02
   2.9096990e-01   7.0010653e-02
   2.9431438e-01   7.0123572e-02
   2.9765886e-01   7.0229706e-02
   3.0100334e-01   7.0329124e-02
   3.0434783e-01   7.0421895e-02
   3.0769231e-01   7.0508084e-02
   3.1103679e-01   7.0587759e-02
   3.1438127e-01   7.0660984e-02
   3.1772575e-01   7.0727823e-02
   3.2107023e-01   7.0788339e-02
   3.2441472e-01   7.0842594e-02
   3.2775920e-01   7.0890649e-02
   3.3110368e-01   7.0932565e-02
   3.3444816e-01   7.0968400e-02
   3.3779264e-01   7.0998214e-02
   3.4113712e-01   7.1022064e-02
   3.4448161e-01   7.1040007e-02
   3.4782609e-01   7.1052100e-02
   3.5117057e-01   7.1058399e-02
   3.5451505e-01   7.1058957e-02
   3.5785953e-01   7.1053830e-02
   3.6120401e-01   7.1043071e-02
   3.6454849e-01   7.1026732e-02
   3.6789298e-01   7.1004866e-02
   3.7123746e-01   7.0977524e-02
   3.7458194e-01   7.0944758e-02
   3.7792642e-01   7.0906618e-02
   3.8127090e-01   7.0863153e-02
   3.8461538e-01   7.0814413e-02
   3.8795987e-01   7.0760445e-02
   3.9130435e-01   7.0701300e-02
   3.9464883e-01   7.0637022e-02
   3.9799331e-01   7.0567661e-02
   4.0133779e-01   7.0493261e-02
   4.0468227e-01   7.0413869e-02
   4.0802676e-01   7.0329531e-02
   4.1137124e-01   7.0240290e-02
   4.1471572e-01   7.0146192e-02
   4.1806020e-01   7.0047280e-02
   4.2140468e-01   6.9943597e-02
   4.2474916e-01   6.9835187e-02
   4.2809365e-01   6.9722091e-02
   4.3143813e-01   6.9604351e-02
   4.3478261e-01   6.9482010e-02
   4.3812709e-01   6.9355106e-02
   4.4147157e-01   6.9223682e-02
   4.4481605e-01   6.9087777e-02
   4.4816054e-01   6.8947430e-02
   4.5150502e-01   6.8802681e-02
   4.5484950e-01   6.8653568e-02
   4.5819398e-01   6.8500129e-02
   4.6153846e-01   6.8342402e-02
   4.6488294e-01   6.8180424e-02
   4.6822742e-01   6.8014232e-02
   4.7157191e-01   6.7843861e-02
   4.7491639e-01   6.7669349e-02
   4.7826087e-01   6.7490730e-02
   4.8160535e-01   6.7308039e-02
   4.8494983e-01   6.7121311e-02
   4.8829431e-01   6.6930580e-02
   4.9163880e-01   6.6735879e-02
   4.9498328e-01   6.6537242e-02
   4.9832776e-01   6.6334702e-02
   5.0167224e-01   6.6128290e-02
   5.0501672e-01   6.5918038e-02
   5.0836120e-01   6.5703979e-02
   5.1170569e-01   6.5486143e-02
   5.1505017e-01   6.5264560e-02
   5.1839465e-01   6.5039261e-02
   5.2173913e-01   6.4810275e-02
   5.2508361e-01   6.4577631e-02
   5.2842809e-01   6.4341359e-02
   5.3177258e-01   6.4101486e-02
   5.3511706e-01   6.3858041e-02
   5.3846154e-01   6.3611051e-02
   5.4180602e-01   6.3360543e-02
   5.4515050e-01   6.3106543e-02
   5.4849498e-01   6.2849077e-02
   5.5183946e-01   6.2588172e-02
   5.5518395e-01   6.2323852e-02
   5.5852843e-01   6.2056142e-02
   5.6187291e-01   6.1785067e-02
   5.6521739e-01   6.1510650e-02
   5.6856187e-01   6.1232914e-02
   5.7190635e-01   6.0951883e-02
   5.7525084e-01   6.0667580e-02
   5.7859532e-01   6.0380025e-02
   5.8193980e-01   6.0089240e-02
   5.8528428e-01   5.9795248e-02
   5.8862876e-01   5.9498067e-02
   5.9197324e-01   5.9197719e-02
   5.9531773e-01   5.8894223e-02
   5.9866221e-01   5.8587599e-02
   6.0200669e-01   5.8277864e-02
   6.0535117e-01   5.7965038e-02
   6.0869565e-01   5.7649138e-02
   6.1204013e-01   5.7330182e-02
   6.1538462e-01   5.7008185e-02
   6.1872910e-01   5.6683166e-02
   6.2207358e-01   5.6355138e-02
   6.2541806e-01   5.6024119e-02
   6.2876254e-01   5.5690123e-02
   6.3210702e-01   5.5353163e-02
   6.3545151e-01   5.5013255e-02
   6.3879599e-01   5.4670412e-02
   6.4214047e-01   5.4324646e-02
   6.4548495e-01   5.3975970e-02
   6.4882943e-01   5.3624396e-02
   6.5217391e-01   5.3269935e-02
   6.5551839e-01   5.2912598e-02
   6.5886288e-01   5.2552396e-02
   6.6220736e-01   5.2189338e-02
   6.6555184e-01   5.1823435e-02
   6.6889632e-01   5.1454694e-02
   6.7224080e-01   5.1083125e-02
   6.7558528e-01   5.0708735e-02
   6.7892977e-01   5.0331531e-02
   6.8227425e-01   4.9951520e-02
   6.8561873e-01   4.9568709e-02
   6.8896321e-01   4.9183104e-02
   6.9230769e-01   4.8794709e-02
   6.9565217e-01   4.8403529e-02
   6.9899666e-01   4.8009568e-02
   7.0234114e-01   4.7612831e-02
   7.0568562e-01   4.7213320e-02
   7.0903010e-01   4.6811037e-02
   7.1237458e-01   4.6405986e-02
   7.1571906e-01   4.5998166e-02
   7.1906355e-01   4.5587580e-02
   7.2240803e-01   4.5174227e-02
   7.2575251e-01   4.4758107e-02
   7.2909699e-01   4.4339221e-02
   7.3244147e-01   4.3917565e-02
   7.3578595e-01   4.3493139e-02
   7.3913043e-01   4.3065939e-02
   7.4247492e-01   4.2635964e-02
   7.4581940e-01   4.2203209e-02
   7.4916388e-01   4.1767671e-02
   7.5250836e-01   4.1329344e-02
   7.5585284e-01   4.0888224e-02
   7.5919732e-01   4.0444304e-02
   7.6254181e-01   3.9997579e-02
   7.6588629e-01   3.9548040e-02
   7.6923077e-01   3.9095682e-02
   7.7257525e-01   3.8640494e-02
   7.7591973e-01   3.8182469e-02
   7.7926421e-01   3.7721597e-02
   7.8260870e-01   3.7257869e-02
   7.8595318e-01   3.6791273e-02
   7.8929766e-01   3.6321799e-02
   7.9264214e-01   3.5849435e-02
   7.9598662e-01   3.5374169e-02
   7.9933110e-01   3.4895987e-02
   8.0267559e-01   3.4414876e-02
   8.0602007e-01   3.3930821e-02
   8.0936455e-01   3.3443809e-02
   8.1270903e-01   3.2953824e-02
   8.1605351e-01   3.2460848e-02
   8.1939799e-01   3.1964867e-02
   8.2274247e-01   3.1465863e-02
   8.2608696e-01   3.0963817e-02
   8.2943144e-01   3.0458712e-02
   8.3277592e-01   2.9950528e-02
   8.3612040e-01   2.9439245e-02
   8.3946488e-01   2.8924843e-02
   8.4280936e-01   2.8407300e-02
   8.4615385e-01   2.7886596e-02
   8.4949833e-01   2.7362708e-02
   8.5284281e-01   2.6835612e-02
   8.5618729e-01   2.6305286e-02
   8.5953177e-01   2.5771704e-02
   8.6287625e-01   2.5234843e-02
   8.6622074e-01   2.4694675e-02
   8.6956522e-01   2.4151176e-02
   8.7290970e-01   2.3604318e-02
   8.7625418e-01   2.3054073e-02
   8.7959866e-01   2.2500414e-02
   8.8294314e-01   2.1943311e-02
   8.8628763e-01   2.1382735e-02
   8.8963211e-01   2.0818655e-02
   8.9297659e-01   2.0251042e-02
   8.9632107e-01   1.9679862e-02
   8.9966555e-01   1.9105084e-02
   9.0301003e-01   1.8526675e-02
   9.0635452e-01   1.7944601e-02
   9.0969900e-01   1.7358828e-02
   9.1304348e-01   1.6769320e-02
   9.1638796e-01   1.6176043e-02
   9.1973244e-01   1.5578960e-02
   9.2307692e-01   1.4978033e-02
   9.2642140e-01   1.4373225e-02
   9.2976589e-01   1.3764497e-02
   9.3311037e-01   1.3151810e-02
   9.3645485e-01   1.2535124e-02
   9.3979933e-01   1.1914399e-02
   9.4314381e-01   1.1289593e-02
   9.4648829e-01   1.0660665e-02
   9.4983278e-01   1.0027571e-02
   9.5317726e-01   9.3902672e-03
   9.5652174e-01   8.7487107e-03
   9.5986622e-01   8.1028560e-03
   9.6321070e-01   7.4526576e-03
   9.6655518e-01   6.7980690e-03
   9.6989967e-01   6.1390431e-03
   9.7324415e-01   5.4755322e-03
   9.7658863e-01   4.8074876e-03
   9.7993311e-01   4.1348601e-03
   9.8327759e-01   3.4575996e-03
   9.8662207e-01   2.7756555e-03
   9.8996656e-01   2.0889760e-03
   9.9331104e-01   1.3975091e-03
   9.9665552e-01   7.0120170e-04
   1.0000000e+00   0.0000000e+00
   1.0000000e+00   0.0000000e+00
   9.9665552e-01   2.3583308e-05
   9.9331104e-01   4.5009756e-05
   9.8996656e-01   6.4381369e-05
   9.8662207e-01   8.1798480e-05
   9.8327759e-01   9.7359737e-05
   9.7993311e-01   1.1116211e-04
   9.7658863e-01   1.2330091e-04
   9.7324415e-01   1.3386978e-04
   9.6989967e-01   1.4296069e-04
   9.6655518e-01   1.5066399e-04
   9.6321070e-01   1.5706838e-04
   9.5986622e-01   1.6226092e-04
   9.5652174e-01   1.6632704e-04
   9.5317726e-01   1.6935057e-04
   9.4983278e-01   1.7141371e-04
   9.4648829e-01   1.7259706e-04
   9.4314381e-01   1.7297963e-04
   9.3979933e-01   1.7263883e-04
   9.3645485e-01   1.7165050e-04
   9.3311037e-01   1.7008888e-04
   9.2976589e-01   1.6802668e-04
   9.2642140e-01   1.6553502e-04
   9.2307692e-01   1.6268347e-04
   9.1973244e-01   1.5954007e-04
   9.1638796e-01   1.5617131e-04
   9.1304348e-01   1.5264216e-04
   9.0969900e-01   1.4901606e-04
   9.0635452e-01   1.4535493e-04
   9.0301003e-01   1.4171920e-04
   8.9966555e-01   1.3816778e-04
   8.9632107e-01   1.3475812e-04
   8.9297659e-01   1.3154614e-04
   8.8963211e-01   1.2858633e-04
   8.8628763e-01   1.2593168e-04
   8.8294314e-01   1.2363374e-04
   8.7959866e-01   1.2174259e-04
   8.7625418e-01   1.2030688e-04
   8.7290970e-01   1.1937382e-04
   8.6956522e-01   1.1898919e-04
   8.6622074e-01   1.1919735e-04
   8.6287625e-01   1.2004125e-04
   8.5953177e-01   1.2156243e-04
   8.5618729e-01   1.2380104e-04
   8.5284281e-01   1.2679583e-04
   8.4949833e-01   1.3058420e-04
   8.4615385e-01   1.3520215e-04
   8.4280936e-01   1.4068432e-04
   8.3946488e-01   1.4706401e-04
   8.3612040e-01   1.5437316e-04
   8.3277592e-01   1.6264239e-04
   8.2943144e-01   1.7190096e-04
   8.2608696e-01   1.8217684e-04
   8.2274247e-01   1.9349668e-04
   8.1939799e-01   2.0588581e-04
   8.1605351e-01   2.1936828e-04
   8.1270903e-01   2.3396685e-04
   8.0936455e-01   2.4970300e-04
   8.0602007e-01   2.6659696e-04
   8.0267559e-01   2.8466766e-04
   7.9933110e-01   3.0393281e-04
   7.9598662e-01   3.2440888e-04
   7.9264214e-01   3.4611108e-04
   7.8929766e-01   3.6905342e-04
   7.8595318e-01   3.9324868e-04
   7.8260870e-01   4.1870845e-04
   7.7926421e-01   4.4544310e-04
   7.7591973e-01   4.7346183e-04
   7.7257525e-01   5.0277265e-04
   7.6923077e-01   5.3338242e-04
   7.6588629e-01   5.6529680e-04
   7.6254181e-01   5.9852034e-04
   7.5919732e-01   6.3305643e-04
   7.5585284e-01   6.6890732e-04
   7.5250836e-01   7.0607416e-04
   7.4916388e-01   7.4455696e-04
   7.4581940e-01   7.8435465e-04
   7.4247492e-01   8.2546505e-04
   7.3913043e-01   8.6788491e-04
   7.3578595e-01   9.1160990e-04
   7.3244147e-01   9.5663461e-04
   7.2909699e-01   1.0029526e-03
   7.2575251e-01   1.0505564e-03
   7.2240803e-01   1.0994374e-03
   7.1906355e-01   1.1495861e-03
   7.1571906e-01   1.2009919e-03
   7.1237458e-01   1.2536433e-03
   7.0903010e-01   1.3075277e-03
   7.0568562e-01   1.3626316e-03
   7.0234114e-01   1.4189403e-03
   6.9899666e-01   1.4764385e-03
   6.9565217e-01   1.5351096e-03
   6.9230769e-01   1.5949364e-03
   6.8896321e-01   1.6559005e-03
   6.8561873e-01   1.7179826e-03
   6.8227425e-01   1.7811627e-03
   6.7892977e-01   1.8454197e-03
   6.7558528e-01   1.9107317e-03
   6.7224080e-01   1.9770758e-03
   6.6889632e-01   2.0444284e-03
   6.6555184e-01   2.1127651e-03
   6.6220736e-01   2.1820603e-03
   6.5886288e-01   2.2522880e-03
   6.5551839e-01   2.3234211e-03
   6.5217391e-01   2.3954318e-03
   6.4882943e-01   2.4682915e-03
   6.4548495e-01   2.5419707e-03
   6.4214047e-01   2.6164394e-03
   6.3879599e-01   2.6916665e-03
   6.3545151e-01   2.7676204e-03
   6.3210702e-01   2.8442686e-03
   6.2876254e-01   2.9215781e-03
   6.2541806e-01   2.9995149e-03
   6.2207358e-01   3.0780444e-03
   6.1872910e-01   3.1571315e-03
   6.1538462e-01   3.2367402e-03
   6.1204013e-01   3.3168339e-03
   6.0869565e-01   3.3973754e-03
   6.0535117e-01   3.4783268e-03
   6.0200669e-01   3.5596496e-03
   5.9866221e-01   3.6413047e-03
   5.9531773e-01   3.7232523e-03
   5.9197324e-01   3.8054522e-03
   5.8862876e-01   3.8878636e-03
   5.8528428e-01   3.9704449e-03
   5.8193980e-01   4.0531542e-03
   5.7859532e-01   4.1359491e-03
   5.7525084e-01   4.2187865e-03
   5.7190635e-01   4.3016229e-03
   5.6856187e-01   4.3844143e-03
   5.6521739e-01   4.4671163e-03
   5.6187291e-01   4.5496838e-03
   5.5852843e-01   4.6320715e-03
   5.5518395e-01   4.7142336e-03
   5.5183946e-01   4.7961238e-03
   5.4849498e-01   4.8776957e-03
   5.4515050e-01   4.9589020e-03
   5.4180602e-01   5.0396955e-03
   5.3846154e-01   5.1200284e-03
   5.3511706e-01   5.1998526e-03
   5.3177258e-01   5.2791198e-03
   5.2842809e-01   5.3577812e-03
   5.2508361e-01   5.4357879e-03
   5.2173913e-01   5.5130906e-03
   5.1839465e-01   5.5896398e-03
   5.1505017e-01   5.6653857e-03
   5.1170569e-01   5.7402783e-03
   5.0836120e-01   5.8142674e-03
   5.0501672e-01   5.8873027e-03
   5.0167224e-01   5.9593337e-03
   4.9832776e-01   6.0303095e-03
   4.9498328e-01   6.1001793e-03
   4.9163880e-01   6.1688923e-03
   4.8829431e-01   6.2363973e-03
   4.8494983e-01   6.3026432e-03
   4.8160535e-01   6.3675789e-03
   4.7826087e-01   6.4311530e-03
   4.7491639e-01   6.4933143e-03
   4.7157191e-01   6.5540115e-03
   4.6822742e-01   6.6131934e-03
   4.6488294e-01   6.6708088e-03
   4.6153846e-01   6.7268065e-03
   4.5819398e-01   6.7811355e-03
   4.5484950e-01   6.8337447e-03
   4.5150502e-01   6.8845833e-03
   4.4816054e-01   6.9336007e-03
   4.4481605e-01   6.9807461e-03
   4.4147157e-01   7.0259694e-03
   4.3812709e-01   7.0692203e-03
   4.3478261e-01   7.1104489e-03
   4.3143813e-01   7.1496055e-03
   4.2809365e-01   7.1866408e-03
   4.2474916e-01   7.2215057e-03
   4.2140468e-01   7.2541514e-03
   4.1806020e-01   7.2845295e-03
   4.1471572e-01   7.3125921e-03
   4.1137124e-01   7.3382914e-03
   4.0802676e-01   7.3615804e-03
   4.0468227e-01   7.3824123e-03
   4.0133779e-01   7.4007408e-03
   3.9799331e-01   7.4165203e-03
   3.9464883e-01   7.4297056e-03
   3.9130435e-01   7.4402519e-03
   3.8795987e-01   7.4481155e-03
   3.8461538e-01   7.4532527e-03
   3.8127090e-01   7.4556210e-03
   3.7792642e-01   7.4551783e-03
   3.7458194e-01   7.4518833e-03
   3.7123746e-01   7.4456954e-03
   3.6789298e-01   7.4365749e-03
   3.6454849e-01   7.4244829e-03
   3.6120401e-01   7.4093812e-03
   3.5785953e-01   7.3912327e-03
   3.5451505e-01   7.3700012e-03
   3.5117057e-01   7.3456512e-03
   3.4782609e-01   7.3181486e-03
   3.4448161e-01   7.2874601e-03
   3.4113712e-01   7.2535535e-03
   3.3779264e-01   7.2163978e-03
   3.3444816e-01   7.1759631e-03
   3.3110368e-01   7.1322208e-03
   3.2775920e-01   7.0851434e-03
   3.2441472e-01   7.0347048e-03
   3.2107023e-01   6.9808803e-03
   3.1772575e-01   6.9236464e-03
   3.1438127e-01   6.8629812e-03
   3.1103679e-01   6.7988643e-03
   3.0769231e-01   6.7312767e-03
   3.0434783e-01   6.6602011e-03
   3.0100334e-01   6.5856218e-03
   2.9765886e-01   6.5075248e-03
   2.9431438e-01   6.4258981e-03
   2.9096990e-01   6.3407310e-03
   2.8762542e-01   6.2520152e-03
   2.8428094e-01   6.1597442e-03
   2.8093645e-01   6.0639132e-03
   2.7759197e-01   5.9645200e-03
   2.7424749e-01   5.8615641e-03
   2.7090301e-01   5.7550476e-03
   2.6755853e-01   5.6449746e-03
   2.6421405e-01   5.5313517e-03
   2.6086957e-01   5.4141880e-03
   2.5752508e-01   5.2934950e-03
   2.5418060e-01   5.1692871e-03
   2.5083612e-01   5.0415812e-03
   2.4749164e-01   4.9103970e-03
   2.4414716e-01   4.7757572e-03
   2.4080268e-01   4.6376876e-03
   2.3745819e-01   4.4962171e-03
   2.3411371e-01   4.3513775e-03
   2.3076923e-01   4.2032045e-03
   2.2742475e-01   4.0517369e-03
   2.2408027e-01   3.8970173e-03
   2.2073579e-01   3.7390918e-03
   2.1739130e-01   3.5780107e-03
   2.1404682e-01   3.4138280e-03
   2.1070234e-01   3.2466022e-03
   2.0735786e-01   3.0763960e-03
   2.0401338e-01   2.9032764e-03
   2.0066890e-01   2.7273156e-03
   1.9732441e-01   2.5485902e-03
   1.9397993e-01   2.3671822e-03
   1.9063545e-01   2.1831787e-03
   1.8729097e-01   1.9966726e-03
   1.8394649e-01   1.8077623e-03
   1.8060201e-01   1.6165524e-03
   1.7725753e-01   1.4231537e-03
   1.7391304e-01   1.2276837e-03
   1.7056856e-01   1.0302668e-03
   1.6722408e-01   8.3103460e-04
   1.6387960e-01   6.3012621e-04
   1.6053512e-01   4.2768887e-04
   1.5719064e-01   2.2387813e-04
   1.5384615e-01   1.8858385e-05
   1.5050167e-01  -1.8719665e-04
   1.4715719e-01  -3.9410346e-04
   1.4381271e-01  -6.0166811e-04
   1.4046823e-01  -8.0968570e-04
   1.3712375e-01  -1.0179396e-03
   1.3377926e-01  -1.2262010e-03
   1.3043478e-01  -1.4342276e-03
   1.2709030e-01  -1.6417633e-03
   1.2374582e-01  -1.8485370e-03
   1.2040134e-01  -2.0542613e-03
   1.1705686e-01  -2.2586319e-03
   1.1371237e-01  -2.4613257e-03
   1.1036789e-01  -2.6619997e-03
   1.0702341e-01  -2.8602894e-03
   1.0367893e-01  -3.0558068e-03
   1.0033445e-01  -3.2481384e-03
   9.6989967e-02  -3.4368429e-03
   9.3645485e-02  -3.6214486e-03
   9.0301003e-02  -3.8014502e-03
   8.6956522e-02  -3.9763055e-03
   8.3612040e-02  -4.1454312e-03
   8.0267559e-02  -4.3081985e-03
   7.6923077e-02  -4.4639273e-03
   7.3578595e-02  -4.6118796e-03
   7.0234114e-02  -4.7512524e-03
   6.6889632e-02  -4.8811677e-03
   6.3545151e-02  -5.0006622e-03
   6.0200669e-02  -5.1086726e-03
   5.6856187e-02  -5.2040199e-03
   5.3511706e-02  -5.2853874e-03
   5.0167224e-02  -5.3512945e-03
   4.6822742e-02  -5.4000625e-03
   4.3478261e-02  -5.4297692e-03
   4.0133779e-02  -5.4381893e-03
   3.6789298e-02  -5.4227130e-03
   3.3444816e-02  -5.3802311e-03
   3.0100334e-02  -5.3069700e-03
   2.6755853e-02  -5.1982456e-03
   2.3411371e-02  -5.0480770e-03
   2.0066890e-02  -4.8485507e-03
   1.6722408e-02  -4.5886955e-03
   1.3377926e-02  -4.2523015e-03
   1.0033445e-02  -3.8131049e-03
   6.6889632e-03  -3.2218328e-03
   3.3444816e-03  -2.3562124e-03
   0.0000000e+00  -0.0000000e+00
