   0.0000000e+00   0.0000000e+00
   3.3444816e-03   1.7261361e-02
   6.6889632e-03   2.4434313e-02
   1.0033445e-02   2.9951437e-02
   1.3377926e-02   3.4611565e-02
   1.6722408e-02   3.8723382e-02
   2.0066890e-02   4.2444778e-02
   2.3411371e-02   4.5869270e-02
   2.6755853e-02   4.9057595e-02
   3.0100334e-02   5.2051792e-02
   3.3444816e-02   5.4882361e-02
   3.6789298e-02   5.7572237e-02
   4.0133779e-02   6.0139166e-02
   4.3478261e-02   6.2597203e-02
   4.6822742e-02   6.4957694e-02
   5.0167224e-02   6.7229951e-02
   5.3511706e-02   6.9421722e-02
   5.6856187e-02   7.1539531e-02
   6.0200669e-02   7.3588932e-02
   6.3545151e-02   7.5574695e-02
   6.6889632e-02   7.7500954e-02
   7.0234114e-02   7.9371314e-02
   7.3578595e-02   8.1188946e-02
   7.6923077e-02   8.2956650e-02
   8.0267559e-02   8.4676916e-02
   8.3612040e-02   8.6351972e-02
   8.6956522e-02   8.7983816e-02
   9.0301003e-02   8.9574250e-02
   9.3645485e-02   9.1124906e-02
   9.6989967e-02   9.2637269e-02
   1.0033445e-01   9.4112694e-02
   1.0367893e-01   9.5552420e-02
   1.0702341e-01   9.6957587e-02
   1.1036789e-01   9.8329244e-02
   1.1371237e-01   9.9668361e-02
   1.1705686e-01   1.0097584e-01
   1.2040134e-01   1.0225251e-01
   1.2374582e-01   1.0349916e-01
   1.2709030e-01   1.0471650e-01
   1.3043478e-01   1.0590523e-01
   1.3377926e-01   1.0706598e-01
   1.3712375e-01   1.0819935e-01
   1.4046823e-01   1.0930590e-01
   1.4381271e-01   1.1038618e-01
   1.4715719e-01   1.1144068e-01
   1.5050167e-01   1.1246989e-01
   1.5384615e-01   1.1347426e-01
   1.5719064e-01   1.1445423e-01
   1.6053512e-01   1.1541020e-01
   1.6387960e-01   1.1634259e-01
   1.6722408e-01   1.1725175e-01
   1.7056856e-01   1.1813806e-01
   1.7391304e-01   1.1900185e-01
   1.7725753e-01   1.1984348e-01
   1.8060201e-01   1.2066324e-01
   1.8394649e-01   1.2146147e-01
   1.8729097e-01   1.2223844e-01
   1.9063545e-01   1.2299446e-01
   1.9397993e-01   1.2372980e-01
   1.9732441e-01   1.2444474e-01
   2.0066890e-01   1.2513953e-01
   2.0401338e-01   1.2581443e-01
   2.0735786e-01   1.2646969e-01
   2.1070234e-01   1.2710555e-01
   2.1404682e-01   1.2772225e-01
   2.1739130e-01   1.2832001e-01
   2.2073579e-01   1.2889906e-01
   2.2408027e-01   1.2945962e-01
   2.2742475e-01   1.3000191e-01
   2.3076923e-01   1.3052612e-01
   2.3411371e-01   1.3103248e-01
   2.3745819e-01   1.3152117e-01
   2.4080268e-01   1.3199240e-01
   2.4414716e-01   1.3244636e-01
   2.4749164e-01   1.3288324e-01
   2.5083612e-01   1.3330323e-01
   2.5418060e-01   1.3370652e-01
   2.5752508e-01   1.3409328e-01
   2.6086957e-01   1.3446369e-01
   2.6421405e-01   1.3481793e-01
   2.6755853e-01   1.3515618e-01
   2.7090301e-01   1.3547861e-01
   2.7424749e-01   1.3578537e-01
   2.7759197e-01   1.3607665e-01
   2.8093645e-01   1.3635261e-01
   2.8428094e-01   1.3661340e-01
   2.8762542e-01   1.3685920e-01
   2.9096990e-01   1.3709016e-01
   2.9431438e-01   1.3730643e-01
   2.9765886e-01   1.3750818e-01
   3.0100334e-01   1.3769555e-01
   3.0434783e-01   1.3786870e-01
   3.0769231e-01   1.3802779e-01
   3.1103679e-01   1.3817296e-01
   3.1438127e-01   1.3830435e-01
   3.1772575e-01   1.3842213e-01
   3.2107023e-01   1.3852642e-01
   3.2441472e-01   1.3861738e-01
   3.2775920e-01   1.3869516e-01
   3.3110368e-01   1.3875988e-01
   3.3444816e-01   1.3881169e-01
   3.3779264e-01   1.3885074e-01
   3.4113712e-01   1.3887715e-01
   3.4448161e-01   1.3889108e-01
   3.4782609e-01   1.3889264e-01
   3.5117057e-01   1.3888198e-01
   3.5451505e-01   1.3885924e-01
   3.5785953e-01   1.3882453e-01
   3.6120401e-01   1.3877801e-01
   3.6454849e-01   1.3871979e-01
   3.6789298e-01   1.3865001e-01
   3.7123746e-01   1.3856879e-01
   3.7458194e-01   1.3847626e-01
   3.7792642e-01   1.3837256e-01
   3.8127090e-01   1.3825779e-01
   3.8461538e-01   1.3813210e-01
   3.8795987e-01   1.3799560e-01
   3.9130435e-01   1.3784842e-01
   3.9464883e-01   1.3769067e-01
   3.9799331e-01   1.3752248e-01
   4.0133779e-01   1.3734397e-01
   4.0468227e-01   1.3715525e-01
   4.0802676e-01   1.3695645e-01
   4.1137124e-01   1.3674768e-01
   4.1471572e-01   1.3652905e-01
   4.1806020e-01   1.3630069e-01
   4.2140468e-01   1.3606270e-01
   4.2474916e-01   1.3581520e-01
   4.2809365e-01   1.3555830e-01
   4.3143813e-01   1.3529210e-01
   4.3478261e-01   1.3501673e-01
   4.3812709e-01   1.3473229e-01
   4.4147157e-01   1.3443888e-01
   4.4481605e-01   1.3413661e-01
   4.4816054e-01   1.3382559e-01
   4.5150502e-01   1.3350593e-01
   4.5484950e-01   1.3317772e-01
   4.5819398e-01   1.3284108e-01
   4.6153846e-01   1.3249609e-01
   4.6488294e-01   1.3214286e-01
   4.6822742e-01   1.3178150e-01
   4.7157191e-01   1.3141209e-01
   4.7491639e-01   1.3103474e-01
   4.7826087e-01   1.3064955e-01
   4.8160535e-01   1.3025660e-01
   4.8494983e-01   1.2985599e-01
   4.8829431e-01   1.2944781e-01
   4.9163880e-01   1.2903216e-01
   4.9498328e-01   1.2860913e-01
   4.9832776e-01   1.2817880e-01
   5.0167224e-01   1.2774127e-01
   5.0501672e-01   1.2729661e-01
   5.0836120e-01   1.2684493e-01
   5.1170569e-01   1.2638629e-01
   5.1505017e-01   1.2592079e-01
   5.1839465e-01   1.2544850e-01
   5.2173913e-01   1.2496952e-01
   5.2508361e-01   1.2448391e-01
   5.2842809e-01   1.2399175e-01
   5.3177258e-01   1.2349313e-01
   5.3511706e-01   1.2298813e-01
   5.3846154e-01   1.2247680e-01
   5.4180602e-01   1.2195924e-01
   5.4515050e-01   1.2143550e-01
   5.4849498e-01   1.2090567e-01
   5.5183946e-01   1.2036980e-01
   5.5518395e-01   1.1982798e-01
   5.5852843e-01   1.1928026e-01
   5.6187291e-01   1.1872672e-01
   5.6521739e-01   1.1816741e-01
   5.6856187e-01   1.1760240e-01
   5.7190635e-01   1.1703175e-01
   5.7525084e-01   1.1645552e-01
   5.7859532e-01   1.1587377e-01
   5.8193980e-01   1.1528656e-01
   5.8528428e-01   1.1469395e-01
   5.8862876e-01   1.1409598e-01
   5.9197324e-01   1.1349271e-01
   5.9531773e-01   1.1288419e-01
   5.9866221e-01   1.1227048e-01
   6.0200669e-01   1.1165162e-01
   6.0535117e-01   1.1102766e-01
   6.0869565e-01   1.1039864e-01
   6.1204013e-01   1.0976461e-01
   6.1538462e-01   1.0912561e-01
   6.1872910e-01   1.0848169e-01
   6.2207358e-01   1.0783287e-01
   6.2541806e-01   1.0717921e-01
   6.2876254e-01   1.0652073e-01
   6.3210702e-01   1.0585748e-01
   6.3545151e-01   1.0518948e-01
   6.3879599e-01   1.0451677e-01
   6.4214047e-01   1.0383938e-01
   6.4548495e-01   1.0315733e-01
   6.4882943e-01   1.0247065e-01
   6.5217391e-01   1.0177937e-01
   6.5551839e-01   1.0108352e-01
   6.5886288e-01   1.0038310e-01
   6.6220736e-01   9.9678155e-02
   6.6555184e-01   9.8968688e-02
   6.6889632e-01   9.8254722e-02
   6.7224080e-01   9.7536271e-02
   6.7558528e-01   9.6813347e-02
   6.7892977e-01   9.6085964e-02
   6.8227425e-01   9.5354132e-02
   6.8561873e-01   9.4617857e-02
   6.8896321e-01   9.3877148e-02
   6.9230769e-01   9.3132009e-02
   6.9565217e-01   9.2382443e-02
   6.9899666e-01   9.1628451e-02
   7.0234114e-01   9.0870033e-02
   7.0568562e-01   9.0107186e-02
   7.0903010e-01   8.9339906e-02
   7.1237458e-01   8.8568187e-02
   7.1571906e-01   8.7792020e-02
   7.1906355e-01   8.7011398e-02
   7.2240803e-01   8.6226307e-02
   7.2575251e-01   8.5436734e-02
   7.2909699e-01   8.4642664e-02
   7.3244147e-01   8.3844079e-02
   7.3578595e-01   8.3040962e-02
   7.3913043e-01   8.2233289e-02
   7.4247492e-01   8.1421039e-02
   7.4581940e-01   8.0604186e-02
   7.4916388e-01   7.9782703e-02
   7.5250836e-01   7.8956562e-02
   7.5585284e-01   7.8125732e-02
   7.5919732e-01   7.7290180e-02
   7.6254181e-01   7.6449871e-02
   7.6588629e-01   7.5604768e-02
   7.6923077e-01   7.4754832e-02
   7.7257525e-01   7.3900024e-02
   7.7591973e-01   7.3040299e-02
   7.7926421e-01   7.2175612e-02
   7.8260870e-01   7.1305918e-02
   7.8595318e-01   7.0431166e-02
   7.8929766e-01   6.9551306e-02
   7.9264214e-01   6.8666285e-02
   7.9598662e-01   6.7776047e-02
   7.9933110e-01   6.6880534e-02
   8.0267559e-01   6.5979688e-02
   8.0602007e-01   6.5073447e-02
   8.0936455e-01   6.4161747e-02
   8.1270903e-01   6.3244522e-02
   8.1605351e-01   6.2321703e-02
   8.1939799e-01   6.1393222e-02
   8.2274247e-01   6.0459005e-02
   8.2608696e-01   5.9518977e-02
   8.2943144e-01   5.8573063e-02
   8.3277592e-01   5.7621183e-02
   8.3612040e-01   5.6663255e-02
   8.3946488e-01   5.5699198e-02
   8.4280936e-01   5.4728924e-02
   8.4615385e-01   5.3752346e-02
   8.4949833e-01   5.2769373e-02
   8.5284281e-01   5.1779915e-02
   8.5618729e-01   5.0783875e-02
   8.5953177e-01   4.9781157e-02
   8.6287625e-01   4.8771661e-02
   8.6622074e-01   4.7755287e-02
   8.6956522e-01   4.6731930e-02
   8.7290970e-01   4.5701484e-02
   8.7625418e-01   4.4663840e-02
   8.7959866e-01   4.3618889e-02
   8.8294314e-01   4.2566516e-02
   8.8628763e-01   4.1506606e-02
   8.8963211e-01   4.0439041e-02
   8.9297659e-01   3.9363701e-02
   8.9632107e-01   3.8280464e-02
   8.9966555e-01   3.7189203e-02
   9.0301003e-01   3.6089793e-02
   9.0635452e-01   3.4982102e-02
   9.0969900e-01   3.3865999e-02
   9.1304348e-01   3.2741348e-02
   9.1638796e-01   3.1608014e-02
   9.1973244e-01   3.0465855e-02
   9.2307692e-01   2.9314731e-02
   9.2642140e-01   2.8154496e-02
   9.2976589e-01   2.6985003e-02
   9.3311037e-01   2.5806103e-02
   9.3645485e-01   2.4617645e-02
   9.3979933e-01   2.3419473e-02
   9.4314381e-01   2.2211430e-02
   9.4648829e-01   2.0993357e-02
   9.4983278e-01   1.9765092e-02
   9.5317726e-01   1.8526471e-02
   9.5652174e-01   1.7277325e-02
   9.5986622e-01   1.6017486e-02
   9.6321070e-01   1.4746781e-02
   9.6655518e-01   1.3465035e-02
   9.6989967e-01   1.2172070e-02
   9.7324415e-01   1.0867708e-02
   9.7658863e-01   9.5517643e-03
   9.7993311e-01   8.2240546e-03
   9.8327759e-01   6.8843908e-03
   9.8662207e-01   5.5325824e-03
   9.8996656e-01   4.1684362e-03
   9.9331104e-01   2.7917565e-03
   9.9665552e-01   1.4023448e-03
   1.0000000e+00   0.0000000e+00
   1.0000000e+00   0.0000000e+00
   9.9665552e-01   2.2986646e-04
   9.9331104e-01   4.5250990e-04
   9.8996656e-01   6.6810987e-04
   9.8662207e-01   8.7684345e-04
   9.8327759e-01   1.0788853e-03
   9.7993311e-01   1.2744075e-03
   9.7658863e-01   1.4635799e-03
   9.7324415e-01   1.6465698e-03
   9.6989967e-01   1.8235421e-03
   9.6655518e-01   1.9946594e-03
   9.6321070e-01   2.1600818e-03
   9.5986622e-01   2.3199671e-03
   9.5652174e-01   2.4744705e-03
   9.5317726e-01   2.6237452e-03
   9.4983278e-01   2.7679417e-03
   9.4648829e-01   2.9072085e-03
   9.4314381e-01   3.0416915e-03
   9.3979933e-01   3.1715344e-03
   9.3645485e-01   3.2968785e-03
   9.3311037e-01   3.4178629e-03
   9.2976589e-01   3.5346243e-03
   9.2642140e-01   3.6472973e-03
   9.2307692e-01   3.7560141e-03
   9.1973244e-01   3.8609046e-03
   9.1638796e-01   3.9620965e-03
   9.1304348e-01   4.0597153e-03
   9.0969900e-01   4.1538842e-03
   9.0635452e-01   4.2447243e-03
   9.0301003e-01   4.3323543e-03
   8.9966555e-01   4.4168909e-03
   8.9632107e-01   4.4984485e-03
   8.9297659e-01   4.5771394e-03
   8.8963211e-01   4.6530737e-03
   8.8628763e-01   4.7263592e-03
   8.8294314e-01   4.7971019e-03
   8.7959866e-01   4.8654053e-03
   8.7625418e-01   4.9313709e-03
   8.7290970e-01   4.9950984e-03
   8.6956522e-01   5.0566848e-03
   8.6622074e-01   5.1162256e-03
   8.6287625e-01   5.1738138e-03
   8.5953177e-01   5.2295406e-03
   8.5618729e-01   5.2834950e-03
   8.5284281e-01   5.3357641e-03
   8.4949833e-01   5.3864327e-03
   8.4615385e-01   5.4355838e-03
   8.4280936e-01   5.4832985e-03
   8.3946488e-01   5.5296555e-03
   8.3612040e-01   5.5747320e-03
   8.3277592e-01   5.6186028e-03
   8.2943144e-01   5.6613409e-03
   8.2608696e-01   5.7030176e-03
   8.2274247e-01   5.7437018e-03
   8.1939799e-01   5.7834607e-03
   8.1605351e-01   5.8223598e-03
   8.1270903e-01   5.8604623e-03
   8.0936455e-01   5.8978297e-03
   8.0602007e-01   5.9345216e-03
   8.0267559e-01   5.9705958e-03
   7.9933110e-01   6.0061082e-03
   7.9598662e-01   6.0411128e-03
   7.9264214e-01   6.0756618e-03
   7.8929766e-01   6.1098056e-03
   7.8595318e-01   6.1435928e-03
   7.8260870e-01   6.1770702e-03
   7.7926421e-01   6.2102827e-03
   7.7591973e-01   6.2432737e-03
   7.7257525e-01   6.2760846e-03
   7.6923077e-01   6.3087551e-03
   7.6588629e-01   6.3413232e-03
   7.6254181e-01   6.3738253e-03
   7.5919732e-01   6.4062960e-03
   7.5585284e-01   6.4387680e-03
   7.5250836e-01   6.4712727e-03
   7.4916388e-01   6.5038395e-03
   7.4581940e-01   6.5364964e-03
   7.4247492e-01   6.5692697e-03
   7.3913043e-01   6.6021839e-03
   7.3578595e-01   6.6352620e-03
   7.3244147e-01   6.6685256e-03
   7.2909699e-01   6.7019943e-03
   7.2575251e-01   6.7356866e-03
   7.2240803e-01   6.7696190e-03
   7.1906355e-01   6.8038067e-03
   7.1571906e-01   6.8382635e-03
   7.1237458e-01   6.8730013e-03
   7.0903010e-01   6.9080308e-03
   7.0568562e-01   6.9433611e-03
   7.0234114e-01   6.9789998e-03
   6.9899666e-01   7.0149533e-03
   6.9565217e-01   7.0512261e-03
   6.9230769e-01   7.0878216e-03
   6.8896321e-01   7.1247417e-03
   6.8561873e-01   7.1619869e-03
   6.8227425e-01   7.1995563e-03
   6.7892977e-01   7.2374477e-03
   6.7558528e-01   7.2756574e-03
   6.7224080e-01   7.3141805e-03
   6.6889632e-01   7.3530107e-03
   6.6555184e-01   7.3921405e-03
   6.6220736e-01   7.4315608e-03
   6.5886288e-01   7.4712617e-03
   6.5551839e-01   7.5112316e-03
   6.5217391e-01   7.5514578e-03
   6.4882943e-01   7.5919265e-03
   6.4548495e-01   7.6326226e-03
   6.4214047e-01   7.6735296e-03
   6.3879599e-01   7.7146302e-03
   6.3545151e-01   7.7559056e-03
   6.3210702e-01   7.7973361e-03
   6.2876254e-01   7.8389007e-03
   6.2541806e-01   7.8805772e-03
   6.2207358e-01   7.9223426e-03
   6.1872910e-01   7.9641726e-03
   6.1538462e-01   8.0060419e-03
   6.1204013e-01   8.0479240e-03
   6.0869565e-01   8.0897917e-03
   6.0535117e-01   8.1316166e-03
   6.0200669e-01   8.1733691e-03
   5.9866221e-01   8.2150190e-03
   5.9531773e-01   8.2565349e-03
   5.9197324e-01   8.2978845e-03
   5.8862876e-01   8.3390346e-03
   5.8528428e-01   8.3799512e-03
   5.8193980e-01   8.4205992e-03
   5.7859532e-01   8.4609428e-03
   5.7525084e-01   8.5009454e-03
   5.7190635e-01   8.5405693e-03
   5.6856187e-01   8.5797762e-03
   5.6521739e-01   8.6185271e-03
   5.6187291e-01   8.6567820e-03
   5.5852843e-01   8.6945003e-03
   5.5518395e-01   8.7316407e-03
   5.5183946e-01   8.7681610e-03
   5.4849498e-01   8.8040186e-03
   5.4515050e-01   8.8391699e-03
   5.4180602e-01   8.8735710e-03
   5.3846154e-01   8.9071771e-03
   5.3511706e-01   8.9399430e-03
   5.3177258e-01   8.9718227e-03
   5.2842809e-01   9.0027699e-03
   5.2508361e-01   9.0327376e-03
   5.2173913e-01   9.0616783e-03
   5.1839465e-01   9.0895441e-03
   5.1505017e-01   9.1162864e-03
   5.1170569e-01   9.1418565e-03
   5.0836120e-01   9.1662050e-03
   5.0501672e-01   9.1892823e-03
   5.0167224e-01   9.2110383e-03
   4.9832776e-01   9.2314225e-03
   4.9498328e-01   9.2503842e-03
   4.9163880e-01   9.2678724e-03
   4.8829431e-01   9.2838358e-03
   4.8494983e-01   9.2982229e-03
   4.8160535e-01   9.3109818e-03
   4.7826087e-01   9.3220606e-03
   4.7491639e-01   9.3314071e-03
   4.7157191e-01   9.3389691e-03
   4.6822742e-01   9.3446942e-03
   4.6488294e-01   9.3485300e-03
   4.6153846e-01   9.3504238e-03
   4.5819398e-01   9.3503231e-03
   4.5484950e-01   9.3481754e-03
   4.5150502e-01   9.3439281e-03
   4.4816054e-01   9.3375288e-03
   4.4481605e-01   9.3289251e-03
   4.4147157e-01   9.3180647e-03
   4.3812709e-01   9.3048956e-03
   4.3478261e-01   9.2893658e-03
   4.3143813e-01   9.2714236e-03
   4.2809365e-01   9.2510176e-03
   4.2474916e-01   9.2280967e-03
   4.2140468e-01   9.2026099e-03
   4.1806020e-01   9.1745068e-03
   4.1471572e-01   9.1437372e-03
   4.1137124e-01   9.1102516e-03
   4.0802676e-01   9.0740006e-03
   4.0468227e-01   9.0349356e-03
   4.0133779e-01   8.9930083e-03
   3.9799331e-01   8.9481712e-03
   3.9464883e-01   8.9003772e-03
   3.9130435e-01   8.8495800e-03
   3.8795987e-01   8.7957340e-03
   3.8461538e-01   8.7387942e-03
   3.8127090e-01   8.6787165e-03
   3.7792642e-01   8.6154575e-03
   3.7458194e-01   8.5489749e-03
   3.7123746e-01   8.4792270e-03
   3.6789298e-01   8.4061733e-03
   3.6454849e-01   8.3297742e-03
   3.6120401e-01   8.2499911e-03
   3.5785953e-01   8.1667867e-03
   3.5451505e-01   8.0801246e-03
   3.5117057e-01   7.9899699e-03
   3.4782609e-01   7.8962885e-03
   3.4448161e-01   7.7990482e-03
   3.4113712e-01   7.6982177e-03
   3.3779264e-01   7.5937673e-03
   3.3444816e-01   7.4856687e-03
   3.3110368e-01   7.3738954e-03
   3.2775920e-01   7.2584221e-03
   3.2441472e-01   7.1392255e-03
   3.2107023e-01   7.0162838e-03
   3.1772575e-01   6.8895773e-03
   3.1438127e-01   6.7590877e-03
   3.1103679e-01   6.6247992e-03
   3.0769231e-01   6.4866974e-03
   3.0434783e-01   6.3447706e-03
   3.0100334e-01   6.1990087e-03
   2.9765886e-01   6.0494043e-03
   2.9431438e-01   5.8959520e-03
   2.9096990e-01   5.7386490e-03
   2.8762542e-01   5.5774949e-03
   2.8428094e-01   5.4124918e-03
   2.8093645e-01   5.2436447e-03
   2.7759197e-01   5.0709612e-03
   2.7424749e-01   4.8944519e-03
   2.7090301e-01   4.7141303e-03
   2.6755853e-01   4.5300129e-03
   2.6421405e-01   4.3421196e-03
   2.6086957e-01   4.1504734e-03
   2.5752508e-01   3.9551009e-03
   2.5418060e-01   3.7560321e-03
   2.5083612e-01   3.5533009e-03
   2.4749164e-01   3.3469449e-03
   2.4414716e-01   3.1370056e-03
   2.4080268e-01   2.9235286e-03
   2.3745819e-01   2.7065640e-03
   2.3411371e-01   2.4861661e-03
   2.3076923e-01   2.2623939e-03
   2.2742475e-01   2.0353111e-03
   2.2408027e-01   1.8049864e-03
   2.2073579e-01   1.5714936e-03
   2.1739130e-01   1.3349120e-03
   2.1404682e-01   1.0953262e-03
   2.1070234e-01   8.5282687e-04
   2.0735786e-01   6.0751054e-04
   2.0401338e-01   3.5948008e-04
   2.0066890e-01   1.0884487e-04
   1.9732441e-01  -1.4427886e-04
   1.9397993e-01  -3.9976778e-04
   1.9063545e-01  -6.5749114e-04
   1.8729097e-01  -9.1731039e-04
   1.8394649e-01  -1.1790789e-03
   1.8060201e-01  -1.4426415e-03
   1.7725753e-01  -1.7078343e-03
   1.7391304e-01  -1.9744838e-03
   1.7056856e-01  -2.2424069e-03
   1.6722408e-01  -2.5114102e-03
   1.6387960e-01  -2.7812896e-03
   1.6053512e-01  -3.0518294e-03
   1.5719064e-01  -3.3228021e-03
   1.5384615e-01  -3.5939676e-03
   1.5050167e-01  -3.8650723e-03
   1.4715719e-01  -4.1358487e-03
   1.4381271e-01  -4.4060141e-03
   1.4046823e-01  -4.6752701e-03
   1.3712375e-01  -4.9433014e-03
   1.3377926e-01  -5.2097748e-03
   1.3043478e-01  -5.4743379e-03
   1.2709030e-01  -5.7366178e-03
   1.2374582e-01  -5.9962199e-03
   1.2040134e-01  -6.2527259e-03
   1.1705686e-01  -6.5056923e-03
   1.1371237e-01  -6.7546485e-03
   1.1036789e-01  -6.9990942e-03
   1.0702341e-01  -7.2384974e-03
   1.0367893e-01  -7.4722913e-03
   1.0033445e-01  -7.6998712e-03
   9.6989967e-02  -7.9205911e-03
   9.3645485e-02  -8.1337596e-03
   9.0301003e-02  -8.3386348e-03
   8.6956522e-02  -8.5344195e-03
   8.3612040e-02  -8.7202549e-03
   8.0267559e-02  -8.8952128e-03
   7.6923077e-02  -9.0582878e-03
   7.3578595e-02  -9.2083866e-03
   7.0234114e-02  -9.3443166e-03
   6.6889632e-02  -9.4647709e-03
   6.3545151e-02  -9.5683112e-03
   6.0200669e-02  -9.6533465e-03
   5.6856187e-02  -9.7181063e-03
   5.3511706e-02  -9.7606078e-03
   5.0167224e-02  -9.7786136e-03
   4.6822742e-02  -9.7695777e-03
   4.3478261e-02  -9.7305743e-03
   4.0133779e-02  -9.6582027e-03
   3.6789298e-02  -9.5484573e-03
   3.3444816e-02  -9.3965456e-03
   3.0100334e-02  -9.1966244e-03
   2.6755853e-02  -8.9414050e-03
   2.3411371e-02  -8.6215349e-03
   2.0066890e-02  -8.2245744e-03
   1.6722408e-02  -7.7331846e-03
   1.3377926e-02  -7.1216045e-03
   1.0033445e-02  -6.3478571e-03
   6.6889632e-03  -5.3327270e-03
   3.3444816e-03  -3.8784316e-03
   0.0000000e+00  -0.0000000e+00
