   0.0000000e+00   0.0000000e+00
   3.3444816e-03   9.1767372e-03
   6.6889632e-03   1.2896342e-02
   1.0033445e-02   1.5695775e-02
   1.3377926e-02   1.8010682e-02
   1.6722408e-02   2.0011088e-02
   2.0066890e-02   2.1784841e-02
   2.3411371e-02   2.3384522e-02
   2.6755853e-02   2.4844649e-02
   3.0100334e-02   2.6189383e-02
   3.3444816e-02   2.7436453e-02
   3.6789298e-02   2.8599349e-02
   4.0133779e-02   2.9688631e-02
   4.3478261e-02   3.0712769e-02
   4.6822742e-02   3.1678683e-02
   5.0167224e-02   3.2592121e-02
   5.3511706e-02   3.3457927e-02
   5.6856187e-02   3.4280233e-02
   6.0200669e-02   3.5062597e-02
   6.3545151e-02   3.5808115e-02
   6.6889632e-02   3.6519502e-02
   7.0234114e-02   3.7199158e-02
   7.3578595e-02   3.7849213e-02
   7.6923077e-02   3.8471577e-02
   8.0267559e-02   3.9067966e-02
   8.3612040e-02   3.9639929e-02
   8.6956522e-02   4.0188875e-02
   9.0301003e-02   4.0716087e-02
   9.3645485e-02   4.1222739e-02
   9.6989967e-02   4.1709909e-02
   1.0033445e-01   4.2178590e-02
   1.0367893e-01   4.2629699e-02
   1.0702341e-01   4.3064085e-02
   1.1036789e-01   4.3482538e-02
   1.1371237e-01   4.3885791e-02
   1.1705686e-01   4.4274531e-02
   1.2040134e-01   4.4649398e-02
   1.2374582e-01   4.5010992e-02
   1.2709030e-01   4.5359876e-02
   1.3043478e-01   4.5696579e-02
   1.3377926e-01   4.6021600e-02
   1.3712375e-01   4.6335408e-02
   1.4046823e-01   4.6638448e-02
   1.4381271e-01   4.6931138e-02
   1.4715719e-01   4.7213875e-02
   1.5050167e-01   4.7487037e-02
   1.5384615e-01   4.7750979e-02
   1.5719064e-01   4.8006041e-02
   1.6053512e-01   4.8252546e-02
   1.6387960e-01   4.8490799e-02
   1.6722408e-01   4.8721093e-02
   1.7056856e-01   4.8943706e-02
   1.7391304e-01   4.9158904e-02
   1.7725753e-01   4.9366941e-02
   1.8060201e-01   4.9568057e-02
   1.8394649e-01   4.9762485e-02
   1.8729097e-01   4.9950446e-02
   1.9063545e-01   5.0132151e-02
   1.9397993e-01   5.0307803e-02
   1.9732441e-01   5.0477596e-02
   2.0066890e-01   5.0641716e-02
   2.0401338e-01   5.0800342e-02
   2.0735786e-01   5.0953643e-02
   2.1070234e-01   5.1101785e-02
   2.1404682e-01   5.1244924e-02
   2.1739130e-01   5.1383211e-02
   2.2073579e-01   5.1516792e-02
   2.2408027e-01   5.1645806e-02
   2.2742475e-01   5.1770385e-02
   2.3076923e-01   5.1890659e-02
   2.3411371e-01   5.2006752e-02
   2.3745819e-01   5.2118781e-02
   2.4080268e-01   5.2226860e-02
   2.4414716e-01   5.2331100e-02
   2.4749164e-01   5.2431605e-02
   2.5083612e-01   5.2528476e-02
   2.5418060e-01   5.2621811e-02
   2.5752508e-01   5.2711704e-02
   2.6086957e-01   5.2798242e-02
   2.6421405e-01   5.2881514e-02
   2.6755853e-01   5.2961602e-02
   2.7090301e-01   5.3038585e-02
   2.7424749e-01   5.3112540e-02
   2.7759197e-01   5.3183540e-02
   2.8093645e-01   5.3251655e-02
   2.8428094e-01   5.3316953e-02
   2.8762542e-01   5.3379500e-02
   2.9096990e-01   5.3439356e-02
   2.9431438e-01   5.3496582e-02
   2.9765886e-01   5.3551234e-02
   3.0100334e-01   5.3603368e-02
   3.0434783e-01   5.3653035e-02
   3.0769231e-01   5.3700285e-02
   3.1103679e-01   5.3745166e-02
   3.1438127e-01   5.3787724e-02
   3.1772575e-01   5.3828003e-02
   3.2107023e-01   5.3866042e-02
   3.2441472e-01   5.3901883e-02
   3.2775920e-01   5.3935563e-02
   3.3110368e-01   5.3967117e-02
   3.3444816e-01   5.3996579e-02
   3.3779264e-01   5.4023981e-02
   3.4113712e-01   5.4049354e-02
   3.4448161e-01   5.4072727e-02
   3.4782609e-01   5.4094125e-02
   3.5117057e-01   5.4113576e-02
   3.5451505e-01   5.4131102e-02
   3.5785953e-01   5.4146727e-02
   3.6120401e-01   5.4160470e-02
   3.6454849e-01   5.4172351e-02
   3.6789298e-01   5.4182389e-02
   3.7123746e-01   5.4190599e-02
   3.7458194e-01   5.4196998e-02
   3.7792642e-01   5.4201598e-02
   3.8127090e-01   5.4204413e-02
   3.8461538e-01   5.4205454e-02
   3.8795987e-01   5.4204731e-02
   3.9130435e-01   5.4202253e-02
   3.9464883e-01   5.4198028e-02
   3.9799331e-01   5.4192062e-02
   4.0133779e-01   5.4184360e-02
   4.0468227e-01   5.4174927e-02
   4.0802676e-01   5.4163767e-02
   4.1137124e-01   5.4150880e-02
   4.1471572e-01   5.4136269e-02
   4.1806020e-01   5.4119933e-02
   4.2140468e-01   5.4101872e-02
   4.2474916e-01   5.4082082e-02
   4.2809365e-01   5.4060563e-02
   4.3143813e-01   5.4037308e-02
   4.3478261e-01   5.4012315e-02
   4.3812709e-01   5.3985576e-02
   4.4147157e-01   5.3957086e-02
   4.4481605e-01   5.3926837e-02
   4.4816054e-01   5.3894820e-02
   4.5150502e-01   5.3861026e-02
   4.5484950e-01   5.3825445e-02
   4.5819398e-01   5.3788067e-02
   4.6153846e-01   5.3748879e-02
   4.6488294e-01   5.3707868e-02
   4.6822742e-01   5.3665022e-02
   4.7157191e-01   5.3620327e-02
   4.7491639e-01   5.3573767e-02
   4.7826087e-01   5.3525327e-02
   4.8160535e-01   5.3474991e-02
   4.8494983e-01   5.3422741e-02
   4.8829431e-01   5.3368561e-02
   4.9163880e-01   5.3312430e-02
   4.9498328e-01   5.3254331e-02
   4.9832776e-01   5.3194244e-02
   5.0167224e-01   5.3132147e-02
   5.0501672e-01   5.3068020e-02
   5.0836120e-01   5.3001841e-02
   5.1170569e-01   5.2933587e-02
   5.1505017e-01   5.2863236e-02
   5.1839465e-01   5.2790764e-02
   5.2173913e-01   5.2716146e-02
   5.2508361e-01   5.2639357e-02
   5.2842809e-01   5.2560373e-02
   5.3177258e-01   5.2479167e-02
   5.3511706e-01   5.2395712e-02
   5.3846154e-01   5.2309981e-02
   5.4180602e-01   5.2221947e-02
   5.4515050e-01   5.2131580e-02
   5.4849498e-01   5.2038853e-02
   5.5183946e-01   5.1943735e-02
   5.5518395e-01   5.1846197e-02
   5.5852843e-01   5.1746209e-02
   5.6187291e-01   5.1643738e-02
   5.6521739e-01   5.1538755e-02
   5.6856187e-01   5.1431227e-02
   5.7190635e-01   5.1321121e-02
   5.7525084e-01   5.1208404e-02
   5.7859532e-01   5.1093043e-02
   5.8193980e-01   5.0975005e-02
   5.8528428e-01   5.0854254e-02
   5.8862876e-01   5.0730756e-02
   5.9197324e-01   5.0604475e-02
   5.9531773e-01   5.0475376e-02
   5.9866221e-01   5.0343423e-02
   6.0200669e-01   5.0208579e-02
   6.0535117e-01   5.0070806e-02
   6.0869565e-01   4.9930067e-02
   6.1204013e-01   4.9786325e-02
   6.1538462e-01   4.9639541e-02
   6.1872910e-01   4.9489676e-02
   6.2207358e-01   4.9336691e-02
   6.2541806e-01   4.9180546e-02
   6.2876254e-01   4.9021202e-02
   6.3210702e-01   4.8858618e-02
   6.3545151e-01   4.8692753e-02
   6.3879599e-01   4.8523567e-02
   6.4214047e-01   4.8351017e-02
   6.4548495e-01   4.8175061e-02
   6.4882943e-01   4.7995658e-02
   6.5217391e-01   4.7812765e-02
   6.5551839e-01   4.7626339e-02
   6.5886288e-01   4.7436336e-02
   6.6220736e-01   4.7242713e-02
   6.6555184e-01   4.7045425e-02
   6.6889632e-01   4.6844429e-02
   6.7224080e-01   4.6639679e-02
   6.7558528e-01   4.6431131e-02
   6.7892977e-01   4.6218738e-02
   6.8227425e-01   4.6002456e-02
   6.8561873e-01   4.5782238e-02
   6.8896321e-01   4.5558037e-02
   6.9230769e-01   4.5329808e-02
   6.9565217e-01   4.5097502e-02
   6.9899666e-01   4.4861073e-02
   7.0234114e-01   4.4620473e-02
   7.0568562e-01   4.4375654e-02
   7.0903010e-01   4.4126568e-02
   7.1237458e-01   4.3873165e-02
   7.1571906e-01   4.3615398e-02
   7.1906355e-01   4.3353217e-02
   7.2240803e-01   4.3086573e-02
   7.2575251e-01   4.2815415e-02
   7.2909699e-01   4.2539695e-02
   7.3244147e-01   4.2259361e-02
   7.3578595e-01   4.1974363e-02
   7.3913043e-01   4.1684651e-02
   7.4247492e-01   4.1390172e-02
   7.4581940e-01   4.1090877e-02
   7.4916388e-01   4.0786712e-02
   7.5250836e-01   4.0477627e-02
   7.5585284e-01   4.0163568e-02
   7.5919732e-01   3.9844485e-02
   7.6254181e-01   3.9520323e-02
   7.6588629e-01   3.9191030e-02
   7.6923077e-01   3.8856553e-02
   7.7257525e-01   3.8516839e-02
   7.7591973e-01   3.8171833e-02
   7.7926421e-01   3.7821483e-02
   7.8260870e-01   3.7465733e-02
   7.8595318e-01   3.7104529e-02
   7.8929766e-01   3.6737818e-02
   7.9264214e-01   3.6365543e-02
   7.9598662e-01   3.5987650e-02
   7.9933110e-01   3.5604084e-02
   8.0267559e-01   3.5214789e-02
   8.0602007e-01   3.4819709e-02
   8.0936455e-01   3.4418789e-02
   8.1270903e-01   3.4011973e-02
   8.1605351e-01   3.3599203e-02
   8.1939799e-01   3.3180423e-02
   8.2274247e-01   3.2755578e-02
   8.2608696e-01   3.2324608e-02
   8.2943144e-01   3.1887458e-02
   8.3277592e-01   3.1444071e-02
   8.3612040e-01   3.0994387e-02
   8.3946488e-01   3.0538351e-02
   8.4280936e-01   3.0075902e-02
   8.4615385e-01   2.9606985e-02
   8.4949833e-01   2.9131539e-02
   8.5284281e-01   2.8649507e-02
   8.5618729e-01   2.8160830e-02
   8.5953177e-01   2.7665448e-02
   8.6287625e-01   2.7163303e-02
   8.6622074e-01   2.6654336e-02
   8.6956522e-01   2.6138486e-02
   8.7290970e-01   2.5615695e-02
   8.7625418e-01   2.5085902e-02
   8.7959866e-01   2.4549047e-02
   8.8294314e-01   2.4005071e-02
   8.8628763e-01   2.3453913e-02
   8.8963211e-01   2.2895512e-02
   8.9297659e-01   2.2329808e-02
   8.9632107e-01   2.1756739e-02
   8.9966555e-01   2.1176246e-02
   9.0301003e-01   2.0588266e-02
   9.0635452e-01   1.9992739e-02
   9.0969900e-01   1.9389602e-02
   9.1304348e-01   1.8778795e-02
   9.1638796e-01   1.8160255e-02
   9.1973244e-01   1.7533920e-02
   9.2307692e-01   1.6899729e-02
   9.2642140e-01   1.6257620e-02
   9.2976589e-01   1.5607529e-02
   9.3311037e-01   1.4949394e-02
   9.3645485e-01   1.4283153e-02
   9.3979933e-01   1.3608743e-02
   9.4314381e-01   1.2926100e-02
   9.4648829e-01   1.2235162e-02
   9.4983278e-01   1.1535866e-02
   9.5317726e-01   1.0828148e-02
   9.5652174e-01   1.0111944e-02
   9.5986622e-01   9.3871915e-03
   9.6321070e-01   8.6538261e-03
   9.6655518e-01   7.9117840e-03
   9.6989967e-01   7.1610012e-03
   9.7324415e-01   6.4014136e-03
   9.7658863e-01   5.6329568e-03
   9.7993311e-01   4.8555666e-03
   9.8327759e-01   4.0691783e-03
   9.8662207e-01   3.2737273e-03
   9.8996656e-01   2.4691490e-03
   9.9331104e-01   1.6553783e-03
   9.9665552e-01   8.3235034e-04
   1.0000000e+00   0.0000000e+00
   1.0000000e+00   0.0000000e+00
   9.9665552e-01  -8.3235035e-04
   9.9331104e-01  -1.6553783e-03
   9.8996656e-01  -2.4691490e-03
   9.8662207e-01  -3.2737274e-03
   9.8327759e-01  -4.0691783e-03
   9.7993311e-01  -4.8555666e-03
   9.7658863e-01  -5.6329569e-03
   9.7324415e-01  -6.4014137e-03
   9.6989967e-01  -7.1610013e-03
   9.6655518e-01  -7.9117841e-03
   9.6321070e-01  -8.6538262e-03
   9.5986622e-01  -9.3871916e-03
   9.5652174e-01  -1.0111944e-02
   9.5317726e-01  -1.0828148e-02
   9.4983278e-01  -1.1535866e-02
   9.4648829e-01  -1.2235162e-02
   9.4314381e-01  -1.2926100e-02
   9.3979933e-01  -1.3608743e-02
   9.3645485e-01  -1.4283153e-02
   9.3311037e-01  -1.4949394e-02
   9.2976589e-01  -1.5607529e-02
   9.2642140e-01  -1.6257620e-02
   9.2307692e-01  -1.6899730e-02
   9.1973244e-01  -1.7533921e-02
   9.1638796e-01  -1.8160255e-02
   9.1304348e-01  -1.8778795e-02
   9.0969900e-01  -1.9389603e-02
   9.0635452e-01  -1.9992739e-02
   9.0301003e-01  -2.0588267e-02
   8.9966555e-01  -2.1176246e-02
   8.9632107e-01  -2.1756740e-02
   8.9297659e-01  -2.2329808e-02
   8.8963211e-01  -2.2895513e-02
   8.8628763e-01  -2.3453914e-02
   8.8294314e-01  -2.4005072e-02
   8.7959866e-01  -2.4549048e-02
   8.7625418e-01  -2.5085903e-02
   8.7290970e-01  -2.5615696e-02
   8.6956522e-01  -2.6138487e-02
   8.6622074e-01  -2.6654337e-02
   8.6287625e-01  -2.7163304e-02
   8.5953177e-01  -2.7665449e-02
   8.5618729e-01  -2.8160831e-02
   8.5284281e-01  -2.8649508e-02
   8.4949833e-01  -2.9131540e-02
   8.4615385e-01  -2.9606986e-02
   8.4280936e-01  -3.0075904e-02
   8.3946488e-01  -3.0538352e-02
   8.3612040e-01  -3.0994389e-02
   8.3277592e-01  -3.1444072e-02
   8.2943144e-01  -3.1887460e-02
   8.2608696e-01  -3.2324610e-02
   8.2274247e-01  -3.2755579e-02
   8.1939799e-01  -3.3180425e-02
   8.1605351e-01  -3.3599205e-02
   8.1270903e-01  -3.4011975e-02
   8.0936455e-01  -3.4418791e-02
   8.0602007e-01  -3.4819712e-02
   8.0267559e-01  -3.5214791e-02
   7.9933110e-01  -3.5604086e-02
   7.9598662e-01  -3.5987652e-02
   7.9264214e-01  -3.6365545e-02
   7.8929766e-01  -3.6737820e-02
   7.8595318e-01  -3.7104532e-02
   7.8260870e-01  -3.7465735e-02
   7.7926421e-01  -3.7821485e-02
   7.7591973e-01  -3.8171836e-02
   7.7257525e-01  -3.8516842e-02
   7.6923077e-01  -3.8856556e-02
   7.6588629e-01  -3.9191033e-02
   7.6254181e-01  -3.9520326e-02
   7.5919732e-01  -3.9844488e-02
   7.5585284e-01  -4.0163572e-02
   7.5250836e-01  -4.0477630e-02
   7.4916388e-01  -4.0786716e-02
   7.4581940e-01  -4.1090880e-02
   7.4247492e-01  -4.1390176e-02
   7.3913043e-01  -4.1684655e-02
   7.3578595e-01  -4.1974367e-02
   7.3244147e-01  -4.2259365e-02
   7.2909699e-01  -4.2539699e-02
   7.2575251e-01  -4.2815419e-02
   7.2240803e-01  -4.3086577e-02
   7.1906355e-01  -4.3353221e-02
   7.1571906e-01  -4.3615402e-02
   7.1237458e-01  -4.3873170e-02
   7.0903010e-01  -4.4126572e-02
   7.0568562e-01  -4.4375658e-02
   7.0234114e-01  -4.4620478e-02
   6.9899666e-01  -4.4861078e-02
   6.9565217e-01  -4.5097507e-02
   6.9230769e-01  -4.5329813e-02
   6.8896321e-01  -4.5558042e-02
   6.8561873e-01  -4.5782243e-02
   6.8227425e-01  -4.6002461e-02
   6.7892977e-01  -4.6218744e-02
   6.7558528e-01  -4.6431136e-02
   6.7224080e-01  -4.6639685e-02
   6.6889632e-01  -4.6844435e-02
   6.6555184e-01  -4.7045431e-02
   6.6220736e-01  -4.7242719e-02
   6.5886288e-01  -4.7436342e-02
   6.5551839e-01  -4.7626345e-02
   6.5217391e-01  -4.7812771e-02
   6.4882943e-01  -4.7995665e-02
   6.4548495e-01  -4.8175067e-02
   6.4214047e-01  -4.8351023e-02
   6.3879599e-01  -4.8523573e-02
   6.3545151e-01  -4.8692760e-02
   6.3210702e-01  -4.8858625e-02
   6.2876254e-01  -4.9021209e-02
   6.2541806e-01  -4.9180553e-02
   6.2207358e-01  -4.9336698e-02
   6.1872910e-01  -4.9489683e-02
   6.1538462e-01  -4.9639548e-02
   6.1204013e-01  -4.9786332e-02
   6.0869565e-01  -4.9930074e-02
   6.0535117e-01  -5.0070813e-02
   6.0200669e-01  -5.0208586e-02
   5.9866221e-01  -5.0343430e-02
   5.9531773e-01  -5.0475384e-02
   5.9197324e-01  -5.0604483e-02
   5.8862876e-01  -5.0730764e-02
   5.8528428e-01  -5.0854262e-02
   5.8193980e-01  -5.0975013e-02
   5.7859532e-01  -5.1093051e-02
   5.7525084e-01  -5.1208412e-02
   5.7190635e-01  -5.1321129e-02
   5.6856187e-01  -5.1431235e-02
   5.6521739e-01  -5.1538763e-02
   5.6187291e-01  -5.1643747e-02
   5.5852843e-01  -5.1746217e-02
   5.5518395e-01  -5.1846206e-02
   5.5183946e-01  -5.1943744e-02
   5.4849498e-01  -5.2038861e-02
   5.4515050e-01  -5.2131589e-02
   5.4180602e-01  -5.2221955e-02
   5.3846154e-01  -5.2309990e-02
   5.3511706e-01  -5.2395721e-02
   5.3177258e-01  -5.2479176e-02
   5.2842809e-01  -5.2560382e-02
   5.2508361e-01  -5.2639367e-02
   5.2173913e-01  -5.2716155e-02
   5.1839465e-01  -5.2790773e-02
   5.1505017e-01  -5.2863245e-02
   5.1170569e-01  -5.2933597e-02
   5.0836120e-01  -5.3001850e-02
   5.0501672e-01  -5.3068029e-02
   5.0167224e-01  -5.3132156e-02
   4.9832776e-01  -5.3194253e-02
   4.9498328e-01  -5.3254341e-02
   4.9163880e-01  -5.3312440e-02
   4.8829431e-01  -5.3368571e-02
   4.8494983e-01  -5.3422751e-02
   4.8160535e-01  -5.3475001e-02
   4.7826087e-01  -5.3525337e-02
   4.7491639e-01  -5.3573777e-02
   4.7157191e-01  -5.3620337e-02
   4.6822742e-01  -5.3665032e-02
   4.6488294e-01  -5.3707878e-02
   4.6153846e-01  -5.3748889e-02
   4.5819398e-01  -5.3788077e-02
   4.5484950e-01  -5.3825456e-02
   4.5150502e-01  -5.3861037e-02
   4.4816054e-01  -5.3894830e-02
   4.4481605e-01  -5.3926847e-02
   4.4147157e-01  -5.3957097e-02
   4.3812709e-01  -5.3985587e-02
   4.3478261e-01  -5.4012325e-02
   4.3143813e-01  -5.4037319e-02
   4.2809365e-01  -5.4060573e-02
   4.2474916e-01  -5.4082093e-02
   4.2140468e-01  -5.4101882e-02
   4.1806020e-01  -5.4119944e-02
   4.1471572e-01  -5.4136280e-02
   4.1137124e-01  -5.4150891e-02
   4.0802676e-01  -5.4163777e-02
   4.0468227e-01  -5.4174938e-02
   4.0133779e-01  -5.4184371e-02
   3.9799331e-01  -5.4192072e-02
   3.9464883e-01  -5.4198038e-02
   3.9130435e-01  -5.4202264e-02
   3.8795987e-01  -5.4204742e-02
   3.8461538e-01  -5.4205465e-02
   3.8127090e-01  -5.4204424e-02
   3.7792642e-01  -5.4201609e-02
   3.7458194e-01  -5.4197008e-02
   3.7123746e-01  -5.4190610e-02
   3.6789298e-01  -5.4182399e-02
   3.6454849e-01  -5.4172362e-02
   3.6120401e-01  -5.4160480e-02
   3.5785953e-01  -5.4146737e-02
   3.5451505e-01  -5.4131113e-02
   3.5117057e-01  -5.4113587e-02
   3.4782609e-01  -5.4094136e-02
   3.4448161e-01  -5.4072737e-02
   3.4113712e-01  -5.4049365e-02
   3.3779264e-01  -5.4023992e-02
   3.3444816e-01  -5.3996589e-02
   3.3110368e-01  -5.3967127e-02
   3.2775920e-01  -5.3935573e-02
   3.2441472e-01  -5.3901894e-02
   3.2107023e-01  -5.3866053e-02
   3.1772575e-01  -5.3828013e-02
   3.1438127e-01  -5.3787735e-02
   3.1103679e-01  -5.3745177e-02
   3.0769231e-01  -5.3700295e-02
   3.0434783e-01  -5.3653045e-02
   3.0100334e-01  -5.3603378e-02
   2.9765886e-01  -5.3551244e-02
   2.9431438e-01  -5.3496592e-02
   2.9096990e-01  -5.3439366e-02
   2.8762542e-01  -5.3379510e-02
   2.8428094e-01  -5.3316963e-02
   2.8093645e-01  -5.3251665e-02
   2.7759197e-01  -5.3183549e-02
   2.7424749e-01  -5.3112549e-02
   2.7090301e-01  -5.3038594e-02
   2.6755853e-01  -5.2961611e-02
   2.6421405e-01  -5.2881523e-02
   2.6086957e-01  -5.2798251e-02
   2.5752508e-01  -5.2711713e-02
   2.5418060e-01  -5.2621820e-02
   2.5083612e-01  -5.2528485e-02
   2.4749164e-01  -5.2431614e-02
   2.4414716e-01  -5.2331109e-02
   2.4080268e-01  -5.2226869e-02
   2.3745819e-01  -5.2118789e-02
   2.3411371e-01  -5.2006760e-02
   2.3076923e-01  -5.1890668e-02
   2.2742475e-01  -5.1770393e-02
   2.2408027e-01  -5.1645814e-02
   2.2073579e-01  -5.1516800e-02
   2.1739130e-01  -5.1383219e-02
   2.1404682e-01  -5.1244932e-02
   2.1070234e-01  -5.1101792e-02
   2.0735786e-01  -5.0953651e-02
   2.0401338e-01  -5.0800349e-02
   2.0066890e-01  -5.0641723e-02
   1.9732441e-01  -5.0477603e-02
   1.9397993e-01  -5.0307810e-02
   1.9063545e-01  -5.0132158e-02
   1.8729097e-01  -4.9950452e-02
   1.8394649e-01  -4.9762492e-02
   1.8060201e-01  -4.9568063e-02
   1.7725753e-01  -4.9366947e-02
   1.7391304e-01  -4.9158910e-02
   1.7056856e-01  -4.8943712e-02
   1.6722408e-01  -4.8721099e-02
   1.6387960e-01  -4.8490804e-02
   1.6053512e-01  -4.8252551e-02
   1.5719064e-01  -4.8006047e-02
   1.5384615e-01  -4.7750984e-02
   1.5050167e-01  -4.7487042e-02
   1.4715719e-01  -4.7213880e-02
   1.4381271e-01  -4.6931142e-02
   1.4046823e-01  -4.6638452e-02
   1.3712375e-01  -4.6335413e-02
   1.3377926e-01  -4.6021604e-02
   1.3043478e-01  -4.5696583e-02
   1.2709030e-01  -4.5359880e-02
   1.2374582e-01  -4.5010996e-02
   1.2040134e-01  -4.4649402e-02
   1.1705686e-01  -4.4274535e-02
   1.1371237e-01  -4.3885795e-02
   1.1036789e-01  -4.3482541e-02
   1.0702341e-01  -4.3064088e-02
   1.0367893e-01  -4.2629701e-02
   1.0033445e-01  -4.2178593e-02
   9.6989967e-02  -4.1709912e-02
   9.3645485e-02  -4.1222741e-02
   9.0301003e-02  -4.0716089e-02
   8.6956522e-02  -4.0188877e-02
   8.3612040e-02  -3.9639931e-02
   8.0267559e-02  -3.9067967e-02
   7.6923077e-02  -3.8471579e-02
   7.3578595e-02  -3.7849214e-02
   7.0234114e-02  -3.7199158e-02
   6.6889632e-02  -3.6519503e-02
   6.3545151e-02  -3.5808116e-02
   6.0200669e-02  -3.5062597e-02
   5.6856187e-02  -3.4280233e-02
   5.3511706e-02  -3.3457928e-02
   5.0167224e-02  -3.2592121e-02
   4.6822742e-02  -3.1678683e-02
   4.3478261e-02  -3.0712769e-02
   4.0133779e-02  -2.9688631e-02
   3.6789298e-02  -2.8599348e-02
   3.3444816e-02  -2.7436453e-02
   3.0100334e-02  -2.6189383e-02
   2.6755853e-02  -2.4844648e-02
   2.3411371e-02  -2.3384521e-02
   2.0066890e-02  -2.1784840e-02
   1.6722408e-02  -2.0011087e-02
   1.3377926e-02  -1.8010681e-02
   1.0033445e-02  -1.5695774e-02
   6.6889632e-03  -1.2896341e-02
   3.3444816e-03  -9.1767367e-03
   0.0000000e+00  -0.0000000e+00
