   0.0000000e+00   0.0000000e+00
   3.3444816e-03   9.5654649e-03
   6.6889632e-03   1.3485483e-02
   1.0033445e-02   1.6464626e-02
   1.3377926e-02   1.8952008e-02
   1.6722408e-02   2.1122162e-02
   2.0066890e-02   2.3064878e-02
   2.3411371e-02   2.4833657e-02
   2.6755853e-02   2.6463459e-02
   3.0100334e-02   2.7978640e-02
   3.3444816e-02   2.9396980e-02
   3.6789298e-02   3.0731942e-02
   4.0133779e-02   3.1994011e-02
   4.3478261e-02   3.3191548e-02
   4.6822742e-02   3.4331350e-02
   5.0167224e-02   3.5419032e-02
   5.3511706e-02   3.6459300e-02
   5.6856187e-02   3.7456141e-02
   6.0200669e-02   3.8412973e-02
   6.3545151e-02   3.9332753e-02
   6.6889632e-02   4.0218057e-02
   7.0234114e-02   4.1071148e-02
   7.3578595e-02   4.1894027e-02
   7.6923077e-02   4.2688473e-02
   8.0267559e-02   4.3456077e-02
   8.3612040e-02   4.4198269e-02
   8.6956522e-02   4.4916338e-02
   9.0301003e-02   4.5611453e-02
   9.3645485e-02   4.6284679e-02
   9.6989967e-02   4.6936985e-02
   1.0033445e-01   4.7569262e-02
   1.0367893e-01   4.8182326e-02
   1.0702341e-01   4.8776929e-02
   1.1036789e-01   4.9353767e-02
   1.1371237e-01   4.9913483e-02
   1.1705686e-01   5.0456676e-02
   1.2040134e-01   5.0983899e-02
   1.2374582e-01   5.1495673e-02
   1.2709030e-01   5.1992479e-02
   1.3043478e-01   5.2474772e-02
   1.3377926e-01   5.2942974e-02
   1.3712375e-01   5.3397484e-02
   1.4046823e-01   5.3838677e-02
   1.4381271e-01   5.4266905e-02
   1.4715719e-01   5.4682501e-02
   1.5050167e-01   5.5085778e-02
   1.5384615e-01   5.5477033e-02
   1.5719064e-01   5.5856548e-02
   1.6053512e-01   5.6224588e-02
   1.6387960e-01   5.6581406e-02
   1.6722408e-01   5.6927243e-02
   1.7056856e-01   5.7262327e-02
   1.7391304e-01   5.7586875e-02
   1.7725753e-01   5.7901095e-02
   1.8060201e-01   5.8205183e-02
   1.8394649e-01   5.8499329e-02
   1.8729097e-01   5.8783712e-02
   1.9063545e-01   5.9058506e-02
   1.9397993e-01   5.9323874e-02
   1.9732441e-01   5.9579976e-02
   2.0066890e-01   5.9826963e-02
   2.0401338e-01   6.0064980e-02
   2.0735786e-01   6.0294167e-02
   2.1070234e-01   6.0514658e-02
   2.1404682e-01   6.0726582e-02
   2.1739130e-01   6.0930063e-02
   2.2073579e-01   6.1125222e-02
   2.2408027e-01   6.1312172e-02
   2.2742475e-01   6.1491027e-02
   2.3076923e-01   6.1661892e-02
   2.3411371e-01   6.1824872e-02
   2.3745819e-01   6.1980066e-02
   2.4080268e-01   6.2127572e-02
   2.4414716e-01   6.2267483e-02
   2.4749164e-01   6.2399890e-02
   2.5083612e-01   6.2524882e-02
   2.5418060e-01   6.2642542e-02
   2.5752508e-01   6.2752954e-02
   2.6086957e-01   6.2856199e-02
   2.6421405e-01   6.2952353e-02
   2.6755853e-01   6.3041494e-02
   2.7090301e-01   6.3123694e-02
   2.7424749e-01   6.3199025e-02
   2.7759197e-01   6.3267558e-02
   2.8093645e-01   6.3329359e-02
   2.8428094e-01   6.3384496e-02
   2.8762542e-01   6.3433033e-02
   2.9096990e-01   6.3475033e-02
   2.9431438e-01   6.3510559e-02
   2.9765886e-01   6.3539669e-02
   3.0100334e-01   6.3562423e-02
   3.0434783e-01   6.3578879e-02
   3.0769231e-01   6.3589093e-02
   3.1103679e-01   6.3593120e-02
   3.1438127e-01   6.3591014e-02
   3.1772575e-01   6.3582830e-02
   3.2107023e-01   6.3568617e-02
   3.2441472e-01   6.3548429e-02
   3.2775920e-01   6.3522314e-02
   3.3110368e-01   6.3490323e-02
   3.3444816e-01   6.3452504e-02
   3.3779264e-01   6.3408904e-02
   3.4113712e-01   6.3359571e-02
   3.4448161e-01   6.3304552e-02
   3.4782609e-01   6.3243891e-02
   3.5117057e-01   6.3177635e-02
   3.5451505e-01   6.3105826e-02
   3.5785953e-01   6.3028511e-02
   3.6120401e-01   6.2945731e-02
   3.6454849e-01   6.2857529e-02
   3.6789298e-01   6.2763949e-02
   3.7123746e-01   6.2665032e-02
   3.7458194e-01   6.2560819e-02
   3.7792642e-01   6.2451352e-02
   3.8127090e-01   6.2336672e-02
   3.8461538e-01   6.2216818e-02
   3.8795987e-01   6.2091832e-02
   3.9130435e-01   6.1961753e-02
   3.9464883e-01   6.1826620e-02
   3.9799331e-01   6.1686473e-02
   4.0133779e-01   6.1541351e-02
   4.0468227e-01   6.1391293e-02
   4.0802676e-01   6.1236337e-02
   4.1137124e-01   6.1076523e-02
   4.1471572e-01   6.0911887e-02
   4.1806020e-01   6.0742468e-02
   4.2140468e-01   6.0568306e-02
   4.2474916e-01   6.0389436e-02
   4.2809365e-01   6.0205897e-02
   4.3143813e-01   6.0017728e-02
   4.3478261e-01   5.9824965e-02
   4.3812709e-01   5.9627646e-02
   4.4147157e-01   5.9425809e-02
   4.4481605e-01   5.9219492e-02
   4.4816054e-01   5.9008731e-02
   4.5150502e-01   5.8793565e-02
   4.5484950e-01   5.8574031e-02
   4.5819398e-01   5.8350166e-02
   4.6153846e-01   5.8122009e-02
   4.6488294e-01   5.7889597e-02
   4.6822742e-01   5.7652968e-02
   4.7157191e-01   5.7412159e-02
   4.7491639e-01   5.7167208e-02
   4.7826087e-01   5.6918154e-02
   4.8160535e-01   5.6665035e-02
   4.8494983e-01   5.6407888e-02
   4.8829431e-01   5.6146753e-02
   4.9163880e-01   5.5881666e-02
   4.9498328e-01   5.5612668e-02
   4.9832776e-01   5.5339797e-02
   5.0167224e-01   5.5063092e-02
   5.0501672e-01   5.4782591e-02
   5.0836120e-01   5.4498334e-02
   5.1170569e-01   5.4210361e-02
   5.1505017e-01   5.3918711e-02
   5.1839465e-01   5.3623424e-02
   5.2173913e-01   5.3324540e-02
   5.2508361e-01   5.3022099e-02
   5.2842809e-01   5.2716142e-02
   5.3177258e-01   5.2406709e-02
   5.3511706e-01   5.2093841e-02
   5.3846154e-01   5.1777580e-02
   5.4180602e-01   5.1457966e-02
   5.4515050e-01   5.1135042e-02
   5.4849498e-01   5.0808850e-02
   5.5183946e-01   5.0479431e-02
   5.5518395e-01   5.0146828e-02
   5.5852843e-01   4.9811083e-02
   5.6187291e-01   4.9472241e-02
   5.6521739e-01   4.9130344e-02
   5.6856187e-01   4.8785435e-02
   5.7190635e-01   4.8437560e-02
   5.7525084e-01   4.8086761e-02
   5.7859532e-01   4.7733084e-02
   5.8193980e-01   4.7376573e-02
   5.8528428e-01   4.7017274e-02
   5.8862876e-01   4.6655232e-02
   5.9197324e-01   4.6290493e-02
   5.9531773e-01   4.5923104e-02
   5.9866221e-01   4.5553110e-02
   6.0200669e-01   4.5180558e-02
   6.0535117e-01   4.4805497e-02
   6.0869565e-01   4.4427973e-02
   6.1204013e-01   4.4048035e-02
   6.1538462e-01   4.3665731e-02
   6.1872910e-01   4.3281109e-02
   6.2207358e-01   4.2894219e-02
   6.2541806e-01   4.2505111e-02
   6.2876254e-01   4.2113833e-02
   6.3210702e-01   4.1720437e-02
   6.3545151e-01   4.1324974e-02
   6.3879599e-01   4.0927493e-02
   6.4214047e-01   4.0528047e-02
   6.4548495e-01   4.0126687e-02
   6.4882943e-01   3.9723466e-02
   6.5217391e-01   3.9318437e-02
   6.5551839e-01   3.8911653e-02
   6.5886288e-01   3.8503166e-02
   6.6220736e-01   3.8093032e-02
   6.6555184e-01   3.7681305e-02
   6.6889632e-01   3.7268039e-02
   6.7224080e-01   3.6853289e-02
   6.7558528e-01   3.6437112e-02
   6.7892977e-01   3.6019564e-02
   6.8227425e-01   3.5600701e-02
   6.8561873e-01   3.5180581e-02
   6.8896321e-01   3.4759260e-02
   6.9230769e-01   3.4336798e-02
   6.9565217e-01   3.3913252e-02
   6.9899666e-01   3.3488680e-02
   7.0234114e-01   3.3063144e-02
   7.0568562e-01   3.2636702e-02
   7.0903010e-01   3.2209416e-02
   7.1237458e-01   3.1781344e-02
   7.1571906e-01   3.1352550e-02
   7.1906355e-01   3.0923095e-02
   7.2240803e-01   3.0493041e-02
   7.2575251e-01   3.0062450e-02
   7.2909699e-01   2.9631387e-02
   7.3244147e-01   2.9199915e-02
   7.3578595e-01   2.8768098e-02
   7.3913043e-01   2.8336001e-02
   7.4247492e-01   2.7903689e-02
   7.4581940e-01   2.7471228e-02
   7.4916388e-01   2.7038684e-02
   7.5250836e-01   2.6606124e-02
   7.5585284e-01   2.6173616e-02
   7.5919732e-01   2.5741227e-02
   7.6254181e-01   2.5309026e-02
   7.6588629e-01   2.4877082e-02
   7.6923077e-01   2.4445463e-02
   7.7257525e-01   2.4014240e-02
   7.7591973e-01   2.3583484e-02
   7.7926421e-01   2.3153265e-02
   7.8260870e-01   2.2723655e-02
   7.8595318e-01   2.2294726e-02
   7.8929766e-01   2.1866552e-02
   7.9264214e-01   2.1439204e-02
   7.9598662e-01   2.1012757e-02
   7.9933110e-01   2.0587284e-02
   8.0267559e-01   2.0162862e-02
   8.0602007e-01   1.9739565e-02
   8.0936455e-01   1.9317470e-02
   8.1270903e-01   1.8896652e-02
   8.1605351e-01   1.8477190e-02
   8.1939799e-01   1.8059159e-02
   8.2274247e-01   1.7642640e-02
   8.2608696e-01   1.7227711e-02
   8.2943144e-01   1.6814450e-02
   8.3277592e-01   1.6402938e-02
   8.3612040e-01   1.5993256e-02
   8.3946488e-01   1.5585485e-02
   8.4280936e-01   1.5179706e-02
   8.4615385e-01   1.4776001e-02
   8.4949833e-01   1.4374455e-02
   8.5284281e-01   1.3975149e-02
   8.5618729e-01   1.3578168e-02
   8.5953177e-01   1.3183596e-02
   8.6287625e-01   1.2791520e-02
   8.6622074e-01   1.2402024e-02
   8.6956522e-01   1.2015196e-02
   8.7290970e-01   1.1631122e-02
   8.7625418e-01   1.1249889e-02
   8.7959866e-01   1.0871587e-02
   8.8294314e-01   1.0496304e-02
   8.8628763e-01   1.0124130e-02
   8.8963211e-01   9.7551535e-03
   8.9297659e-01   9.3894667e-03
   8.9632107e-01   9.0271605e-03
   8.9966555e-01   8.6683269e-03
   9.0301003e-01   8.3130585e-03
   9.0635452e-01   7.9614483e-03
   9.0969900e-01   7.6135903e-03
   9.1304348e-01   7.2695788e-03
   9.1638796e-01   6.9295089e-03
   9.1973244e-01   6.5934764e-03
   9.2307692e-01   6.2615776e-03
   9.2642140e-01   5.9339095e-03
   9.2976589e-01   5.6105695e-03
   9.3311037e-01   5.2916561e-03
   9.3645485e-01   4.9772681e-03
   9.3979933e-01   4.6675050e-03
   9.4314381e-01   4.3624671e-03
   9.4648829e-01   4.0622550e-03
   9.4983278e-01   3.7669704e-03
   9.5317726e-01   3.4767153e-03
   9.5652174e-01   3.1915925e-03
   9.5986622e-01   2.9117055e-03
   9.6321070e-01   2.6371583e-03
   9.6655518e-01   2.3680556e-03
   9.6989967e-01   2.1045030e-03
   9.7324415e-01   1.8466064e-03
   9.7658863e-01   1.5944726e-03
   9.7993311e-01   1.3482090e-03
   9.8327759e-01   1.1079236e-03
   9.8662207e-01   8.7372528e-04
   9.8996656e-01   6.4572332e-04
   9.9331104e-01   4.2402784e-04
   9.9665552e-01   2.0874959e-04
   1.0000000e+00   0.0000000e+00
   1.0000000e+00   0.0000000e+00
   9.9665552e-01  -3.2284968e-04
   9.9331104e-01  -6.4060158e-04
   9.8996656e-01  -9.5335564e-04
   9.8662207e-01  -1.2612107e-03
   9.8327759e-01  -1.5642646e-03
   9.7993311e-01  -1.8626141e-03
   9.7658863e-01  -2.1563549e-03
   9.7324415e-01  -2.4455815e-03
   9.6989967e-01  -2.7303876e-03
   9.6655518e-01  -3.0108656e-03
   9.6321070e-01  -3.2871071e-03
   9.5986622e-01  -3.5592024e-03
   9.5652174e-01  -3.8272410e-03
   9.5317726e-01  -4.0913111e-03
   9.4983278e-01  -4.3515001e-03
   9.4648829e-01  -4.6078943e-03
   9.4314381e-01  -4.8605788e-03
   9.3979933e-01  -5.1096379e-03
   9.3645485e-01  -5.3551548e-03
   9.3311037e-01  -5.5972116e-03
   9.2976589e-01  -5.8358895e-03
   9.2642140e-01  -6.0712685e-03
   9.2307692e-01  -6.3034278e-03
   9.1973244e-01  -6.5324455e-03
   9.1638796e-01  -6.7583986e-03
   9.1304348e-01  -6.9813633e-03
   9.0969900e-01  -7.2014145e-03
   9.0635452e-01  -7.4186264e-03
   9.0301003e-01  -7.6330720e-03
   8.9966555e-01  -7.8448235e-03
   8.9632107e-01  -8.0539519e-03
   8.9297659e-01  -8.2605272e-03
   8.8963211e-01  -8.4646188e-03
   8.8628763e-01  -8.6662945e-03
   8.8294314e-01  -8.8656217e-03
   8.7959866e-01  -9.0626664e-03
   8.7625418e-01  -9.2574939e-03
   8.7290970e-01  -9.4501685e-03
   8.6956522e-01  -9.6407532e-03
   8.6622074e-01  -9.8293106e-03
   8.6287625e-01  -1.0015902e-02
   8.5953177e-01  -1.0200587e-02
   8.5618729e-01  -1.0383427e-02
   8.5284281e-01  -1.0564478e-02
   8.4949833e-01  -1.0743799e-02
   8.4615385e-01  -1.0921446e-02
   8.4280936e-01  -1.1097475e-02
   8.3946488e-01  -1.1271941e-02
   8.3612040e-01  -1.1444897e-02
   8.3277592e-01  -1.1616396e-02
   8.2943144e-01  -1.1786490e-02
   8.2608696e-01  -1.1955229e-02
   8.2274247e-01  -1.2122665e-02
   8.1939799e-01  -1.2288846e-02
   8.1605351e-01  -1.2453820e-02
   8.1270903e-01  -1.2617634e-02
   8.0936455e-01  -1.2780335e-02
   8.0602007e-01  -1.2941968e-02
   8.0267559e-01  -1.3102578e-02
   7.9933110e-01  -1.3262208e-02
   7.9598662e-01  -1.3420902e-02
   7.9264214e-01  -1.3578700e-02
   7.8929766e-01  -1.3735644e-02
   7.8595318e-01  -1.3891774e-02
   7.8260870e-01  -1.4047128e-02
   7.7926421e-01  -1.4201746e-02
   7.7591973e-01  -1.4355665e-02
   7.7257525e-01  -1.4508920e-02
   7.6923077e-01  -1.4661549e-02
   7.6588629e-01  -1.4813584e-02
   7.6254181e-01  -1.4965061e-02
   7.5919732e-01  -1.5116012e-02
   7.5585284e-01  -1.5266469e-02
   7.5250836e-01  -1.5416464e-02
   7.4916388e-01  -1.5566027e-02
   7.4581940e-01  -1.5715187e-02
   7.4247492e-01  -1.5863974e-02
   7.3913043e-01  -1.6012415e-02
   7.3578595e-01  -1.6160536e-02
   7.3244147e-01  -1.6308365e-02
   7.2909699e-01  -1.6455927e-02
   7.2575251e-01  -1.6603245e-02
   7.2240803e-01  -1.6750345e-02
   7.1906355e-01  -1.6897247e-02
   7.1571906e-01  -1.7043975e-02
   7.1237458e-01  -1.7190550e-02
   7.0903010e-01  -1.7336991e-02
   7.0568562e-01  -1.7483319e-02
   7.0234114e-01  -1.7629552e-02
   6.9899666e-01  -1.7775708e-02
   6.9565217e-01  -1.7921804e-02
   6.9230769e-01  -1.8067857e-02
   6.8896321e-01  -1.8213881e-02
   6.8561873e-01  -1.8359891e-02
   6.8227425e-01  -1.8505902e-02
   6.7892977e-01  -1.8651926e-02
   6.7558528e-01  -1.8797976e-02
   6.7224080e-01  -1.8944063e-02
   6.6889632e-01  -1.9090197e-02
   6.6555184e-01  -1.9236390e-02
   6.6220736e-01  -1.9382649e-02
   6.5886288e-01  -1.9528983e-02
   6.5551839e-01  -1.9675400e-02
   6.5217391e-01  -1.9821907e-02
   6.4882943e-01  -1.9968510e-02
   6.4548495e-01  -2.0115213e-02
   6.4214047e-01  -2.0262022e-02
   6.3879599e-01  -2.0408940e-02
   6.3545151e-01  -2.0555971e-02
   6.3210702e-01  -2.0703116e-02
   6.2876254e-01  -2.0850377e-02
   6.2541806e-01  -2.0997754e-02
   6.2207358e-01  -2.1145249e-02
   6.1872910e-01  -2.1292860e-02
   6.1538462e-01  -2.1440585e-02
   6.1204013e-01  -2.1588423e-02
   6.0869565e-01  -2.1736370e-02
   6.0535117e-01  -2.1884423e-02
   6.0200669e-01  -2.2032578e-02
   5.9866221e-01  -2.2180829e-02
   5.9531773e-01  -2.2329171e-02
   5.9197324e-01  -2.2477597e-02
   5.8862876e-01  -2.2626099e-02
   5.8528428e-01  -2.2774671e-02
   5.8193980e-01  -2.2923302e-02
   5.7859532e-01  -2.3071985e-02
   5.7525084e-01  -2.3220708e-02
   5.7190635e-01  -2.3369461e-02
   5.6856187e-01  -2.3518233e-02
   5.6521739e-01  -2.3667011e-02
   5.6187291e-01  -2.3815782e-02
   5.5852843e-01  -2.3964534e-02
   5.5518395e-01  -2.4113251e-02
   5.5183946e-01  -2.4261918e-02
   5.4849498e-01  -2.4410521e-02
   5.4515050e-01  -2.4559043e-02
   5.4180602e-01  -2.4707467e-02
   5.3846154e-01  -2.4855775e-02
   5.3511706e-01  -2.5003949e-02
   5.3177258e-01  -2.5151970e-02
   5.2842809e-01  -2.5299819e-02
   5.2508361e-01  -2.5447475e-02
   5.2173913e-01  -2.5594916e-02
   5.1839465e-01  -2.5742123e-02
   5.1505017e-01  -2.5889071e-02
   5.1170569e-01  -2.6035739e-02
   5.0836120e-01  -2.6182103e-02
   5.0501672e-01  -2.6328137e-02
   5.0167224e-01  -2.6473819e-02
   4.9832776e-01  -2.6619122e-02
   4.9498328e-01  -2.6764019e-02
   4.9163880e-01  -2.6908484e-02
   4.8829431e-01  -2.7052490e-02
   4.8494983e-01  -2.7196008e-02
   4.8160535e-01  -2.7339010e-02
   4.7826087e-01  -2.7481467e-02
   4.7491639e-01  -2.7623347e-02
   4.7157191e-01  -2.7764621e-02
   4.6822742e-01  -2.7905257e-02
   4.6488294e-01  -2.8045224e-02
   4.6153846e-01  -2.8184488e-02
   4.5819398e-01  -2.8323017e-02
   4.5484950e-01  -2.8460777e-02
   4.5150502e-01  -2.8597733e-02
   4.4816054e-01  -2.8733850e-02
   4.4481605e-01  -2.8869093e-02
   4.4147157e-01  -2.9003424e-02
   4.3812709e-01  -2.9136808e-02
   4.3478261e-01  -2.9269206e-02
   4.3143813e-01  -2.9400581e-02
   4.2809365e-01  -2.9530893e-02
   4.2474916e-01  -2.9660103e-02
   4.2140468e-01  -2.9788171e-02
   4.1806020e-01  -2.9915056e-02
   4.1471572e-01  -3.0040717e-02
   4.1137124e-01  -3.0165111e-02
   4.0802676e-01  -3.0288196e-02
   4.0468227e-01  -3.0409929e-02
   4.0133779e-01  -3.0530265e-02
   3.9799331e-01  -3.0649161e-02
   3.9464883e-01  -3.0766571e-02
   3.9130435e-01  -3.0882448e-02
   3.8795987e-01  -3.0996747e-02
   3.8461538e-01  -3.1109421e-02
   3.8127090e-01  -3.1220421e-02
   3.7792642e-01  -3.1329699e-02
   3.7458194e-01  -3.1437205e-02
   3.7123746e-01  -3.1542891e-02
   3.6789298e-01  -3.1646705e-02
   3.6454849e-01  -3.1748597e-02
   3.6120401e-01  -3.1848514e-02
   3.5785953e-01  -3.1946403e-02
   3.5451505e-01  -3.2042212e-02
   3.5117057e-01  -3.2135887e-02
   3.4782609e-01  -3.2227372e-02
   3.4448161e-01  -3.2316613e-02
   3.4113712e-01  -3.2403553e-02
   3.3779264e-01  -3.2488135e-02
   3.3444816e-01  -3.2570302e-02
   3.3110368e-01  -3.2649995e-02
   3.2775920e-01  -3.2727155e-02
   3.2441472e-01  -3.2801721e-02
   3.2107023e-01  -3.2873634e-02
   3.1772575e-01  -3.2942830e-02
   3.1438127e-01  -3.3009249e-02
   3.1103679e-01  -3.3072826e-02
   3.0769231e-01  -3.3133498e-02
   3.0434783e-01  -3.3191198e-02
   3.0100334e-01  -3.3245862e-02
   2.9765886e-01  -3.3297422e-02
   2.9431438e-01  -3.3345810e-02
   2.9096990e-01  -3.3390957e-02
   2.8762542e-01  -3.3432794e-02
   2.8428094e-01  -3.3471249e-02
   2.8093645e-01  -3.3506250e-02
   2.7759197e-01  -3.3537725e-02
   2.7424749e-01  -3.3565598e-02
   2.7090301e-01  -3.3589795e-02
   2.6755853e-01  -3.3610239e-02
   2.6421405e-01  -3.3626852e-02
   2.6086957e-01  -3.3639554e-02
   2.5752508e-01  -3.3648266e-02
   2.5418060e-01  -3.3652905e-02
   2.5083612e-01  -3.3653388e-02
   2.4749164e-01  -3.3649630e-02
   2.4414716e-01  -3.3641545e-02
   2.4080268e-01  -3.3629045e-02
   2.3745819e-01  -3.3612040e-02
   2.3411371e-01  -3.3590438e-02
   2.3076923e-01  -3.3564146e-02
   2.2742475e-01  -3.3533069e-02
   2.2408027e-01  -3.3497110e-02
   2.2073579e-01  -3.3456168e-02
   2.1739130e-01  -3.3410144e-02
   2.1404682e-01  -3.3358931e-02
   2.1070234e-01  -3.3302425e-02
   2.0735786e-01  -3.3240516e-02
   2.0401338e-01  -3.3173092e-02
   2.0066890e-01  -3.3100038e-02
   1.9732441e-01  -3.3021238e-02
   1.9397993e-01  -3.2936569e-02
   1.9063545e-01  -3.2845909e-02
   1.8729097e-01  -3.2749128e-02
   1.8394649e-01  -3.2646095e-02
   1.8060201e-01  -3.2536674e-02
   1.7725753e-01  -3.2420725e-02
   1.7391304e-01  -3.2298103e-02
   1.7056856e-01  -3.2168658e-02
   1.6722408e-01  -3.2032235e-02
   1.6387960e-01  -3.1888674e-02
   1.6053512e-01  -3.1737807e-02
   1.5719064e-01  -3.1579461e-02
   1.5384615e-01  -3.1413456e-02
   1.5050167e-01  -3.1239603e-02
   1.4715719e-01  -3.1057707e-02
   1.4381271e-01  -3.0867563e-02
   1.4046823e-01  -3.0668956e-02
   1.3712375e-01  -3.0461661e-02
   1.3377926e-01  -3.0245443e-02
   1.3043478e-01  -3.0020053e-02
   1.2709030e-01  -2.9785229e-02
   1.2374582e-01  -2.9540695e-02
   1.2040134e-01  -2.9286159e-02
   1.1705686e-01  -2.9021311e-02
   1.1371237e-01  -2.8745822e-02
   1.1036789e-01  -2.8459340e-02
   1.0702341e-01  -2.8161492e-02
   1.0367893e-01  -2.7851876e-02
   1.0033445e-01  -2.7530063e-02
   9.6989967e-02  -2.7195589e-02
   9.3645485e-02  -2.6847954e-02
   9.0301003e-02  -2.6486618e-02
   8.6956522e-02  -2.6110990e-02
   8.3612040e-02  -2.5720430e-02
   8.0267559e-02  -2.5314234e-02
   7.6923077e-02  -2.4891630e-02
   7.3578595e-02  -2.4451763e-02
   7.0234114e-02  -2.3993686e-02
   6.6889632e-02  -2.3516342e-02
   6.3545151e-02  -2.3018544e-02
   6.0200669e-02  -2.2498953e-02
   5.6856187e-02  -2.1956045e-02
   5.3511706e-02  -2.1388076e-02
   5.0167224e-02  -2.0793031e-02
   4.6822742e-02  -2.0168559e-02
   4.3478261e-02  -1.9511889e-02
   4.0133779e-02  -1.8819715e-02
   3.6789298e-02  -1.8088034e-02
   3.3444816e-02  -1.7311925e-02
   3.0100334e-02  -1.6485213e-02
   2.6755853e-02  -1.5599967e-02
   2.3411371e-02  -1.4645709e-02
   2.0066890e-02  -1.3608080e-02
   1.6722408e-02  -1.2466459e-02
   1.3377926e-02  -1.1189273e-02
   1.0033445e-02  -9.7235086e-03
   6.6889632e-03  -7.9660762e-03
   3.3444816e-03  -5.6516202e-03
   0.0000000e+00  -0.0000000e+00
