   0.0000000e+00   0.0000000e+00
   3.3444816e-03   8.6106021e-03
   6.6889632e-03   1.2169927e-02
   1.0033445e-02   1.4895608e-02
   1.3377926e-02   1.7188476e-02
   1.6722408e-02   1.9203801e-02
   2.0066890e-02   2.1021205e-02
   2.3411371e-02   2.2687972e-02
   2.6755853e-02   2.4234895e-02
   3.0100334e-02   2.5683346e-02
   3.3444816e-02   2.7048876e-02
   3.6789298e-02   2.8343207e-02
   4.0133779e-02   2.9575438e-02
   4.3478261e-02   3.0752794e-02
   4.6822742e-02   3.1881120e-02
   5.0167224e-02   3.2965228e-02
   5.3511706e-02   3.4009129e-02
   5.6856187e-02   3.5016209e-02
   6.0200669e-02   3.5989355e-02
   6.3545151e-02   3.6931052e-02
   6.6889632e-02   3.7843455e-02
   7.0234114e-02   3.8728446e-02
   7.3578595e-02   3.9587683e-02
   7.6923077e-02   4.0422629e-02
   8.0267559e-02   4.1234588e-02
   8.3612040e-02   4.2024721e-02
   8.6956522e-02   4.2794075e-02
   9.0301003e-02   4.3543589e-02
   9.3645485e-02   4.4274113e-02
   9.6989967e-02   4.4986420e-02
   1.0033445e-01   4.5681211e-02
   1.0367893e-01   4.6359129e-02
   1.0702341e-01   4.7020759e-02
   1.1036789e-01   4.7666641e-02
   1.1371237e-01   4.8297270e-02
   1.1705686e-01   4.8913103e-02
   1.2040134e-01   4.9514561e-02
   1.2374582e-01   5.0102035e-02
   1.2709030e-01   5.0675887e-02
   1.3043478e-01   5.1236454e-02
   1.3377926e-01   5.1784049e-02
   1.3712375e-01   5.2318963e-02
   1.4046823e-01   5.2841470e-02
   1.4381271e-01   5.3351823e-02
   1.4715719e-01   5.3850261e-02
   1.5050167e-01   5.4337008e-02
   1.5384615e-01   5.4812274e-02
   1.5719064e-01   5.5276255e-02
   1.6053512e-01   5.5729137e-02
   1.6387960e-01   5.6171095e-02
   1.6722408e-01   5.6602293e-02
   1.7056856e-01   5.7022887e-02
   1.7391304e-01   5.7433025e-02
   1.7725753e-01   5.7832844e-02
   1.8060201e-01   5.8222478e-02
   1.8394649e-01   5.8602050e-02
   1.8729097e-01   5.8971679e-02
   1.9063545e-01   5.9331479e-02
   1.9397993e-01   5.9681555e-02
   1.9732441e-01   6.0022011e-02
   2.0066890e-01   6.0352943e-02
   2.0401338e-01   6.0674443e-02
   2.0735786e-01   6.0986601e-02
   2.1070234e-01   6.1289501e-02
   2.1404682e-01   6.1583223e-02
   2.1739130e-01   6.1867846e-02
   2.2073579e-01   6.2143443e-02
   2.2408027e-01   6.2410085e-02
   2.2742475e-01   6.2667843e-02
   2.3076923e-01   6.2916780e-02
   2.3411371e-01   6.3156961e-02
   2.3745819e-01   6.3388446e-02
   2.4080268e-01   6.3611295e-02
   2.4414716e-01   6.3825565e-02
   2.4749164e-01   6.4031310e-02
   2.5083612e-01   6.4228585e-02
   2.5418060e-01   6.4417441e-02
   2.5752508e-01   6.4597927e-02
   2.6086957e-01   6.4770093e-02
   2.6421405e-01   6.4933987e-02
   2.6755853e-01   6.5089654e-02
   2.7090301e-01   6.5237139e-02
   2.7424749e-01   6.5376487e-02
   2.7759197e-01   6.5507741e-02
   2.8093645e-01   6.5630943e-02
   2.8428094e-01   6.5746133e-02
   2.8762542e-01   6.5853353e-02
   2.9096990e-01   6.5952643e-02
   2.9431438e-01   6.6044040e-02
   2.9765886e-01   6.6127585e-02
   3.0100334e-01   6.6203315e-02
   3.0434783e-01   6.6271268e-02
   3.0769231e-01   6.6331481e-02
   3.1103679e-01   6.6383990e-02
   3.1438127e-01   6.6428832e-02
   3.1772575e-01   6.6466043e-02
   3.2107023e-01   6.6495658e-02
   3.2441472e-01   6.6517714e-02
   3.2775920e-01   6.6532246e-02
   3.3110368e-01   6.6539289e-02
   3.3444816e-01   6.6538879e-02
   3.3779264e-01   6.6531050e-02
   3.4113712e-01   6.6515837e-02
   3.4448161e-01   6.6493276e-02
   3.4782609e-01   6.6463402e-02
   3.5117057e-01   6.6426250e-02
   3.5451505e-01   6.6381854e-02
   3.5785953e-01   6.6330251e-02
   3.6120401e-01   6.6271475e-02
   3.6454849e-01   6.6205563e-02
   3.6789298e-01   6.6132550e-02
   3.7123746e-01   6.6052471e-02
   3.7458194e-01   6.5965364e-02
   3.7792642e-01   6.5871264e-02
   3.8127090e-01   6.5770208e-02
   3.8461538e-01   6.5662234e-02
   3.8795987e-01   6.5547377e-02
   3.9130435e-01   6.5425677e-02
   3.9464883e-01   6.5297170e-02
   3.9799331e-01   6.5161895e-02
   4.0133779e-01   6.5019891e-02
   4.0468227e-01   6.4871197e-02
   4.0802676e-01   6.4715851e-02
   4.1137124e-01   6.4553894e-02
   4.1471572e-01   6.4385366e-02
   4.1806020e-01   6.4210308e-02
   4.2140468e-01   6.4028760e-02
   4.2474916e-01   6.3840765e-02
   4.2809365e-01   6.3646364e-02
   4.3143813e-01   6.3445601e-02
   4.3478261e-01   6.3238517e-02
   4.3812709e-01   6.3025158e-02
   4.4147157e-01   6.2805566e-02
   4.4481605e-01   6.2579788e-02
   4.4816054e-01   6.2347867e-02
   4.5150502e-01   6.2109850e-02
   4.5484950e-01   6.1865783e-02
   4.5819398e-01   6.1615713e-02
   4.6153846e-01   6.1359689e-02
   4.6488294e-01   6.1097757e-02
   4.6822742e-01   6.0829967e-02
   4.7157191e-01   6.0556369e-02
   4.7491639e-01   6.0277012e-02
   4.7826087e-01   5.9991947e-02
   4.8160535e-01   5.9701226e-02
   4.8494983e-01   5.9404900e-02
   4.8829431e-01   5.9103023e-02
   4.9163880e-01   5.8795648e-02
   4.9498328e-01   5.8482829e-02
   4.9832776e-01   5.8164621e-02
   5.0167224e-01   5.7841079e-02
   5.0501672e-01   5.7512260e-02
   5.0836120e-01   5.7178220e-02
   5.1170569e-01   5.6839018e-02
   5.1505017e-01   5.6494711e-02
   5.1839465e-01   5.6145359e-02
   5.2173913e-01   5.5791022e-02
   5.2508361e-01   5.5431760e-02
   5.2842809e-01   5.5067635e-02
   5.3177258e-01   5.4698710e-02
   5.3511706e-01   5.4325046e-02
   5.3846154e-01   5.3946708e-02
   5.4180602e-01   5.3563761e-02
   5.4515050e-01   5.3176269e-02
   5.4849498e-01   5.2784300e-02
   5.5183946e-01   5.2387919e-02
   5.5518395e-01   5.1987196e-02
   5.5852843e-01   5.1582197e-02
   5.6187291e-01   5.1172993e-02
   5.6521739e-01   5.0759654e-02
   5.6856187e-01   5.0342252e-02
   5.7190635e-01   4.9920857e-02
   5.7525084e-01   4.9495543e-02
   5.7859532e-01   4.9066384e-02
   5.8193980e-01   4.8633454e-02
   5.8528428e-01   4.8196828e-02
   5.8862876e-01   4.7756583e-02
   5.9197324e-01   4.7312796e-02
   5.9531773e-01   4.6865544e-02
   5.9866221e-01   4.6414907e-02
   6.0200669e-01   4.5960964e-02
   6.0535117e-01   4.5503796e-02
   6.0869565e-01   4.5043485e-02
   6.1204013e-01   4.4580112e-02
   6.1538462e-01   4.4113763e-02
   6.1872910e-01   4.3644519e-02
   6.2207358e-01   4.3172468e-02
   6.2541806e-01   4.2697695e-02
   6.2876254e-01   4.2220287e-02
   6.3210702e-01   4.1740332e-02
   6.3545151e-01   4.1257918e-02
   6.3879599e-01   4.0773137e-02
   6.4214047e-01   4.0286078e-02
   6.4548495e-01   3.9796833e-02
   6.4882943e-01   3.9305496e-02
   6.5217391e-01   3.8812159e-02
   6.5551839e-01   3.8316918e-02
   6.5886288e-01   3.7819867e-02
   6.6220736e-01   3.7321104e-02
   6.6555184e-01   3.6820726e-02
   6.6889632e-01   3.6318831e-02
   6.7224080e-01   3.5815519e-02
   6.7558528e-01   3.5310891e-02
   6.7892977e-01   3.4805048e-02
   6.8227425e-01   3.4298091e-02
   6.8561873e-01   3.3790126e-02
   6.8896321e-01   3.3281256e-02
   6.9230769e-01   3.2771586e-02
   6.9565217e-01   3.2261223e-02
   6.9899666e-01   3.1750275e-02
   7.0234114e-01   3.1238851e-02
   7.0568562e-01   3.0727058e-02
   7.0903010e-01   3.0215009e-02
   7.1237458e-01   2.9702814e-02
   7.1571906e-01   2.9190587e-02
   7.1906355e-01   2.8678440e-02
   7.2240803e-01   2.8166489e-02
   7.2575251e-01   2.7654848e-02
   7.2909699e-01   2.7143636e-02
   7.3244147e-01   2.6632969e-02
   7.3578595e-01   2.6122967e-02
   7.3913043e-01   2.5613749e-02
   7.4247492e-01   2.5105437e-02
   7.4581940e-01   2.4598151e-02
   7.4916388e-01   2.4092016e-02
   7.5250836e-01   2.3587156e-02
   7.5585284e-01   2.3083695e-02
   7.5919732e-01   2.2581760e-02
   7.6254181e-01   2.2081478e-02
   7.6588629e-01   2.1582978e-02
   7.6923077e-01   2.1086390e-02
   7.7257525e-01   2.0591843e-02
   7.7591973e-01   2.0099470e-02
   7.7926421e-01   1.9609403e-02
   7.8260870e-01   1.9121776e-02
   7.8595318e-01   1.8636724e-02
   7.8929766e-01   1.8154384e-02
   7.9264214e-01   1.7674892e-02
   7.9598662e-01   1.7198387e-02
   7.9933110e-01   1.6725008e-02
   8.0267559e-01   1.6254896e-02
   8.0602007e-01   1.5788192e-02
   8.0936455e-01   1.5325039e-02
   8.1270903e-01   1.4865581e-02
   8.1605351e-01   1.4409963e-02
   8.1939799e-01   1.3958331e-02
   8.2274247e-01   1.3510832e-02
   8.2608696e-01   1.3067615e-02
   8.2943144e-01   1.2628830e-02
   8.3277592e-01   1.2194626e-02
   8.3612040e-01   1.1765157e-02
   8.3946488e-01   1.1340574e-02
   8.4280936e-01   1.0921033e-02
   8.4615385e-01   1.0506687e-02
   8.4949833e-01   1.0097694e-02
   8.5284281e-01   9.6942120e-03
   8.5618729e-01   9.2963986e-03
   8.5953177e-01   8.9044142e-03
   8.6287625e-01   8.5184200e-03
   8.6622074e-01   8.1385780e-03
   8.6956522e-01   7.7650519e-03
   8.7290970e-01   7.3980062e-03
   8.7625418e-01   7.0376067e-03
   8.7959866e-01   6.6840203e-03
   8.8294314e-01   6.3374152e-03
   8.8628763e-01   5.9979609e-03
   8.8963211e-01   5.6658277e-03
   8.9297659e-01   5.3411875e-03
   8.9632107e-01   5.0242130e-03
   8.9966555e-01   4.7150786e-03
   9.0301003e-01   4.4139595e-03
   9.0635452e-01   4.1210321e-03
   9.0969900e-01   3.8364743e-03
   9.1304348e-01   3.5604649e-03
   9.1638796e-01   3.2931842e-03
   9.1973244e-01   3.0348134e-03
   9.2307692e-01   2.7855352e-03
   9.2642140e-01   2.5455334e-03
   9.2976589e-01   2.3149929e-03
   9.3311037e-01   2.0941000e-03
   9.3645485e-01   1.8830421e-03
   9.3979933e-01   1.6820081e-03
   9.4314381e-01   1.4911877e-03
   9.4648829e-01   1.3107722e-03
   9.4983278e-01   1.1409540e-03
   9.5317726e-01   9.8192663e-04
   9.5652174e-01   8.3388509e-04
   9.5986622e-01   6.9702546e-04
   9.6321070e-01   5.7154512e-04
   9.6655518e-01   4.5764270e-04
   9.6989967e-01   3.5551807e-04
   9.7324415e-01   2.6537236e-04
   9.7658863e-01   1.8740797e-04
   9.7993311e-01   1.2182855e-04
   9.8327759e-01   6.8838997e-05
   9.8662207e-01   2.8645501e-05
   9.8996656e-01   1.4555023e-06
   9.9331104e-01  -1.2522284e-05
   9.9665552e-01  -1.3077872e-05
   1.0000000e+00   0.0000000e+00
   1.0000000e+00   0.0000000e+00
   9.9665552e-01  -3.4232818e-04
   9.9331104e-01  -6.7932327e-04
   9.8996656e-01  -1.0110987e-03
   9.8662207e-01  -1.3377667e-03
   9.8327759e-01  -1.6594379e-03
   9.7993311e-01  -1.9762219e-03
   9.7658863e-01  -2.2882268e-03
   9.7324415e-01  -2.5955596e-03
   9.6989967e-01  -2.8983258e-03
   9.6655518e-01  -3.1966296e-03
   9.6321070e-01  -3.4905741e-03
   9.5986622e-01  -3.7802608e-03
   9.5652174e-01  -4.0657904e-03
   9.5317726e-01  -4.3472617e-03
   9.4983278e-01  -4.6247727e-03
   9.4648829e-01  -4.8984200e-03
   9.4314381e-01  -5.1682987e-03
   9.3979933e-01  -5.4345031e-03
   9.3645485e-01  -5.6971257e-03
   9.3311037e-01  -5.9562581e-03
   9.2976589e-01  -6.2119906e-03
   9.2642140e-01  -6.4644122e-03
   9.2307692e-01  -6.7136105e-03
   9.1973244e-01  -6.9596721e-03
   9.1638796e-01  -7.2026824e-03
   9.1304348e-01  -7.4427252e-03
   9.0969900e-01  -7.6798834e-03
   9.0635452e-01  -7.9142385e-03
   9.0301003e-01  -8.1458710e-03
   8.9966555e-01  -8.3748599e-03
   8.9632107e-01  -8.6012832e-03
   8.9297659e-01  -8.8252176e-03
   8.8963211e-01  -9.0467386e-03
   8.8628763e-01  -9.2659204e-03
   8.8294314e-01  -9.4828362e-03
   8.7959866e-01  -9.6975579e-03
   8.7625418e-01  -9.9101561e-03
   8.7290970e-01  -1.0120700e-02
   8.6956522e-01  -1.0329259e-02
   8.6622074e-01  -1.0535900e-02
   8.6287625e-01  -1.0740688e-02
   8.5953177e-01  -1.0943689e-02
   8.5618729e-01  -1.1144965e-02
   8.5284281e-01  -1.1344581e-02
   8.4949833e-01  -1.1542596e-02
   8.4615385e-01  -1.1739071e-02
   8.4280936e-01  -1.1934066e-02
   8.3946488e-01  -1.2127638e-02
   8.3612040e-01  -1.2319844e-02
   8.3277592e-01  -1.2510739e-02
   8.2943144e-01  -1.2700378e-02
   8.2608696e-01  -1.2888815e-02
   8.2274247e-01  -1.3076101e-02
   8.1939799e-01  -1.3262288e-02
   8.1605351e-01  -1.3447426e-02
   8.1270903e-01  -1.3631564e-02
   8.0936455e-01  -1.3814749e-02
   8.0602007e-01  -1.3997028e-02
   8.0267559e-01  -1.4178447e-02
   7.9933110e-01  -1.4359050e-02
   7.9598662e-01  -1.4538882e-02
   7.9264214e-01  -1.4717983e-02
   7.8929766e-01  -1.4896395e-02
   7.8595318e-01  -1.5074160e-02
   7.8260870e-01  -1.5251315e-02
   7.7926421e-01  -1.5427898e-02
   7.7591973e-01  -1.5603948e-02
   7.7257525e-01  -1.5779499e-02
   7.6923077e-01  -1.5954586e-02
   7.6588629e-01  -1.6129244e-02
   7.6254181e-01  -1.6303506e-02
   7.5919732e-01  -1.6477402e-02
   7.5585284e-01  -1.6650964e-02
   7.5250836e-01  -1.6824221e-02
   7.4916388e-01  -1.6997203e-02
   7.4581940e-01  -1.7169936e-02
   7.4247492e-01  -1.7342447e-02
   7.3913043e-01  -1.7514763e-02
   7.3578595e-01  -1.7686907e-02
   7.3244147e-01  -1.7858903e-02
   7.2909699e-01  -1.8030774e-02
   7.2575251e-01  -1.8202542e-02
   7.2240803e-01  -1.8374226e-02
   7.1906355e-01  -1.8545848e-02
   7.1571906e-01  -1.8717425e-02
   7.1237458e-01  -1.8888975e-02
   7.0903010e-01  -1.9060515e-02
   7.0568562e-01  -1.9232060e-02
   7.0234114e-01  -1.9403626e-02
   6.9899666e-01  -1.9575226e-02
   6.9565217e-01  -1.9746873e-02
   6.9230769e-01  -1.9918580e-02
   6.8896321e-01  -2.0090356e-02
   6.8561873e-01  -2.0262213e-02
   6.8227425e-01  -2.0434159e-02
   6.7892977e-01  -2.0606203e-02
   6.7558528e-01  -2.0778352e-02
   6.7224080e-01  -2.0950611e-02
   6.6889632e-01  -2.1122988e-02
   6.6555184e-01  -2.1295485e-02
   6.6220736e-01  -2.1468108e-02
   6.5886288e-01  -2.1640858e-02
   6.5551839e-01  -2.1813738e-02
   6.5217391e-01  -2.1986748e-02
   6.4882943e-01  -2.2159888e-02
   6.4548495e-01  -2.2333158e-02
   6.4214047e-01  -2.2506556e-02
   6.3879599e-01  -2.2680080e-02
   6.3545151e-01  -2.2853726e-02
   6.3210702e-01  -2.3027490e-02
   6.2876254e-01  -2.3201366e-02
   6.2541806e-01  -2.3375349e-02
   6.2207358e-01  -2.3549431e-02
   6.1872910e-01  -2.3723606e-02
   6.1538462e-01  -2.3897865e-02
   6.1204013e-01  -2.4072198e-02
   6.0869565e-01  -2.4246595e-02
   6.0535117e-01  -2.4421045e-02
   6.0200669e-01  -2.4595536e-02
   5.9866221e-01  -2.4770057e-02
   5.9531773e-01  -2.4944592e-02
   5.9197324e-01  -2.5119129e-02
   5.8862876e-01  -2.5293652e-02
   5.8528428e-01  -2.5468145e-02
   5.8193980e-01  -2.5642592e-02
   5.7859532e-01  -2.5816975e-02
   5.7525084e-01  -2.5991276e-02
   5.7190635e-01  -2.6165476e-02
   5.6856187e-01  -2.6339556e-02
   5.6521739e-01  -2.6513494e-02
   5.6187291e-01  -2.6687270e-02
   5.5852843e-01  -2.6860862e-02
   5.5518395e-01  -2.7034247e-02
   5.5183946e-01  -2.7207402e-02
   5.4849498e-01  -2.7380302e-02
   5.4515050e-01  -2.7552922e-02
   5.4180602e-01  -2.7725236e-02
   5.3846154e-01  -2.7897219e-02
   5.3511706e-01  -2.8068843e-02
   5.3177258e-01  -2.8240080e-02
   5.2842809e-01  -2.8410902e-02
   5.2508361e-01  -2.8581279e-02
   5.2173913e-01  -2.8751181e-02
   5.1839465e-01  -2.8920579e-02
   5.1505017e-01  -2.9089439e-02
   5.1170569e-01  -2.9257731e-02
   5.0836120e-01  -2.9425421e-02
   5.0501672e-01  -2.9592477e-02
   5.0167224e-01  -2.9758863e-02
   4.9832776e-01  -2.9924546e-02
   4.9498328e-01  -3.0089489e-02
   4.9163880e-01  -3.0253658e-02
   4.8829431e-01  -3.0417014e-02
   4.8494983e-01  -3.0579521e-02
   4.8160535e-01  -3.0741140e-02
   4.7826087e-01  -3.0901833e-02
   4.7491639e-01  -3.1061561e-02
   4.7157191e-01  -3.1220283e-02
   4.6822742e-01  -3.1377958e-02
   4.6488294e-01  -3.1534547e-02
   4.6153846e-01  -3.1690006e-02
   4.5819398e-01  -3.1844294e-02
   4.5484950e-01  -3.1997366e-02
   4.5150502e-01  -3.2149180e-02
   4.4816054e-01  -3.2299691e-02
   4.4481605e-01  -3.2448855e-02
   4.4147157e-01  -3.2596625e-02
   4.3812709e-01  -3.2742955e-02
   4.3478261e-01  -3.2887799e-02
   4.3143813e-01  -3.3031110e-02
   4.2809365e-01  -3.3172839e-02
   4.2474916e-01  -3.3312938e-02
   4.2140468e-01  -3.3451358e-02
   4.1806020e-01  -3.3588049e-02
   4.1471572e-01  -3.3722961e-02
   4.1137124e-01  -3.3856043e-02
   4.0802676e-01  -3.3987244e-02
   4.0468227e-01  -3.4116512e-02
   4.0133779e-01  -3.4243793e-02
   3.9799331e-01  -3.4369036e-02
   3.9464883e-01  -3.4492186e-02
   3.9130435e-01  -3.4613189e-02
   3.8795987e-01  -3.4731990e-02
   3.8461538e-01  -3.4848534e-02
   3.8127090e-01  -3.4962765e-02
   3.7792642e-01  -3.5074626e-02
   3.7458194e-01  -3.5184060e-02
   3.7123746e-01  -3.5291010e-02
   3.6789298e-01  -3.5395417e-02
   3.6454849e-01  -3.5497222e-02
   3.6120401e-01  -3.5596366e-02
   3.5785953e-01  -3.5692790e-02
   3.5451505e-01  -3.5786432e-02
   3.5117057e-01  -3.5877231e-02
   3.4782609e-01  -3.5965126e-02
   3.4448161e-01  -3.6050055e-02
   3.4113712e-01  -3.6131954e-02
   3.3779264e-01  -3.6210760e-02
   3.3444816e-01  -3.6286410e-02
   3.3110368e-01  -3.6358837e-02
   3.2775920e-01  -3.6427978e-02
   3.2441472e-01  -3.6493766e-02
   3.2107023e-01  -3.6556135e-02
   3.1772575e-01  -3.6615017e-02
   3.1438127e-01  -3.6670345e-02
   3.1103679e-01  -3.6722050e-02
   3.0769231e-01  -3.6770063e-02
   3.0434783e-01  -3.6814314e-02
   3.0100334e-01  -3.6854733e-02
   2.9765886e-01  -3.6891249e-02
   2.9431438e-01  -3.6923789e-02
   2.9096990e-01  -3.6952281e-02
   2.8762542e-01  -3.6976651e-02
   2.8428094e-01  -3.6996825e-02
   2.8093645e-01  -3.7012729e-02
   2.7759197e-01  -3.7024286e-02
   2.7424749e-01  -3.7031419e-02
   2.7090301e-01  -3.7034051e-02
   2.6755853e-01  -3.7032104e-02
   2.6421405e-01  -3.7025497e-02
   2.6086957e-01  -3.7014151e-02
   2.5752508e-01  -3.6997984e-02
   2.5418060e-01  -3.6976913e-02
   2.5083612e-01  -3.6950856e-02
   2.4749164e-01  -3.6919726e-02
   2.4414716e-01  -3.6883439e-02
   2.4080268e-01  -3.6841906e-02
   2.3745819e-01  -3.6795041e-02
   2.3411371e-01  -3.6742752e-02
   2.3076923e-01  -3.6684948e-02
   2.2742475e-01  -3.6621537e-02
   2.2408027e-01  -3.6552424e-02
   2.2073579e-01  -3.6477513e-02
   2.1739130e-01  -3.6396707e-02
   2.1404682e-01  -3.6309906e-02
   2.1070234e-01  -3.6217008e-02
   2.0735786e-01  -3.6117910e-02
   2.0401338e-01  -3.6012505e-02
   2.0066890e-01  -3.5900686e-02
   1.9732441e-01  -3.5782341e-02
   1.9397993e-01  -3.5657359e-02
   1.9063545e-01  -3.5525622e-02
   1.8729097e-01  -3.5387011e-02
   1.8394649e-01  -3.5241405e-02
   1.8060201e-01  -3.5088677e-02
   1.7725753e-01  -3.4928699e-02
   1.7391304e-01  -3.4761336e-02
   1.7056856e-01  -3.4586453e-02
   1.6722408e-01  -3.4403906e-02
   1.6387960e-01  -3.4213549e-02
   1.6053512e-01  -3.4015231e-02
   1.5719064e-01  -3.3808793e-02
   1.5384615e-01  -3.3594072e-02
   1.5050167e-01  -3.3370897e-02
   1.4715719e-01  -3.3139092e-02
   1.4381271e-01  -3.2898471e-02
   1.4046823e-01  -3.2648841e-02
   1.3712375e-01  -3.2389998e-02
   1.3377926e-01  -3.2121731e-02
   1.3043478e-01  -3.1843814e-02
   1.2709030e-01  -3.1556013e-02
   1.2374582e-01  -3.1258079e-02
   1.2040134e-01  -3.0949747e-02
   1.1705686e-01  -3.0630739e-02
   1.1371237e-01  -3.0300756e-02
   1.1036789e-01  -2.9959483e-02
   1.0702341e-01  -2.9606579e-02
   1.0367893e-01  -2.9241683e-02
   1.0033445e-01  -2.8864403e-02
   9.6989967e-02  -2.8474318e-02
   9.3645485e-02  -2.8070973e-02
   9.0301003e-02  -2.7653873e-02
   8.6956522e-02  -2.7222479e-02
   8.3612040e-02  -2.6776203e-02
   8.0267559e-02  -2.6314396e-02
   7.6923077e-02  -2.5836347e-02
   7.3578595e-02  -2.5341264e-02
   7.0234114e-02  -2.4828268e-02
   6.6889632e-02  -2.4296373e-02
   6.3545151e-02  -2.3744472e-02
   6.0200669e-02  -2.3171309e-02
   5.6856187e-02  -2.2575449e-02
   5.3511706e-02  -2.1955247e-02
   5.0167224e-02  -2.1308794e-02
   4.6822742e-02  -2.0633853e-02
   4.3478261e-02  -1.9927783e-02
   4.0133779e-02  -1.9187417e-02
   3.6789298e-02  -1.8408912e-02
   3.3444816e-02  -1.7587521e-02
   3.0100334e-02  -1.6717271e-02
   2.6755853e-02  -1.5790466e-02
   2.3411371e-02  -1.4796901e-02
   2.0066890e-02  -1.3722549e-02
   1.6722408e-02  -1.2547201e-02
   1.3377926e-02  -1.1239822e-02
   1.0033445e-02  -9.7481502e-03
   6.6889632e-03  -7.9702669e-03
   3.3444816e-03  -5.6431021e-03
   0.0000000e+00  -0.0000000e+00
