   0.0000000e+00   0.0000000e+00
   3.3444816e-03   1.5309468e-02
   6.6889632e-03   2.1530700e-02
   1.0033445e-02   2.6223494e-02
   1.3377926e-02   3.0112749e-02
   1.6722408e-02   3.3481089e-02
   2.0066890e-02   3.6474389e-02
   2.3411371e-02   3.9179863e-02
   2.6755853e-02   4.1654701e-02
   3.0100334e-02   4.3938886e-02
   3.3444816e-02   4.6061721e-02
   3.6789298e-02   4.8045472e-02
   4.0133779e-02   4.9907553e-02
   4.3478261e-02   5.1661905e-02
   4.6822742e-02   5.3319905e-02
   5.0167224e-02   5.4890995e-02
   5.3511706e-02   5.6383115e-02
   5.6856187e-02   5.7803029e-02
   6.0200669e-02   5.9156556e-02
   6.3545151e-02   6.0448751e-02
   6.6889632e-02   6.1684039e-02
   7.0234114e-02   6.2866326e-02
   7.3578595e-02   6.3999079e-02
   7.6923077e-02   6.5085394e-02
   8.0267559e-02   6.6128053e-02
   8.3612040e-02   6.7129565e-02
   8.6956522e-02   6.8092207e-02
   9.0301003e-02   6.9018049e-02
   9.3645485e-02   6.9908984e-02
   9.6989967e-02   7.0766746e-02
   1.0033445e-01   7.1592932e-02
   1.0367893e-01   7.2389015e-02
   1.0702341e-01   7.3156355e-02
   1.1036789e-01   7.3896218e-02
   1.1371237e-01   7.4609777e-02
   1.1705686e-01   7.5298128e-02
   1.2040134e-01   7.5962292e-02
   1.2374582e-01   7.6603226e-02
   1.2709030e-01   7.7221826e-02
   1.3043478e-01   7.7818934e-02
   1.3377926e-01   7.8395343e-02
   1.3712375e-01   7.8951798e-02
   1.4046823e-01   7.9489002e-02
   1.4381271e-01   8.0007621e-02
   1.4715719e-01   8.0508283e-02
   1.5050167e-01   8.0991584e-02
   1.5384615e-01   8.1458088e-02
   1.5719064e-01   8.1908332e-02
   1.6053512e-01   8.2342823e-02
   1.6387960e-01   8.2762047e-02
   1.6722408e-01   8.3166465e-02
   1.7056856e-01   8.3556516e-02
   1.7391304e-01   8.3932619e-02
   1.7725753e-01   8.4295173e-02
   1.8060201e-01   8.4644561e-02
   1.8394649e-01   8.4981147e-02
   1.8729097e-01   8.5305281e-02
   1.9063545e-01   8.5617296e-02
   1.9397993e-01   8.5917513e-02
   1.9732441e-01   8.6206238e-02
   2.0066890e-01   8.6483765e-02
   2.0401338e-01   8.6750376e-02
   2.0735786e-01   8.7006341e-02
   2.1070234e-01   8.7251920e-02
   2.1404682e-01   8.7487363e-02
   2.1739130e-01   8.7712909e-02
   2.2073579e-01   8.7928789e-02
   2.2408027e-01   8.8135224e-02
   2.2742475e-01   8.8332428e-02
   2.3076923e-01   8.8520607e-02
   2.3411371e-01   8.8699957e-02
   2.3745819e-01   8.8870668e-02
   2.4080268e-01   8.9032925e-02
   2.4414716e-01   8.9186903e-02
   2.4749164e-01   8.9332774e-02
   2.5083612e-01   8.9470700e-02
   2.5418060e-01   8.9600840e-02
   2.5752508e-01   8.9723346e-02
   2.6086957e-01   8.9838366e-02
   2.6421405e-01   8.9946041e-02
   2.6755853e-01   9.0046509e-02
   2.7090301e-01   9.0139900e-02
   2.7424749e-01   9.0226344e-02
   2.7759197e-01   9.0305961e-02
   2.8093645e-01   9.0378873e-02
   2.8428094e-01   9.0445192e-02
   2.8762542e-01   9.0505029e-02
   2.9096990e-01   9.0558491e-02
   2.9431438e-01   9.0605682e-02
   2.9765886e-01   9.0646700e-02
   3.0100334e-01   9.0681642e-02
   3.0434783e-01   9.0710601e-02
   3.0769231e-01   9.0733665e-02
   3.1103679e-01   9.0750921e-02
   3.1438127e-01   9.0762453e-02
   3.1772575e-01   9.0768341e-02
   3.2107023e-01   9.0768662e-02
   3.2441472e-01   9.0763492e-02
   3.2775920e-01   9.0752903e-02
   3.3110368e-01   9.0736964e-02
   3.3444816e-01   9.0715743e-02
   3.3779264e-01   9.0689305e-02
   3.4113712e-01   9.0657711e-02
   3.4448161e-01   9.0621023e-02
   3.4782609e-01   9.0579298e-02
   3.5117057e-01   9.0532592e-02
   3.5451505e-01   9.0480960e-02
   3.5785953e-01   9.0424453e-02
   3.6120401e-01   9.0363121e-02
   3.6454849e-01   9.0297012e-02
   3.6789298e-01   9.0226173e-02
   3.7123746e-01   9.0150647e-02
   3.7458194e-01   9.0070478e-02
   3.7792642e-01   8.9985707e-02
   3.8127090e-01   8.9896373e-02
   3.8461538e-01   8.9802514e-02
   3.8795987e-01   8.9704166e-02
   3.9130435e-01   8.9601364e-02
   3.9464883e-01   8.9494142e-02
   3.9799331e-01   8.9382531e-02
   4.0133779e-01   8.9266563e-02
   4.0468227e-01   8.9146265e-02
   4.0802676e-01   8.9021667e-02
   4.1137124e-01   8.8892794e-02
   4.1471572e-01   8.8759673e-02
   4.1806020e-01   8.8622327e-02
   4.2140468e-01   8.8480779e-02
   4.2474916e-01   8.8335052e-02
   4.2809365e-01   8.8185166e-02
   4.3143813e-01   8.8031141e-02
   4.3478261e-01   8.7872995e-02
   4.3812709e-01   8.7710747e-02
   4.4147157e-01   8.7544412e-02
   4.4481605e-01   8.7374007e-02
   4.4816054e-01   8.7199546e-02
   4.5150502e-01   8.7021044e-02
   4.5484950e-01   8.6838512e-02
   4.5819398e-01   8.6651963e-02
   4.6153846e-01   8.6461408e-02
   4.6488294e-01   8.6266858e-02
   4.6822742e-01   8.6068322e-02
   4.7157191e-01   8.5865808e-02
   4.7491639e-01   8.5659326e-02
   4.7826087e-01   8.5448881e-02
   4.8160535e-01   8.5234481e-02
   4.8494983e-01   8.5016132e-02
   4.8829431e-01   8.4793838e-02
   4.9163880e-01   8.4567604e-02
   4.9498328e-01   8.4337434e-02
   4.9832776e-01   8.4103331e-02
   5.0167224e-01   8.3865298e-02
   5.0501672e-01   8.3623337e-02
   5.0836120e-01   8.3377448e-02
   5.1170569e-01   8.3127633e-02
   5.1505017e-01   8.2873892e-02
   5.1839465e-01   8.2616225e-02
   5.2173913e-01   8.2354631e-02
   5.2508361e-01   8.2089109e-02
   5.2842809e-01   8.1819656e-02
   5.3177258e-01   8.1546272e-02
   5.3511706e-01   8.1268952e-02
   5.3846154e-01   8.0987694e-02
   5.4180602e-01   8.0702493e-02
   5.4515050e-01   8.0413347e-02
   5.4849498e-01   8.0120251e-02
   5.5183946e-01   7.9823199e-02
   5.5518395e-01   7.9522186e-02
   5.5852843e-01   7.9217208e-02
   5.6187291e-01   7.8908257e-02
   5.6521739e-01   7.8595327e-02
   5.6856187e-01   7.8278412e-02
   5.7190635e-01   7.7957505e-02
   5.7525084e-01   7.7632598e-02
   5.7859532e-01   7.7303683e-02
   5.8193980e-01   7.6970754e-02
   5.8528428e-01   7.6633800e-02
   5.8862876e-01   7.6292815e-02
   5.9197324e-01   7.5947789e-02
   5.9531773e-01   7.5598712e-02
   5.9866221e-01   7.5245577e-02
   6.0200669e-01   7.4888372e-02
   6.0535117e-01   7.4527089e-02
   6.0869565e-01   7.4161717e-02
   6.1204013e-01   7.3792246e-02
   6.1538462e-01   7.3418666e-02
   6.1872910e-01   7.3040966e-02
   6.2207358e-01   7.2659135e-02
   6.2541806e-01   7.2273162e-02
   6.2876254e-01   7.1883036e-02
   6.3210702e-01   7.1488746e-02
   6.3545151e-01   7.1090280e-02
   6.3879599e-01   7.0687627e-02
   6.4214047e-01   7.0280774e-02
   6.4548495e-01   6.9869710e-02
   6.4882943e-01   6.9454423e-02
   6.5217391e-01   6.9034901e-02
   6.5551839e-01   6.8611131e-02
   6.5886288e-01   6.8183102e-02
   6.6220736e-01   6.7750800e-02
   6.6555184e-01   6.7314213e-02
   6.6889632e-01   6.6873328e-02
   6.7224080e-01   6.6428133e-02
   6.7558528e-01   6.5978615e-02
   6.7892977e-01   6.5524762e-02
   6.8227425e-01   6.5066559e-02
   6.8561873e-01   6.4603995e-02
   6.8896321e-01   6.4137056e-02
   6.9230769e-01   6.3665729e-02
   6.9565217e-01   6.3190002e-02
   6.9899666e-01   6.2709861e-02
   7.0234114e-01   6.2225293e-02
   7.0568562e-01   6.1736285e-02
   7.0903010e-01   6.1242824e-02
   7.1237458e-01   6.0744897e-02
   7.1571906e-01   6.0242491e-02
   7.1906355e-01   5.9735592e-02
   7.2240803e-01   5.9224188e-02
   7.2575251e-01   5.8708266e-02
   7.2909699e-01   5.8187812e-02
   7.3244147e-01   5.7662814e-02
   7.3578595e-01   5.7133258e-02
   7.3913043e-01   5.6599132e-02
   7.4247492e-01   5.6060424e-02
   7.4581940e-01   5.5517119e-02
   7.4916388e-01   5.4969206e-02
   7.5250836e-01   5.4416671e-02
   7.5585284e-01   5.3859503e-02
   7.5919732e-01   5.3297689e-02
   7.6254181e-01   5.2731216e-02
   7.6588629e-01   5.2160071e-02
   7.6923077e-01   5.1584244e-02
   7.7257525e-01   5.1003721e-02
   7.7591973e-01   5.0418490e-02
   7.7926421e-01   4.9828540e-02
   7.8260870e-01   4.9233859e-02
   7.8595318e-01   4.8634435e-02
   7.8929766e-01   4.8030256e-02
   7.9264214e-01   4.7421311e-02
   7.9598662e-01   4.6807588e-02
   7.9933110e-01   4.6189077e-02
   8.0267559e-01   4.5565766e-02
   8.0602007e-01   4.4937644e-02
   8.0936455e-01   4.4304701e-02
   8.1270903e-01   4.3666926e-02
   8.1605351e-01   4.3024308e-02
   8.1939799e-01   4.2376836e-02
   8.2274247e-01   4.1724502e-02
   8.2608696e-01   4.1067294e-02
   8.2943144e-01   4.0405204e-02
   8.3277592e-01   3.9738220e-02
   8.3612040e-01   3.9066335e-02
   8.3946488e-01   3.8389538e-02
   8.4280936e-01   3.7707820e-02
   8.4615385e-01   3.7021173e-02
   8.4949833e-01   3.6329587e-02
   8.5284281e-01   3.5633054e-02
   8.5618729e-01   3.4931567e-02
   8.5953177e-01   3.4225115e-02
   8.6287625e-01   3.3513693e-02
   8.6622074e-01   3.2797292e-02
   8.6956522e-01   3.2075904e-02
   8.7290970e-01   3.1349522e-02
   8.7625418e-01   3.0618140e-02
   8.7959866e-01   2.9881750e-02
   8.8294314e-01   2.9140346e-02
   8.8628763e-01   2.8393921e-02
   8.8963211e-01   2.7642470e-02
   8.9297659e-01   2.6885985e-02
   8.9632107e-01   2.6124463e-02
   8.9966555e-01   2.5357897e-02
   9.0301003e-01   2.4586283e-02
   9.0635452e-01   2.3809614e-02
   9.0969900e-01   2.3027888e-02
   9.1304348e-01   2.2241099e-02
   9.1638796e-01   2.1449243e-02
   9.1973244e-01   2.0652317e-02
   9.2307692e-01   1.9850316e-02
   9.2642140e-01   1.9043238e-02
   9.2976589e-01   1.8231080e-02
   9.3311037e-01   1.7413839e-02
   9.3645485e-01   1.6591512e-02
   9.3979933e-01   1.5764098e-02
   9.4314381e-01   1.4931594e-02
   9.4648829e-01   1.4093999e-02
   9.4983278e-01   1.3251311e-02
   9.5317726e-01   1.2403531e-02
   9.5652174e-01   1.1550656e-02
   9.5986622e-01   1.0692687e-02
   9.6321070e-01   9.8296234e-03
   9.6655518e-01   8.9614658e-03
   9.6989967e-01   8.0882146e-03
   9.7324415e-01   7.2098708e-03
   9.7658863e-01   6.3264356e-03
   9.7993311e-01   5.4379104e-03
   9.8327759e-01   4.5442973e-03
   9.8662207e-01   3.6455983e-03
   9.8996656e-01   2.7418161e-03
   9.9331104e-01   1.8329534e-03
   9.9665552e-01   9.1901354e-04
   1.0000000e+00   0.0000000e+00
   1.0000000e+00   0.0000000e+00
   9.9665552e-01  -8.5831220e-05
   9.9331104e-01  -1.8327045e-04
   9.8996656e-01  -2.9213008e-04
   9.8662207e-01  -4.1222365e-04
   9.8327759e-01  -5.4336587e-04
   9.7993311e-01  -6.8537259e-04
   9.7658863e-01  -8.3806082e-04
   9.7324415e-01  -1.0012487e-03
   9.6989967e-01  -1.1747556e-03
   9.6655518e-01  -1.3584019e-03
   9.6321070e-01  -1.5520091e-03
   9.5986622e-01  -1.7554001e-03
   9.5652174e-01  -1.9683987e-03
   9.5317726e-01  -2.1908299e-03
   9.4983278e-01  -2.4225198e-03
   9.4648829e-01  -2.6632956e-03
   9.4314381e-01  -2.9129857e-03
   9.3979933e-01  -3.1714197e-03
   9.3645485e-01  -3.4384282e-03
   9.3311037e-01  -3.7138428e-03
   9.2976589e-01  -3.9974966e-03
   9.2642140e-01  -4.2892233e-03
   9.2307692e-01  -4.5888582e-03
   9.1973244e-01  -4.8962373e-03
   9.1638796e-01  -5.2111980e-03
   9.1304348e-01  -5.5335788e-03
   9.0969900e-01  -5.8632189e-03
   9.0635452e-01  -6.1999592e-03
   9.0301003e-01  -6.5436412e-03
   8.9966555e-01  -6.8941077e-03
   8.9632107e-01  -7.2512027e-03
   8.9297659e-01  -7.6147709e-03
   8.8963211e-01  -7.9846586e-03
   8.8628763e-01  -8.3607127e-03
   8.8294314e-01  -8.7427816e-03
   8.7959866e-01  -9.1307143e-03
   8.7625418e-01  -9.5243614e-03
   8.7290970e-01  -9.9235742e-03
   8.6956522e-01  -1.0328205e-02
   8.6622074e-01  -1.0738108e-02
   8.6287625e-01  -1.1153137e-02
   8.5953177e-01  -1.1573148e-02
   8.5618729e-01  -1.1997998e-02
   8.5284281e-01  -1.2427544e-02
   8.4949833e-01  -1.2861646e-02
   8.4615385e-01  -1.3300163e-02
   8.4280936e-01  -1.3742955e-02
   8.3946488e-01  -1.4189886e-02
   8.3612040e-01  -1.4640818e-02
   8.3277592e-01  -1.5095615e-02
   8.2943144e-01  -1.5554142e-02
   8.2608696e-01  -1.6016266e-02
   8.2274247e-01  -1.6481852e-02
   8.1939799e-01  -1.6950770e-02
   8.1605351e-01  -1.7422889e-02
   8.1270903e-01  -1.7898079e-02
   8.0936455e-01  -1.8376210e-02
   8.0602007e-01  -1.8857156e-02
   8.0267559e-01  -1.9340789e-02
   7.9933110e-01  -1.9826984e-02
   7.9598662e-01  -2.0315615e-02
   7.9264214e-01  -2.0806560e-02
   7.8929766e-01  -2.1299695e-02
   7.8595318e-01  -2.1794898e-02
   7.8260870e-01  -2.2292049e-02
   7.7926421e-01  -2.2791028e-02
   7.7591973e-01  -2.3291716e-02
   7.7257525e-01  -2.3793995e-02
   7.6923077e-01  -2.4297748e-02
   7.6588629e-01  -2.4802860e-02
   7.6254181e-01  -2.5309215e-02
   7.5919732e-01  -2.5816700e-02
   7.5585284e-01  -2.6325201e-02
   7.5250836e-01  -2.6834607e-02
   7.4916388e-01  -2.7344806e-02
   7.4581940e-01  -2.7855688e-02
   7.4247492e-01  -2.8367144e-02
   7.3913043e-01  -2.8879066e-02
   7.3578595e-01  -2.9391346e-02
   7.3244147e-01  -2.9903879e-02
   7.2909699e-01  -3.0416558e-02
   7.2575251e-01  -3.0929279e-02
   7.2240803e-01  -3.1441939e-02
   7.1906355e-01  -3.1954435e-02
   7.1571906e-01  -3.2466666e-02
   7.1237458e-01  -3.2978530e-02
   7.0903010e-01  -3.3489927e-02
   7.0568562e-01  -3.4000759e-02
   7.0234114e-01  -3.4510928e-02
   6.9899666e-01  -3.5020337e-02
   6.9565217e-01  -3.5528888e-02
   6.9230769e-01  -3.6036487e-02
   6.8896321e-01  -3.6543040e-02
   6.8561873e-01  -3.7048452e-02
   6.8227425e-01  -3.7552632e-02
   6.7892977e-01  -3.8055487e-02
   6.7558528e-01  -3.8556926e-02
   6.7224080e-01  -3.9056859e-02
   6.6889632e-01  -3.9555197e-02
   6.6555184e-01  -4.0051852e-02
   6.6220736e-01  -4.0546736e-02
   6.5886288e-01  -4.1039762e-02
   6.5551839e-01  -4.1530846e-02
   6.5217391e-01  -4.2019901e-02
   6.4882943e-01  -4.2506844e-02
   6.4548495e-01  -4.2991591e-02
   6.4214047e-01  -4.3474061e-02
   6.3879599e-01  -4.3954171e-02
   6.3545151e-01  -4.4431841e-02
   6.3210702e-01  -4.4906990e-02
   6.2876254e-01  -4.5379540e-02
   6.2541806e-01  -4.5849413e-02
   6.2207358e-01  -4.6316530e-02
   6.1872910e-01  -4.6780816e-02
   6.1538462e-01  -4.7242193e-02
   6.1204013e-01  -4.7700588e-02
   6.0869565e-01  -4.8155926e-02
   6.0535117e-01  -4.8608133e-02
   6.0200669e-01  -4.9057136e-02
   5.9866221e-01  -4.9502863e-02
   5.9531773e-01  -4.9945244e-02
   5.9197324e-01  -5.0384208e-02
   5.8862876e-01  -5.0819684e-02
   5.8528428e-01  -5.1251605e-02
   5.8193980e-01  -5.1679901e-02
   5.7859532e-01  -5.2104506e-02
   5.7525084e-01  -5.2525352e-02
   5.7190635e-01  -5.2942374e-02
   5.6856187e-01  -5.3355506e-02
   5.6521739e-01  -5.3764684e-02
   5.6187291e-01  -5.4169843e-02
   5.5852843e-01  -5.4570921e-02
   5.5518395e-01  -5.4967856e-02
   5.5183946e-01  -5.5360585e-02
   5.4849498e-01  -5.5749047e-02
   5.4515050e-01  -5.6133182e-02
   5.4180602e-01  -5.6512930e-02
   5.3846154e-01  -5.6888233e-02
   5.3511706e-01  -5.7259031e-02
   5.3177258e-01  -5.7625267e-02
   5.2842809e-01  -5.7986884e-02
   5.2508361e-01  -5.8343826e-02
   5.2173913e-01  -5.8696036e-02
   5.1839465e-01  -5.9043459e-02
   5.1505017e-01  -5.9386041e-02
   5.1170569e-01  -5.9723728e-02
   5.0836120e-01  -6.0056467e-02
   5.0501672e-01  -6.0384204e-02
   5.0167224e-01  -6.0706888e-02
   4.9832776e-01  -6.1024466e-02
   4.9498328e-01  -6.1336888e-02
   4.9163880e-01  -6.1644104e-02
   4.8829431e-01  -6.1946063e-02
   4.8494983e-01  -6.2242716e-02
   4.8160535e-01  -6.2534015e-02
   4.7826087e-01  -6.2819910e-02
   4.7491639e-01  -6.3100354e-02
   4.7157191e-01  -6.3375300e-02
   4.6822742e-01  -6.3644701e-02
   4.6488294e-01  -6.3908510e-02
   4.6153846e-01  -6.4166683e-02
   4.5819398e-01  -6.4419173e-02
   4.5484950e-01  -6.4665935e-02
   4.5150502e-01  -6.4906925e-02
   4.4816054e-01  -6.5142100e-02
   4.4481605e-01  -6.5371414e-02
   4.4147157e-01  -6.5594826e-02
   4.3812709e-01  -6.5812293e-02
   4.3478261e-01  -6.6023771e-02
   4.3143813e-01  -6.6229219e-02
   4.2809365e-01  -6.6428596e-02
   4.2474916e-01  -6.6621859e-02
   4.2140468e-01  -6.6808968e-02
   4.1806020e-01  -6.6989882e-02
   4.1471572e-01  -6.7164562e-02
   4.1137124e-01  -6.7332965e-02
   4.0802676e-01  -6.7495054e-02
   4.0468227e-01  -6.7650788e-02
   4.0133779e-01  -6.7800128e-02
   3.9799331e-01  -6.7943034e-02
   3.9464883e-01  -6.8079469e-02
   3.9130435e-01  -6.8209392e-02
   3.8795987e-01  -6.8332767e-02
   3.8461538e-01  -6.8449553e-02
   3.8127090e-01  -6.8559714e-02
   3.7792642e-01  -6.8663210e-02
   3.7458194e-01  -6.8760004e-02
   3.7123746e-01  -6.8850058e-02
   3.6789298e-01  -6.8933334e-02
   3.6454849e-01  -6.9009793e-02
   3.6120401e-01  -6.9079398e-02
   3.5785953e-01  -6.9142111e-02
   3.5451505e-01  -6.9197894e-02
   3.5117057e-01  -6.9246708e-02
   3.4782609e-01  -6.9288516e-02
   3.4448161e-01  -6.9323280e-02
   3.4113712e-01  -6.9350959e-02
   3.3779264e-01  -6.9371517e-02
   3.3444816e-01  -6.9384914e-02
   3.3110368e-01  -6.9391110e-02
   3.2775920e-01  -6.9390066e-02
   3.2441472e-01  -6.9381743e-02
   3.2107023e-01  -6.9366099e-02
   3.1772575e-01  -6.9343095e-02
   3.1438127e-01  -6.9312689e-02
   3.1103679e-01  -6.9274839e-02
   3.0769231e-01  -6.9229504e-02
   3.0434783e-01  -6.9176641e-02
   3.0100334e-01  -6.9116205e-02
   2.9765886e-01  -6.9048154e-02
   2.9431438e-01  -6.8972442e-02
   2.9096990e-01  -6.8889023e-02
   2.8762542e-01  -6.8797851e-02
   2.8428094e-01  -6.8698878e-02
   2.8093645e-01  -6.8592057e-02
   2.7759197e-01  -6.8477336e-02
   2.7424749e-01  -6.8354667e-02
   2.7090301e-01  -6.8223996e-02
   2.6755853e-01  -6.8085271e-02
   2.6421405e-01  -6.7938437e-02
   2.6086957e-01  -6.7783438e-02
   2.5752508e-01  -6.7620216e-02
   2.5418060e-01  -6.7448713e-02
   2.5083612e-01  -6.7268866e-02
   2.4749164e-01  -6.7080614e-02
   2.4414716e-01  -6.6883891e-02
   2.4080268e-01  -6.6678630e-02
   2.3745819e-01  -6.6464763e-02
   2.3411371e-01  -6.6242216e-02
   2.3076923e-01  -6.6010917e-02
   2.2742475e-01  -6.5770787e-02
   2.2408027e-01  -6.5521748e-02
   2.2073579e-01  -6.5263716e-02
   2.1739130e-01  -6.4996606e-02
   2.1404682e-01  -6.4720328e-02
   2.1070234e-01  -6.4434788e-02
   2.0735786e-01  -6.4139890e-02
   2.0401338e-01  -6.3835533e-02
   2.0066890e-01  -6.3521610e-02
   1.9732441e-01  -6.3198011e-02
   1.9397993e-01  -6.2864621e-02
   1.9063545e-01  -6.2521320e-02
   1.8729097e-01  -6.2167980e-02
   1.8394649e-01  -6.1804469e-02
   1.8060201e-01  -6.1430649e-02
   1.7725753e-01  -6.1046372e-02
   1.7391304e-01  -6.0651486e-02
   1.7056856e-01  -6.0245829e-02
   1.6722408e-01  -5.9829231e-02
   1.6387960e-01  -5.9401512e-02
   1.6053512e-01  -5.8962484e-02
   1.5719064e-01  -5.8511946e-02
   1.5384615e-01  -5.8049688e-02
   1.5050167e-01  -5.7575484e-02
   1.4715719e-01  -5.7089098e-02
   1.4381271e-01  -5.6590278e-02
   1.4046823e-01  -5.6078757e-02
   1.3712375e-01  -5.5554251e-02
   1.3377926e-01  -5.5016455e-02
   1.3043478e-01  -5.4465046e-02
   1.2709030e-01  -5.3899680e-02
   1.2374582e-01  -5.3319987e-02
   1.2040134e-01  -5.2725569e-02
   1.1705686e-01  -5.2116003e-02
   1.1371237e-01  -5.1490831e-02
   1.1036789e-01  -5.0849560e-02
   1.0702341e-01  -5.0191658e-02
   1.0367893e-01  -4.9516549e-02
   1.0033445e-01  -4.8823610e-02
   9.6989967e-02  -4.8112162e-02
   9.3645485e-02  -4.7381467e-02
   9.0301003e-02  -4.6630715e-02
   8.6956522e-02  -4.5859021e-02
   8.3612040e-02  -4.5065413e-02
   8.0267559e-02  -4.4248816e-02
   7.6923077e-02  -4.3408040e-02
   7.3578595e-02  -4.2541763e-02
   7.0234114e-02  -4.1648507e-02
   6.6889632e-02  -4.0726615e-02
   6.3545151e-02  -3.9774216e-02
   6.0200669e-02  -3.8789188e-02
   5.6856187e-02  -3.7769107e-02
   5.3511706e-02  -3.6711183e-02
   5.0167224e-02  -3.5612181e-02
   4.6822742e-02  -3.4468315e-02
   4.3478261e-02  -3.3275106e-02
   4.0133779e-02  -3.2027193e-02
   3.6789298e-02  -3.0718072e-02
   3.3444816e-02  -2.9339717e-02
   3.0100334e-02  -2.7882042e-02
   2.6755853e-02  -2.6332064e-02
   2.3411371e-02  -2.4672594e-02
   2.0066890e-02  -2.2880036e-02
   1.6722408e-02  -2.0920443e-02
   1.3377926e-02  -1.8741757e-02
   1.0033445e-02  -1.6256427e-02
   6.6889632e-03  -1.3293932e-02
   3.3444816e-03  -9.4146118e-03
   0.0000000e+00  -0.0000000e+00
