   0.0000000e+00   0.0000000e+00
   3.3444816e-03   1.1424979e-02
   6.6889632e-03   1.6232814e-02
   1.0033445e-02   1.9970160e-02
   1.3377926e-02   2.3158662e-02
   1.6722408e-02   2.5998794e-02
   2.0066890e-02   2.8592519e-02
   2.3411371e-02   3.0999870e-02
   2.6755853e-02   3.3259590e-02
   3.0100334e-02   3.5398324e-02
   3.3444816e-02   3.7435264e-02
   3.6789298e-02   3.9384742e-02
   4.0133779e-02   4.1257762e-02
   4.3478261e-02   4.3062974e-02
   4.6822742e-02   4.4807304e-02
   5.0167224e-02   4.6496389e-02
   5.3511706e-02   4.8134880e-02
   5.6856187e-02   4.9726660e-02
   6.0200669e-02   5.1275004e-02
   6.3545151e-02   5.2782701e-02
   6.6889632e-02   5.4252145e-02
   7.0234114e-02   5.5685406e-02
   7.3578595e-02   5.7084286e-02
   7.6923077e-02   5.8450364e-02
   8.0267559e-02   5.9785029e-02
   8.3612040e-02   6.1089514e-02
   8.6956522e-02   6.2364913e-02
   9.0301003e-02   6.3612206e-02
   9.3645485e-02   6.4832272e-02
   9.6989967e-02   6.6025903e-02
   1.0033445e-01   6.7193816e-02
   1.0367893e-01   6.8336664e-02
   1.0702341e-01   6.9455038e-02
   1.1036789e-01   7.0549484e-02
   1.1371237e-01   7.1620501e-02
   1.1705686e-01   7.2668546e-02
   1.2040134e-01   7.3694047e-02
   1.2374582e-01   7.4697396e-02
   1.2709030e-01   7.5678959e-02
   1.3043478e-01   7.6639078e-02
   1.3377926e-01   7.7578074e-02
   1.3712375e-01   7.8496246e-02
   1.4046823e-01   7.9393877e-02
   1.4381271e-01   8.0271233e-02
   1.4715719e-01   8.1128567e-02
   1.5050167e-01   8.1966120e-02
   1.5384615e-01   8.2784119e-02
   1.5719064e-01   8.3582782e-02
   1.6053512e-01   8.4362318e-02
   1.6387960e-01   8.5122928e-02
   1.6722408e-01   8.5864804e-02
   1.7056856e-01   8.6588131e-02
   1.7391304e-01   8.7293090e-02
   1.7725753e-01   8.7979854e-02
   1.8060201e-01   8.8648592e-02
   1.8394649e-01   8.9299470e-02
   1.8729097e-01   8.9932646e-02
   1.9063545e-01   9.0548277e-02
   1.9397993e-01   9.1146517e-02
   1.9732441e-01   9.1727516e-02
   2.0066890e-01   9.2291420e-02
   2.0401338e-01   9.2838376e-02
   2.0735786e-01   9.3368525e-02
   2.1070234e-01   9.3882009e-02
   2.1404682e-01   9.4378966e-02
   2.1739130e-01   9.4859534e-02
   2.2073579e-01   9.5323849e-02
   2.2408027e-01   9.5772045e-02
   2.2742475e-01   9.6204256e-02
   2.3076923e-01   9.6620615e-02
   2.3411371e-01   9.7021253e-02
   2.3745819e-01   9.7406300e-02
   2.4080268e-01   9.7775888e-02
   2.4414716e-01   9.8130146e-02
   2.4749164e-01   9.8469203e-02
   2.5083612e-01   9.8793187e-02
   2.5418060e-01   9.9102228e-02
   2.5752508e-01   9.9396452e-02
   2.6086957e-01   9.9675988e-02
   2.6421405e-01   9.9940963e-02
   2.6755853e-01   1.0019150e-01
   2.7090301e-01   1.0042774e-01
   2.7424749e-01   1.0064980e-01
   2.7759197e-01   1.0085780e-01
   2.8093645e-01   1.0105188e-01
   2.8428094e-01   1.0123216e-01
   2.8762542e-01   1.0139877e-01
   2.9096990e-01   1.0155183e-01
   2.9431438e-01   1.0169148e-01
   2.9765886e-01   1.0181784e-01
   3.0100334e-01   1.0193103e-01
   3.0434783e-01   1.0203119e-01
   3.0769231e-01   1.0211844e-01
   3.1103679e-01   1.0219290e-01
   3.1438127e-01   1.0225472e-01
   3.1772575e-01   1.0230400e-01
   3.2107023e-01   1.0234089e-01
   3.2441472e-01   1.0236551e-01
   3.2775920e-01   1.0237798e-01
   3.3110368e-01   1.0237843e-01
   3.3444816e-01   1.0236700e-01
   3.3779264e-01   1.0234381e-01
   3.4113712e-01   1.0230898e-01
   3.4448161e-01   1.0226265e-01
   3.4782609e-01   1.0220495e-01
   3.5117057e-01   1.0213599e-01
   3.5451505e-01   1.0205591e-01
   3.5785953e-01   1.0196485e-01
   3.6120401e-01   1.0186291e-01
   3.6454849e-01   1.0175025e-01
   3.6789298e-01   1.0162697e-01
   3.7123746e-01   1.0149321e-01
   3.7458194e-01   1.0134910e-01
   3.7792642e-01   1.0119477e-01
   3.8127090e-01   1.0103034e-01
   3.8461538e-01   1.0085594e-01
   3.8795987e-01   1.0067170e-01
   3.9130435e-01   1.0047774e-01
   3.9464883e-01   1.0027420e-01
   3.9799331e-01   1.0006119e-01
   4.0133779e-01   9.9838860e-02
   4.0468227e-01   9.9607319e-02
   4.0802676e-01   9.9366699e-02
   4.1137124e-01   9.9117126e-02
   4.1471572e-01   9.8858727e-02
   4.1806020e-01   9.8591627e-02
   4.2140468e-01   9.8315952e-02
   4.2474916e-01   9.8031827e-02
   4.2809365e-01   9.7739377e-02
   4.3143813e-01   9.7438728e-02
   4.3478261e-01   9.7130004e-02
   4.3812709e-01   9.6813328e-02
   4.4147157e-01   9.6488825e-02
   4.4481605e-01   9.6156618e-02
   4.4816054e-01   9.5816829e-02
   4.5150502e-01   9.5469582e-02
   4.5484950e-01   9.5114999e-02
   4.5819398e-01   9.4753202e-02
   4.6153846e-01   9.4384310e-02
   4.6488294e-01   9.4008447e-02
   4.6822742e-01   9.3625730e-02
   4.7157191e-01   9.3236282e-02
   4.7491639e-01   9.2840220e-02
   4.7826087e-01   9.2437663e-02
   4.8160535e-01   9.2028730e-02
   4.8494983e-01   9.1613538e-02
   4.8829431e-01   9.1192205e-02
   4.9163880e-01   9.0764845e-02
   4.9498328e-01   9.0331576e-02
   4.9832776e-01   8.9892512e-02
   5.0167224e-01   8.9447768e-02
   5.0501672e-01   8.8997457e-02
   5.0836120e-01   8.8541693e-02
   5.1170569e-01   8.8080588e-02
   5.1505017e-01   8.7614253e-02
   5.1839465e-01   8.7142799e-02
   5.2173913e-01   8.6666338e-02
   5.2508361e-01   8.6184977e-02
   5.2842809e-01   8.5698825e-02
   5.3177258e-01   8.5207991e-02
   5.3511706e-01   8.4712581e-02
   5.3846154e-01   8.4212701e-02
   5.4180602e-01   8.3708457e-02
   5.4515050e-01   8.3199952e-02
   5.4849498e-01   8.2687291e-02
   5.5183946e-01   8.2170575e-02
   5.5518395e-01   8.1649908e-02
   5.5852843e-01   8.1125388e-02
   5.6187291e-01   8.0597117e-02
   5.6521739e-01   8.0065192e-02
   5.6856187e-01   7.9529712e-02
   5.7190635e-01   7.8990774e-02
   5.7525084e-01   7.8448473e-02
   5.7859532e-01   7.7902904e-02
   5.8193980e-01   7.7354161e-02
   5.8528428e-01   7.6802336e-02
   5.8862876e-01   7.6247522e-02
   5.9197324e-01   7.5689808e-02
   5.9531773e-01   7.5129285e-02
   5.9866221e-01   7.4566040e-02
   6.0200669e-01   7.4000160e-02
   6.0535117e-01   7.3431732e-02
   6.0869565e-01   7.2860840e-02
   6.1204013e-01   7.2287568e-02
   6.1538462e-01   7.1711999e-02
   6.1872910e-01   7.1134214e-02
   6.2207358e-01   7.0554293e-02
   6.2541806e-01   6.9972314e-02
   6.2876254e-01   6.9388356e-02
   6.3210702e-01   6.8802494e-02
   6.3545151e-01   6.8214803e-02
   6.3879599e-01   6.7625358e-02
   6.4214047e-01   6.7034230e-02
   6.4548495e-01   6.6441492e-02
   6.4882943e-01   6.5847211e-02
   6.5217391e-01   6.5251458e-02
   6.5551839e-01   6.4654298e-02
   6.5886288e-01   6.4055798e-02
   6.6220736e-01   6.3456022e-02
   6.6555184e-01   6.2855032e-02
   6.6889632e-01   6.2252890e-02
   6.7224080e-01   6.1649656e-02
   6.7558528e-01   6.1045389e-02
   6.7892977e-01   6.0440146e-02
   6.8227425e-01   5.9833981e-02
   6.8561873e-01   5.9226950e-02
   6.8896321e-01   5.8619105e-02
   6.9230769e-01   5.8010497e-02
   6.9565217e-01   5.7401175e-02
   6.9899666e-01   5.6791188e-02
   7.0234114e-01   5.6180582e-02
   7.0568562e-01   5.5569402e-02
   7.0903010e-01   5.4957690e-02
   7.1237458e-01   5.4345490e-02
   7.1571906e-01   5.3732841e-02
   7.1906355e-01   5.3119781e-02
   7.2240803e-01   5.2506348e-02
   7.2575251e-01   5.1892576e-02
   7.2909699e-01   5.1278498e-02
   7.3244147e-01   5.0664148e-02
   7.3578595e-01   5.0049555e-02
   7.3913043e-01   4.9434747e-02
   7.4247492e-01   4.8819752e-02
   7.4581940e-01   4.8204593e-02
   7.4916388e-01   4.7589295e-02
   7.5250836e-01   4.6973880e-02
   7.5585284e-01   4.6358366e-02
   7.5919732e-01   4.5742771e-02
   7.6254181e-01   4.5127113e-02
   7.6588629e-01   4.4511406e-02
   7.6923077e-01   4.3895661e-02
   7.7257525e-01   4.3279891e-02
   7.7591973e-01   4.2664103e-02
   7.7926421e-01   4.2048305e-02
   7.8260870e-01   4.1432502e-02
   7.8595318e-01   4.0816697e-02
   7.8929766e-01   4.0200893e-02
   7.9264214e-01   3.9585088e-02
   7.9598662e-01   3.8969280e-02
   7.9933110e-01   3.8353466e-02
   8.0267559e-01   3.7737638e-02
   8.0602007e-01   3.7121788e-02
   8.0936455e-01   3.6505908e-02
   8.1270903e-01   3.5889983e-02
   8.1605351e-01   3.5274002e-02
   8.1939799e-01   3.4657947e-02
   8.2274247e-01   3.4041800e-02
   8.2608696e-01   3.3425542e-02
   8.2943144e-01   3.2809150e-02
   8.3277592e-01   3.2192600e-02
   8.3612040e-01   3.1575867e-02
   8.3946488e-01   3.0958921e-02
   8.4280936e-01   3.0341733e-02
   8.4615385e-01   2.9724270e-02
   8.4949833e-01   2.9106499e-02
   8.5284281e-01   2.8488381e-02
   8.5618729e-01   2.7869879e-02
   8.5953177e-01   2.7250952e-02
   8.6287625e-01   2.6631557e-02
   8.6622074e-01   2.6011649e-02
   8.6956522e-01   2.5391181e-02
   8.7290970e-01   2.4770102e-02
   8.7625418e-01   2.4148362e-02
   8.7959866e-01   2.3525907e-02
   8.8294314e-01   2.2902681e-02
   8.8628763e-01   2.2278625e-02
   8.8963211e-01   2.1653679e-02
   8.9297659e-01   2.1027781e-02
   8.9632107e-01   2.0400865e-02
   8.9966555e-01   1.9772865e-02
   9.0301003e-01   1.9143711e-02
   9.0635452e-01   1.8513330e-02
   9.0969900e-01   1.7881650e-02
   9.1304348e-01   1.7248594e-02
   9.1638796e-01   1.6614084e-02
   9.1973244e-01   1.5978037e-02
   9.2307692e-01   1.5340372e-02
   9.2642140e-01   1.4701002e-02
   9.2976589e-01   1.4059839e-02
   9.3311037e-01   1.3416794e-02
   9.3645485e-01   1.2771772e-02
   9.3979933e-01   1.2124681e-02
   9.4314381e-01   1.1475421e-02
   9.4648829e-01   1.0823893e-02
   9.4983278e-01   1.0169994e-02
   9.5317726e-01   9.5136207e-03
   9.5652174e-01   8.8546650e-03
   9.5986622e-01   8.1930173e-03
   9.6321070e-01   7.5285657e-03
   9.6655518e-01   6.8611956e-03
   9.6989967e-01   6.1907901e-03
   9.7324415e-01   5.5172296e-03
   9.7658863e-01   4.8403921e-03
   9.7993311e-01   4.1601532e-03
   9.8327759e-01   3.4763859e-03
   9.8662207e-01   2.7889606e-03
   9.8996656e-01   2.0977452e-03
   9.9331104e-01   1.4026052e-03
   9.9665552e-01   7.0340336e-04
   1.0000000e+00   0.0000000e+00
   1.0000000e+00   0.0000000e+00
   9.9665552e-01  -4.7922394e-04
   9.9331104e-01  -9.5478085e-04
   9.8996656e-01  -1.4265943e-03
   9.8662207e-01  -1.8945896e-03
   9.8327759e-01  -2.3586943e-03
   9.7993311e-01  -2.8188373e-03
   9.7658863e-01  -3.2749499e-03
   9.7324415e-01  -3.7269648e-03
   9.6989967e-01  -4.1748169e-03
   9.6655518e-01  -4.6184426e-03
   9.6321070e-01  -5.0577805e-03
   9.5986622e-01  -5.4927707e-03
   9.5652174e-01  -5.9233552e-03
   9.5317726e-01  -6.3494779e-03
   9.4983278e-01  -6.7710845e-03
   9.4648829e-01  -7.1881222e-03
   9.4314381e-01  -7.6005403e-03
   9.3979933e-01  -8.0082897e-03
   9.3645485e-01  -8.4113230e-03
   9.3311037e-01  -8.8095948e-03
   9.2976589e-01  -9.2030612e-03
   9.2642140e-01  -9.5916800e-03
   9.2307692e-01  -9.9754108e-03
   9.1973244e-01  -1.0354215e-02
   9.1638796e-01  -1.0728056e-02
   9.1304348e-01  -1.1096897e-02
   9.0969900e-01  -1.1460706e-02
   9.0635452e-01  -1.1819451e-02
   9.0301003e-01  -1.2173101e-02
   8.9966555e-01  -1.2521627e-02
   8.9632107e-01  -1.2865002e-02
   8.9297659e-01  -1.3203202e-02
   8.8963211e-01  -1.3536202e-02
   8.8628763e-01  -1.3863980e-02
   8.8294314e-01  -1.4186515e-02
   8.7959866e-01  -1.4503790e-02
   8.7625418e-01  -1.4815785e-02
   8.7290970e-01  -1.5122485e-02
   8.6956522e-01  -1.5423877e-02
   8.6622074e-01  -1.5719947e-02
   8.6287625e-01  -1.6010684e-02
   8.5953177e-01  -1.6296078e-02
   8.5618729e-01  -1.6576122e-02
   8.5284281e-01  -1.6850808e-02
   8.4949833e-01  -1.7120131e-02
   8.4615385e-01  -1.7384089e-02
   8.4280936e-01  -1.7642678e-02
   8.3946488e-01  -1.7895898e-02
   8.3612040e-01  -1.8143749e-02
   8.3277592e-01  -1.8386234e-02
   8.2943144e-01  -1.8623357e-02
   8.2608696e-01  -1.8855122e-02
   8.2274247e-01  -1.9081536e-02
   8.1939799e-01  -1.9302606e-02
   8.1605351e-01  -1.9518342e-02
   8.1270903e-01  -1.9728754e-02
   8.0936455e-01  -1.9933855e-02
   8.0602007e-01  -2.0133658e-02
   8.0267559e-01  -2.0328177e-02
   7.9933110e-01  -2.0517428e-02
   7.9598662e-01  -2.0701428e-02
   7.9264214e-01  -2.0880197e-02
   7.8929766e-01  -2.1053754e-02
   7.8595318e-01  -2.1222121e-02
   7.8260870e-01  -2.1385319e-02
   7.7926421e-01  -2.1543373e-02
   7.7591973e-01  -2.1696307e-02
   7.7257525e-01  -2.1844148e-02
   7.6923077e-01  -2.1986923e-02
   7.6588629e-01  -2.2124661e-02
   7.6254181e-01  -2.2257392e-02
   7.5919732e-01  -2.2385146e-02
   7.5585284e-01  -2.2507956e-02
   7.5250836e-01  -2.2625856e-02
   7.4916388e-01  -2.2738880e-02
   7.4581940e-01  -2.2847063e-02
   7.4247492e-01  -2.2950443e-02
   7.3913043e-01  -2.3049057e-02
   7.3578595e-01  -2.3142944e-02
   7.3244147e-01  -2.3232145e-02
   7.2909699e-01  -2.3316701e-02
   7.2575251e-01  -2.3396654e-02
   7.2240803e-01  -2.3472047e-02
   7.1906355e-01  -2.3542925e-02
   7.1571906e-01  -2.3609333e-02
   7.1237458e-01  -2.3671318e-02
   7.0903010e-01  -2.3728926e-02
   7.0568562e-01  -2.3782207e-02
   7.0234114e-01  -2.3831210e-02
   6.9899666e-01  -2.3875984e-02
   6.9565217e-01  -2.3916582e-02
   6.9230769e-01  -2.3953055e-02
   6.8896321e-01  -2.3985456e-02
   6.8561873e-01  -2.4013840e-02
   6.8227425e-01  -2.4038262e-02
   6.7892977e-01  -2.4058777e-02
   6.7558528e-01  -2.4075441e-02
   6.7224080e-01  -2.4088313e-02
   6.6889632e-01  -2.4097451e-02
   6.6555184e-01  -2.4102913e-02
   6.6220736e-01  -2.4104759e-02
   6.5886288e-01  -2.4103052e-02
   6.5551839e-01  -2.4097851e-02
   6.5217391e-01  -2.4089218e-02
   6.4882943e-01  -2.4077218e-02
   6.4548495e-01  -2.4061914e-02
   6.4214047e-01  -2.4043370e-02
   6.3879599e-01  -2.4021651e-02
   6.3545151e-01  -2.3996823e-02
   6.3210702e-01  -2.3968952e-02
   6.2876254e-01  -2.3938106e-02
   6.2541806e-01  -2.3904352e-02
   6.2207358e-01  -2.3867758e-02
   6.1872910e-01  -2.3828394e-02
   6.1538462e-01  -2.3786329e-02
   6.1204013e-01  -2.3741633e-02
   6.0869565e-01  -2.3694376e-02
   6.0535117e-01  -2.3644630e-02
   6.0200669e-01  -2.3592466e-02
   5.9866221e-01  -2.3537957e-02
   5.9531773e-01  -2.3481175e-02
   5.9197324e-01  -2.3422193e-02
   5.8862876e-01  -2.3361084e-02
   5.8528428e-01  -2.3297923e-02
   5.8193980e-01  -2.3232784e-02
   5.7859532e-01  -2.3165742e-02
   5.7525084e-01  -2.3096871e-02
   5.7190635e-01  -2.3026247e-02
   5.6856187e-01  -2.2953946e-02
   5.6521739e-01  -2.2880044e-02
   5.6187291e-01  -2.2804617e-02
   5.5852843e-01  -2.2727741e-02
   5.5518395e-01  -2.2649495e-02
   5.5183946e-01  -2.2569954e-02
   5.4849498e-01  -2.2489196e-02
   5.4515050e-01  -2.2407298e-02
   5.4180602e-01  -2.2324338e-02
   5.3846154e-01  -2.2240395e-02
   5.3511706e-01  -2.2155545e-02
   5.3177258e-01  -2.2069867e-02
   5.2842809e-01  -2.1983438e-02
   5.2508361e-01  -2.1896338e-02
   5.2173913e-01  -2.1808644e-02
   5.1839465e-01  -2.1720434e-02
   5.1505017e-01  -2.1631786e-02
   5.1170569e-01  -2.1542779e-02
   5.0836120e-01  -2.1453491e-02
   5.0501672e-01  -2.1363999e-02
   5.0167224e-01  -2.1274381e-02
   4.9832776e-01  -2.1184716e-02
   4.9498328e-01  -2.1095081e-02
   4.9163880e-01  -2.1005552e-02
   4.8829431e-01  -2.0916208e-02
   4.8494983e-01  -2.0827125e-02
   4.8160535e-01  -2.0738380e-02
   4.7826087e-01  -2.0650049e-02
   4.7491639e-01  -2.0562209e-02
   4.7157191e-01  -2.0474934e-02
   4.6822742e-01  -2.0388301e-02
   4.6488294e-01  -2.0302384e-02
   4.6153846e-01  -2.0217258e-02
   4.5819398e-01  -2.0132996e-02
   4.5484950e-01  -2.0049673e-02
   4.5150502e-01  -1.9967361e-02
   4.4816054e-01  -1.9886133e-02
   4.4481605e-01  -1.9806061e-02
   4.4147157e-01  -1.9727215e-02
   4.3812709e-01  -1.9649667e-02
   4.3478261e-01  -1.9573486e-02
   4.3143813e-01  -1.9498742e-02
   4.2809365e-01  -1.9425503e-02
   4.2474916e-01  -1.9353836e-02
   4.2140468e-01  -1.9283809e-02
   4.1806020e-01  -1.9215487e-02
   4.1471572e-01  -1.9148935e-02
   4.1137124e-01  -1.9084218e-02
   4.0802676e-01  -1.9021398e-02
   4.0468227e-01  -1.8960538e-02
   4.0133779e-01  -1.8901699e-02
   3.9799331e-01  -1.8844941e-02
   3.9464883e-01  -1.8790321e-02
   3.9130435e-01  -1.8737899e-02
   3.8795987e-01  -1.8687731e-02
   3.8461538e-01  -1.8639871e-02
   3.8127090e-01  -1.8594373e-02
   3.7792642e-01  -1.8551289e-02
   3.7458194e-01  -1.8510672e-02
   3.7123746e-01  -1.8472569e-02
   3.6789298e-01  -1.8437030e-02
   3.6454849e-01  -1.8404100e-02
   3.6120401e-01  -1.8373824e-02
   3.5785953e-01  -1.8346246e-02
   3.5451505e-01  -1.8321407e-02
   3.5117057e-01  -1.8299346e-02
   3.4782609e-01  -1.8280101e-02
   3.4448161e-01  -1.8263708e-02
   3.4113712e-01  -1.8250201e-02
   3.3779264e-01  -1.8239611e-02
   3.3444816e-01  -1.8231968e-02
   3.3110368e-01  -1.8227300e-02
   3.2775920e-01  -1.8225632e-02
   3.2441472e-01  -1.8226986e-02
   3.2107023e-01  -1.8231384e-02
   3.1772575e-01  -1.8238843e-02
   3.1438127e-01  -1.8249379e-02
   3.1103679e-01  -1.8263005e-02
   3.0769231e-01  -1.8279731e-02
   3.0434783e-01  -1.8299564e-02
   3.0100334e-01  -1.8322508e-02
   2.9765886e-01  -1.8348566e-02
   2.9431438e-01  -1.8377735e-02
   2.9096990e-01  -1.8410011e-02
   2.8762542e-01  -1.8445386e-02
   2.8428094e-01  -1.8483848e-02
   2.8093645e-01  -1.8525382e-02
   2.7759197e-01  -1.8569970e-02
   2.7424749e-01  -1.8617589e-02
   2.7090301e-01  -1.8668213e-02
   2.6755853e-01  -1.8721812e-02
   2.6421405e-01  -1.8778351e-02
   2.6086957e-01  -1.8837792e-02
   2.5752508e-01  -1.8900092e-02
   2.5418060e-01  -1.8965203e-02
   2.5083612e-01  -1.9033072e-02
   2.4749164e-01  -1.9103644e-02
   2.4414716e-01  -1.9176854e-02
   2.4080268e-01  -1.9252636e-02
   2.3745819e-01  -1.9330916e-02
   2.3411371e-01  -1.9411616e-02
   2.3076923e-01  -1.9494651e-02
   2.2742475e-01  -1.9579930e-02
   2.2408027e-01  -1.9667357e-02
   2.2073579e-01  -1.9756827e-02
   2.1739130e-01  -1.9848230e-02
   2.1404682e-01  -1.9941450e-02
   2.1070234e-01  -2.0036360e-02
   2.0735786e-01  -2.0132827e-02
   2.0401338e-01  -2.0230713e-02
   2.0066890e-01  -2.0329866e-02
   1.9732441e-01  -2.0430129e-02
   1.9397993e-01  -2.0531336e-02
   1.9063545e-01  -2.0633310e-02
   1.8729097e-01  -2.0735863e-02
   1.8394649e-01  -2.0838800e-02
   1.8060201e-01  -2.0941911e-02
   1.7725753e-01  -2.1044978e-02
   1.7391304e-01  -2.1147769e-02
   1.7056856e-01  -2.1250040e-02
   1.6722408e-01  -2.1351532e-02
   1.6387960e-01  -2.1451974e-02
   1.6053512e-01  -2.1551079e-02
   1.5719064e-01  -2.1648544e-02
   1.5384615e-01  -2.1744051e-02
   1.5050167e-01  -2.1837262e-02
   1.4715719e-01  -2.1927823e-02
   1.4381271e-01  -2.2015357e-02
   1.4046823e-01  -2.2099468e-02
   1.3712375e-01  -2.2179737e-02
   1.3377926e-01  -2.2255720e-02
   1.3043478e-01  -2.2326949e-02
   1.2709030e-01  -2.2392926e-02
   1.2374582e-01  -2.2453125e-02
   1.2040134e-01  -2.2506986e-02
   1.1705686e-01  -2.2553916e-02
   1.1371237e-01  -2.2593284e-02
   1.1036789e-01  -2.2624417e-02
   1.0702341e-01  -2.2646599e-02
   1.0367893e-01  -2.2659065e-02
   1.0033445e-01  -2.2660997e-02
   9.6989967e-02  -2.2651516e-02
   9.3645485e-02  -2.2629681e-02
   9.0301003e-02  -2.2594478e-02
   8.6956522e-02  -2.2544814e-02
   8.3612040e-02  -2.2479506e-02
   8.0267559e-02  -2.2397269e-02
   7.6923077e-02  -2.2296707e-02
   7.3578595e-02  -2.2176293e-02
   7.0234114e-02  -2.2034354e-02
   6.6889632e-02  -2.1869044e-02
   6.3545151e-02  -2.1678322e-02
   6.0200669e-02  -2.1459916e-02
   5.6856187e-02  -2.1211281e-02
   5.3511706e-02  -2.0929545e-02
   5.0167224e-02  -2.0611447e-02
   4.6822742e-02  -2.0253246e-02
   4.3478261e-02  -1.9850606e-02
   4.0133779e-02  -1.9398449e-02
   3.6789298e-02  -1.8890737e-02
   3.3444816e-02  -1.8320180e-02
   3.0100334e-02  -1.7677806e-02
   2.6755853e-02  -1.6952306e-02
   2.3411371e-02  -1.6129021e-02
   2.0066890e-02  -1.5188245e-02
   1.6722408e-02  -1.4102202e-02
   1.3377926e-02  -1.2829159e-02
   1.0033445e-02  -1.1300318e-02
   6.6889632e-03  -9.3842978e-03
   3.3444816e-03  -6.7489742e-03
   0.0000000e+00  -0.0000000e+00
