   0.0000000e+00   0.0000000e+00
   3.3444816e-03   8.9610202e-03
   6.6889632e-03   1.2671806e-02
   1.0033445e-02   1.5517935e-02
   1.3377926e-02   1.7915827e-02
   1.6722408e-02   2.0026692e-02
   2.0066890e-02   2.1933149e-02
   2.3411371e-02   2.3684234e-02
   2.6755853e-02   2.5311861e-02
   3.0100334e-02   2.6838173e-02
   3.3444816e-02   2.8279267e-02
   3.6789298e-02   2.9647275e-02
   4.0133779e-02   3.0951607e-02
   4.3478261e-02   3.2199732e-02
   4.6822742e-02   3.3397693e-02
   5.0167224e-02   3.4550458e-02
   5.3511706e-02   3.5662171e-02
   5.6856187e-02   3.6736325e-02
   6.0200669e-02   3.7775901e-02
   6.3545151e-02   3.8783463e-02
   6.6889632e-02   3.9761233e-02
   7.0234114e-02   4.0711154e-02
   7.3578595e-02   4.1634934e-02
   7.6923077e-02   4.2534084e-02
   8.0267559e-02   4.3409947e-02
   8.3612040e-02   4.4263723e-02
   8.6956522e-02   4.5096489e-02
   9.0301003e-02   4.5909215e-02
   9.3645485e-02   4.6702781e-02
   9.6989967e-02   4.7477981e-02
   1.0033445e-01   4.8235543e-02
   1.0367893e-01   4.8976128e-02
   1.0702341e-01   4.9700343e-02
   1.1036789e-01   5.0408746e-02
   1.1371237e-01   5.1101848e-02
   1.1705686e-01   5.1780125e-02
   1.2040134e-01   5.2444012e-02
   1.2374582e-01   5.3093914e-02
   1.2709030e-01   5.3730209e-02
   1.3043478e-01   5.4353246e-02
   1.3377926e-01   5.4963351e-02
   1.3712375e-01   5.5560826e-02
   1.4046823e-01   5.6145958e-02
   1.4381271e-01   5.6719011e-02
   1.4715719e-01   5.7280235e-02
   1.5050167e-01   5.7829864e-02
   1.5384615e-01   5.8368117e-02
   1.5719064e-01   5.8895201e-02
   1.6053512e-01   5.9411312e-02
   1.6387960e-01   5.9916632e-02
   1.6722408e-01   6.0411337e-02
   1.7056856e-01   6.0895588e-02
   1.7391304e-01   6.1369543e-02
   1.7725753e-01   6.1833348e-02
   1.8060201e-01   6.2287143e-02
   1.8394649e-01   6.2731060e-02
   1.8729097e-01   6.3165226e-02
   1.9063545e-01   6.3589759e-02
   1.9397993e-01   6.4004775e-02
   1.9732441e-01   6.4410381e-02
   2.0066890e-01   6.4806682e-02
   2.0401338e-01   6.5193777e-02
   2.0735786e-01   6.5571760e-02
   2.1070234e-01   6.5940721e-02
   2.1404682e-01   6.6300748e-02
   2.1739130e-01   6.6651924e-02
   2.2073579e-01   6.6994327e-02
   2.2408027e-01   6.7328036e-02
   2.2742475e-01   6.7653122e-02
   2.3076923e-01   6.7969657e-02
   2.3411371e-01   6.8277709e-02
   2.3745819e-01   6.8577343e-02
   2.4080268e-01   6.8868623e-02
   2.4414716e-01   6.9151609e-02
   2.4749164e-01   6.9426361e-02
   2.5083612e-01   6.9692935e-02
   2.5418060e-01   6.9951386e-02
   2.5752508e-01   7.0201769e-02
   2.6086957e-01   7.0444133e-02
   2.6421405e-01   7.0678531e-02
   2.6755853e-01   7.0905010e-02
   2.7090301e-01   7.1123618e-02
   2.7424749e-01   7.1334400e-02
   2.7759197e-01   7.1537403e-02
   2.8093645e-01   7.1732669e-02
   2.8428094e-01   7.1920242e-02
   2.8762542e-01   7.2100163e-02
   2.9096990e-01   7.2272472e-02
   2.9431438e-01   7.2437210e-02
   2.9765886e-01   7.2594416e-02
   3.0100334e-01   7.2744127e-02
   3.0434783e-01   7.2886382e-02
   3.0769231e-01   7.3021217e-02
   3.1103679e-01   7.3148669e-02
   3.1438127e-01   7.3268773e-02
   3.1772575e-01   7.3381563e-02
   3.2107023e-01   7.3487075e-02
   3.2441472e-01   7.3585343e-02
   3.2775920e-01   7.3676400e-02
   3.3110368e-01   7.3760280e-02
   3.3444816e-01   7.3837014e-02
   3.3779264e-01   7.3906636e-02
   3.4113712e-01   7.3969178e-02
   3.4448161e-01   7.4024672e-02
   3.4782609e-01   7.4073149e-02
   3.5117057e-01   7.4114640e-02
   3.5451505e-01   7.4149176e-02
   3.5785953e-01   7.4176789e-02
   3.6120401e-01   7.4197510e-02
   3.6454849e-01   7.4211368e-02
   3.6789298e-01   7.4218394e-02
   3.7123746e-01   7.4218619e-02
   3.7458194e-01   7.4212073e-02
   3.7792642e-01   7.4198786e-02
   3.8127090e-01   7.4178788e-02
   3.8461538e-01   7.4152109e-02
   3.8795987e-01   7.4118780e-02
   3.9130435e-01   7.4078830e-02
   3.9464883e-01   7.4032289e-02
   3.9799331e-01   7.3979188e-02
   4.0133779e-01   7.3919557e-02
   4.0468227e-01   7.3853426e-02
   4.0802676e-01   7.3780824e-02
   4.1137124e-01   7.3701783e-02
   4.1471572e-01   7.3616333e-02
   4.1806020e-01   7.3524505e-02
   4.2140468e-01   7.3426328e-02
   4.2474916e-01   7.3321834e-02
   4.2809365e-01   7.3211054e-02
   4.3143813e-01   7.3094018e-02
   4.3478261e-01   7.2970758e-02
   4.3812709e-01   7.2841305e-02
   4.4147157e-01   7.2705691e-02
   4.4481605e-01   7.2563948e-02
   4.4816054e-01   7.2416106e-02
   4.5150502e-01   7.2262199e-02
   4.5484950e-01   7.2102258e-02
   4.5819398e-01   7.1936316e-02
   4.6153846e-01   7.1764407e-02
   4.6488294e-01   7.1586561e-02
   4.6822742e-01   7.1402814e-02
   4.7157191e-01   7.1213198e-02
   4.7491639e-01   7.1017747e-02
   4.7826087e-01   7.0816495e-02
   4.8160535e-01   7.0609476e-02
   4.8494983e-01   7.0396724e-02
   4.8829431e-01   7.0178275e-02
   4.9163880e-01   6.9954163e-02
   4.9498328e-01   6.9724424e-02
   4.9832776e-01   6.9489092e-02
   5.0167224e-01   6.9248205e-02
   5.0501672e-01   6.9001798e-02
   5.0836120e-01   6.8749908e-02
   5.1170569e-01   6.8492571e-02
   5.1505017e-01   6.8229825e-02
   5.1839465e-01   6.7961707e-02
   5.2173913e-01   6.7688255e-02
   5.2508361e-01   6.7409507e-02
   5.2842809e-01   6.7125501e-02
   5.3177258e-01   6.6836276e-02
   5.3511706e-01   6.6541872e-02
   5.3846154e-01   6.6242327e-02
   5.4180602e-01   6.5937682e-02
   5.4515050e-01   6.5627977e-02
   5.4849498e-01   6.5313252e-02
   5.5183946e-01   6.4993549e-02
   5.5518395e-01   6.4668908e-02
   5.5852843e-01   6.4339370e-02
   5.6187291e-01   6.4004980e-02
   5.6521739e-01   6.3665777e-02
   5.6856187e-01   6.3321806e-02
   5.7190635e-01   6.2973109e-02
   5.7525084e-01   6.2619731e-02
   5.7859532e-01   6.2261714e-02
   5.8193980e-01   6.1899104e-02
   5.8528428e-01   6.1531944e-02
   5.8862876e-01   6.1160281e-02
   5.9197324e-01   6.0784159e-02
   5.9531773e-01   6.0403625e-02
   5.9866221e-01   6.0018725e-02
   6.0200669e-01   5.9629506e-02
   6.0535117e-01   5.9236014e-02
   6.0869565e-01   5.8838298e-02
   6.1204013e-01   5.8436406e-02
   6.1538462e-01   5.8030385e-02
   6.1872910e-01   5.7620285e-02
   6.2207358e-01   5.7206155e-02
   6.2541806e-01   5.6788045e-02
   6.2876254e-01   5.6366005e-02
   6.3210702e-01   5.5940085e-02
   6.3545151e-01   5.5510337e-02
   6.3879599e-01   5.5076811e-02
   6.4214047e-01   5.4639561e-02
   6.4548495e-01   5.4198638e-02
   6.4882943e-01   5.3754094e-02
   6.5217391e-01   5.3305984e-02
   6.5551839e-01   5.2854360e-02
   6.5886288e-01   5.2399278e-02
   6.6220736e-01   5.1940791e-02
   6.6555184e-01   5.1478955e-02
   6.6889632e-01   5.1013825e-02
   6.7224080e-01   5.0545457e-02
   6.7558528e-01   5.0073907e-02
   6.7892977e-01   4.9599233e-02
   6.8227425e-01   4.9121491e-02
   6.8561873e-01   4.8640740e-02
   6.8896321e-01   4.8157038e-02
   6.9230769e-01   4.7670444e-02
   6.9565217e-01   4.7181016e-02
   6.9899666e-01   4.6688814e-02
   7.0234114e-01   4.6193900e-02
   7.0568562e-01   4.5696333e-02
   7.0903010e-01   4.5196174e-02
   7.1237458e-01   4.4693485e-02
   7.1571906e-01   4.4188329e-02
   7.1906355e-01   4.3680767e-02
   7.2240803e-01   4.3170864e-02
   7.2575251e-01   4.2658682e-02
   7.2909699e-01   4.2144285e-02
   7.3244147e-01   4.1627738e-02
   7.3578595e-01   4.1109106e-02
   7.3913043e-01   4.0588455e-02
   7.4247492e-01   4.0065851e-02
   7.4581940e-01   3.9541360e-02
   7.4916388e-01   3.9015049e-02
   7.5250836e-01   3.8486986e-02
   7.5585284e-01   3.7957238e-02
   7.5919732e-01   3.7425875e-02
   7.6254181e-01   3.6892965e-02
   7.6588629e-01   3.6358578e-02
   7.6923077e-01   3.5822784e-02
   7.7257525e-01   3.5285653e-02
   7.7591973e-01   3.4747257e-02
   7.7926421e-01   3.4207667e-02
   7.8260870e-01   3.3666955e-02
   7.8595318e-01   3.3125194e-02
   7.8929766e-01   3.2582456e-02
   7.9264214e-01   3.2038817e-02
   7.9598662e-01   3.1494349e-02
   7.9933110e-01   3.0949128e-02
   8.0267559e-01   3.0403228e-02
   8.0602007e-01   2.9856725e-02
   8.0936455e-01   2.9309696e-02
   8.1270903e-01   2.8762218e-02
   8.1605351e-01   2.8214367e-02
   8.1939799e-01   2.7666221e-02
   8.2274247e-01   2.7117859e-02
   8.2608696e-01   2.6569360e-02
   8.2943144e-01   2.6020803e-02
   8.3277592e-01   2.5472269e-02
   8.3612040e-01   2.4923836e-02
   8.3946488e-01   2.4375588e-02
   8.4280936e-01   2.3827604e-02
   8.4615385e-01   2.3279968e-02
   8.4949833e-01   2.2732761e-02
   8.5284281e-01   2.2186068e-02
   8.5618729e-01   2.1639971e-02
   8.5953177e-01   2.1094555e-02
   8.6287625e-01   2.0549905e-02
   8.6622074e-01   2.0006105e-02
   8.6956522e-01   1.9463243e-02
   8.7290970e-01   1.8921405e-02
   8.7625418e-01   1.8380676e-02
   8.7959866e-01   1.7841146e-02
   8.8294314e-01   1.7302901e-02
   8.8628763e-01   1.6766031e-02
   8.8963211e-01   1.6230625e-02
   8.9297659e-01   1.5696772e-02
   8.9632107e-01   1.5164563e-02
   8.9966555e-01   1.4634088e-02
   9.0301003e-01   1.4105440e-02
   9.0635452e-01   1.3578709e-02
   9.0969900e-01   1.3053989e-02
   9.1304348e-01   1.2531373e-02
   9.1638796e-01   1.2010953e-02
   9.1973244e-01   1.1492825e-02
   9.2307692e-01   1.0977083e-02
   9.2642140e-01   1.0463823e-02
   9.2976589e-01   9.9531393e-03
   9.3311037e-01   9.4451298e-03
   9.3645485e-01   8.9398910e-03
   9.3979933e-01   8.4375205e-03
   9.4314381e-01   7.9381164e-03
   9.4648829e-01   7.4417776e-03
   9.4983278e-01   6.9486033e-03
   9.5317726e-01   6.4586933e-03
   9.5652174e-01   5.9721480e-03
   9.5986622e-01   5.4890686e-03
   9.6321070e-01   5.0095565e-03
   9.6655518e-01   4.5337139e-03
   9.6989967e-01   4.0616436e-03
   9.7324415e-01   3.5934489e-03
   9.7658863e-01   3.1292336e-03
   9.7993311e-01   2.6691022e-03
   9.8327759e-01   2.2131599e-03
   9.8662207e-01   1.7615121e-03
   9.8996656e-01   1.3142651e-03
   9.9331104e-01   8.7152575e-04
   9.9665552e-01   4.3340140e-04
   1.0000000e+00   0.0000000e+00
   1.0000000e+00   0.0000000e+00
   9.9665552e-01  -4.3340139e-04
   9.9331104e-01  -8.7152575e-04
   9.8996656e-01  -1.3142651e-03
   9.8662207e-01  -1.7615121e-03
   9.8327759e-01  -2.2131598e-03
   9.7993311e-01  -2.6691022e-03
   9.7658863e-01  -3.1292336e-03
   9.7324415e-01  -3.5934489e-03
   9.6989967e-01  -4.0616436e-03
   9.6655518e-01  -4.5337139e-03
   9.6321070e-01  -5.0095565e-03
   9.5986622e-01  -5.4890686e-03
   9.5652174e-01  -5.9721481e-03
   9.5317726e-01  -6.4586933e-03
   9.4983278e-01  -6.9486033e-03
   9.4648829e-01  -7.4417777e-03
   9.4314381e-01  -7.9381165e-03
   9.3979933e-01  -8.4375206e-03
   9.3645485e-01  -8.9398911e-03
   9.3311037e-01  -9.4451299e-03
   9.2976589e-01  -9.9531395e-03
   9.2642140e-01  -1.0463823e-02
   9.2307692e-01  -1.0977083e-02
   9.1973244e-01  -1.1492825e-02
   9.1638796e-01  -1.2010953e-02
   9.1304348e-01  -1.2531373e-02
   9.0969900e-01  -1.3053989e-02
   9.0635452e-01  -1.3578710e-02
   9.0301003e-01  -1.4105440e-02
   8.9966555e-01  -1.4634089e-02
   8.9632107e-01  -1.5164563e-02
   8.9297659e-01  -1.5696772e-02
   8.8963211e-01  -1.6230625e-02
   8.8628763e-01  -1.6766031e-02
   8.8294314e-01  -1.7302901e-02
   8.7959866e-01  -1.7841146e-02
   8.7625418e-01  -1.8380676e-02
   8.7290970e-01  -1.8921405e-02
   8.6956522e-01  -1.9463244e-02
   8.6622074e-01  -2.0006106e-02
   8.6287625e-01  -2.0549905e-02
   8.5953177e-01  -2.1094555e-02
   8.5618729e-01  -2.1639971e-02
   8.5284281e-01  -2.2186068e-02
   8.4949833e-01  -2.2732762e-02
   8.4615385e-01  -2.3279968e-02
   8.4280936e-01  -2.3827605e-02
   8.3946488e-01  -2.4375588e-02
   8.3612040e-01  -2.4923837e-02
   8.3277592e-01  -2.5472269e-02
   8.2943144e-01  -2.6020804e-02
   8.2608696e-01  -2.6569361e-02
   8.2274247e-01  -2.7117860e-02
   8.1939799e-01  -2.7666222e-02
   8.1605351e-01  -2.8214367e-02
   8.1270903e-01  -2.8762218e-02
   8.0936455e-01  -2.9309697e-02
   8.0602007e-01  -2.9856726e-02
   8.0267559e-01  -3.0403228e-02
   7.9933110e-01  -3.0949128e-02
   7.9598662e-01  -3.1494350e-02
   7.9264214e-01  -3.2038818e-02
   7.8929766e-01  -3.2582457e-02
   7.8595318e-01  -3.3125194e-02
   7.8260870e-01  -3.3666956e-02
   7.7926421e-01  -3.4207668e-02
   7.7591973e-01  -3.4747258e-02
   7.7257525e-01  -3.5285654e-02
   7.6923077e-01  -3.5822785e-02
   7.6588629e-01  -3.6358579e-02
   7.6254181e-01  -3.6892966e-02
   7.5919732e-01  -3.7425876e-02
   7.5585284e-01  -3.7957239e-02
   7.5250836e-01  -3.8486987e-02
   7.4916388e-01  -3.9015050e-02
   7.4581940e-01  -3.9541361e-02
   7.4247492e-01  -4.0065852e-02
   7.3913043e-01  -4.0588456e-02
   7.3578595e-01  -4.1109107e-02
   7.3244147e-01  -4.1627739e-02
   7.2909699e-01  -4.2144286e-02
   7.2575251e-01  -4.2658683e-02
   7.2240803e-01  -4.3170865e-02
   7.1906355e-01  -4.3680768e-02
   7.1571906e-01  -4.4188330e-02
   7.1237458e-01  -4.4693486e-02
   7.0903010e-01  -4.5196175e-02
   7.0568562e-01  -4.5696334e-02
   7.0234114e-01  -4.6193901e-02
   6.9899666e-01  -4.6688816e-02
   6.9565217e-01  -4.7181017e-02
   6.9230769e-01  -4.7670445e-02
   6.8896321e-01  -4.8157039e-02
   6.8561873e-01  -4.8640741e-02
   6.8227425e-01  -4.9121492e-02
   6.7892977e-01  -4.9599234e-02
   6.7558528e-01  -5.0073908e-02
   6.7224080e-01  -5.0545458e-02
   6.6889632e-01  -5.1013826e-02
   6.6555184e-01  -5.1478956e-02
   6.6220736e-01  -5.1940792e-02
   6.5886288e-01  -5.2399279e-02
   6.5551839e-01  -5.2854361e-02
   6.5217391e-01  -5.3305985e-02
   6.4882943e-01  -5.3754095e-02
   6.4548495e-01  -5.4198639e-02
   6.4214047e-01  -5.4639562e-02
   6.3879599e-01  -5.5076812e-02
   6.3545151e-01  -5.5510338e-02
   6.3210702e-01  -5.5940086e-02
   6.2876254e-01  -5.6366006e-02
   6.2541806e-01  -5.6788046e-02
   6.2207358e-01  -5.7206156e-02
   6.1872910e-01  -5.7620286e-02
   6.1538462e-01  -5.8030386e-02
   6.1204013e-01  -5.8436407e-02
   6.0869565e-01  -5.8838299e-02
   6.0535117e-01  -5.9236015e-02
   6.0200669e-01  -5.9629507e-02
   5.9866221e-01  -6.0018726e-02
   5.9531773e-01  -6.0403626e-02
   5.9197324e-01  -6.0784160e-02
   5.8862876e-01  -6.1160282e-02
   5.8528428e-01  -6.1531945e-02
   5.8193980e-01  -6.1899104e-02
   5.7859532e-01  -6.2261715e-02
   5.7525084e-01  -6.2619731e-02
   5.7190635e-01  -6.2973110e-02
   5.6856187e-01  -6.3321807e-02
   5.6521739e-01  -6.3665778e-02
   5.6187291e-01  -6.4004980e-02
   5.5852843e-01  -6.4339371e-02
   5.5518395e-01  -6.4668908e-02
   5.5183946e-01  -6.4993549e-02
   5.4849498e-01  -6.5313253e-02
   5.4515050e-01  -6.5627978e-02
   5.4180602e-01  -6.5937683e-02
   5.3846154e-01  -6.6242328e-02
   5.3511706e-01  -6.6541872e-02
   5.3177258e-01  -6.6836277e-02
   5.2842809e-01  -6.7125501e-02
   5.2508361e-01  -6.7409507e-02
   5.2173913e-01  -6.7688255e-02
   5.1839465e-01  -6.7961707e-02
   5.1505017e-01  -6.8229825e-02
   5.1170569e-01  -6.8492571e-02
   5.0836120e-01  -6.8749908e-02
   5.0501672e-01  -6.9001798e-02
   5.0167224e-01  -6.9248205e-02
   4.9832776e-01  -6.9489093e-02
   4.9498328e-01  -6.9724424e-02
   4.9163880e-01  -6.9954163e-02
   4.8829431e-01  -7.0178275e-02
   4.8494983e-01  -7.0396724e-02
   4.8160535e-01  -7.0609476e-02
   4.7826087e-01  -7.0816495e-02
   4.7491639e-01  -7.1017747e-02
   4.7157191e-01  -7.1213198e-02
   4.6822742e-01  -7.1402814e-02
   4.6488294e-01  -7.1586561e-02
   4.6153846e-01  -7.1764407e-02
   4.5819398e-01  -7.1936316e-02
   4.5484950e-01  -7.2102258e-02
   4.5150502e-01  -7.2262199e-02
   4.4816054e-01  -7.2416106e-02
   4.4481605e-01  -7.2563948e-02
   4.4147157e-01  -7.2705691e-02
   4.3812709e-01  -7.2841305e-02
   4.3478261e-01  -7.2970758e-02
   4.3143813e-01  -7.3094018e-02
   4.2809365e-01  -7.3211054e-02
   4.2474916e-01  -7.3321834e-02
   4.2140468e-01  -7.3426328e-02
   4.1806020e-01  -7.3524504e-02
   4.1471572e-01  -7.3616333e-02
   4.1137124e-01  -7.3701783e-02
   4.0802676e-01  -7.3780824e-02
   4.0468227e-01  -7.3853425e-02
   4.0133779e-01  -7.3919557e-02
   3.9799331e-01  -7.3979188e-02
   3.9464883e-01  -7.4032289e-02
   3.9130435e-01  -7.4078830e-02
   3.8795987e-01  -7.4118780e-02
   3.8461538e-01  -7.4152109e-02
   3.8127090e-01  -7.4178788e-02
   3.7792642e-01  -7.4198786e-02
   3.7458194e-01  -7.4212073e-02
   3.7123746e-01  -7.4218619e-02
   3.6789298e-01  -7.4218394e-02
   3.6454849e-01  -7.4211368e-02
   3.6120401e-01  -7.4197509e-02
   3.5785953e-01  -7.4176789e-02
   3.5451505e-01  -7.4149176e-02
   3.5117057e-01  -7.4114639e-02
   3.4782609e-01  -7.4073148e-02
   3.4448161e-01  -7.4024671e-02
   3.4113712e-01  -7.3969178e-02
   3.3779264e-01  -7.3906636e-02
   3.3444816e-01  -7.3837014e-02
   3.3110368e-01  -7.3760279e-02
   3.2775920e-01  -7.3676400e-02
   3.2441472e-01  -7.3585343e-02
   3.2107023e-01  -7.3487075e-02
   3.1772575e-01  -7.3381563e-02
   3.1438127e-01  -7.3268772e-02
   3.1103679e-01  -7.3148668e-02
   3.0769231e-01  -7.3021217e-02
   3.0434783e-01  -7.2886382e-02
   3.0100334e-01  -7.2744127e-02
   2.9765886e-01  -7.2594415e-02
   2.9431438e-01  -7.2437210e-02
   2.9096990e-01  -7.2272472e-02
   2.8762542e-01  -7.2100162e-02
   2.8428094e-01  -7.1920242e-02
   2.8093645e-01  -7.1732669e-02
   2.7759197e-01  -7.1537403e-02
   2.7424749e-01  -7.1334400e-02
   2.7090301e-01  -7.1123617e-02
   2.6755853e-01  -7.0905009e-02
   2.6421405e-01  -7.0678530e-02
   2.6086957e-01  -7.0444133e-02
   2.5752508e-01  -7.0201768e-02
   2.5418060e-01  -6.9951386e-02
   2.5083612e-01  -6.9692935e-02
   2.4749164e-01  -6.9426361e-02
   2.4414716e-01  -6.9151609e-02
   2.4080268e-01  -6.8868623e-02
   2.3745819e-01  -6.8577343e-02
   2.3411371e-01  -6.8277709e-02
   2.3076923e-01  -6.7969657e-02
   2.2742475e-01  -6.7653122e-02
   2.2408027e-01  -6.7328035e-02
   2.2073579e-01  -6.6994327e-02
   2.1739130e-01  -6.6651924e-02
   2.1404682e-01  -6.6300748e-02
   2.1070234e-01  -6.5940721e-02
   2.0735786e-01  -6.5571760e-02
   2.0401338e-01  -6.5193777e-02
   2.0066890e-01  -6.4806682e-02
   1.9732441e-01  -6.4410381e-02
   1.9397993e-01  -6.4004775e-02
   1.9063545e-01  -6.3589759e-02
   1.8729097e-01  -6.3165226e-02
   1.8394649e-01  -6.2731061e-02
   1.8060201e-01  -6.2287143e-02
   1.7725753e-01  -6.1833349e-02
   1.7391304e-01  -6.1369544e-02
   1.7056856e-01  -6.0895589e-02
   1.6722408e-01  -6.0411337e-02
   1.6387960e-01  -5.9916633e-02
   1.6053512e-01  -5.9411312e-02
   1.5719064e-01  -5.8895202e-02
   1.5384615e-01  -5.8368118e-02
   1.5050167e-01  -5.7829864e-02
   1.4715719e-01  -5.7280236e-02
   1.4381271e-01  -5.6719012e-02
   1.4046823e-01  -5.6145959e-02
   1.3712375e-01  -5.5560827e-02
   1.3377926e-01  -5.4963351e-02
   1.3043478e-01  -5.4353247e-02
   1.2709030e-01  -5.3730210e-02
   1.2374582e-01  -5.3093915e-02
   1.2040134e-01  -5.2444013e-02
   1.1705686e-01  -5.1780126e-02
   1.1371237e-01  -5.1101849e-02
   1.1036789e-01  -5.0408747e-02
   1.0702341e-01  -4.9700344e-02
   1.0367893e-01  -4.8976129e-02
   1.0033445e-01  -4.8235544e-02
   9.6989967e-02  -4.7477982e-02
   9.3645485e-02  -4.6702782e-02
   9.0301003e-02  -4.5909216e-02
   8.6956522e-02  -4.5096490e-02
   8.3612040e-02  -4.4263724e-02
   8.0267559e-02  -4.3409948e-02
   7.6923077e-02  -4.2534086e-02
   7.3578595e-02  -4.1634936e-02
   7.0234114e-02  -4.0711156e-02
   6.6889632e-02  -3.9761234e-02
   6.3545151e-02  -3.8783464e-02
   6.0200669e-02  -3.7775903e-02
   5.6856187e-02  -3.6736327e-02
   5.3511706e-02  -3.5662172e-02
   5.0167224e-02  -3.4550460e-02
   4.6822742e-02  -3.3397695e-02
   4.3478261e-02  -3.2199734e-02
   4.0133779e-02  -3.0951609e-02
   3.6789298e-02  -2.9647276e-02
   3.3444816e-02  -2.8279268e-02
   3.0100334e-02  -2.6838175e-02
   2.6755853e-02  -2.5311863e-02
   2.3411371e-02  -2.3684235e-02
   2.0066890e-02  -2.1933150e-02
   1.6722408e-02  -2.0026693e-02
   1.3377926e-02  -1.7915828e-02
   1.0033445e-02  -1.5517936e-02
   6.6889632e-03  -1.2671806e-02
   3.3444816e-03  -8.9610209e-03
   0.0000000e+00  -0.0000000e+00
