   0.0000000e+00   0.0000000e+00
   3.3444816e-03   8.5561863e-03
   6.6889632e-03   1.2248490e-02
   1.0033445e-02   1.5178045e-02
   1.3377926e-02   1.7724775e-02
   1.6722408e-02   2.0033012e-02
   2.0066890e-02   2.2175277e-02
   2.3411371e-02   2.4193716e-02
   2.6755853e-02   2.6115155e-02
   3.0100334e-02   2.7957765e-02
   3.3444816e-02   2.9734428e-02
   3.6789298e-02   3.1454601e-02
   4.0133779e-02   3.3125413e-02
   4.3478261e-02   3.4752360e-02
   4.6822742e-02   3.6339752e-02
   5.0167224e-02   3.7891023e-02
   5.3511706e-02   3.9408938e-02
   5.6856187e-02   4.0895752e-02
   6.0200669e-02   4.2353318e-02
   6.3545151e-02   4.3783170e-02
   6.6889632e-02   4.5186589e-02
   7.0234114e-02   4.6564647e-02
   7.3578595e-02   4.7918252e-02
   7.6923077e-02   4.9248169e-02
   8.0267559e-02   5.0555051e-02
   8.3612040e-02   5.1839457e-02
   8.6956522e-02   5.3101862e-02
   9.0301003e-02   5.4342679e-02
   9.3645485e-02   5.5562261e-02
   9.6989967e-02   5.6760914e-02
   1.0033445e-01   5.7938905e-02
   1.0367893e-01   5.9096463e-02
   1.0702341e-01   6.0233792e-02
   1.1036789e-01   6.1351068e-02
   1.1371237e-01   6.2448446e-02
   1.1705686e-01   6.3526066e-02
   1.2040134e-01   6.4584047e-02
   1.2374582e-01   6.5622501e-02
   1.2709030e-01   6.6641524e-02
   1.3043478e-01   6.7641206e-02
   1.3377926e-01   6.8621628e-02
   1.3712375e-01   6.9582863e-02
   1.4046823e-01   7.0524981e-02
   1.4381271e-01   7.1448046e-02
   1.4715719e-01   7.2352120e-02
   1.5050167e-01   7.3237261e-02
   1.5384615e-01   7.4103524e-02
   1.5719064e-01   7.4950965e-02
   1.6053512e-01   7.5779637e-02
   1.6387960e-01   7.6589594e-02
   1.6722408e-01   7.7380887e-02
   1.7056856e-01   7.8153569e-02
   1.7391304e-01   7.8907695e-02
   1.7725753e-01   7.9643319e-02
   1.8060201e-01   8.0360494e-02
   1.8394649e-01   8.1059279e-02
   1.8729097e-01   8.1739729e-02
   1.9063545e-01   8.2401904e-02
   1.9397993e-01   8.3045864e-02
   1.9732441e-01   8.3671672e-02
   2.0066890e-01   8.4279392e-02
   2.0401338e-01   8.4869089e-02
   2.0735786e-01   8.5440831e-02
   2.1070234e-01   8.5994689e-02
   2.1404682e-01   8.6530734e-02
   2.1739130e-01   8.7049039e-02
   2.2073579e-01   8.7549682e-02
   2.2408027e-01   8.8032740e-02
   2.2742475e-01   8.8498293e-02
   2.3076923e-01   8.8946425e-02
   2.3411371e-01   8.9377220e-02
   2.3745819e-01   8.9790764e-02
   2.4080268e-01   9.0187147e-02
   2.4414716e-01   9.0566460e-02
   2.4749164e-01   9.0928796e-02
   2.5083612e-01   9.1274251e-02
   2.5418060e-01   9.1602922e-02
   2.5752508e-01   9.1914908e-02
   2.6086957e-01   9.2210313e-02
   2.6421405e-01   9.2489238e-02
   2.6755853e-01   9.2751791e-02
   2.7090301e-01   9.2998078e-02
   2.7424749e-01   9.3228210e-02
   2.7759197e-01   9.3442298e-02
   2.8093645e-01   9.3640455e-02
   2.8428094e-01   9.3822797e-02
   2.8762542e-01   9.3989441e-02
   2.9096990e-01   9.4140507e-02
   2.9431438e-01   9.4276114e-02
   2.9765886e-01   9.4396385e-02
   3.0100334e-01   9.4501445e-02
   3.0434783e-01   9.4591420e-02
   3.0769231e-01   9.4666436e-02
   3.1103679e-01   9.4726622e-02
   3.1438127e-01   9.4772110e-02
   3.1772575e-01   9.4803032e-02
   3.2107023e-01   9.4819520e-02
   3.2441472e-01   9.4821711e-02
   3.2775920e-01   9.4809739e-02
   3.3110368e-01   9.4783744e-02
   3.3444816e-01   9.4743863e-02
   3.3779264e-01   9.4690238e-02
   3.4113712e-01   9.4623010e-02
   3.4448161e-01   9.4542321e-02
   3.4782609e-01   9.4448316e-02
   3.5117057e-01   9.4341140e-02
   3.5451505e-01   9.4220939e-02
   3.5785953e-01   9.4087860e-02
   3.6120401e-01   9.3942051e-02
   3.6454849e-01   9.3783662e-02
   3.6789298e-01   9.3612843e-02
   3.7123746e-01   9.3429745e-02
   3.7458194e-01   9.3234520e-02
   3.7792642e-01   9.3027321e-02
   3.8127090e-01   9.2808301e-02
   3.8461538e-01   9.2577616e-02
   3.8795987e-01   9.2335420e-02
   3.9130435e-01   9.2081868e-02
   3.9464883e-01   9.1817119e-02
   3.9799331e-01   9.1541328e-02
   4.0133779e-01   9.1254654e-02
   4.0468227e-01   9.0957255e-02
   4.0802676e-01   9.0649290e-02
   4.1137124e-01   9.0330919e-02
   4.1471572e-01   9.0002300e-02
   4.1806020e-01   8.9663595e-02
   4.2140468e-01   8.9314965e-02
   4.2474916e-01   8.8956570e-02
   4.2809365e-01   8.8588571e-02
   4.3143813e-01   8.8211132e-02
   4.3478261e-01   8.7824413e-02
   4.3812709e-01   8.7428576e-02
   4.4147157e-01   8.7023786e-02
   4.4481605e-01   8.6610203e-02
   4.4816054e-01   8.6187991e-02
   4.5150502e-01   8.5757313e-02
   4.5484950e-01   8.5318332e-02
   4.5819398e-01   8.4871211e-02
   4.6153846e-01   8.4416113e-02
   4.6488294e-01   8.3953201e-02
   4.6822742e-01   8.3482639e-02
   4.7157191e-01   8.3004589e-02
   4.7491639e-01   8.2519215e-02
   4.7826087e-01   8.2026679e-02
   4.8160535e-01   8.1527144e-02
   4.8494983e-01   8.1020773e-02
   4.8829431e-01   8.0507728e-02
   4.9163880e-01   7.9988171e-02
   4.9498328e-01   7.9462265e-02
   4.9832776e-01   7.8930170e-02
   5.0167224e-01   7.8392048e-02
   5.0501672e-01   7.7848060e-02
   5.0836120e-01   7.7298367e-02
   5.1170569e-01   7.6743128e-02
   5.1505017e-01   7.6182505e-02
   5.1839465e-01   7.5616655e-02
   5.2173913e-01   7.5045739e-02
   5.2508361e-01   7.4469914e-02
   5.2842809e-01   7.3889339e-02
   5.3177258e-01   7.3304171e-02
   5.3511706e-01   7.2714566e-02
   5.3846154e-01   7.2120681e-02
   5.4180602e-01   7.1522671e-02
   5.4515050e-01   7.0920692e-02
   5.4849498e-01   7.0314898e-02
   5.5183946e-01   6.9705443e-02
   5.5518395e-01   6.9092478e-02
   5.5852843e-01   6.8476157e-02
   5.6187291e-01   6.7856631e-02
   5.6521739e-01   6.7234051e-02
   5.6856187e-01   6.6608566e-02
   5.7190635e-01   6.5980325e-02
   5.7525084e-01   6.5349477e-02
   5.7859532e-01   6.4716169e-02
   5.8193980e-01   6.4080547e-02
   5.8528428e-01   6.3442756e-02
   5.8862876e-01   6.2802941e-02
   5.9197324e-01   6.2161246e-02
   5.9531773e-01   6.1517813e-02
   5.9866221e-01   6.0872783e-02
   6.0200669e-01   6.0226298e-02
   6.0535117e-01   5.9578495e-02
   6.0869565e-01   5.8929515e-02
   6.1204013e-01   5.8279494e-02
   6.1538462e-01   5.7628568e-02
   6.1872910e-01   5.6976872e-02
   6.2207358e-01   5.6324540e-02
   6.2541806e-01   5.5671704e-02
   6.2876254e-01   5.5018496e-02
   6.3210702e-01   5.4365047e-02
   6.3545151e-01   5.3711484e-02
   6.3879599e-01   5.3057937e-02
   6.4214047e-01   5.2404530e-02
   6.4548495e-01   5.1751390e-02
   6.4882943e-01   5.1098639e-02
   6.5217391e-01   5.0446401e-02
   6.5551839e-01   4.9794796e-02
   6.5886288e-01   4.9143945e-02
   6.6220736e-01   4.8493964e-02
   6.6555184e-01   4.7844971e-02
   6.6889632e-01   4.7197081e-02
   6.7224080e-01   4.6550409e-02
   6.7558528e-01   4.5905066e-02
   6.7892977e-01   4.5261163e-02
   6.8227425e-01   4.4618810e-02
   6.8561873e-01   4.3978115e-02
   6.8896321e-01   4.3339183e-02
   6.9230769e-01   4.2702120e-02
   6.9565217e-01   4.2067028e-02
   6.9899666e-01   4.1434008e-02
   7.0234114e-01   4.0803162e-02
   7.0568562e-01   4.0174586e-02
   7.0903010e-01   3.9548377e-02
   7.1237458e-01   3.8924630e-02
   7.1571906e-01   3.8303438e-02
   7.1906355e-01   3.7684892e-02
   7.2240803e-01   3.7069082e-02
   7.2575251e-01   3.6456095e-02
   7.2909699e-01   3.5846018e-02
   7.3244147e-01   3.5238935e-02
   7.3578595e-01   3.4634927e-02
   7.3913043e-01   3.4034077e-02
   7.4247492e-01   3.3436461e-02
   7.4581940e-01   3.2842158e-02
   7.4916388e-01   3.2251241e-02
   7.5250836e-01   3.1663785e-02
   7.5585284e-01   3.1079860e-02
   7.5919732e-01   3.0499534e-02
   7.6254181e-01   2.9922877e-02
   7.6588629e-01   2.9349952e-02
   7.6923077e-01   2.8780822e-02
   7.7257525e-01   2.8215550e-02
   7.7591973e-01   2.7654194e-02
   7.7926421e-01   2.7096811e-02
   7.8260870e-01   2.6543456e-02
   7.8595318e-01   2.5994183e-02
   7.8929766e-01   2.5449042e-02
   7.9264214e-01   2.4908082e-02
   7.9598662e-01   2.4371349e-02
   7.9933110e-01   2.3838889e-02
   8.0267559e-01   2.3310744e-02
   8.0602007e-01   2.2786953e-02
   8.0936455e-01   2.2267555e-02
   8.1270903e-01   2.1752586e-02
   8.1605351e-01   2.1242078e-02
   8.1939799e-01   2.0736065e-02
   8.2274247e-01   2.0234574e-02
   8.2608696e-01   1.9737632e-02
   8.2943144e-01   1.9245264e-02
   8.3277592e-01   1.8757492e-02
   8.3612040e-01   1.8274337e-02
   8.3946488e-01   1.7795815e-02
   8.4280936e-01   1.7321942e-02
   8.4615385e-01   1.6852731e-02
   8.4949833e-01   1.6388192e-02
   8.5284281e-01   1.5928334e-02
   8.5618729e-01   1.5473162e-02
   8.5953177e-01   1.5022679e-02
   8.6287625e-01   1.4576887e-02
   8.6622074e-01   1.4135784e-02
   8.6956522e-01   1.3699365e-02
   8.7290970e-01   1.3267624e-02
   8.7625418e-01   1.2840553e-02
   8.7959866e-01   1.2418139e-02
   8.8294314e-01   1.2000368e-02
   8.8628763e-01   1.1587224e-02
   8.8963211e-01   1.1178689e-02
   8.9297659e-01   1.0774739e-02
   8.9632107e-01   1.0375351e-02
   8.9966555e-01   9.9804973e-03
   9.0301003e-01   9.5901493e-03
   9.0635452e-01   9.2042744e-03
   9.0969900e-01   8.8228379e-03
   9.1304348e-01   8.4458024e-03
   9.1638796e-01   8.0731277e-03
   9.1973244e-01   7.7047711e-03
   9.2307692e-01   7.3406871e-03
   9.2642140e-01   6.9808274e-03
   9.2976589e-01   6.6251413e-03
   9.3311037e-01   6.2735751e-03
   9.3645485e-01   5.9260723e-03
   9.3979933e-01   5.5825739e-03
   9.4314381e-01   5.2430178e-03
   9.4648829e-01   4.9073393e-03
   9.4983278e-01   4.5754710e-03
   9.5317726e-01   4.2473425e-03
   9.5652174e-01   3.9228805e-03
   9.5986622e-01   3.6020091e-03
   9.6321070e-01   3.2846494e-03
   9.6655518e-01   2.9707196e-03
   9.6989967e-01   2.6601351e-03
   9.7324415e-01   2.3528083e-03
   9.7658863e-01   2.0486488e-03
   9.7993311e-01   1.7475631e-03
   9.8327759e-01   1.4494551e-03
   9.8662207e-01   1.1542253e-03
   9.8996656e-01   8.6177165e-04
   9.9331104e-01   5.7198884e-04
   9.9665552e-01   2.8476869e-04
   1.0000000e+00   0.0000000e+00
   1.0000000e+00   0.0000000e+00
   9.9665552e-01  -4.0775334e-04
   9.9331104e-01  -8.0646651e-04
   9.8996656e-01  -1.1961025e-03
   9.8662207e-01  -1.5766265e-03
   9.8327759e-01  -1.9480062e-03
   9.7993311e-01  -2.3102115e-03
   9.7658863e-01  -2.6632143e-03
   9.7324415e-01  -3.0069892e-03
   9.6989967e-01  -3.3415128e-03
   9.6655518e-01  -3.6667639e-03
   9.6321070e-01  -3.9827236e-03
   9.5986622e-01  -4.2893753e-03
   9.5652174e-01  -4.5867045e-03
   9.5317726e-01  -4.8746989e-03
   9.4983278e-01  -5.1533484e-03
   9.4648829e-01  -5.4226449e-03
   9.4314381e-01  -5.6825828e-03
   9.3979933e-01  -5.9331584e-03
   9.3645485e-01  -6.1743701e-03
   9.3311037e-01  -6.4062185e-03
   9.2976589e-01  -6.6287064e-03
   9.2642140e-01  -6.8418384e-03
   9.2307692e-01  -7.0456216e-03
   9.1973244e-01  -7.2400648e-03
   9.1638796e-01  -7.4251789e-03
   9.1304348e-01  -7.6009772e-03
   9.0969900e-01  -7.7674745e-03
   9.0635452e-01  -7.9246880e-03
   9.0301003e-01  -8.0726367e-03
   8.9966555e-01  -8.2113418e-03
   8.9632107e-01  -8.3408263e-03
   8.9297659e-01  -8.4611152e-03
   8.8963211e-01  -8.5722354e-03
   8.8628763e-01  -8.6742160e-03
   8.8294314e-01  -8.7670877e-03
   8.7959866e-01  -8.8508832e-03
   8.7625418e-01  -8.9256374e-03
   8.7290970e-01  -8.9913866e-03
   8.6956522e-01  -9.0481693e-03
   8.6622074e-01  -9.0960258e-03
   8.6287625e-01  -9.1349982e-03
   8.5953177e-01  -9.1651304e-03
   8.5618729e-01  -9.1864683e-03
   8.5284281e-01  -9.1990594e-03
   8.4949833e-01  -9.2029532e-03
   8.4615385e-01  -9.1982007e-03
   8.4280936e-01  -9.1848549e-03
   8.3946488e-01  -9.1629704e-03
   8.3612040e-01  -9.1326038e-03
   8.3277592e-01  -9.0938131e-03
   8.2943144e-01  -9.0466582e-03
   8.2608696e-01  -8.9912006e-03
   8.2274247e-01  -8.9275036e-03
   8.1939799e-01  -8.8556320e-03
   8.1605351e-01  -8.7756524e-03
   8.1270903e-01  -8.6876331e-03
   8.0936455e-01  -8.5916438e-03
   8.0602007e-01  -8.4877559e-03
   8.0267559e-01  -8.3760424e-03
   7.9933110e-01  -8.2565780e-03
   7.9598662e-01  -8.1294389e-03
   7.9264214e-01  -7.9947027e-03
   7.8929766e-01  -7.8524487e-03
   7.8595318e-01  -7.7027577e-03
   7.8260870e-01  -7.5457119e-03
   7.7926421e-01  -7.3813952e-03
   7.7591973e-01  -7.2098928e-03
   7.7257525e-01  -7.0312914e-03
   7.6923077e-01  -6.8456791e-03
   7.6588629e-01  -6.6531456e-03
   7.6254181e-01  -6.4537818e-03
   7.5919732e-01  -6.2476802e-03
   7.5585284e-01  -6.0349344e-03
   7.5250836e-01  -5.8156398e-03
   7.4916388e-01  -5.5898927e-03
   7.4581940e-01  -5.3577911e-03
   7.4247492e-01  -5.1194340e-03
   7.3913043e-01  -4.8749220e-03
   7.3578595e-01  -4.6243567e-03
   7.3244147e-01  -4.3678411e-03
   7.2909699e-01  -4.1054797e-03
   7.2575251e-01  -3.8373778e-03
   7.2240803e-01  -3.5636421e-03
   7.1906355e-01  -3.2843807e-03
   7.1571906e-01  -2.9997026e-03
   7.1237458e-01  -2.7097181e-03
   7.0903010e-01  -2.4145387e-03
   7.0568562e-01  -2.1142769e-03
   7.0234114e-01  -1.8090464e-03
   6.9899666e-01  -1.4989620e-03
   6.9565217e-01  -1.1841395e-03
   6.9230769e-01  -8.6469601e-04
   6.8896321e-01  -5.4074940e-04
   6.8561873e-01  -2.1241871e-04
   6.8227425e-01   1.2017604e-04
   6.7892977e-01   4.5691381e-04
   6.7558528e-01   7.9767261e-04
   6.7224080e-01   1.1423295e-03
   6.6889632e-01   1.4907606e-03
   6.6555184e-01   1.8428410e-03
   6.6220736e-01   2.1984451e-03
   6.5886288e-01   2.5574463e-03
   6.5551839e-01   2.9197171e-03
   6.5217391e-01   3.2851292e-03
   6.4882943e-01   3.6535535e-03
   6.4548495e-01   4.0248601e-03
   6.4214047e-01   4.3989182e-03
   6.3879599e-01   4.7755964e-03
   6.3545151e-01   5.1547624e-03
   6.3210702e-01   5.5362833e-03
   6.2876254e-01   5.9200255e-03
   6.2541806e-01   6.3058546e-03
   6.2207358e-01   6.6936356e-03
   6.1872910e-01   7.0832328e-03
   6.1538462e-01   7.4745101e-03
   6.1204013e-01   7.8673304e-03
   6.0869565e-01   8.2615565e-03
   6.0535117e-01   8.6570502e-03
   6.0200669e-01   9.0536731e-03
   5.9866221e-01   9.4512860e-03
   5.9531773e-01   9.8497495e-03
   5.9197324e-01   1.0248923e-02
   5.8862876e-01   1.0648667e-02
   5.8528428e-01   1.1048841e-02
   5.8193980e-01   1.1449302e-02
   5.7859532e-01   1.1849909e-02
   5.7525084e-01   1.2250520e-02
   5.7190635e-01   1.2650993e-02
   5.6856187e-01   1.3051185e-02
   5.6521739e-01   1.3450953e-02
   5.6187291e-01   1.3850154e-02
   5.5852843e-01   1.4248645e-02
   5.5518395e-01   1.4646281e-02
   5.5183946e-01   1.5042919e-02
   5.4849498e-01   1.5438415e-02
   5.4515050e-01   1.5832625e-02
   5.4180602e-01   1.6225404e-02
   5.3846154e-01   1.6616608e-02
   5.3511706e-01   1.7006092e-02
   5.3177258e-01   1.7393713e-02
   5.2842809e-01   1.7779326e-02
   5.2508361e-01   1.8162785e-02
   5.2173913e-01   1.8543948e-02
   5.1839465e-01   1.8922669e-02
   5.1505017e-01   1.9298804e-02
   5.1170569e-01   1.9672209e-02
   5.0836120e-01   2.0042741e-02
   5.0501672e-01   2.0410255e-02
   5.0167224e-01   2.0774608e-02
   4.9832776e-01   2.1135657e-02
   4.9498328e-01   2.1493258e-02
   4.9163880e-01   2.1847269e-02
   4.8829431e-01   2.2197548e-02
   4.8494983e-01   2.2543952e-02
   4.8160535e-01   2.2886340e-02
   4.7826087e-01   2.3224571e-02
   4.7491639e-01   2.3558503e-02
   4.7157191e-01   2.3887998e-02
   4.6822742e-01   2.4212914e-02
   4.6488294e-01   2.4533113e-02
   4.6153846e-01   2.4848457e-02
   4.5819398e-01   2.5158807e-02
   4.5484950e-01   2.5464026e-02
   4.5150502e-01   2.5763978e-02
   4.4816054e-01   2.6058527e-02
   4.4481605e-01   2.6347537e-02
   4.4147157e-01   2.6630874e-02
   4.3812709e-01   2.6908406e-02
   4.3478261e-01   2.7179999e-02
   4.3143813e-01   2.7445522e-02
   4.2809365e-01   2.7704844e-02
   4.2474916e-01   2.7957836e-02
   4.2140468e-01   2.8204368e-02
   4.1806020e-01   2.8444314e-02
   4.1471572e-01   2.8677547e-02
   4.1137124e-01   2.8903941e-02
   4.0802676e-01   2.9123373e-02
   4.0468227e-01   2.9335720e-02
   4.0133779e-01   2.9540860e-02
   3.9799331e-01   2.9738673e-02
   3.9464883e-01   2.9929040e-02
   3.9130435e-01   3.0111844e-02
   3.8795987e-01   3.0286969e-02
   3.8461538e-01   3.0454300e-02
   3.8127090e-01   3.0613725e-02
   3.7792642e-01   3.0765133e-02
   3.7458194e-01   3.0908413e-02
   3.7123746e-01   3.1043459e-02
   3.6789298e-01   3.1170164e-02
   3.6454849e-01   3.1288425e-02
   3.6120401e-01   3.1398137e-02
   3.5785953e-01   3.1499203e-02
   3.5451505e-01   3.1591522e-02
   3.5117057e-01   3.1674999e-02
   3.4782609e-01   3.1749539e-02
   3.4448161e-01   3.1815051e-02
   3.4113712e-01   3.1871445e-02
   3.3779264e-01   3.1918633e-02
   3.3444816e-01   3.1956530e-02
   3.3110368e-01   3.1985054e-02
   3.2775920e-01   3.2004125e-02
   3.2441472e-01   3.2013664e-02
   3.2107023e-01   3.2013597e-02
   3.1772575e-01   3.2003852e-02
   3.1438127e-01   3.1984359e-02
   3.1103679e-01   3.1955052e-02
   3.0769231e-01   3.1915867e-02
   3.0434783e-01   3.1866744e-02
   3.0100334e-01   3.1807625e-02
   2.9765886e-01   3.1738456e-02
   2.9431438e-01   3.1659186e-02
   2.9096990e-01   3.1569767e-02
   2.8762542e-01   3.1470156e-02
   2.8428094e-01   3.1360311e-02
   2.8093645e-01   3.1240196e-02
   2.7759197e-01   3.1109778e-02
   2.7424749e-01   3.0969028e-02
   2.7090301e-01   3.0817919e-02
   2.6755853e-01   3.0656432e-02
   2.6421405e-01   3.0484549e-02
   2.6086957e-01   3.0302257e-02
   2.5752508e-01   3.0109548e-02
   2.5418060e-01   2.9906419e-02
   2.5083612e-01   2.9692871e-02
   2.4749164e-01   2.9468908e-02
   2.4414716e-01   2.9234544e-02
   2.4080268e-01   2.8989792e-02
   2.3745819e-01   2.8734676e-02
   2.3411371e-01   2.8469220e-02
   2.3076923e-01   2.8193458e-02
   2.2742475e-01   2.7907428e-02
   2.2408027e-01   2.7611173e-02
   2.2073579e-01   2.7304745e-02
   2.1739130e-01   2.6988198e-02
   2.1404682e-01   2.6661597e-02
   2.1070234e-01   2.6325010e-02
   2.0735786e-01   2.5978515e-02
   2.0401338e-01   2.5622196e-02
   2.0066890e-01   2.5256143e-02
   1.9732441e-01   2.4880456e-02
   1.9397993e-01   2.4495241e-02
   1.9063545e-01   2.4100614e-02
   1.8729097e-01   2.3696697e-02
   1.8394649e-01   2.3283625e-02
   1.8060201e-01   2.2861537e-02
   1.7725753e-01   2.2430585e-02
   1.7391304e-01   2.1990930e-02
   1.7056856e-01   2.1542743e-02
   1.6722408e-01   2.1086206e-02
   1.6387960e-01   2.0621511e-02
   1.6053512e-01   2.0148864e-02
   1.5719064e-01   1.9668480e-02
   1.5384615e-01   1.9180588e-02
   1.5050167e-01   1.8685431e-02
   1.4715719e-01   1.8183265e-02
   1.4381271e-01   1.7674359e-02
   1.4046823e-01   1.7158999e-02
   1.3712375e-01   1.6637486e-02
   1.3377926e-01   1.6110137e-02
   1.3043478e-01   1.5577289e-02
   1.2709030e-01   1.5039295e-02
   1.2374582e-01   1.4496528e-02
   1.2040134e-01   1.3949382e-02
   1.1705686e-01   1.3398273e-02
   1.1371237e-01   1.2843640e-02
   1.1036789e-01   1.2285947e-02
   1.0702341e-01   1.1725683e-02
   1.0367893e-01   1.1163368e-02
   1.0033445e-01   1.0599550e-02
   9.6989967e-02   1.0034811e-02
   9.3645485e-02   9.4697666e-03
   9.0301003e-02   8.9050716e-03
   8.6956522e-02   8.3414219e-03
   8.3612040e-02   7.7795584e-03
   8.0267559e-02   7.2202712e-03
   7.6923077e-02   6.6644050e-03
   7.3578595e-02   6.1128642e-03
   7.0234114e-02   5.5666201e-03
   6.6889632e-02   5.0267183e-03
   6.3545151e-02   4.4942888e-03
   6.0200669e-02   3.9705565e-03
   5.6856187e-02   3.4568552e-03
   5.3511706e-02   2.9546443e-03
   5.0167224e-02   2.4655294e-03
   4.6822742e-02   1.9912889e-03
   4.3478261e-02   1.5339068e-03
   4.0133779e-02   1.0956175e-03
   3.6789298e-02   6.7896316e-04
   3.3444816e-02   2.8687437e-04
   3.0100334e-02  -7.7217616e-05
   2.6755853e-02  -4.0921662e-04
   2.3411371e-02  -7.0411137e-04
   2.0066890e-02  -9.5557378e-04
   1.6722408e-02  -1.1552679e-03
   1.3377926e-02  -1.2915489e-03
   1.0033445e-02  -1.3466784e-03
   6.6889632e-03  -1.2895770e-03
   3.3444816e-03  -1.0488901e-03
   0.0000000e+00  -0.0000000e+00
