   0.0000000e+00   0.0000000e+00
   3.3444816e-03   1.6315013e-02
   6.6889632e-03   2.2923570e-02
   1.0033445e-02   2.7894909e-02
   1.3377926e-02   3.2004319e-02
   1.6722408e-02   3.5554540e-02
   2.0066890e-02   3.8702081e-02
   2.3411371e-02   4.1540668e-02
   2.6755853e-02   4.4131866e-02
   3.0100334e-02   4.6518794e-02
   3.3444816e-02   4.8733104e-02
   3.6789298e-02   5.0798893e-02
   4.0133779e-02   5.2735035e-02
   4.3478261e-02   5.4556666e-02
   4.6822742e-02   5.6276159e-02
   5.0167224e-02   5.7903794e-02
   5.3511706e-02   5.9448232e-02
   5.6856187e-02   6.0916856e-02
   6.0200669e-02   6.2316029e-02
   6.3545151e-02   6.3651281e-02
   6.6889632e-02   6.4927460e-02
   7.0234114e-02   6.6148843e-02
   7.3578595e-02   6.7319234e-02
   7.6923077e-02   6.8442028e-02
   8.0267559e-02   6.9520276e-02
   8.3612040e-02   7.0556732e-02
   8.6956522e-02   7.1553890e-02
   9.0301003e-02   7.2514022e-02
   9.3645485e-02   7.3439199e-02
   9.6989967e-02   7.4331320e-02
   1.0033445e-01   7.5192130e-02
   1.0367893e-01   7.6023236e-02
   1.0702341e-01   7.6826123e-02
   1.1036789e-01   7.7602164e-02
   1.1371237e-01   7.8352635e-02
   1.1705686e-01   7.9078721e-02
   1.2040134e-01   7.9781526e-02
   1.2374582e-01   8.0462079e-02
   1.2709030e-01   8.1121343e-02
   1.3043478e-01   8.1760218e-02
   1.3377926e-01   8.2379548e-02
   1.3712375e-01   8.2980125e-02
   1.4046823e-01   8.3562691e-02
   1.4381271e-01   8.4127947e-02
   1.4715719e-01   8.4676549e-02
   1.5050167e-01   8.5209118e-02
   1.5384615e-01   8.5726238e-02
   1.5719064e-01   8.6228461e-02
   1.6053512e-01   8.6716306e-02
   1.6387960e-01   8.7190266e-02
   1.6722408e-01   8.7650806e-02
   1.7056856e-01   8.8098366e-02
   1.7391304e-01   8.8533361e-02
   1.7725753e-01   8.8956187e-02
   1.8060201e-01   8.9367215e-02
   1.8394649e-01   8.9766799e-02
   1.8729097e-01   9.0155275e-02
   1.9063545e-01   9.0532959e-02
   1.9397993e-01   9.0900153e-02
   1.9732441e-01   9.1257141e-02
   2.0066890e-01   9.1604195e-02
   2.0401338e-01   9.1941570e-02
   2.0735786e-01   9.2269510e-02
   2.1070234e-01   9.2588245e-02
   2.1404682e-01   9.2897993e-02
   2.1739130e-01   9.3198962e-02
   2.2073579e-01   9.3491348e-02
   2.2408027e-01   9.3775336e-02
   2.2742475e-01   9.4051103e-02
   2.3076923e-01   9.4318816e-02
   2.3411371e-01   9.4578631e-02
   2.3745819e-01   9.4830699e-02
   2.4080268e-01   9.5075161e-02
   2.4414716e-01   9.5312149e-02
   2.4749164e-01   9.5541790e-02
   2.5083612e-01   9.5764202e-02
   2.5418060e-01   9.5979497e-02
   2.5752508e-01   9.6187780e-02
   2.6086957e-01   9.6389152e-02
   2.6421405e-01   9.6583705e-02
   2.6755853e-01   9.6771526e-02
   2.7090301e-01   9.6952698e-02
   2.7424749e-01   9.7127298e-02
   2.7759197e-01   9.7295398e-02
   2.8093645e-01   9.7457064e-02
   2.8428094e-01   9.7612359e-02
   2.8762542e-01   9.7761341e-02
   2.9096990e-01   9.7904065e-02
   2.9431438e-01   9.8040579e-02
   2.9765886e-01   9.8170930e-02
   3.0100334e-01   9.8295160e-02
   3.0434783e-01   9.8413307e-02
   3.0769231e-01   9.8525407e-02
   3.1103679e-01   9.8631491e-02
   3.1438127e-01   9.8731590e-02
   3.1772575e-01   9.8825727e-02
   3.2107023e-01   9.8913926e-02
   3.2441472e-01   9.8996208e-02
   3.2775920e-01   9.9072589e-02
   3.3110368e-01   9.9143085e-02
   3.3444816e-01   9.9207709e-02
   3.3779264e-01   9.9266470e-02
   3.4113712e-01   9.9319376e-02
   3.4448161e-01   9.9366435e-02
   3.4782609e-01   9.9407648e-02
   3.5117057e-01   9.9443020e-02
   3.5451505e-01   9.9472549e-02
   3.5785953e-01   9.9496234e-02
   3.6120401e-01   9.9514072e-02
   3.6454849e-01   9.9526058e-02
   3.6789298e-01   9.9532187e-02
   3.7123746e-01   9.9532449e-02
   3.7458194e-01   9.9526837e-02
   3.7792642e-01   9.9515340e-02
   3.8127090e-01   9.9497946e-02
   3.8461538e-01   9.9474643e-02
   3.8795987e-01   9.9445417e-02
   3.9130435e-01   9.9410253e-02
   3.9464883e-01   9.9369136e-02
   3.9799331e-01   9.9322050e-02
   4.0133779e-01   9.9268976e-02
   4.0468227e-01   9.9209897e-02
   4.0802676e-01   9.9144795e-02
   4.1137124e-01   9.9073649e-02
   4.1471572e-01   9.8996439e-02
   4.1806020e-01   9.8913146e-02
   4.2140468e-01   9.8823749e-02
   4.2474916e-01   9.8728225e-02
   4.2809365e-01   9.8626553e-02
   4.3143813e-01   9.8518711e-02
   4.3478261e-01   9.8404676e-02
   4.3812709e-01   9.8284426e-02
   4.4147157e-01   9.8157938e-02
   4.4481605e-01   9.8025189e-02
   4.4816054e-01   9.7886156e-02
   4.5150502e-01   9.7740815e-02
   4.5484950e-01   9.7589144e-02
   4.5819398e-01   9.7431119e-02
   4.6153846e-01   9.7266718e-02
   4.6488294e-01   9.7095916e-02
   4.6822742e-01   9.6918693e-02
   4.7157191e-01   9.6735023e-02
   4.7491639e-01   9.6544887e-02
   4.7826087e-01   9.6348260e-02
   4.8160535e-01   9.6145121e-02
   4.8494983e-01   9.5935450e-02
   4.8829431e-01   9.5719223e-02
   4.9163880e-01   9.5496421e-02
   4.9498328e-01   9.5267024e-02
   4.9832776e-01   9.5031010e-02
   5.0167224e-01   9.4788362e-02
   5.0501672e-01   9.4539059e-02
   5.0836120e-01   9.4283085e-02
   5.1170569e-01   9.4020420e-02
   5.1505017e-01   9.3751047e-02
   5.1839465e-01   9.3474951e-02
   5.2173913e-01   9.3192116e-02
   5.2508361e-01   9.2902525e-02
   5.2842809e-01   9.2606166e-02
   5.3177258e-01   9.2303024e-02
   5.3511706e-01   9.1993087e-02
   5.3846154e-01   9.1676342e-02
   5.4180602e-01   9.1352779e-02
   5.4515050e-01   9.1022387e-02
   5.4849498e-01   9.0685158e-02
   5.5183946e-01   9.0341081e-02
   5.5518395e-01   8.9990151e-02
   5.5852843e-01   8.9632360e-02
   5.6187291e-01   8.9267704e-02
   5.6521739e-01   8.8896177e-02
   5.6856187e-01   8.8517776e-02
   5.7190635e-01   8.8132500e-02
   5.7525084e-01   8.7740346e-02
   5.7859532e-01   8.7341315e-02
   5.8193980e-01   8.6935408e-02
   5.8528428e-01   8.6522628e-02
   5.8862876e-01   8.6102976e-02
   5.9197324e-01   8.5676459e-02
   5.9531773e-01   8.5243082e-02
   5.9866221e-01   8.4802853e-02
   6.0200669e-01   8.4355779e-02
   6.0535117e-01   8.3901871e-02
   6.0869565e-01   8.3441139e-02
   6.1204013e-01   8.2973597e-02
   6.1538462e-01   8.2499258e-02
   6.1872910e-01   8.2018137e-02
   6.2207358e-01   8.1530251e-02
   6.2541806e-01   8.1035617e-02
   6.2876254e-01   8.0534257e-02
   6.3210702e-01   8.0026189e-02
   6.3545151e-01   7.9511438e-02
   6.3879599e-01   7.8990027e-02
   6.4214047e-01   7.8461981e-02
   6.4548495e-01   7.7927327e-02
   6.4882943e-01   7.7386095e-02
   6.5217391e-01   7.6838315e-02
   6.5551839e-01   7.6284018e-02
   6.5886288e-01   7.5723238e-02
   6.6220736e-01   7.5156009e-02
   6.6555184e-01   7.4582370e-02
   6.6889632e-01   7.4002358e-02
   6.7224080e-01   7.3416013e-02
   6.7558528e-01   7.2823378e-02
   6.7892977e-01   7.2224496e-02
   6.8227425e-01   7.1619412e-02
   6.8561873e-01   7.1008173e-02
   6.8896321e-01   7.0390830e-02
   6.9230769e-01   6.9767431e-02
   6.9565217e-01   6.9138030e-02
   6.9899666e-01   6.8502682e-02
   7.0234114e-01   6.7861442e-02
   7.0568562e-01   6.7214369e-02
   7.0903010e-01   6.6561522e-02
   7.1237458e-01   6.5902964e-02
   7.1571906e-01   6.5238758e-02
   7.1906355e-01   6.4568971e-02
   7.2240803e-01   6.3893670e-02
   7.2575251e-01   6.3212924e-02
   7.2909699e-01   6.2526806e-02
   7.3244147e-01   6.1835389e-02
   7.3578595e-01   6.1138749e-02
   7.3913043e-01   6.0436963e-02
   7.4247492e-01   5.9730112e-02
   7.4581940e-01   5.9018277e-02
   7.4916388e-01   5.8301542e-02
   7.5250836e-01   5.7579993e-02
   7.5585284e-01   5.6853719e-02
   7.5919732e-01   5.6122809e-02
   7.6254181e-01   5.5387356e-02
   7.6588629e-01   5.4647455e-02
   7.6923077e-01   5.3903201e-02
   7.7257525e-01   5.3154695e-02
   7.7591973e-01   5.2402037e-02
   7.7926421e-01   5.1645331e-02
   7.8260870e-01   5.0884681e-02
   7.8595318e-01   5.0120196e-02
   7.8929766e-01   4.9351986e-02
   7.9264214e-01   4.8580163e-02
   7.9598662e-01   4.7804841e-02
   7.9933110e-01   4.7026138e-02
   8.0267559e-01   4.6244172e-02
   8.0602007e-01   4.5459065e-02
   8.0936455e-01   4.4670941e-02
   8.1270903e-01   4.3879926e-02
   8.1605351e-01   4.3086148e-02
   8.1939799e-01   4.2289738e-02
   8.2274247e-01   4.1490831e-02
   8.2608696e-01   4.0689560e-02
   8.2943144e-01   3.9886065e-02
   8.3277592e-01   3.9080486e-02
   8.3612040e-01   3.8272965e-02
   8.3946488e-01   3.7463649e-02
   8.4280936e-01   3.6652685e-02
   8.4615385e-01   3.5840223e-02
   8.4949833e-01   3.5026417e-02
   8.5284281e-01   3.4211421e-02
   8.5618729e-01   3.3395394e-02
   8.5953177e-01   3.2578495e-02
   8.6287625e-01   3.1760889e-02
   8.6622074e-01   3.0942740e-02
   8.6956522e-01   3.0124216e-02
   8.7290970e-01   2.9305488e-02
   8.7625418e-01   2.8486730e-02
   8.7959866e-01   2.7668117e-02
   8.8294314e-01   2.6849827e-02
   8.8628763e-01   2.6032042e-02
   8.8963211e-01   2.5214945e-02
   8.9297659e-01   2.4398723e-02
   8.9632107e-01   2.3583565e-02
   8.9966555e-01   2.2769663e-02
   9.0301003e-01   2.1957210e-02
   9.0635452e-01   2.1146404e-02
   9.0969900e-01   2.0337445e-02
   9.1304348e-01   1.9530535e-02
   9.1638796e-01   1.8725880e-02
   9.1973244e-01   1.7923687e-02
   9.2307692e-01   1.7124168e-02
   9.2642140e-01   1.6327536e-02
   9.2976589e-01   1.5534007e-02
   9.3311037e-01   1.4743800e-02
   9.3645485e-01   1.3957138e-02
   9.3979933e-01   1.3174244e-02
   9.4314381e-01   1.2395347e-02
   9.4648829e-01   1.1620678e-02
   9.4983278e-01   1.0850468e-02
   9.5317726e-01   1.0084955e-02
   9.5652174e-01   9.3243765e-03
   9.5986622e-01   8.5689755e-03
   9.6321070e-01   7.8189965e-03
   9.6655518e-01   7.0746871e-03
   9.6989967e-01   6.3362977e-03
   9.7324415e-01   5.6040820e-03
   9.7658863e-01   4.8782963e-03
   9.7993311e-01   4.1592001e-03
   9.8327759e-01   3.4470556e-03
   9.8662207e-01   2.7421282e-03
   9.8996656e-01   2.0446862e-03
   9.9331104e-01   1.3550008e-03
   9.9665552e-01   6.7334628e-04
   1.0000000e+00   0.0000000e+00
   1.0000000e+00   0.0000000e+00
   9.9665552e-01   1.9208989e-04
   9.9331104e-01   3.5808070e-04
   9.8996656e-01   4.9848769e-04
   9.8662207e-01   6.1382139e-04
   9.8327759e-01   7.0458762e-04
   9.7993311e-01   7.7128749e-04
   9.7658863e-01   8.1441743e-04
   9.7324415e-01   8.3446919e-04
   9.6989967e-01   8.3192986e-04
   9.6655518e-01   8.0728187e-04
   9.6321070e-01   7.6100305e-04
   9.5986622e-01   6.9356659e-04
   9.5652174e-01   6.0544108e-04
   9.5317726e-01   4.9709052e-04
   9.4983278e-01   3.6897433e-04
   9.4648829e-01   2.2154739e-04
   9.4314381e-01   5.5260013e-05
   9.3979933e-01  -1.2944202e-04
   9.3645485e-01  -3.3211742e-04
   9.3311037e-01  -5.5232944e-04
   9.2976589e-01  -7.8964579e-04
   9.2642140e-01  -1.0436387e-03
   9.2307692e-01  -1.3138847e-03
   9.1973244e-01  -1.5999651e-03
   9.1638796e-01  -1.9014652e-03
   9.1304348e-01  -2.2179751e-03
   9.0969900e-01  -2.5490890e-03
   9.0635452e-01  -2.8944058e-03
   9.0301003e-01  -3.2535284e-03
   8.9966555e-01  -3.6260644e-03
   8.9632107e-01  -4.0116256e-03
   8.9297659e-01  -4.4098280e-03
   8.8963211e-01  -4.8202921e-03
   8.8628763e-01  -5.2426425e-03
   8.8294314e-01  -5.6765083e-03
   8.7959866e-01  -6.1215228e-03
   8.7625418e-01  -6.5773235e-03
   8.7290970e-01  -7.0435520e-03
   8.6956522e-01  -7.5198543e-03
   8.6622074e-01  -8.0058806e-03
   8.6287625e-01  -8.5012853e-03
   8.5953177e-01  -9.0057268e-03
   8.5618729e-01  -9.5188678e-03
   8.5284281e-01  -1.0040375e-02
   8.4949833e-01  -1.0569920e-02
   8.4615385e-01  -1.1107177e-02
   8.4280936e-01  -1.1651825e-02
   8.3946488e-01  -1.2203548e-02
   8.3612040e-01  -1.2762032e-02
   8.3277592e-01  -1.3326970e-02
   8.2943144e-01  -1.3898056e-02
   8.2608696e-01  -1.4474990e-02
   8.2274247e-01  -1.5057476e-02
   8.1939799e-01  -1.5645219e-02
   8.1605351e-01  -1.6237932e-02
   8.1270903e-01  -1.6835331e-02
   8.0936455e-01  -1.7437133e-02
   8.0602007e-01  -1.8043062e-02
   8.0267559e-01  -1.8652845e-02
   7.9933110e-01  -1.9266213e-02
   7.9598662e-01  -1.9882901e-02
   7.9264214e-01  -2.0502646e-02
   7.8929766e-01  -2.1125192e-02
   7.8595318e-01  -2.1750284e-02
   7.8260870e-01  -2.2377673e-02
   7.7926421e-01  -2.3007112e-02
   7.7591973e-01  -2.3638358e-02
   7.7257525e-01  -2.4271173e-02
   7.6923077e-01  -2.4905322e-02
   7.6588629e-01  -2.5540573e-02
   7.6254181e-01  -2.6176699e-02
   7.5919732e-01  -2.6813475e-02
   7.5585284e-01  -2.7450681e-02
   7.5250836e-01  -2.8088102e-02
   7.4916388e-01  -2.8725522e-02
   7.4581940e-01  -2.9362733e-02
   7.4247492e-01  -2.9999529e-02
   7.3913043e-01  -3.0635708e-02
   7.3578595e-01  -3.1271070e-02
   7.3244147e-01  -3.1905421e-02
   7.2909699e-01  -3.2538568e-02
   7.2575251e-01  -3.3170323e-02
   7.2240803e-01  -3.3800502e-02
   7.1906355e-01  -3.4428922e-02
   7.1571906e-01  -3.5055406e-02
   7.1237458e-01  -3.5679779e-02
   7.0903010e-01  -3.6301870e-02
   7.0568562e-01  -3.6921511e-02
   7.0234114e-01  -3.7538538e-02
   6.9899666e-01  -3.8152790e-02
   6.9565217e-01  -3.8764108e-02
   6.9230769e-01  -3.9372338e-02
   6.8896321e-01  -3.9977329e-02
   6.8561873e-01  -4.0578932e-02
   6.8227425e-01  -4.1177004e-02
   6.7892977e-01  -4.1771402e-02
   6.7558528e-01  -4.2361988e-02
   6.7224080e-01  -4.2948626e-02
   6.6889632e-01  -4.3531185e-02
   6.6555184e-01  -4.4109536e-02
   6.6220736e-01  -4.4683552e-02
   6.5886288e-01  -4.5253112e-02
   6.5551839e-01  -4.5818095e-02
   6.5217391e-01  -4.6378384e-02
   6.4882943e-01  -4.6933866e-02
   6.4548495e-01  -4.7484431e-02
   6.4214047e-01  -4.8029970e-02
   6.3879599e-01  -4.8570380e-02
   6.3545151e-01  -4.9105557e-02
   6.3210702e-01  -4.9635404e-02
   6.2876254e-01  -5.0159824e-02
   6.2541806e-01  -5.0678725e-02
   6.2207358e-01  -5.1192016e-02
   6.1872910e-01  -5.1699609e-02
   6.1538462e-01  -5.2201420e-02
   6.1204013e-01  -5.2697367e-02
   6.0869565e-01  -5.3187371e-02
   6.0535117e-01  -5.3671356e-02
   6.0200669e-01  -5.4149247e-02
   5.9866221e-01  -5.4620975e-02
   5.9531773e-01  -5.5086470e-02
   5.9197324e-01  -5.5545667e-02
   5.8862876e-01  -5.5998502e-02
   5.8528428e-01  -5.6444916e-02
   5.8193980e-01  -5.6884850e-02
   5.7859532e-01  -5.7318249e-02
   5.7525084e-01  -5.7745060e-02
   5.7190635e-01  -5.8165232e-02
   5.6856187e-01  -5.8578718e-02
   5.6521739e-01  -5.8985472e-02
   5.6187291e-01  -5.9385450e-02
   5.5852843e-01  -5.9778613e-02
   5.5518395e-01  -6.0164921e-02
   5.5183946e-01  -6.0544338e-02
   5.4849498e-01  -6.0916832e-02
   5.4515050e-01  -6.1282369e-02
   5.4180602e-01  -6.1640921e-02
   5.3846154e-01  -6.1992461e-02
   5.3511706e-01  -6.2336963e-02
   5.3177258e-01  -6.2674406e-02
   5.2842809e-01  -6.3004768e-02
   5.2508361e-01  -6.3328032e-02
   5.2173913e-01  -6.3644179e-02
   5.1839465e-01  -6.3953197e-02
   5.1505017e-01  -6.4255072e-02
   5.1170569e-01  -6.4549794e-02
   5.0836120e-01  -6.4837355e-02
   5.0501672e-01  -6.5117749e-02
   5.0167224e-01  -6.5390969e-02
   4.9832776e-01  -6.5657014e-02
   4.9498328e-01  -6.5915883e-02
   4.9163880e-01  -6.6167576e-02
   4.8829431e-01  -6.6412095e-02
   4.8494983e-01  -6.6649446e-02
   4.8160535e-01  -6.6879633e-02
   4.7826087e-01  -6.7102665e-02
   4.7491639e-01  -6.7318551e-02
   4.7157191e-01  -6.7527300e-02
   4.6822742e-01  -6.7728927e-02
   4.6488294e-01  -6.7923444e-02
   4.6153846e-01  -6.8110866e-02
   4.5819398e-01  -6.8291211e-02
   4.5484950e-01  -6.8464496e-02
   4.5150502e-01  -6.8630741e-02
   4.4816054e-01  -6.8789967e-02
   4.4481605e-01  -6.8942195e-02
   4.4147157e-01  -6.9087449e-02
   4.3812709e-01  -6.9225753e-02
   4.3478261e-01  -6.9357134e-02
   4.3143813e-01  -6.9481617e-02
   4.2809365e-01  -6.9599230e-02
   4.2474916e-01  -6.9710003e-02
   4.2140468e-01  -6.9813965e-02
   4.1806020e-01  -6.9911146e-02
   4.1471572e-01  -7.0001579e-02
   4.1137124e-01  -7.0085295e-02
   4.0802676e-01  -7.0162328e-02
   4.0468227e-01  -7.0232712e-02
   4.0133779e-01  -7.0296482e-02
   3.9799331e-01  -7.0353672e-02
   3.9464883e-01  -7.0404320e-02
   3.9130435e-01  -7.0448460e-02
   3.8795987e-01  -7.0486130e-02
   3.8461538e-01  -7.0517368e-02
   3.8127090e-01  -7.0542210e-02
   3.7792642e-01  -7.0560696e-02
   3.7458194e-01  -7.0572863e-02
   3.7123746e-01  -7.0578750e-02
   3.6789298e-01  -7.0578395e-02
   3.6454849e-01  -7.0571837e-02
   3.6120401e-01  -7.0559114e-02
   3.5785953e-01  -7.0540266e-02
   3.5451505e-01  -7.0515330e-02
   3.5117057e-01  -7.0484345e-02
   3.4782609e-01  -7.0447349e-02
   3.4448161e-01  -7.0404380e-02
   3.4113712e-01  -7.0355475e-02
   3.3779264e-01  -7.0300670e-02
   3.3444816e-01  -7.0240001e-02
   3.3110368e-01  -7.0173505e-02
   3.2775920e-01  -7.0101216e-02
   3.2441472e-01  -7.0023167e-02
   3.2107023e-01  -6.9939392e-02
   3.1772575e-01  -6.9849924e-02
   3.1438127e-01  -6.9754791e-02
   3.1103679e-01  -6.9654026e-02
   3.0769231e-01  -6.9547655e-02
   3.0434783e-01  -6.9435706e-02
   3.0100334e-01  -6.9318204e-02
   2.9765886e-01  -6.9195174e-02
   2.9431438e-01  -6.9066636e-02
   2.9096990e-01  -6.8932613e-02
   2.8762542e-01  -6.8793121e-02
   2.8428094e-01  -6.8648177e-02
   2.8093645e-01  -6.8497795e-02
   2.7759197e-01  -6.8341986e-02
   2.7424749e-01  -6.8180760e-02
   2.7090301e-01  -6.8014122e-02
   2.6755853e-01  -6.7842077e-02
   2.6421405e-01  -6.7664624e-02
   2.6086957e-01  -6.7481762e-02
   2.5752508e-01  -6.7293483e-02
   2.5418060e-01  -6.7099779e-02
   2.5083612e-01  -6.6900636e-02
   2.4749164e-01  -6.6696038e-02
   2.4414716e-01  -6.6485962e-02
   2.4080268e-01  -6.6270383e-02
   2.3745819e-01  -6.6049270e-02
   2.3411371e-01  -6.5822590e-02
   2.3076923e-01  -6.5590301e-02
   2.2742475e-01  -6.5352357e-02
   2.2408027e-01  -6.5108709e-02
   2.2073579e-01  -6.4859297e-02
   2.1739130e-01  -6.4604060e-02
   2.1404682e-01  -6.4342926e-02
   2.1070234e-01  -6.4075819e-02
   2.0735786e-01  -6.3802655e-02
   2.0401338e-01  -6.3523340e-02
   2.0066890e-01  -6.3237775e-02
   1.9732441e-01  -6.2945851e-02
   1.9397993e-01  -6.2647450e-02
   1.9063545e-01  -6.2342443e-02
   1.8729097e-01  -6.2030693e-02
   1.8394649e-01  -6.1712051e-02
   1.8060201e-01  -6.1386357e-02
   1.7725753e-01  -6.1053438e-02
   1.7391304e-01  -6.0713109e-02
   1.7056856e-01  -6.0365171e-02
   1.6722408e-01  -6.0009412e-02
   1.6387960e-01  -5.9645601e-02
   1.6053512e-01  -5.9273494e-02
   1.5719064e-01  -5.8892827e-02
   1.5384615e-01  -5.8503321e-02
   1.5050167e-01  -5.8104672e-02
   1.4715719e-01  -5.7696558e-02
   1.4381271e-01  -5.7278634e-02
   1.4046823e-01  -5.6850528e-02
   1.3712375e-01  -5.6411844e-02
   1.3377926e-01  -5.5962156e-02
   1.3043478e-01  -5.5501007e-02
   1.2709030e-01  -5.5027908e-02
   1.2374582e-01  -5.4542333e-02
   1.2040134e-01  -5.4043716e-02
   1.1705686e-01  -5.3531450e-02
   1.1371237e-01  -5.3004879e-02
   1.1036789e-01  -5.2463298e-02
   1.0702341e-01  -5.1905944e-02
   1.0367893e-01  -5.1331994e-02
   1.0033445e-01  -5.0740556e-02
   9.6989967e-02  -5.0130661e-02
   9.3645485e-02  -4.9501257e-02
   9.0301003e-02  -4.8851198e-02
   8.6956522e-02  -4.8179232e-02
   8.3612040e-02  -4.7483987e-02
   8.0267559e-02  -4.6763959e-02
   7.6923077e-02  -4.6017488e-02
   7.3578595e-02  -4.5242738e-02
   7.0234114e-02  -4.4437672e-02
   6.6889632e-02  -4.3600017e-02
   6.3545151e-02  -4.2727226e-02
   6.0200669e-02  -4.1816429e-02
   5.6856187e-02  -4.0864367e-02
   5.3511706e-02  -3.9867324e-02
   5.0167224e-02  -3.8821020e-02
   4.6822742e-02  -3.7720483e-02
   4.3478261e-02  -3.6559883e-02
   4.0133779e-02  -3.5332296e-02
   3.6789298e-02  -3.4029389e-02
   3.3444816e-02  -3.2640972e-02
   3.0100334e-02  -3.1154338e-02
   2.6755853e-02  -2.9553273e-02
   2.3411371e-02  -2.7816484e-02
   2.0066890e-02  -2.5914985e-02
   1.6722408e-02  -2.3807410e-02
   1.3377926e-02  -2.1430819e-02
   1.0033445e-02  -1.8680178e-02
   6.6889632e-03  -1.5352429e-02
   3.3444816e-03  -1.0927834e-02
   0.0000000e+00  -0.0000000e+00
