   0.0000000e+00   0.0000000e+00
   3.3444816e-03   7.2420364e-03
   6.6889632e-03   1.0226821e-02
   1.0033445e-02   1.2506773e-02
   1.3377926e-02   1.4420076e-02
   1.6722408e-02   1.6097899e-02
   2.0066890e-02   1.7607595e-02
   2.3411371e-02   1.8989216e-02
   2.6755853e-02   2.0268883e-02
   3.0100334e-02   2.1464756e-02
   3.3444816e-02   2.2590063e-02
   3.6789298e-02   2.3654798e-02
   4.0133779e-02   2.4666727e-02
   4.3478261e-02   2.5632027e-02
   4.6822742e-02   2.6555709e-02
   5.0167224e-02   2.7441898e-02
   5.3511706e-02   2.8294044e-02
   5.6856187e-02   2.9115062e-02
   6.0200669e-02   2.9907444e-02
   6.3545151e-02   3.0673336e-02
   6.6889632e-02   3.1414605e-02
   7.0234114e-02   3.2132884e-02
   7.3578595e-02   3.2829613e-02
   7.6923077e-02   3.3506065e-02
   8.0267559e-02   3.4163377e-02
   8.3612040e-02   3.4802565e-02
   8.6956522e-02   3.5424543e-02
   9.0301003e-02   3.6030135e-02
   9.3645485e-02   3.6620088e-02
   9.6989967e-02   3.7195079e-02
   1.0033445e-01   3.7755729e-02
   1.0367893e-01   3.8302602e-02
   1.0702341e-01   3.8836216e-02
   1.1036789e-01   3.9357047e-02
   1.1371237e-01   3.9865535e-02
   1.1705686e-01   4.0362083e-02
   1.2040134e-01   4.0847067e-02
   1.2374582e-01   4.1320833e-02
   1.2709030e-01   4.1783702e-02
   1.3043478e-01   4.2235975e-02
   1.3377926e-01   4.2677930e-02
   1.3712375e-01   4.3109826e-02
   1.4046823e-01   4.3531907e-02
   1.4381271e-01   4.3944399e-02
   1.4715719e-01   4.4347515e-02
   1.5050167e-01   4.4741454e-02
   1.5384615e-01   4.5126402e-02
   1.5719064e-01   4.5502535e-02
   1.6053512e-01   4.5870018e-02
   1.6387960e-01   4.6229006e-02
   1.6722408e-01   4.6579646e-02
   1.7056856e-01   4.6922076e-02
   1.7391304e-01   4.7256425e-02
   1.7725753e-01   4.7582817e-02
   1.8060201e-01   4.7901368e-02
   1.8394649e-01   4.8212188e-02
   1.8729097e-01   4.8515380e-02
   1.9063545e-01   4.8811044e-02
   1.9397993e-01   4.9099273e-02
   1.9732441e-01   4.9380156e-02
   2.0066890e-01   4.9653776e-02
   2.0401338e-01   4.9920214e-02
   2.0735786e-01   5.0179546e-02
   2.1070234e-01   5.0431844e-02
   2.1404682e-01   5.0677177e-02
   2.1739130e-01   5.0915611e-02
   2.2073579e-01   5.1147208e-02
   2.2408027e-01   5.1372028e-02
   2.2742475e-01   5.1590127e-02
   2.3076923e-01   5.1801560e-02
   2.3411371e-01   5.2006380e-02
   2.3745819e-01   5.2204635e-02
   2.4080268e-01   5.2396373e-02
   2.4414716e-01   5.2581640e-02
   2.4749164e-01   5.2760480e-02
   2.5083612e-01   5.2932935e-02
   2.5418060e-01   5.3099044e-02
   2.5752508e-01   5.3258847e-02
   2.6086957e-01   5.3412381e-02
   2.6421405e-01   5.3559681e-02
   2.6755853e-01   5.3700783e-02
   2.7090301e-01   5.3835719e-02
   2.7424749e-01   5.3964522e-02
   2.7759197e-01   5.4087223e-02
   2.8093645e-01   5.4203852e-02
   2.8428094e-01   5.4314439e-02
   2.8762542e-01   5.4419011e-02
   2.9096990e-01   5.4517596e-02
   2.9431438e-01   5.4610221e-02
   2.9765886e-01   5.4696912e-02
   3.0100334e-01   5.4777695e-02
   3.0434783e-01   5.4852593e-02
   3.0769231e-01   5.4921632e-02
   3.1103679e-01   5.4984835e-02
   3.1438127e-01   5.5042225e-02
   3.1772575e-01   5.5093825e-02
   3.2107023e-01   5.5139658e-02
   3.2441472e-01   5.5179745e-02
   3.2775920e-01   5.5214108e-02
   3.3110368e-01   5.5242769e-02
   3.3444816e-01   5.5265748e-02
   3.3779264e-01   5.5283067e-02
   3.4113712e-01   5.5294747e-02
   3.4448161e-01   5.5300808e-02
   3.4782609e-01   5.5301271e-02
   3.5117057e-01   5.5296155e-02
   3.5451505e-01   5.5285482e-02
   3.5785953e-01   5.5269271e-02
   3.6120401e-01   5.5247542e-02
   3.6454849e-01   5.5220317e-02
   3.6789298e-01   5.5187615e-02
   3.7123746e-01   5.5149456e-02
   3.7458194e-01   5.5105860e-02
   3.7792642e-01   5.5056849e-02
   3.8127090e-01   5.5002442e-02
   3.8461538e-01   5.4942660e-02
   3.8795987e-01   5.4877524e-02
   3.9130435e-01   5.4807055e-02
   3.9464883e-01   5.4731274e-02
   3.9799331e-01   5.4650202e-02
   4.0133779e-01   5.4563861e-02
   4.0468227e-01   5.4472272e-02
   4.0802676e-01   5.4375457e-02
   4.1137124e-01   5.4273439e-02
   4.1471572e-01   5.4166240e-02
   4.1806020e-01   5.4053883e-02
   4.2140468e-01   5.3936391e-02
   4.2474916e-01   5.3813787e-02
   4.2809365e-01   5.3686095e-02
   4.3143813e-01   5.3553340e-02
   4.3478261e-01   5.3415545e-02
   4.3812709e-01   5.3272735e-02
   4.4147157e-01   5.3124936e-02
   4.4481605e-01   5.2972173e-02
   4.4816054e-01   5.2814471e-02
   4.5150502e-01   5.2651859e-02
   4.5484950e-01   5.2484361e-02
   4.5819398e-01   5.2312006e-02
   4.6153846e-01   5.2134820e-02
   4.6488294e-01   5.1952833e-02
   4.6822742e-01   5.1766073e-02
   4.7157191e-01   5.1574569e-02
   4.7491639e-01   5.1378350e-02
   4.7826087e-01   5.1177447e-02
   4.8160535e-01   5.0971890e-02
   4.8494983e-01   5.0761710e-02
   4.8829431e-01   5.0546938e-02
   4.9163880e-01   5.0327608e-02
   4.9498328e-01   5.0103751e-02
   4.9832776e-01   4.9875401e-02
   5.0167224e-01   4.9642592e-02
   5.0501672e-01   4.9405357e-02
   5.0836120e-01   4.9163732e-02
   5.1170569e-01   4.8917753e-02
   5.1505017e-01   4.8667455e-02
   5.1839465e-01   4.8412875e-02
   5.2173913e-01   4.8154050e-02
   5.2508361e-01   4.7891019e-02
   5.2842809e-01   4.7623820e-02
   5.3177258e-01   4.7352491e-02
   5.3511706e-01   4.7077074e-02
   5.3846154e-01   4.6797607e-02
   5.4180602e-01   4.6514133e-02
   5.4515050e-01   4.6226693e-02
   5.4849498e-01   4.5935329e-02
   5.5183946e-01   4.5640084e-02
   5.5518395e-01   4.5341003e-02
   5.5852843e-01   4.5038129e-02
   5.6187291e-01   4.4731508e-02
   5.6521739e-01   4.4421185e-02
   5.6856187e-01   4.4107208e-02
   5.7190635e-01   4.3789622e-02
   5.7525084e-01   4.3468476e-02
   5.7859532e-01   4.3143819e-02
   5.8193980e-01   4.2815699e-02
   5.8528428e-01   4.2484168e-02
   5.8862876e-01   4.2149276e-02
   5.9197324e-01   4.1811074e-02
   5.9531773e-01   4.1469614e-02
   5.9866221e-01   4.1124950e-02
   6.0200669e-01   4.0777136e-02
   6.0535117e-01   4.0426225e-02
   6.0869565e-01   4.0072274e-02
   6.1204013e-01   3.9715338e-02
   6.1538462e-01   3.9355475e-02
   6.1872910e-01   3.8992741e-02
   6.2207358e-01   3.8627196e-02
   6.2541806e-01   3.8258898e-02
   6.2876254e-01   3.7887908e-02
   6.3210702e-01   3.7514286e-02
   6.3545151e-01   3.7138094e-02
   6.3879599e-01   3.6759395e-02
   6.4214047e-01   3.6378251e-02
   6.4548495e-01   3.5994728e-02
   6.4882943e-01   3.5608889e-02
   6.5217391e-01   3.5220800e-02
   6.5551839e-01   3.4830528e-02
   6.5886288e-01   3.4438141e-02
   6.6220736e-01   3.4043707e-02
   6.6555184e-01   3.3647294e-02
   6.6889632e-01   3.3248973e-02
   6.7224080e-01   3.2848815e-02
   6.7558528e-01   3.2446890e-02
   6.7892977e-01   3.2043273e-02
   6.8227425e-01   3.1638036e-02
   6.8561873e-01   3.1231253e-02
   6.8896321e-01   3.0823000e-02
   6.9230769e-01   3.0413353e-02
   6.9565217e-01   3.0002388e-02
   6.9899666e-01   2.9590184e-02
   7.0234114e-01   2.9176819e-02
   7.0568562e-01   2.8762372e-02
   7.0903010e-01   2.8346925e-02
   7.1237458e-01   2.7930559e-02
   7.1571906e-01   2.7513356e-02
   7.1906355e-01   2.7095400e-02
   7.2240803e-01   2.6676774e-02
   7.2575251e-01   2.6257563e-02
   7.2909699e-01   2.5837855e-02
   7.3244147e-01   2.5417735e-02
   7.3578595e-01   2.4997291e-02
   7.3913043e-01   2.4576613e-02
   7.4247492e-01   2.4155791e-02
   7.4581940e-01   2.3734914e-02
   7.4916388e-01   2.3314075e-02
   7.5250836e-01   2.2893366e-02
   7.5585284e-01   2.2472881e-02
   7.5919732e-01   2.2052715e-02
   7.6254181e-01   2.1632963e-02
   7.6588629e-01   2.1213721e-02
   7.6923077e-01   2.0795087e-02
   7.7257525e-01   2.0377159e-02
   7.7591973e-01   1.9960037e-02
   7.7926421e-01   1.9543821e-02
   7.8260870e-01   1.9128613e-02
   7.8595318e-01   1.8714515e-02
   7.8929766e-01   1.8301630e-02
   7.9264214e-01   1.7890063e-02
   7.9598662e-01   1.7479919e-02
   7.9933110e-01   1.7071305e-02
   8.0267559e-01   1.6664327e-02
   8.0602007e-01   1.6259095e-02
   8.0936455e-01   1.5855717e-02
   8.1270903e-01   1.5454305e-02
   8.1605351e-01   1.5054969e-02
   8.1939799e-01   1.4657822e-02
   8.2274247e-01   1.4262977e-02
   8.2608696e-01   1.3870550e-02
   8.2943144e-01   1.3480655e-02
   8.3277592e-01   1.3093410e-02
   8.3612040e-01   1.2708931e-02
   8.3946488e-01   1.2327338e-02
   8.4280936e-01   1.1948751e-02
   8.4615385e-01   1.1573290e-02
   8.4949833e-01   1.1201076e-02
   8.5284281e-01   1.0832234e-02
   8.5618729e-01   1.0466886e-02
   8.5953177e-01   1.0105159e-02
   8.6287625e-01   9.7471769e-03
   8.6622074e-01   9.3930684e-03
   8.6956522e-01   9.0429614e-03
   8.7290970e-01   8.6969850e-03
   8.7625418e-01   8.3552698e-03
   8.7959866e-01   8.0179472e-03
   8.8294314e-01   7.6851498e-03
   8.8628763e-01   7.3570112e-03
   8.8963211e-01   7.0336661e-03
   8.9297659e-01   6.7152505e-03
   8.9632107e-01   6.4019013e-03
   8.9966555e-01   6.0937564e-03
   9.0301003e-01   5.7909551e-03
   9.0635452e-01   5.4936375e-03
   9.0969900e-01   5.2019451e-03
   9.1304348e-01   4.9160203e-03
   9.1638796e-01   4.6360067e-03
   9.1973244e-01   4.3620490e-03
   9.2307692e-01   4.0942931e-03
   9.2642140e-01   3.8328859e-03
   9.2976589e-01   3.5779754e-03
   9.3311037e-01   3.3297110e-03
   9.3645485e-01   3.0882428e-03
   9.3979933e-01   2.8537225e-03
   9.4314381e-01   2.6263026e-03
   9.4648829e-01   2.4061370e-03
   9.4983278e-01   2.1933804e-03
   9.5317726e-01   1.9881890e-03
   9.5652174e-01   1.7907200e-03
   9.5986622e-01   1.6011318e-03
   9.6321070e-01   1.4195837e-03
   9.6655518e-01   1.2462366e-03
   9.6989967e-01   1.0812523e-03
   9.7324415e-01   9.2479377e-04
   9.7658863e-01   7.7702515e-04
   9.7993311e-01   6.3811182e-04
   9.8327759e-01   5.0822028e-04
   9.8662207e-01   3.8751823e-04
   9.8996656e-01   2.7617453e-04
   9.9331104e-01   1.7435924e-04
   9.9665552e-01   8.2243590e-05
   1.0000000e+00   0.0000000e+00
   1.0000000e+00   0.0000000e+00
   9.9665552e-01  -3.8268818e-04
   9.9331104e-01  -7.6021258e-04
   9.8996656e-01  -1.1326425e-03
   9.8662207e-01  -1.5000465e-03
   9.8327759e-01  -1.8624925e-03
   9.7993311e-01  -2.2200475e-03
   9.7658863e-01  -2.5727780e-03
   9.7324415e-01  -2.9207497e-03
   9.6989967e-01  -3.2640274e-03
   9.6655518e-01  -3.6026754e-03
   9.6321070e-01  -3.9367573e-03
   9.5986622e-01  -4.2663358e-03
   9.5652174e-01  -4.5914730e-03
   9.5317726e-01  -4.9122303e-03
   9.4983278e-01  -5.2286683e-03
   9.4648829e-01  -5.5408470e-03
   9.4314381e-01  -5.8488258e-03
   9.3979933e-01  -6.1526630e-03
   9.3645485e-01  -6.4524167e-03
   9.3311037e-01  -6.7481439e-03
   9.2976589e-01  -7.0399012e-03
   9.2642140e-01  -7.3277443e-03
   9.2307692e-01  -7.6117284e-03
   9.1973244e-01  -7.8919078e-03
   9.1638796e-01  -8.1683363e-03
   9.1304348e-01  -8.4410670e-03
   9.0969900e-01  -8.7101521e-03
   9.0635452e-01  -8.9756435e-03
   9.0301003e-01  -9.2375921e-03
   8.9966555e-01  -9.4960484e-03
   8.9632107e-01  -9.7510619e-03
   8.9297659e-01  -1.0002682e-02
   8.8963211e-01  -1.0250956e-02
   8.8628763e-01  -1.0495933e-02
   8.8294314e-01  -1.0737660e-02
   8.7959866e-01  -1.0976182e-02
   8.7625418e-01  -1.1211546e-02
   8.7290970e-01  -1.1443796e-02
   8.6956522e-01  -1.1672978e-02
   8.6622074e-01  -1.1899134e-02
   8.6287625e-01  -1.2122309e-02
   8.5953177e-01  -1.2342544e-02
   8.5618729e-01  -1.2559882e-02
   8.5284281e-01  -1.2774363e-02
   8.4949833e-01  -1.2986029e-02
   8.4615385e-01  -1.3194919e-02
   8.4280936e-01  -1.3401073e-02
   8.3946488e-01  -1.3604530e-02
   8.3612040e-01  -1.3805327e-02
   8.3277592e-01  -1.4003502e-02
   8.2943144e-01  -1.4199092e-02
   8.2608696e-01  -1.4392134e-02
   8.2274247e-01  -1.4582663e-02
   8.1939799e-01  -1.4770713e-02
   8.1605351e-01  -1.4956321e-02
   8.1270903e-01  -1.5139518e-02
   8.0936455e-01  -1.5320340e-02
   8.0602007e-01  -1.5498817e-02
   8.0267559e-01  -1.5674983e-02
   7.9933110e-01  -1.5848869e-02
   7.9598662e-01  -1.6020506e-02
   7.9264214e-01  -1.6189925e-02
   7.8929766e-01  -1.6357154e-02
   7.8595318e-01  -1.6522223e-02
   7.8260870e-01  -1.6685160e-02
   7.7926421e-01  -1.6845995e-02
   7.7591973e-01  -1.7004754e-02
   7.7257525e-01  -1.7161463e-02
   7.6923077e-01  -1.7316150e-02
   7.6588629e-01  -1.7468840e-02
   7.6254181e-01  -1.7619559e-02
   7.5919732e-01  -1.7768330e-02
   7.5585284e-01  -1.7915178e-02
   7.5250836e-01  -1.8060127e-02
   7.4916388e-01  -1.8203200e-02
   7.4581940e-01  -1.8344418e-02
   7.4247492e-01  -1.8483805e-02
   7.3913043e-01  -1.8621380e-02
   7.3578595e-01  -1.8757166e-02
   7.3244147e-01  -1.8891183e-02
   7.2909699e-01  -1.9023450e-02
   7.2575251e-01  -1.9153986e-02
   7.2240803e-01  -1.9282811e-02
   7.1906355e-01  -1.9409942e-02
   7.1571906e-01  -1.9535397e-02
   7.1237458e-01  -1.9659194e-02
   7.0903010e-01  -1.9781348e-02
   7.0568562e-01  -1.9901877e-02
   7.0234114e-01  -2.0020796e-02
   6.9899666e-01  -2.0138120e-02
   6.9565217e-01  -2.0253864e-02
   6.9230769e-01  -2.0368042e-02
   6.8896321e-01  -2.0480668e-02
   6.8561873e-01  -2.0591754e-02
   6.8227425e-01  -2.0701314e-02
   6.7892977e-01  -2.0809360e-02
   6.7558528e-01  -2.0915903e-02
   6.7224080e-01  -2.1020956e-02
   6.6889632e-01  -2.1124528e-02
   6.6555184e-01  -2.1226630e-02
   6.6220736e-01  -2.1327272e-02
   6.5886288e-01  -2.1426463e-02
   6.5551839e-01  -2.1524213e-02
   6.5217391e-01  -2.1620530e-02
   6.4882943e-01  -2.1715421e-02
   6.4548495e-01  -2.1808895e-02
   6.4214047e-01  -2.1900959e-02
   6.3879599e-01  -2.1991619e-02
   6.3545151e-01  -2.2080882e-02
   6.3210702e-01  -2.2168753e-02
   6.2876254e-01  -2.2255239e-02
   6.2541806e-01  -2.2340343e-02
   6.2207358e-01  -2.2424071e-02
   6.1872910e-01  -2.2506427e-02
   6.1538462e-01  -2.2587414e-02
   6.1204013e-01  -2.2667036e-02
   6.0869565e-01  -2.2745296e-02
   6.0535117e-01  -2.2822196e-02
   6.0200669e-01  -2.2897738e-02
   5.9866221e-01  -2.2971924e-02
   5.9531773e-01  -2.3044755e-02
   5.9197324e-01  -2.3116233e-02
   5.8862876e-01  -2.3186357e-02
   5.8528428e-01  -2.3255129e-02
   5.8193980e-01  -2.3322547e-02
   5.7859532e-01  -2.3388611e-02
   5.7525084e-01  -2.3453320e-02
   5.7190635e-01  -2.3516673e-02
   5.6856187e-01  -2.3578668e-02
   5.6521739e-01  -2.3639302e-02
   5.6187291e-01  -2.3698574e-02
   5.5852843e-01  -2.3756481e-02
   5.5518395e-01  -2.3813019e-02
   5.5183946e-01  -2.3868185e-02
   5.4849498e-01  -2.3921976e-02
   5.4515050e-01  -2.3974386e-02
   5.4180602e-01  -2.4025411e-02
   5.3846154e-01  -2.4075048e-02
   5.3511706e-01  -2.4123289e-02
   5.3177258e-01  -2.4170130e-02
   5.2842809e-01  -2.4215566e-02
   5.2508361e-01  -2.4259589e-02
   5.2173913e-01  -2.4302194e-02
   5.1839465e-01  -2.4343373e-02
   5.1505017e-01  -2.4383120e-02
   5.1170569e-01  -2.4421428e-02
   5.0836120e-01  -2.4458287e-02
   5.0501672e-01  -2.4493692e-02
   5.0167224e-01  -2.4527632e-02
   4.9832776e-01  -2.4560101e-02
   4.9498328e-01  -2.4591088e-02
   4.9163880e-01  -2.4620585e-02
   4.8829431e-01  -2.4648583e-02
   4.8494983e-01  -2.4675071e-02
   4.8160535e-01  -2.4700041e-02
   4.7826087e-01  -2.4723481e-02
   4.7491639e-01  -2.4745382e-02
   4.7157191e-01  -2.4765732e-02
   4.6822742e-01  -2.4784521e-02
   4.6488294e-01  -2.4801738e-02
   4.6153846e-01  -2.4817371e-02
   4.5819398e-01  -2.4831408e-02
   4.5484950e-01  -2.4843839e-02
   4.5150502e-01  -2.4854650e-02
   4.4816054e-01  -2.4863829e-02
   4.4481605e-01  -2.4871364e-02
   4.4147157e-01  -2.4877241e-02
   4.3812709e-01  -2.4881449e-02
   4.3478261e-01  -2.4883974e-02
   4.3143813e-01  -2.4884803e-02
   4.2809365e-01  -2.4883921e-02
   4.2474916e-01  -2.4881315e-02
   4.2140468e-01  -2.4876972e-02
   4.1806020e-01  -2.4870877e-02
   4.1471572e-01  -2.4863015e-02
   4.1137124e-01  -2.4853373e-02
   4.0802676e-01  -2.4841935e-02
   4.0468227e-01  -2.4828688e-02
   4.0133779e-01  -2.4813615e-02
   3.9799331e-01  -2.4796701e-02
   3.9464883e-01  -2.4777933e-02
   3.9130435e-01  -2.4757293e-02
   3.8795987e-01  -2.4734766e-02
   3.8461538e-01  -2.4710337e-02
   3.8127090e-01  -2.4683989e-02
   3.7792642e-01  -2.4655708e-02
   3.7458194e-01  -2.4625475e-02
   3.7123746e-01  -2.4593276e-02
   3.6789298e-01  -2.4559094e-02
   3.6454849e-01  -2.4522913e-02
   3.6120401e-01  -2.4484714e-02
   3.5785953e-01  -2.4444483e-02
   3.5451505e-01  -2.4402202e-02
   3.5117057e-01  -2.4357855e-02
   3.4782609e-01  -2.4311423e-02
   3.4448161e-01  -2.4262891e-02
   3.4113712e-01  -2.4212240e-02
   3.3779264e-01  -2.4159454e-02
   3.3444816e-01  -2.4104514e-02
   3.3110368e-01  -2.4047405e-02
   3.2775920e-01  -2.3988107e-02
   3.2441472e-01  -2.3926604e-02
   3.2107023e-01  -2.3862877e-02
   3.1772575e-01  -2.3796909e-02
   3.1438127e-01  -2.3728683e-02
   3.1103679e-01  -2.3658179e-02
   3.0769231e-01  -2.3585380e-02
   3.0434783e-01  -2.3510269e-02
   3.0100334e-01  -2.3432826e-02
   2.9765886e-01  -2.3353035e-02
   2.9431438e-01  -2.3270876e-02
   2.9096990e-01  -2.3186331e-02
   2.8762542e-01  -2.3099382e-02
   2.8428094e-01  -2.3010011e-02
   2.8093645e-01  -2.2918199e-02
   2.7759197e-01  -2.2823927e-02
   2.7424749e-01  -2.2727178e-02
   2.7090301e-01  -2.2627932e-02
   2.6755853e-01  -2.2526171e-02
   2.6421405e-01  -2.2421876e-02
   2.6086957e-01  -2.2315028e-02
   2.5752508e-01  -2.2205608e-02
   2.5418060e-01  -2.2093598e-02
   2.5083612e-01  -2.1978978e-02
   2.4749164e-01  -2.1861730e-02
   2.4414716e-01  -2.1741833e-02
   2.4080268e-01  -2.1619269e-02
   2.3745819e-01  -2.1494018e-02
   2.3411371e-01  -2.1366061e-02
   2.3076923e-01  -2.1235378e-02
   2.2742475e-01  -2.1101949e-02
   2.2408027e-01  -2.0965754e-02
   2.2073579e-01  -2.0826772e-02
   2.1739130e-01  -2.0684985e-02
   2.1404682e-01  -2.0540370e-02
   2.1070234e-01  -2.0392907e-02
   2.0735786e-01  -2.0242575e-02
   2.0401338e-01  -2.0089353e-02
   2.0066890e-01  -1.9933218e-02
   1.9732441e-01  -1.9774149e-02
   1.9397993e-01  -1.9612123e-02
   1.9063545e-01  -1.9447117e-02
   1.8729097e-01  -1.9279108e-02
   1.8394649e-01  -1.9108072e-02
   1.8060201e-01  -1.8933984e-02
   1.7725753e-01  -1.8756819e-02
   1.7391304e-01  -1.8576551e-02
   1.7056856e-01  -1.8393153e-02
   1.6722408e-01  -1.8206598e-02
   1.6387960e-01  -1.8016856e-02
   1.6053512e-01  -1.7823899e-02
   1.5719064e-01  -1.7627694e-02
   1.5384615e-01  -1.7428211e-02
   1.5050167e-01  -1.7225414e-02
   1.4715719e-01  -1.7019268e-02
   1.4381271e-01  -1.6809737e-02
   1.4046823e-01  -1.6596780e-02
   1.3712375e-01  -1.6380356e-02
   1.3377926e-01  -1.6160421e-02
   1.3043478e-01  -1.5936927e-02
   1.2709030e-01  -1.5709825e-02
   1.2374582e-01  -1.5479060e-02
   1.2040134e-01  -1.5244574e-02
   1.1705686e-01  -1.5006307e-02
   1.1371237e-01  -1.4764189e-02
   1.1036789e-01  -1.4518149e-02
   1.0702341e-01  -1.4268108e-02
   1.0367893e-01  -1.4013977e-02
   1.0033445e-01  -1.3755665e-02
   9.6989967e-02  -1.3493065e-02
   9.3645485e-02  -1.3226064e-02
   9.0301003e-02  -1.2954536e-02
   8.6956522e-02  -1.2678339e-02
   8.3612040e-02  -1.2397317e-02
   8.0267559e-02  -1.2111295e-02
   7.6923077e-02  -1.1820077e-02
   7.3578595e-02  -1.1523440e-02
   7.0234114e-02  -1.1221132e-02
   6.6889632e-02  -1.0912866e-02
   6.3545151e-02  -1.0598314e-02
   6.0200669e-02  -1.0277096e-02
   5.6856187e-02  -9.9487725e-03
   5.3511706e-02  -9.6128281e-03
   5.0167224e-02  -9.2686567e-03
   4.6822742e-02  -8.9155368e-03
   4.3478261e-02  -8.5526017e-03
   4.0133779e-02  -8.1787974e-03
   3.6789298e-02  -7.7928249e-03
   3.3444816e-02  -7.3930575e-03
   3.0100334e-02  -6.9774188e-03
   2.6755853e-02  -6.5431980e-03
   2.3411371e-02  -6.0867540e-03
   2.0066890e-02  -5.6030193e-03
   1.6722408e-02  -5.0846054e-03
   1.3377926e-02  -4.5200350e-03
   1.0033445e-02  -3.8897662e-03
   6.6889632e-03  -3.1552811e-03
   3.3444816e-03  -2.2161027e-03
   0.0000000e+00  -0.0000000e+00
