   0.0000000e+00   0.0000000e+00
   3.3444816e-03   6.4955224e-03
   6.6889632e-03   9.1653449e-03
   1.0033445e-02   1.1199941e-02
   1.3377926e-02   1.2903509e-02
   1.6722408e-02   1.4394175e-02
   2.0066890e-02   1.5732667e-02
   2.3411371e-02   1.6955146e-02
   2.6755853e-02   1.8085227e-02
   3.0100334e-02   1.9139348e-02
   3.3444816e-02   2.0129504e-02
   3.6789298e-02   2.1064770e-02
   4.0133779e-02   2.1952208e-02
   4.3478261e-02   2.2797446e-02
   4.6822742e-02   2.3605054e-02
   5.0167224e-02   2.4378806e-02
   5.3511706e-02   2.5121859e-02
   5.6856187e-02   2.5836889e-02
   6.0200669e-02   2.6526184e-02
   6.3545151e-02   2.7191722e-02
   6.6889632e-02   2.7835224e-02
   7.0234114e-02   2.8458199e-02
   7.3578595e-02   2.9061981e-02
   7.6923077e-02   2.9647753e-02
   8.0267559e-02   3.0216569e-02
   8.3612040e-02   3.0769378e-02
   8.6956522e-02   3.1307032e-02
   9.0301003e-02   3.1830301e-02
   9.3645485e-02   3.2339886e-02
   9.6989967e-02   3.2836423e-02
   1.0033445e-01   3.3320494e-02
   1.0367893e-01   3.3792633e-02
   1.0702341e-01   3.4253328e-02
   1.1036789e-01   3.4703031e-02
   1.1371237e-01   3.5142156e-02
   1.1705686e-01   3.5571089e-02
   1.2040134e-01   3.5990185e-02
   1.2374582e-01   3.6399775e-02
   1.2709030e-01   3.6800166e-02
   1.3043478e-01   3.7191645e-02
   1.3377926e-01   3.7574478e-02
   1.3712375e-01   3.7948914e-02
   1.4046823e-01   3.8315187e-02
   1.4381271e-01   3.8673516e-02
   1.4715719e-01   3.9024104e-02
   1.5050167e-01   3.9367143e-02
   1.5384615e-01   3.9702815e-02
   1.5719064e-01   4.0031288e-02
   1.6053512e-01   4.0352722e-02
   1.6387960e-01   4.0667268e-02
   1.6722408e-01   4.0975067e-02
   1.7056856e-01   4.1276253e-02
   1.7391304e-01   4.1570952e-02
   1.7725753e-01   4.1859283e-02
   1.8060201e-01   4.2141360e-02
   1.8394649e-01   4.2417288e-02
   1.8729097e-01   4.2687169e-02
   1.9063545e-01   4.2951098e-02
   1.9397993e-01   4.3209165e-02
   1.9732441e-01   4.3461457e-02
   2.0066890e-01   4.3708054e-02
   2.0401338e-01   4.3949034e-02
   2.0735786e-01   4.4184470e-02
   2.1070234e-01   4.4414431e-02
   2.1404682e-01   4.4638984e-02
   2.1739130e-01   4.4858190e-02
   2.2073579e-01   4.5072110e-02
   2.2408027e-01   4.5280800e-02
   2.2742475e-01   4.5484313e-02
   2.3076923e-01   4.5682702e-02
   2.3411371e-01   4.5876014e-02
   2.3745819e-01   4.6064296e-02
   2.4080268e-01   4.6247592e-02
   2.4414716e-01   4.6425943e-02
   2.4749164e-01   4.6599390e-02
   2.5083612e-01   4.6767971e-02
   2.5418060e-01   4.6931722e-02
   2.5752508e-01   4.7090677e-02
   2.6086957e-01   4.7244869e-02
   2.6421405e-01   4.7394330e-02
   2.6755853e-01   4.7539089e-02
   2.7090301e-01   4.7679175e-02
   2.7424749e-01   4.7814614e-02
   2.7759197e-01   4.7945434e-02
   2.8093645e-01   4.8071658e-02
   2.8428094e-01   4.8193310e-02
   2.8762542e-01   4.8310413e-02
   2.9096990e-01   4.8422989e-02
   2.9431438e-01   4.8531057e-02
   2.9765886e-01   4.8634637e-02
   3.0100334e-01   4.8733749e-02
   3.0434783e-01   4.8828410e-02
   3.0769231e-01   4.8918637e-02
   3.1103679e-01   4.9004448e-02
   3.1438127e-01   4.9085857e-02
   3.1772575e-01   4.9162881e-02
   3.2107023e-01   4.9235533e-02
   3.2441472e-01   4.9303827e-02
   3.2775920e-01   4.9367779e-02
   3.3110368e-01   4.9427399e-02
   3.3444816e-01   4.9482701e-02
   3.3779264e-01   4.9533696e-02
   3.4113712e-01   4.9580397e-02
   3.4448161e-01   4.9622815e-02
   3.4782609e-01   4.9660960e-02
   3.5117057e-01   4.9694844e-02
   3.5451505e-01   4.9724476e-02
   3.5785953e-01   4.9749867e-02
   3.6120401e-01   4.9771026e-02
   3.6454849e-01   4.9787963e-02
   3.6789298e-01   4.9800686e-02
   3.7123746e-01   4.9809207e-02
   3.7458194e-01   4.9813532e-02
   3.7792642e-01   4.9813672e-02
   3.8127090e-01   4.9809634e-02
   3.8461538e-01   4.9801428e-02
   3.8795987e-01   4.9789061e-02
   3.9130435e-01   4.9772543e-02
   3.9464883e-01   4.9751881e-02
   3.9799331e-01   4.9727085e-02
   4.0133779e-01   4.9698161e-02
   4.0468227e-01   4.9665119e-02
   4.0802676e-01   4.9627966e-02
   4.1137124e-01   4.9586712e-02
   4.1471572e-01   4.9541363e-02
   4.1806020e-01   4.9491930e-02
   4.2140468e-01   4.9438420e-02
   4.2474916e-01   4.9380841e-02
   4.2809365e-01   4.9319203e-02
   4.3143813e-01   4.9253514e-02
   4.3478261e-01   4.9183783e-02
   4.3812709e-01   4.9110019e-02
   4.4147157e-01   4.9032230e-02
   4.4481605e-01   4.8950427e-02
   4.4816054e-01   4.8864619e-02
   4.5150502e-01   4.8774814e-02
   4.5484950e-01   4.8681024e-02
   4.5819398e-01   4.8583257e-02
   4.6153846e-01   4.8481525e-02
   4.6488294e-01   4.8375837e-02
   4.6822742e-01   4.8266204e-02
   4.7157191e-01   4.8152637e-02
   4.7491639e-01   4.8035146e-02
   4.7826087e-01   4.7913744e-02
   4.8160535e-01   4.7788442e-02
   4.8494983e-01   4.7659252e-02
   4.8829431e-01   4.7526185e-02
   4.9163880e-01   4.7389254e-02
   4.9498328e-01   4.7248473e-02
   4.9832776e-01   4.7103853e-02
   5.0167224e-01   4.6955408e-02
   5.0501672e-01   4.6803152e-02
   5.0836120e-01   4.6647100e-02
   5.1170569e-01   4.6487264e-02
   5.1505017e-01   4.6323660e-02
   5.1839465e-01   4.6156302e-02
   5.2173913e-01   4.5985207e-02
   5.2508361e-01   4.5810390e-02
   5.2842809e-01   4.5631866e-02
   5.3177258e-01   4.5449653e-02
   5.3511706e-01   4.5263767e-02
   5.3846154e-01   4.5074225e-02
   5.4180602e-01   4.4881045e-02
   5.4515050e-01   4.4684245e-02
   5.4849498e-01   4.4483844e-02
   5.5183946e-01   4.4279860e-02
   5.5518395e-01   4.4072312e-02
   5.5852843e-01   4.3861221e-02
   5.6187291e-01   4.3646606e-02
   5.6521739e-01   4.3428487e-02
   5.6856187e-01   4.3206887e-02
   5.7190635e-01   4.2981827e-02
   5.7525084e-01   4.2753327e-02
   5.7859532e-01   4.2521412e-02
   5.8193980e-01   4.2286103e-02
   5.8528428e-01   4.2047424e-02
   5.8862876e-01   4.1805398e-02
   5.9197324e-01   4.1560051e-02
   5.9531773e-01   4.1311407e-02
   5.9866221e-01   4.1059490e-02
   6.0200669e-01   4.0804328e-02
   6.0535117e-01   4.0545945e-02
   6.0869565e-01   4.0284370e-02
   6.1204013e-01   4.0019629e-02
   6.1538462e-01   3.9751750e-02
   6.1872910e-01   3.9480761e-02
   6.2207358e-01   3.9206692e-02
   6.2541806e-01   3.8929571e-02
   6.2876254e-01   3.8649430e-02
   6.3210702e-01   3.8366297e-02
   6.3545151e-01   3.8080205e-02
   6.3879599e-01   3.7791184e-02
   6.4214047e-01   3.7499268e-02
   6.4548495e-01   3.7204488e-02
   6.4882943e-01   3.6906878e-02
   6.5217391e-01   3.6606472e-02
   6.5551839e-01   3.6303305e-02
   6.5886288e-01   3.5997411e-02
   6.6220736e-01   3.5688825e-02
   6.6555184e-01   3.5377585e-02
   6.6889632e-01   3.5063727e-02
   6.7224080e-01   3.4747288e-02
   6.7558528e-01   3.4428307e-02
   6.7892977e-01   3.4106821e-02
   6.8227425e-01   3.3782870e-02
   6.8561873e-01   3.3456494e-02
   6.8896321e-01   3.3127733e-02
   6.9230769e-01   3.2796629e-02
   6.9565217e-01   3.2463222e-02
   6.9899666e-01   3.2127556e-02
   7.0234114e-01   3.1789673e-02
   7.0568562e-01   3.1449617e-02
   7.0903010e-01   3.1107431e-02
   7.1237458e-01   3.0763161e-02
   7.1571906e-01   3.0416853e-02
   7.1906355e-01   3.0068552e-02
   7.2240803e-01   2.9718305e-02
   7.2575251e-01   2.9366159e-02
   7.2909699e-01   2.9012164e-02
   7.3244147e-01   2.8656367e-02
   7.3578595e-01   2.8298817e-02
   7.3913043e-01   2.7939566e-02
   7.4247492e-01   2.7578664e-02
   7.4581940e-01   2.7216162e-02
   7.4916388e-01   2.6852113e-02
   7.5250836e-01   2.6486569e-02
   7.5585284e-01   2.6119584e-02
   7.5919732e-01   2.5751212e-02
   7.6254181e-01   2.5381508e-02
   7.6588629e-01   2.5010527e-02
   7.6923077e-01   2.4638327e-02
   7.7257525e-01   2.4264964e-02
   7.7591973e-01   2.3890495e-02
   7.7926421e-01   2.3514980e-02
   7.8260870e-01   2.3138477e-02
   7.8595318e-01   2.2761046e-02
   7.8929766e-01   2.2382748e-02
   7.9264214e-01   2.2003645e-02
   7.9598662e-01   2.1623798e-02
   7.9933110e-01   2.1243270e-02
   8.0267559e-01   2.0862124e-02
   8.0602007e-01   2.0480426e-02
   8.0936455e-01   2.0098239e-02
   8.1270903e-01   1.9715630e-02
   8.1605351e-01   1.9332666e-02
   8.1939799e-01   1.8949413e-02
   8.2274247e-01   1.8565939e-02
   8.2608696e-01   1.8182314e-02
   8.2943144e-01   1.7798607e-02
   8.3277592e-01   1.7414888e-02
   8.3612040e-01   1.7031228e-02
   8.3946488e-01   1.6647699e-02
   8.4280936e-01   1.6264373e-02
   8.4615385e-01   1.5881325e-02
   8.4949833e-01   1.5498628e-02
   8.5284281e-01   1.5116357e-02
   8.5618729e-01   1.4734587e-02
   8.5953177e-01   1.4353397e-02
   8.6287625e-01   1.3972862e-02
   8.6622074e-01   1.3593060e-02
   8.6956522e-01   1.3214071e-02
   8.7290970e-01   1.2835975e-02
   8.7625418e-01   1.2458851e-02
   8.7959866e-01   1.2082782e-02
   8.8294314e-01   1.1707849e-02
   8.8628763e-01   1.1334134e-02
   8.8963211e-01   1.0961723e-02
   8.9297659e-01   1.0590699e-02
   8.9632107e-01   1.0221148e-02
   8.9966555e-01   9.8531556e-03
   9.0301003e-01   9.4868092e-03
   9.0635452e-01   9.1221964e-03
   9.0969900e-01   8.7594061e-03
   9.1304348e-01   8.3985276e-03
   9.1638796e-01   8.0396512e-03
   9.1973244e-01   7.6828681e-03
   9.2307692e-01   7.3282704e-03
   9.2642140e-01   6.9759508e-03
   9.2976589e-01   6.6260030e-03
   9.3311037e-01   6.2785215e-03
   9.3645485e-01   5.9336017e-03
   9.3979933e-01   5.5913399e-03
   9.4314381e-01   5.2518331e-03
   9.4648829e-01   4.9151792e-03
   9.4983278e-01   4.5814771e-03
   9.5317726e-01   4.2508264e-03
   9.5652174e-01   3.9233276e-03
   9.5986622e-01   3.5990822e-03
   9.6321070e-01   3.2781924e-03
   9.6655518e-01   2.9607613e-03
   9.6989967e-01   2.6468929e-03
   9.7324415e-01   2.3366922e-03
   9.7658863e-01   2.0302649e-03
   9.7993311e-01   1.7277176e-03
   9.8327759e-01   1.4291580e-03
   9.8662207e-01   1.1346944e-03
   9.8996656e-01   8.4443612e-04
   9.9331104e-01   5.5849342e-04
   9.9665552e-01   2.7697738e-04
   1.0000000e+00   0.0000000e+00
   1.0000000e+00   0.0000000e+00
   9.9665552e-01  -2.7697738e-04
   9.9331104e-01  -5.5849342e-04
   9.8996656e-01  -8.4443612e-04
   9.8662207e-01  -1.1346944e-03
   9.8327759e-01  -1.4291580e-03
   9.7993311e-01  -1.7277176e-03
   9.7658863e-01  -2.0302649e-03
   9.7324415e-01  -2.3366922e-03
   9.6989967e-01  -2.6468929e-03
   9.6655518e-01  -2.9607612e-03
   9.6321070e-01  -3.2781923e-03
   9.5986622e-01  -3.5990822e-03
   9.5652174e-01  -3.9233276e-03
   9.5317726e-01  -4.2508264e-03
   9.4983278e-01  -4.5814771e-03
   9.4648829e-01  -4.9151792e-03
   9.4314381e-01  -5.2518331e-03
   9.3979933e-01  -5.5913399e-03
   9.3645485e-01  -5.9336017e-03
   9.3311037e-01  -6.2785215e-03
   9.2976589e-01  -6.6260030e-03
   9.2642140e-01  -6.9759508e-03
   9.2307692e-01  -7.3282704e-03
   9.1973244e-01  -7.6828681e-03
   9.1638796e-01  -8.0396512e-03
   9.1304348e-01  -8.3985275e-03
   9.0969900e-01  -8.7594061e-03
   9.0635452e-01  -9.1221964e-03
   9.0301003e-01  -9.4868091e-03
   8.9966555e-01  -9.8531556e-03
   8.9632107e-01  -1.0221148e-02
   8.9297659e-01  -1.0590699e-02
   8.8963211e-01  -1.0961723e-02
   8.8628763e-01  -1.1334134e-02
   8.8294314e-01  -1.1707849e-02
   8.7959866e-01  -1.2082782e-02
   8.7625418e-01  -1.2458851e-02
   8.7290970e-01  -1.2835975e-02
   8.6956522e-01  -1.3214071e-02
   8.6622074e-01  -1.3593060e-02
   8.6287625e-01  -1.3972861e-02
   8.5953177e-01  -1.4353397e-02
   8.5618729e-01  -1.4734587e-02
   8.5284281e-01  -1.5116357e-02
   8.4949833e-01  -1.5498628e-02
   8.4615385e-01  -1.5881325e-02
   8.4280936e-01  -1.6264373e-02
   8.3946488e-01  -1.6647699e-02
   8.3612040e-01  -1.7031228e-02
   8.3277592e-01  -1.7414888e-02
   8.2943144e-01  -1.7798607e-02
   8.2608696e-01  -1.8182314e-02
   8.2274247e-01  -1.8565939e-02
   8.1939799e-01  -1.8949413e-02
   8.1605351e-01  -1.9332666e-02
   8.1270903e-01  -1.9715630e-02
   8.0936455e-01  -2.0098239e-02
   8.0602007e-01  -2.0480426e-02
   8.0267559e-01  -2.0862124e-02
   7.9933110e-01  -2.1243270e-02
   7.9598662e-01  -2.1623798e-02
   7.9264214e-01  -2.2003645e-02
   7.8929766e-01  -2.2382748e-02
   7.8595318e-01  -2.2761046e-02
   7.8260870e-01  -2.3138477e-02
   7.7926421e-01  -2.3514980e-02
   7.7591973e-01  -2.3890495e-02
   7.7257525e-01  -2.4264964e-02
   7.6923077e-01  -2.4638327e-02
   7.6588629e-01  -2.5010527e-02
   7.6254181e-01  -2.5381508e-02
   7.5919732e-01  -2.5751212e-02
   7.5585284e-01  -2.6119584e-02
   7.5250836e-01  -2.6486569e-02
   7.4916388e-01  -2.6852113e-02
   7.4581940e-01  -2.7216162e-02
   7.4247492e-01  -2.7578664e-02
   7.3913043e-01  -2.7939566e-02
   7.3578595e-01  -2.8298817e-02
   7.3244147e-01  -2.8656367e-02
   7.2909699e-01  -2.9012164e-02
   7.2575251e-01  -2.9366159e-02
   7.2240803e-01  -2.9718305e-02
   7.1906355e-01  -3.0068552e-02
   7.1571906e-01  -3.0416853e-02
   7.1237458e-01  -3.0763161e-02
   7.0903010e-01  -3.1107431e-02
   7.0568562e-01  -3.1449617e-02
   7.0234114e-01  -3.1789673e-02
   6.9899666e-01  -3.2127556e-02
   6.9565217e-01  -3.2463222e-02
   6.9230769e-01  -3.2796629e-02
   6.8896321e-01  -3.3127733e-02
   6.8561873e-01  -3.3456494e-02
   6.8227425e-01  -3.3782870e-02
   6.7892977e-01  -3.4106821e-02
   6.7558528e-01  -3.4428307e-02
   6.7224080e-01  -3.4747288e-02
   6.6889632e-01  -3.5063727e-02
   6.6555184e-01  -3.5377585e-02
   6.6220736e-01  -3.5688825e-02
   6.5886288e-01  -3.5997411e-02
   6.5551839e-01  -3.6303305e-02
   6.5217391e-01  -3.6606472e-02
   6.4882943e-01  -3.6906878e-02
   6.4548495e-01  -3.7204488e-02
   6.4214047e-01  -3.7499268e-02
   6.3879599e-01  -3.7791184e-02
   6.3545151e-01  -3.8080205e-02
   6.3210702e-01  -3.8366297e-02
   6.2876254e-01  -3.8649430e-02
   6.2541806e-01  -3.8929571e-02
   6.2207358e-01  -3.9206692e-02
   6.1872910e-01  -3.9480761e-02
   6.1538462e-01  -3.9751750e-02
   6.1204013e-01  -4.0019629e-02
   6.0869565e-01  -4.0284370e-02
   6.0535117e-01  -4.0545945e-02
   6.0200669e-01  -4.0804328e-02
   5.9866221e-01  -4.1059490e-02
   5.9531773e-01  -4.1311407e-02
   5.9197324e-01  -4.1560051e-02
   5.8862876e-01  -4.1805398e-02
   5.8528428e-01  -4.2047424e-02
   5.8193980e-01  -4.2286103e-02
   5.7859532e-01  -4.2521412e-02
   5.7525084e-01  -4.2753327e-02
   5.7190635e-01  -4.2981827e-02
   5.6856187e-01  -4.3206887e-02
   5.6521739e-01  -4.3428488e-02
   5.6187291e-01  -4.3646606e-02
   5.5852843e-01  -4.3861221e-02
   5.5518395e-01  -4.4072312e-02
   5.5183946e-01  -4.4279860e-02
   5.4849498e-01  -4.4483844e-02
   5.4515050e-01  -4.4684245e-02
   5.4180602e-01  -4.4881045e-02
   5.3846154e-01  -4.5074225e-02
   5.3511706e-01  -4.5263767e-02
   5.3177258e-01  -4.5449653e-02
   5.2842809e-01  -4.5631866e-02
   5.2508361e-01  -4.5810390e-02
   5.2173913e-01  -4.5985207e-02
   5.1839465e-01  -4.6156303e-02
   5.1505017e-01  -4.6323660e-02
   5.1170569e-01  -4.6487264e-02
   5.0836120e-01  -4.6647100e-02
   5.0501672e-01  -4.6803153e-02
   5.0167224e-01  -4.6955408e-02
   4.9832776e-01  -4.7103853e-02
   4.9498328e-01  -4.7248473e-02
   4.9163880e-01  -4.7389254e-02
   4.8829431e-01  -4.7526185e-02
   4.8494983e-01  -4.7659252e-02
   4.8160535e-01  -4.7788442e-02
   4.7826087e-01  -4.7913744e-02
   4.7491639e-01  -4.8035146e-02
   4.7157191e-01  -4.8152637e-02
   4.6822742e-01  -4.8266204e-02
   4.6488294e-01  -4.8375837e-02
   4.6153846e-01  -4.8481525e-02
   4.5819398e-01  -4.8583257e-02
   4.5484950e-01  -4.8681024e-02
   4.5150502e-01  -4.8774814e-02
   4.4816054e-01  -4.8864619e-02
   4.4481605e-01  -4.8950427e-02
   4.4147157e-01  -4.9032230e-02
   4.3812709e-01  -4.9110019e-02
   4.3478261e-01  -4.9183783e-02
   4.3143813e-01  -4.9253514e-02
   4.2809365e-01  -4.9319203e-02
   4.2474916e-01  -4.9380841e-02
   4.2140468e-01  -4.9438420e-02
   4.1806020e-01  -4.9491930e-02
   4.1471572e-01  -4.9541363e-02
   4.1137124e-01  -4.9586712e-02
   4.0802676e-01  -4.9627966e-02
   4.0468227e-01  -4.9665119e-02
   4.0133779e-01  -4.9698161e-02
   3.9799331e-01  -4.9727085e-02
   3.9464883e-01  -4.9751881e-02
   3.9130435e-01  -4.9772543e-02
   3.8795987e-01  -4.9789061e-02
   3.8461538e-01  -4.9801428e-02
   3.8127090e-01  -4.9809634e-02
   3.7792642e-01  -4.9813672e-02
   3.7458194e-01  -4.9813532e-02
   3.7123746e-01  -4.9809207e-02
   3.6789298e-01  -4.9800687e-02
   3.6454849e-01  -4.9787963e-02
   3.6120401e-01  -4.9771026e-02
   3.5785953e-01  -4.9749867e-02
   3.5451505e-01  -4.9724476e-02
   3.5117057e-01  -4.9694844e-02
   3.4782609e-01  -4.9660960e-02
   3.4448161e-01  -4.9622815e-02
   3.4113712e-01  -4.9580397e-02
   3.3779264e-01  -4.9533696e-02
   3.3444816e-01  -4.9482701e-02
   3.3110368e-01  -4.9427399e-02
   3.2775920e-01  -4.9367779e-02
   3.2441472e-01  -4.9303828e-02
   3.2107023e-01  -4.9235533e-02
   3.1772575e-01  -4.9162881e-02
   3.1438127e-01  -4.9085857e-02
   3.1103679e-01  -4.9004448e-02
   3.0769231e-01  -4.8918637e-02
   3.0434783e-01  -4.8828410e-02
   3.0100334e-01  -4.8733749e-02
   2.9765886e-01  -4.8634637e-02
   2.9431438e-01  -4.8531057e-02
   2.9096990e-01  -4.8422989e-02
   2.8762542e-01  -4.8310413e-02
   2.8428094e-01  -4.8193310e-02
   2.8093645e-01  -4.8071658e-02
   2.7759197e-01  -4.7945434e-02
   2.7424749e-01  -4.7814614e-02
   2.7090301e-01  -4.7679175e-02
   2.6755853e-01  -4.7539089e-02
   2.6421405e-01  -4.7394330e-02
   2.6086957e-01  -4.7244869e-02
   2.5752508e-01  -4.7090677e-02
   2.5418060e-01  -4.6931722e-02
   2.5083612e-01  -4.6767971e-02
   2.4749164e-01  -4.6599390e-02
   2.4414716e-01  -4.6425943e-02
   2.4080268e-01  -4.6247592e-02
   2.3745819e-01  -4.6064296e-02
   2.3411371e-01  -4.5876014e-02
   2.3076923e-01  -4.5682702e-02
   2.2742475e-01  -4.5484313e-02
   2.2408027e-01  -4.5280800e-02
   2.2073579e-01  -4.5072110e-02
   2.1739130e-01  -4.4858190e-02
   2.1404682e-01  -4.4638984e-02
   2.1070234e-01  -4.4414431e-02
   2.0735786e-01  -4.4184470e-02
   2.0401338e-01  -4.3949034e-02
   2.0066890e-01  -4.3708054e-02
   1.9732441e-01  -4.3461457e-02
   1.9397993e-01  -4.3209165e-02
   1.9063545e-01  -4.2951098e-02
   1.8729097e-01  -4.2687169e-02
   1.8394649e-01  -4.2417288e-02
   1.8060201e-01  -4.2141360e-02
   1.7725753e-01  -4.1859283e-02
   1.7391304e-01  -4.1570952e-02
   1.7056856e-01  -4.1276253e-02
   1.6722408e-01  -4.0975067e-02
   1.6387960e-01  -4.0667268e-02
   1.6053512e-01  -4.0352722e-02
   1.5719064e-01  -4.0031288e-02
   1.5384615e-01  -3.9702815e-02
   1.5050167e-01  -3.9367143e-02
   1.4715719e-01  -3.9024104e-02
   1.4381271e-01  -3.8673516e-02
   1.4046823e-01  -3.8315187e-02
   1.3712375e-01  -3.7948914e-02
   1.3377926e-01  -3.7574478e-02
   1.3043478e-01  -3.7191645e-02
   1.2709030e-01  -3.6800166e-02
   1.2374582e-01  -3.6399775e-02
   1.2040134e-01  -3.5990185e-02
   1.1705686e-01  -3.5571089e-02
   1.1371237e-01  -3.5142156e-02
   1.1036789e-01  -3.4703031e-02
   1.0702341e-01  -3.4253328e-02
   1.0367893e-01  -3.3792633e-02
   1.0033445e-01  -3.3320494e-02
   9.6989967e-02  -3.2836423e-02
   9.3645485e-02  -3.2339886e-02
   9.0301003e-02  -3.1830301e-02
   8.6956522e-02  -3.1307032e-02
   8.3612040e-02  -3.0769378e-02
   8.0267559e-02  -3.0216569e-02
   7.6923077e-02  -2.9647752e-02
   7.3578595e-02  -2.9061981e-02
   7.0234114e-02  -2.8458199e-02
   6.6889632e-02  -2.7835224e-02
   6.3545151e-02  -2.7191722e-02
   6.0200669e-02  -2.6526184e-02
   5.6856187e-02  -2.5836889e-02
   5.3511706e-02  -2.5121859e-02
   5.0167224e-02  -2.4378806e-02
   4.6822742e-02  -2.3605054e-02
   4.3478261e-02  -2.2797446e-02
   4.0133779e-02  -2.1952208e-02
   3.6789298e-02  -2.1064770e-02
   3.3444816e-02  -2.0129504e-02
   3.0100334e-02  -1.9139348e-02
   2.6755853e-02  -1.8085227e-02
   2.3411371e-02  -1.6955146e-02
   2.0066890e-02  -1.5732667e-02
   1.6722408e-02  -1.4394175e-02
   1.3377926e-02  -1.2903509e-02
   1.0033445e-02  -1.1199941e-02
   6.6889632e-03  -9.1653449e-03
   3.3444816e-03  -6.4955224e-03
   0.0000000e+00  -0.0000000e+00
