   0.0000000e+00   0.0000000e+00
   3.3444816e-03   1.0212282e-02
   6.6889632e-03   1.4407749e-02
   1.0033445e-02   1.7602870e-02
   1.3377926e-02   2.0275799e-02
   1.6722408e-02   2.2612137e-02
   2.0066890e-02   2.4707254e-02
   2.3411371e-02   2.6617900e-02
   2.6755853e-02   2.8381115e-02
   3.0100334e-02   3.0022664e-02
   3.3444816e-02   3.1561339e-02
   3.6789298e-02   3.3011343e-02
   4.0133779e-02   3.4383729e-02
   4.3478261e-02   3.5687298e-02
   4.6822742e-02   3.6929197e-02
   5.0167224e-02   3.8115324e-02
   5.3511706e-02   3.9250615e-02
   5.6856187e-02   4.0339253e-02
   6.0200669e-02   4.1384817e-02
   6.3545151e-02   4.2390401e-02
   6.6889632e-02   4.3358703e-02
   7.0234114e-02   4.4292089e-02
   7.3578595e-02   4.5192652e-02
   7.6923077e-02   4.6062252e-02
   8.0267559e-02   4.6902554e-02
   8.3612040e-02   4.7715053e-02
   8.6956522e-02   4.8501098e-02
   9.0301003e-02   4.9261916e-02
   9.3645485e-02   4.9998622e-02
   9.6989967e-02   5.0712234e-02
   1.0033445e-01   5.1403687e-02
   1.0367893e-01   5.2073842e-02
   1.0702341e-01   5.2723493e-02
   1.1036789e-01   5.3353375e-02
   1.1371237e-01   5.3964169e-02
   1.1705686e-01   5.4556510e-02
   1.2040134e-01   5.5130991e-02
   1.2374582e-01   5.5688165e-02
   1.2709030e-01   5.6228551e-02
   1.3043478e-01   5.6752635e-02
   1.3377926e-01   5.7260876e-02
   1.3712375e-01   5.7753705e-02
   1.4046823e-01   5.8231531e-02
   1.4381271e-01   5.8694739e-02
   1.4715719e-01   5.9143695e-02
   1.5050167e-01   5.9578745e-02
   1.5384615e-01   6.0000220e-02
   1.5719064e-01   6.0408433e-02
   1.6053512e-01   6.0803683e-02
   1.6387960e-01   6.1186256e-02
   1.6722408e-01   6.1556425e-02
   1.7056856e-01   6.1914451e-02
   1.7391304e-01   6.2260585e-02
   1.7725753e-01   6.2595067e-02
   1.8060201e-01   6.2918126e-02
   1.8394649e-01   6.3229986e-02
   1.8729097e-01   6.3530860e-02
   1.9063545e-01   6.3820953e-02
   1.9397993e-01   6.4100463e-02
   1.9732441e-01   6.4369582e-02
   2.0066890e-01   6.4628496e-02
   2.0401338e-01   6.4877382e-02
   2.0735786e-01   6.5116415e-02
   2.1070234e-01   6.5345761e-02
   2.1404682e-01   6.5565585e-02
   2.1739130e-01   6.5776043e-02
   2.2073579e-01   6.5977288e-02
   2.2408027e-01   6.6169471e-02
   2.2742475e-01   6.6352736e-02
   2.3076923e-01   6.6527223e-02
   2.3411371e-01   6.6693070e-02
   2.3745819e-01   6.6850411e-02
   2.4080268e-01   6.6999376e-02
   2.4414716e-01   6.7140093e-02
   2.4749164e-01   6.7272685e-02
   2.5083612e-01   6.7397274e-02
   2.5418060e-01   6.7513979e-02
   2.5752508e-01   6.7622915e-02
   2.6086957e-01   6.7724195e-02
   2.6421405e-01   6.7817932e-02
   2.6755853e-01   6.7904232e-02
   2.7090301e-01   6.7983204e-02
   2.7424749e-01   6.8054950e-02
   2.7759197e-01   6.8119573e-02
   2.8093645e-01   6.8177174e-02
   2.8428094e-01   6.8227851e-02
   2.8762542e-01   6.8271700e-02
   2.9096990e-01   6.8308816e-02
   2.9431438e-01   6.8339292e-02
   2.9765886e-01   6.8363220e-02
   3.0100334e-01   6.8380690e-02
   3.0434783e-01   6.8391789e-02
   3.0769231e-01   6.8396605e-02
   3.1103679e-01   6.8395224e-02
   3.1438127e-01   6.8387729e-02
   3.1772575e-01   6.8374203e-02
   3.2107023e-01   6.8354728e-02
   3.2441472e-01   6.8329383e-02
   3.2775920e-01   6.8298248e-02
   3.3110368e-01   6.8261401e-02
   3.3444816e-01   6.8218919e-02
   3.3779264e-01   6.8170876e-02
   3.4113712e-01   6.8117347e-02
   3.4448161e-01   6.8058406e-02
   3.4782609e-01   6.7994125e-02
   3.5117057e-01   6.7924575e-02
   3.5451505e-01   6.7849827e-02
   3.5785953e-01   6.7769949e-02
   3.6120401e-01   6.7685011e-02
   3.6454849e-01   6.7595080e-02
   3.6789298e-01   6.7500223e-02
   3.7123746e-01   6.7400504e-02
   3.7458194e-01   6.7295990e-02
   3.7792642e-01   6.7186743e-02
   3.8127090e-01   6.7072827e-02
   3.8461538e-01   6.6954305e-02
   3.8795987e-01   6.6831238e-02
   3.9130435e-01   6.6703686e-02
   3.9464883e-01   6.6571710e-02
   3.9799331e-01   6.6435368e-02
   4.0133779e-01   6.6294720e-02
   4.0468227e-01   6.6149822e-02
   4.0802676e-01   6.6000731e-02
   4.1137124e-01   6.5847504e-02
   4.1471572e-01   6.5690197e-02
   4.1806020e-01   6.5528863e-02
   4.2140468e-01   6.5363557e-02
   4.2474916e-01   6.5194332e-02
   4.2809365e-01   6.5021241e-02
   4.3143813e-01   6.4844336e-02
   4.3478261e-01   6.4663668e-02
   4.3812709e-01   6.4479287e-02
   4.4147157e-01   6.4291245e-02
   4.4481605e-01   6.4099589e-02
   4.4816054e-01   6.3904369e-02
   4.5150502e-01   6.3705632e-02
   4.5484950e-01   6.3503426e-02
   4.5819398e-01   6.3297798e-02
   4.6153846e-01   6.3088793e-02
   4.6488294e-01   6.2876458e-02
   4.6822742e-01   6.2660836e-02
   4.7157191e-01   6.2441973e-02
   4.7491639e-01   6.2219911e-02
   4.7826087e-01   6.1994694e-02
   4.8160535e-01   6.1766363e-02
   4.8494983e-01   6.1534962e-02
   4.8829431e-01   6.1300530e-02
   4.9163880e-01   6.1063108e-02
   4.9498328e-01   6.0822737e-02
   4.9832776e-01   6.0579455e-02
   5.0167224e-01   6.0333301e-02
   5.0501672e-01   6.0084313e-02
   5.0836120e-01   5.9832529e-02
   5.1170569e-01   5.9577985e-02
   5.1505017e-01   5.9320718e-02
   5.1839465e-01   5.9060763e-02
   5.2173913e-01   5.8798156e-02
   5.2508361e-01   5.8532931e-02
   5.2842809e-01   5.8265121e-02
   5.3177258e-01   5.7994761e-02
   5.3511706e-01   5.7721883e-02
   5.3846154e-01   5.7446518e-02
   5.4180602e-01   5.7168699e-02
   5.4515050e-01   5.6888456e-02
   5.4849498e-01   5.6605820e-02
   5.5183946e-01   5.6320819e-02
   5.5518395e-01   5.6033484e-02
   5.5852843e-01   5.5743843e-02
   5.6187291e-01   5.5451924e-02
   5.6521739e-01   5.5157754e-02
   5.6856187e-01   5.4861359e-02
   5.7190635e-01   5.4562766e-02
   5.7525084e-01   5.4262001e-02
   5.7859532e-01   5.3959088e-02
   5.8193980e-01   5.3654051e-02
   5.8528428e-01   5.3346914e-02
   5.8862876e-01   5.3037701e-02
   5.9197324e-01   5.2726434e-02
   5.9531773e-01   5.2413134e-02
   5.9866221e-01   5.2097823e-02
   6.0200669e-01   5.1780521e-02
   6.0535117e-01   5.1461249e-02
   6.0869565e-01   5.1140026e-02
   6.1204013e-01   5.0816871e-02
   6.1538462e-01   5.0491802e-02
   6.1872910e-01   5.0164836e-02
   6.2207358e-01   4.9835991e-02
   6.2541806e-01   4.9505283e-02
   6.2876254e-01   4.9172727e-02
   6.3210702e-01   4.8838339e-02
   6.3545151e-01   4.8502133e-02
   6.3879599e-01   4.8164123e-02
   6.4214047e-01   4.7824323e-02
   6.4548495e-01   4.7482744e-02
   6.4882943e-01   4.7139399e-02
   6.5217391e-01   4.6794299e-02
   6.5551839e-01   4.6447454e-02
   6.5886288e-01   4.6098876e-02
   6.6220736e-01   4.5748572e-02
   6.6555184e-01   4.5396553e-02
   6.6889632e-01   4.5042826e-02
   6.7224080e-01   4.4687398e-02
   6.7558528e-01   4.4330277e-02
   6.7892977e-01   4.3971468e-02
   6.8227425e-01   4.3610977e-02
   6.8561873e-01   4.3248809e-02
   6.8896321e-01   4.2884969e-02
   6.9230769e-01   4.2519459e-02
   6.9565217e-01   4.2152283e-02
   6.9899666e-01   4.1783443e-02
   7.0234114e-01   4.1412940e-02
   7.0568562e-01   4.1040776e-02
   7.0903010e-01   4.0666950e-02
   7.1237458e-01   4.0291463e-02
   7.1571906e-01   3.9914312e-02
   7.1906355e-01   3.9535497e-02
   7.2240803e-01   3.9155015e-02
   7.2575251e-01   3.8772863e-02
   7.2909699e-01   3.8389036e-02
   7.3244147e-01   3.8003532e-02
   7.3578595e-01   3.7616343e-02
   7.3913043e-01   3.7227465e-02
   7.4247492e-01   3.6836891e-02
   7.4581940e-01   3.6444613e-02
   7.4916388e-01   3.6050624e-02
   7.5250836e-01   3.5654915e-02
   7.5585284e-01   3.5257477e-02
   7.5919732e-01   3.4858300e-02
   7.6254181e-01   3.4457372e-02
   7.6588629e-01   3.4054683e-02
   7.6923077e-01   3.3650221e-02
   7.7257525e-01   3.3243971e-02
   7.7591973e-01   3.2835922e-02
   7.7926421e-01   3.2426059e-02
   7.8260870e-01   3.2014365e-02
   7.8595318e-01   3.1600827e-02
   7.8929766e-01   3.1185428e-02
   7.9264214e-01   3.0768149e-02
   7.9598662e-01   3.0348974e-02
   7.9933110e-01   2.9927883e-02
   8.0267559e-01   2.9504858e-02
   8.0602007e-01   2.9079878e-02
   8.0936455e-01   2.8652922e-02
   8.1270903e-01   2.8223969e-02
   8.1605351e-01   2.7792997e-02
   8.1939799e-01   2.7359982e-02
   8.2274247e-01   2.6924901e-02
   8.2608696e-01   2.6487729e-02
   8.2943144e-01   2.6048440e-02
   8.3277592e-01   2.5607009e-02
   8.3612040e-01   2.5163409e-02
   8.3946488e-01   2.4717613e-02
   8.4280936e-01   2.4269591e-02
   8.4615385e-01   2.3819315e-02
   8.4949833e-01   2.3366755e-02
   8.5284281e-01   2.2911881e-02
   8.5618729e-01   2.2454660e-02
   8.5953177e-01   2.1995062e-02
   8.6287625e-01   2.1533052e-02
   8.6622074e-01   2.1068597e-02
   8.6956522e-01   2.0601663e-02
   8.7290970e-01   2.0132215e-02
   8.7625418e-01   1.9660215e-02
   8.7959866e-01   1.9185628e-02
   8.8294314e-01   1.8708416e-02
   8.8628763e-01   1.8228541e-02
   8.8963211e-01   1.7745962e-02
   8.9297659e-01   1.7260640e-02
   8.9632107e-01   1.6772535e-02
   8.9966555e-01   1.6281604e-02
   9.0301003e-01   1.5787806e-02
   9.0635452e-01   1.5291096e-02
   9.0969900e-01   1.4791432e-02
   9.1304348e-01   1.4288768e-02
   9.1638796e-01   1.3783058e-02
   9.1973244e-01   1.3274256e-02
   9.2307692e-01   1.2762314e-02
   9.2642140e-01   1.2247185e-02
   9.2976589e-01   1.1728820e-02
   9.3311037e-01   1.1207169e-02
   9.3645485e-01   1.0682180e-02
   9.3979933e-01   1.0153804e-02
   9.4314381e-01   9.6219871e-03
   9.4648829e-01   9.0866767e-03
   9.4983278e-01   8.5478188e-03
   9.5317726e-01   8.0053587e-03
   9.5652174e-01   7.4592408e-03
   9.5986622e-01   6.9094087e-03
   9.6321070e-01   6.3558049e-03
   9.6655518e-01   5.7983715e-03
   9.6989967e-01   5.2370493e-03
   9.7324415e-01   4.6717786e-03
   9.7658863e-01   4.1024986e-03
   9.7993311e-01   3.5291478e-03
   9.8327759e-01   2.9516638e-03
   9.8662207e-01   2.3699833e-03
   9.8996656e-01   1.7840421e-03
   9.9331104e-01   1.1937752e-03
   9.9665552e-01   5.9911676e-04
   1.0000000e+00   0.0000000e+00
   1.0000000e+00   0.0000000e+00
   9.9665552e-01  -6.4386167e-05
   9.9331104e-01  -1.3302733e-04
   9.8996656e-01  -2.0583619e-04
   9.8662207e-01  -2.8272640e-04
   9.8327759e-01  -3.6361246e-04
   9.7993311e-01  -4.4840983e-04
   9.7658863e-01  -5.3703484e-04
   9.7324415e-01  -6.2940472e-04
   9.6989967e-01  -7.2543759e-04
   9.6655518e-01  -8.2505247e-04
   9.6321070e-01  -9.2816926e-04
   9.5986622e-01  -1.0347087e-03
   9.5652174e-01  -1.1445926e-03
   9.5317726e-01  -1.2577433e-03
   9.4983278e-01  -1.3740842e-03
   9.4648829e-01  -1.4935397e-03
   9.4314381e-01  -1.6160349e-03
   9.3979933e-01  -1.7414958e-03
   9.3645485e-01  -1.8698492e-03
   9.3311037e-01  -2.0010228e-03
   9.2976589e-01  -2.1349452e-03
   9.2642140e-01  -2.2715457e-03
   9.2307692e-01  -2.4107546e-03
   9.1973244e-01  -2.5525029e-03
   9.1638796e-01  -2.6967226e-03
   9.1304348e-01  -2.8433463e-03
   9.0969900e-01  -2.9923077e-03
   9.0635452e-01  -3.1435410e-03
   9.0301003e-01  -3.2969816e-03
   8.9966555e-01  -3.4525653e-03
   8.9632107e-01  -3.6102290e-03
   8.9297659e-01  -3.7699103e-03
   8.8963211e-01  -3.9315476e-03
   8.8628763e-01  -4.0950801e-03
   8.8294314e-01  -4.2604479e-03
   8.7959866e-01  -4.4275917e-03
   8.7625418e-01  -4.5964531e-03
   8.7290970e-01  -4.7669744e-03
   8.6956522e-01  -4.9390989e-03
   8.6622074e-01  -5.1127703e-03
   8.6287625e-01  -5.2879333e-03
   8.5953177e-01  -5.4645335e-03
   8.5618729e-01  -5.6425170e-03
   8.5284281e-01  -5.8218306e-03
   8.4949833e-01  -6.0024222e-03
   8.4615385e-01  -6.1842402e-03
   8.4280936e-01  -6.3672337e-03
   8.3946488e-01  -6.5513528e-03
   8.3612040e-01  -6.7365479e-03
   8.3277592e-01  -6.9227706e-03
   8.2943144e-01  -7.1099729e-03
   8.2608696e-01  -7.2981077e-03
   8.2274247e-01  -7.4871285e-03
   8.1939799e-01  -7.6769895e-03
   8.1605351e-01  -7.8676458e-03
   8.1270903e-01  -8.0590529e-03
   8.0936455e-01  -8.2511673e-03
   8.0602007e-01  -8.4439460e-03
   8.0267559e-01  -8.6373468e-03
   7.9933110e-01  -8.8313280e-03
   7.9598662e-01  -9.0258487e-03
   7.9264214e-01  -9.2208688e-03
   7.8929766e-01  -9.4163487e-03
   7.8595318e-01  -9.6122495e-03
   7.8260870e-01  -9.8085330e-03
   7.7926421e-01  -1.0005161e-02
   7.7591973e-01  -1.0202098e-02
   7.7257525e-01  -1.0399307e-02
   7.6923077e-01  -1.0596751e-02
   7.6588629e-01  -1.0794397e-02
   7.6254181e-01  -1.0992210e-02
   7.5919732e-01  -1.1190156e-02
   7.5585284e-01  -1.1388202e-02
   7.5250836e-01  -1.1586315e-02
   7.4916388e-01  -1.1784464e-02
   7.4581940e-01  -1.1982617e-02
   7.4247492e-01  -1.2180744e-02
   7.3913043e-01  -1.2378813e-02
   7.3578595e-01  -1.2576797e-02
   7.3244147e-01  -1.2774666e-02
   7.2909699e-01  -1.2972391e-02
   7.2575251e-01  -1.3169945e-02
   7.2240803e-01  -1.3367300e-02
   7.1906355e-01  -1.3564431e-02
   7.1571906e-01  -1.3761310e-02
   7.1237458e-01  -1.3957912e-02
   7.0903010e-01  -1.4154212e-02
   7.0568562e-01  -1.4350186e-02
   7.0234114e-01  -1.4545810e-02
   6.9899666e-01  -1.4741060e-02
   6.9565217e-01  -1.4935913e-02
   6.9230769e-01  -1.5130348e-02
   6.8896321e-01  -1.5324341e-02
   6.8561873e-01  -1.5517873e-02
   6.8227425e-01  -1.5710921e-02
   6.7892977e-01  -1.5903466e-02
   6.7558528e-01  -1.6095487e-02
   6.7224080e-01  -1.6286966e-02
   6.6889632e-01  -1.6477883e-02
   6.6555184e-01  -1.6668220e-02
   6.6220736e-01  -1.6857958e-02
   6.5886288e-01  -1.7047081e-02
   6.5551839e-01  -1.7235571e-02
   6.5217391e-01  -1.7423411e-02
   6.4882943e-01  -1.7610585e-02
   6.4548495e-01  -1.7797078e-02
   6.4214047e-01  -1.7982873e-02
   6.3879599e-01  -1.8167957e-02
   6.3545151e-01  -1.8352314e-02
   6.3210702e-01  -1.8535930e-02
   6.2876254e-01  -1.8718792e-02
   6.2541806e-01  -1.8900885e-02
   6.2207358e-01  -1.9082198e-02
   6.1872910e-01  -1.9262717e-02
   6.1538462e-01  -1.9442430e-02
   6.1204013e-01  -1.9621325e-02
   6.0869565e-01  -1.9799391e-02
   6.0535117e-01  -1.9976616e-02
   6.0200669e-01  -2.0152990e-02
   5.9866221e-01  -2.0328501e-02
   5.9531773e-01  -2.0503140e-02
   5.9197324e-01  -2.0676897e-02
   5.8862876e-01  -2.0849761e-02
   5.8528428e-01  -2.1021725e-02
   5.8193980e-01  -2.1192778e-02
   5.7859532e-01  -2.1362911e-02
   5.7525084e-01  -2.1532117e-02
   5.7190635e-01  -2.1700387e-02
   5.6856187e-01  -2.1867713e-02
   5.6521739e-01  -2.2034087e-02
   5.6187291e-01  -2.2199502e-02
   5.5852843e-01  -2.2363950e-02
   5.5518395e-01  -2.2527425e-02
   5.5183946e-01  -2.2689919e-02
   5.4849498e-01  -2.2851426e-02
   5.4515050e-01  -2.3011939e-02
   5.4180602e-01  -2.3171452e-02
   5.3846154e-01  -2.3329958e-02
   5.3511706e-01  -2.3487453e-02
   5.3177258e-01  -2.3643929e-02
   5.2842809e-01  -2.3799382e-02
   5.2508361e-01  -2.3953806e-02
   5.2173913e-01  -2.4107194e-02
   5.1839465e-01  -2.4259543e-02
   5.1505017e-01  -2.4410846e-02
   5.1170569e-01  -2.4561099e-02
   5.0836120e-01  -2.4710295e-02
   5.0501672e-01  -2.4858432e-02
   5.0167224e-01  -2.5005502e-02
   4.9832776e-01  -2.5151502e-02
   4.9498328e-01  -2.5296427e-02
   4.9163880e-01  -2.5440271e-02
   4.8829431e-01  -2.5583030e-02
   4.8494983e-01  -2.5724699e-02
   4.8160535e-01  -2.5865272e-02
   4.7826087e-01  -2.6004745e-02
   4.7491639e-01  -2.6143113e-02
   4.7157191e-01  -2.6280371e-02
   4.6822742e-01  -2.6416514e-02
   4.6488294e-01  -2.6551536e-02
   4.6153846e-01  -2.6685432e-02
   4.5819398e-01  -2.6818197e-02
   4.5484950e-01  -2.6949824e-02
   4.5150502e-01  -2.7080309e-02
   4.4816054e-01  -2.7209645e-02
   4.4481605e-01  -2.7337826e-02
   4.4147157e-01  -2.7464846e-02
   4.3812709e-01  -2.7590698e-02
   4.3478261e-01  -2.7715376e-02
   4.3143813e-01  -2.7838873e-02
   4.2809365e-01  -2.7961180e-02
   4.2474916e-01  -2.8082292e-02
   4.2140468e-01  -2.8202200e-02
   4.1806020e-01  -2.8320895e-02
   4.1471572e-01  -2.8438369e-02
   4.1137124e-01  -2.8554614e-02
   4.0802676e-01  -2.8669620e-02
   4.0468227e-01  -2.8783378e-02
   4.0133779e-01  -2.8895876e-02
   3.9799331e-01  -2.9007106e-02
   3.9464883e-01  -2.9117055e-02
   3.9130435e-01  -2.9225713e-02
   3.8795987e-01  -2.9333067e-02
   3.8461538e-01  -2.9439104e-02
   3.8127090e-01  -2.9543813e-02
   3.7792642e-01  -2.9647178e-02
   3.7458194e-01  -2.9749186e-02
   3.7123746e-01  -2.9849821e-02
   3.6789298e-01  -2.9949068e-02
   3.6454849e-01  -3.0046911e-02
   3.6120401e-01  -3.0143333e-02
   3.5785953e-01  -3.0238315e-02
   3.5451505e-01  -3.0331840e-02
   3.5117057e-01  -3.0423887e-02
   3.4782609e-01  -3.0514436e-02
   3.4448161e-01  -3.0603466e-02
   3.4113712e-01  -3.0690956e-02
   3.3779264e-01  -3.0776881e-02
   3.3444816e-01  -3.0861217e-02
   3.3110368e-01  -3.0943941e-02
   3.2775920e-01  -3.1025024e-02
   3.2441472e-01  -3.1104441e-02
   3.2107023e-01  -3.1182161e-02
   3.1772575e-01  -3.1258157e-02
   3.1438127e-01  -3.1332395e-02
   3.1103679e-01  -3.1404845e-02
   3.0769231e-01  -3.1475472e-02
   3.0434783e-01  -3.1544242e-02
   3.0100334e-01  -3.1611117e-02
   2.9765886e-01  -3.1676059e-02
   2.9431438e-01  -3.1739029e-02
   2.9096990e-01  -3.1799985e-02
   2.8762542e-01  -3.1858885e-02
   2.8428094e-01  -3.1915682e-02
   2.8093645e-01  -3.1970331e-02
   2.7759197e-01  -3.2022783e-02
   2.7424749e-01  -3.2072986e-02
   2.7090301e-01  -3.2120889e-02
   2.6755853e-01  -3.2166436e-02
   2.6421405e-01  -3.2209569e-02
   2.6086957e-01  -3.2250230e-02
   2.5752508e-01  -3.2288356e-02
   2.5418060e-01  -3.2323882e-02
   2.5083612e-01  -3.2356742e-02
   2.4749164e-01  -3.2386865e-02
   2.4414716e-01  -3.2414178e-02
   2.4080268e-01  -3.2438606e-02
   2.3745819e-01  -3.2460068e-02
   2.3411371e-01  -3.2478483e-02
   2.3076923e-01  -3.2493765e-02
   2.2742475e-01  -3.2505824e-02
   2.2408027e-01  -3.2514568e-02
   2.2073579e-01  -3.2519898e-02
   2.1739130e-01  -3.2521714e-02
   2.1404682e-01  -3.2519910e-02
   2.1070234e-01  -3.2514376e-02
   2.0735786e-01  -3.2504996e-02
   2.0401338e-01  -3.2491652e-02
   2.0066890e-01  -3.2474219e-02
   1.9732441e-01  -3.2452564e-02
   1.9397993e-01  -3.2426553e-02
   1.9063545e-01  -3.2396043e-02
   1.8729097e-01  -3.2360884e-02
   1.8394649e-01  -3.2320921e-02
   1.8060201e-01  -3.2275991e-02
   1.7725753e-01  -3.2225923e-02
   1.7391304e-01  -3.2170540e-02
   1.7056856e-01  -3.2109654e-02
   1.6722408e-01  -3.2043068e-02
   1.6387960e-01  -3.1970578e-02
   1.6053512e-01  -3.1891968e-02
   1.5719064e-01  -3.1807010e-02
   1.5384615e-01  -3.1715466e-02
   1.5050167e-01  -3.1617086e-02
   1.4715719e-01  -3.1511606e-02
   1.4381271e-01  -3.1398747e-02
   1.4046823e-01  -3.1278217e-02
   1.3712375e-01  -3.1149705e-02
   1.3377926e-01  -3.1012884e-02
   1.3043478e-01  -3.0867407e-02
   1.2709030e-01  -3.0712908e-02
   1.2374582e-01  -3.0548996e-02
   1.2040134e-01  -3.0375258e-02
   1.1705686e-01  -3.0191254e-02
   1.1371237e-01  -2.9996514e-02
   1.1036789e-01  -2.9790538e-02
   1.0702341e-01  -2.9572789e-02
   1.0367893e-01  -2.9342694e-02
   1.0033445e-01  -2.9099636e-02
   9.6989967e-02  -2.8842951e-02
   9.3645485e-02  -2.8571924e-02
   9.0301003e-02  -2.8285781e-02
   8.6956522e-02  -2.7983682e-02
   8.3612040e-02  -2.7664711e-02
   8.0267559e-02  -2.7327872e-02
   7.6923077e-02  -2.6972070e-02
   7.3578595e-02  -2.6596102e-02
   7.0234114e-02  -2.6198639e-02
   6.6889632e-02  -2.5778203e-02
   6.3545151e-02  -2.5333148e-02
   6.0200669e-02  -2.4861623e-02
   5.6856187e-02  -2.4361538e-02
   5.3511706e-02  -2.3830513e-02
   5.0167224e-02  -2.3265819e-02
   4.6822742e-02  -2.2664293e-02
   4.3478261e-02  -2.2022235e-02
   4.0133779e-02  -2.1335264e-02
   3.6789298e-02  -2.0598118e-02
   3.3444816e-02  -1.9804372e-02
   3.0100334e-02  -1.8946032e-02
   2.6755853e-02  -1.8012915e-02
   2.3411371e-02  -1.6991670e-02
   2.0066890e-02  -1.5864146e-02
   1.6722408e-02  -1.4604479e-02
   1.3377926e-02  -1.3173374e-02
   1.0033445e-02  -1.1505342e-02
   6.6889632e-03  -9.4739629e-03
   3.3444816e-03  -6.7561660e-03
   0.0000000e+00  -0.0000000e+00
