   0.0000000e+00   0.0000000e+00
   3.3444816e-03   9.3576483e-03
   6.6889632e-03   1.3181268e-02
   1.0033445e-02   1.6079324e-02
   1.3377926e-02   1.8492328e-02
   1.6722408e-02   2.0591619e-02
   2.0066890e-02   2.2465417e-02
   2.3411371e-02   2.4166331e-02
   2.6755853e-02   2.5728769e-02
   3.0100334e-02   2.7176720e-02
   3.3444816e-02   2.8527717e-02
   3.6789298e-02   2.9795046e-02
   4.0133779e-02   3.0989066e-02
   4.3478261e-02   3.2118048e-02
   4.6822742e-02   3.3188723e-02
   5.0167224e-02   3.4206658e-02
   5.3511706e-02   3.5176526e-02
   5.6856187e-02   3.6102294e-02
   6.0200669e-02   3.6987364e-02
   6.3545151e-02   3.7834688e-02
   6.6889632e-02   3.8646840e-02
   7.0234114e-02   3.9426088e-02
   7.3578595e-02   4.0174439e-02
   7.6923077e-02   4.0893684e-02
   8.0267559e-02   4.1585426e-02
   8.3612040e-02   4.2251110e-02
   8.6956522e-02   4.2892044e-02
   9.0301003e-02   4.3509416e-02
   9.3645485e-02   4.4104310e-02
   9.6989967e-02   4.4677719e-02
   1.0033445e-01   4.5230555e-02
   1.0367893e-01   4.5763659e-02
   1.0702341e-01   4.6277808e-02
   1.1036789e-01   4.6773722e-02
   1.1371237e-01   4.7252072e-02
   1.1705686e-01   4.7713483e-02
   1.2040134e-01   4.8158536e-02
   1.2374582e-01   4.8587778e-02
   1.2709030e-01   4.9001721e-02
   1.3043478e-01   4.9400846e-02
   1.3377926e-01   4.9785606e-02
   1.3712375e-01   5.0156429e-02
   1.4046823e-01   5.0513718e-02
   1.4381271e-01   5.0857856e-02
   1.4715719e-01   5.1189206e-02
   1.5050167e-01   5.1508111e-02
   1.5384615e-01   5.1814898e-02
   1.5719064e-01   5.2109879e-02
   1.6053512e-01   5.2393352e-02
   1.6387960e-01   5.2665598e-02
   1.6722408e-01   5.2926890e-02
   1.7056856e-01   5.3177486e-02
   1.7391304e-01   5.3417634e-02
   1.7725753e-01   5.3647573e-02
   1.8060201e-01   5.3867530e-02
   1.8394649e-01   5.4077726e-02
   1.8729097e-01   5.4278370e-02
   1.9063545e-01   5.4469668e-02
   1.9397993e-01   5.4651813e-02
   1.9732441e-01   5.4824995e-02
   2.0066890e-01   5.4989396e-02
   2.0401338e-01   5.5145192e-02
   2.0735786e-01   5.5292554e-02
   2.1070234e-01   5.5431644e-02
   2.1404682e-01   5.5562624e-02
   2.1739130e-01   5.5685647e-02
   2.2073579e-01   5.5800862e-02
   2.2408027e-01   5.5908415e-02
   2.2742475e-01   5.6008447e-02
   2.3076923e-01   5.6101094e-02
   2.3411371e-01   5.6186489e-02
   2.3745819e-01   5.6264762e-02
   2.4080268e-01   5.6336039e-02
   2.4414716e-01   5.6400441e-02
   2.4749164e-01   5.6458089e-02
   2.5083612e-01   5.6509098e-02
   2.5418060e-01   5.6553582e-02
   2.5752508e-01   5.6591651e-02
   2.6086957e-01   5.6623413e-02
   2.6421405e-01   5.6648974e-02
   2.6755853e-01   5.6668436e-02
   2.7090301e-01   5.6681900e-02
   2.7424749e-01   5.6689465e-02
   2.7759197e-01   5.6691226e-02
   2.8093645e-01   5.6687277e-02
   2.8428094e-01   5.6677711e-02
   2.8762542e-01   5.6662618e-02
   2.9096990e-01   5.6642086e-02
   2.9431438e-01   5.6616201e-02
   2.9765886e-01   5.6585049e-02
   3.0100334e-01   5.6548712e-02
   3.0434783e-01   5.6507272e-02
   3.0769231e-01   5.6460809e-02
   3.1103679e-01   5.6409401e-02
   3.1438127e-01   5.6353126e-02
   3.1772575e-01   5.6292059e-02
   3.2107023e-01   5.6226274e-02
   3.2441472e-01   5.6155844e-02
   3.2775920e-01   5.6080842e-02
   3.3110368e-01   5.6001336e-02
   3.3444816e-01   5.5917398e-02
   3.3779264e-01   5.5829094e-02
   3.4113712e-01   5.5736492e-02
   3.4448161e-01   5.5639657e-02
   3.4782609e-01   5.5538655e-02
   3.5117057e-01   5.5433549e-02
   3.5451505e-01   5.5324402e-02
   3.5785953e-01   5.5211276e-02
   3.6120401e-01   5.5094231e-02
   3.6454849e-01   5.4973328e-02
   3.6789298e-01   5.4848625e-02
   3.7123746e-01   5.4720180e-02
   3.7458194e-01   5.4588051e-02
   3.7792642e-01   5.4452294e-02
   3.8127090e-01   5.4312965e-02
   3.8461538e-01   5.4170118e-02
   3.8795987e-01   5.4023807e-02
   3.9130435e-01   5.3874086e-02
   3.9464883e-01   5.3721006e-02
   3.9799331e-01   5.3564620e-02
   4.0133779e-01   5.3404979e-02
   4.0468227e-01   5.3242133e-02
   4.0802676e-01   5.3076130e-02
   4.1137124e-01   5.2907021e-02
   4.1471572e-01   5.2734854e-02
   4.1806020e-01   5.2559675e-02
   4.2140468e-01   5.2381533e-02
   4.2474916e-01   5.2200472e-02
   4.2809365e-01   5.2016539e-02
   4.3143813e-01   5.1829779e-02
   4.3478261e-01   5.1640236e-02
   4.3812709e-01   5.1447954e-02
   4.4147157e-01   5.1252976e-02
   4.4481605e-01   5.1055346e-02
   4.4816054e-01   5.0855104e-02
   4.5150502e-01   5.0652293e-02
   4.5484950e-01   5.0446953e-02
   4.5819398e-01   5.0239126e-02
   4.6153846e-01   5.0028850e-02
   4.6488294e-01   4.9816166e-02
   4.6822742e-01   4.9601111e-02
   4.7157191e-01   4.9383726e-02
   4.7491639e-01   4.9164046e-02
   4.7826087e-01   4.8942110e-02
   4.8160535e-01   4.8717955e-02
   4.8494983e-01   4.8491616e-02
   4.8829431e-01   4.8263131e-02
   4.9163880e-01   4.8032533e-02
   4.9498328e-01   4.7799858e-02
   4.9832776e-01   4.7565140e-02
   5.0167224e-01   4.7328414e-02
   5.0501672e-01   4.7089713e-02
   5.0836120e-01   4.6849069e-02
   5.1170569e-01   4.6606516e-02
   5.1505017e-01   4.6362085e-02
   5.1839465e-01   4.6115809e-02
   5.2173913e-01   4.5867718e-02
   5.2508361e-01   4.5617843e-02
   5.2842809e-01   4.5366215e-02
   5.3177258e-01   4.5112863e-02
   5.3511706e-01   4.4857817e-02
   5.3846154e-01   4.4601106e-02
   5.4180602e-01   4.4342759e-02
   5.4515050e-01   4.4082803e-02
   5.4849498e-01   4.3821268e-02
   5.5183946e-01   4.3558179e-02
   5.5518395e-01   4.3293564e-02
   5.5852843e-01   4.3027450e-02
   5.6187291e-01   4.2759863e-02
   5.6521739e-01   4.2490828e-02
   5.6856187e-01   4.2220370e-02
   5.7190635e-01   4.1948515e-02
   5.7525084e-01   4.1675288e-02
   5.7859532e-01   4.1400711e-02
   5.8193980e-01   4.1124809e-02
   5.8528428e-01   4.0847606e-02
   5.8862876e-01   4.0569124e-02
   5.9197324e-01   4.0289385e-02
   5.9531773e-01   4.0008412e-02
   5.9866221e-01   3.9726227e-02
   6.0200669e-01   3.9442850e-02
   6.0535117e-01   3.9158303e-02
   6.0869565e-01   3.8872606e-02
   6.1204013e-01   3.8585780e-02
   6.1538462e-01   3.8297844e-02
   6.1872910e-01   3.8008818e-02
   6.2207358e-01   3.7718721e-02
   6.2541806e-01   3.7427570e-02
   6.2876254e-01   3.7135385e-02
   6.3210702e-01   3.6842184e-02
   6.3545151e-01   3.6547983e-02
   6.3879599e-01   3.6252800e-02
   6.4214047e-01   3.5956652e-02
   6.4548495e-01   3.5659555e-02
   6.4882943e-01   3.5361525e-02
   6.5217391e-01   3.5062577e-02
   6.5551839e-01   3.4762726e-02
   6.5886288e-01   3.4461988e-02
   6.6220736e-01   3.4160377e-02
   6.6555184e-01   3.3857907e-02
   6.6889632e-01   3.3554592e-02
   6.7224080e-01   3.3250444e-02
   6.7558528e-01   3.2945477e-02
   6.7892977e-01   3.2639703e-02
   6.8227425e-01   3.2333135e-02
   6.8561873e-01   3.2025784e-02
   6.8896321e-01   3.1717661e-02
   6.9230769e-01   3.1408779e-02
   6.9565217e-01   3.1099146e-02
   6.9899666e-01   3.0788774e-02
   7.0234114e-01   3.0477673e-02
   7.0568562e-01   3.0165852e-02
   7.0903010e-01   2.9853319e-02
   7.1237458e-01   2.9540085e-02
   7.1571906e-01   2.9226157e-02
   7.1906355e-01   2.8911543e-02
   7.2240803e-01   2.8596251e-02
   7.2575251e-01   2.8280289e-02
   7.2909699e-01   2.7963662e-02
   7.3244147e-01   2.7646378e-02
   7.3578595e-01   2.7328442e-02
   7.3913043e-01   2.7009861e-02
   7.4247492e-01   2.6690639e-02
   7.4581940e-01   2.6370783e-02
   7.4916388e-01   2.6050295e-02
   7.5250836e-01   2.5729181e-02
   7.5585284e-01   2.5407445e-02
   7.5919732e-01   2.5085089e-02
   7.6254181e-01   2.4762117e-02
   7.6588629e-01   2.4438532e-02
   7.6923077e-01   2.4114335e-02
   7.7257525e-01   2.3789530e-02
   7.7591973e-01   2.3464116e-02
   7.7926421e-01   2.3138097e-02
   7.8260870e-01   2.2811471e-02
   7.8595318e-01   2.2484240e-02
   7.8929766e-01   2.2156404e-02
   7.9264214e-01   2.1827963e-02
   7.9598662e-01   2.1498915e-02
   7.9933110e-01   2.1169259e-02
   8.0267559e-01   2.0838994e-02
   8.0602007e-01   2.0508118e-02
   8.0936455e-01   2.0176629e-02
   8.1270903e-01   1.9844524e-02
   8.1605351e-01   1.9511800e-02
   8.1939799e-01   1.9178453e-02
   8.2274247e-01   1.8844479e-02
   8.2608696e-01   1.8509875e-02
   8.2943144e-01   1.8174636e-02
   8.3277592e-01   1.7838756e-02
   8.3612040e-01   1.7502230e-02
   8.3946488e-01   1.7165053e-02
   8.4280936e-01   1.6827218e-02
   8.4615385e-01   1.6488718e-02
   8.4949833e-01   1.6149547e-02
   8.5284281e-01   1.5809696e-02
   8.5618729e-01   1.5469160e-02
   8.5953177e-01   1.5127928e-02
   8.6287625e-01   1.4785993e-02
   8.6622074e-01   1.4443345e-02
   8.6956522e-01   1.4099975e-02
   8.7290970e-01   1.3755874e-02
   8.7625418e-01   1.3411031e-02
   8.7959866e-01   1.3065435e-02
   8.8294314e-01   1.2719076e-02
   8.8628763e-01   1.2371942e-02
   8.8963211e-01   1.2024021e-02
   8.9297659e-01   1.1675302e-02
   8.9632107e-01   1.1325771e-02
   8.9966555e-01   1.0975416e-02
   9.0301003e-01   1.0624222e-02
   9.0635452e-01   1.0272177e-02
   9.0969900e-01   9.9192660e-03
   9.1304348e-01   9.5654743e-03
   9.1638796e-01   9.2107869e-03
   9.1973244e-01   8.8551884e-03
   9.2307692e-01   8.4986629e-03
   9.2642140e-01   8.1411941e-03
   9.2976589e-01   7.7827652e-03
   9.3311037e-01   7.4233593e-03
   9.3645485e-01   7.0629587e-03
   9.3979933e-01   6.7015455e-03
   9.4314381e-01   6.3391014e-03
   9.4648829e-01   5.9756075e-03
   9.4983278e-01   5.6110448e-03
   9.5317726e-01   5.2453935e-03
   9.5652174e-01   4.8786337e-03
   9.5986622e-01   4.5107449e-03
   9.6321070e-01   4.1417063e-03
   9.6655518e-01   3.7714965e-03
   9.6989967e-01   3.4000939e-03
   9.7324415e-01   3.0274762e-03
   9.7658863e-01   2.6536211e-03
   9.7993311e-01   2.2785054e-03
   9.8327759e-01   1.9021058e-03
   9.8662207e-01   1.5243985e-03
   9.8996656e-01   1.1453591e-03
   9.9331104e-01   7.6496309e-04
   9.9665552e-01   3.8318522e-04
   1.0000000e+00   0.0000000e+00
   1.0000000e+00   0.0000000e+00
   9.9665552e-01   6.4845179e-05
   9.9331104e-01   1.2283897e-04
   9.8996656e-01   1.7410522e-04
   9.8662207e-01   2.1876654e-04
   9.8327759e-01   2.5694433e-04
   9.7993311e-01   2.8875876e-04
   9.7658863e-01   3.1432880e-04
   9.7324415e-01   3.3377222e-04
   9.6989967e-01   3.4720556e-04
   9.6655518e-01   3.5474419e-04
   9.6321070e-01   3.5650227e-04
   9.5986622e-01   3.5259277e-04
   9.5652174e-01   3.4312748e-04
   9.5317726e-01   3.2821702e-04
   9.4983278e-01   3.0797080e-04
   9.4648829e-01   2.8249709e-04
   9.4314381e-01   2.5190300e-04
   9.3979933e-01   2.1629445e-04
   9.3645485e-01   1.7577621e-04
   9.3311037e-01   1.3045191e-04
   9.2976589e-01   8.0424033e-05
   9.2642140e-01   2.5793901e-05
   9.2307692e-01  -3.3338289e-05
   9.1973244e-01  -9.6873477e-05
   9.1638796e-01  -1.6471373e-04
   9.1304348e-01  -2.3676224e-04
   9.0969900e-01  -3.1292332e-04
   9.0635452e-01  -3.9310240e-04
   9.0301003e-01  -4.7720600e-04
   8.9966555e-01  -5.6514177e-04
   8.9632107e-01  -6.5681846e-04
   8.9297659e-01  -7.5214588e-04
   8.8963211e-01  -8.5103497e-04
   8.8628763e-01  -9.5339774e-04
   8.8294314e-01  -1.0591473e-03
   8.7959866e-01  -1.1681977e-03
   8.7625418e-01  -1.2804643e-03
   8.7290970e-01  -1.3958634e-03
   8.6956522e-01  -1.5143122e-03
   8.6622074e-01  -1.6357293e-03
   8.6287625e-01  -1.7600341e-03
   8.5953177e-01  -1.8871470e-03
   8.5618729e-01  -2.0169897e-03
   8.5284281e-01  -2.1494847e-03
   8.4949833e-01  -2.2845556e-03
   8.4615385e-01  -2.4221270e-03
   8.4280936e-01  -2.5621246e-03
   8.3946488e-01  -2.7044750e-03
   8.3612040e-01  -2.8491059e-03
   8.3277592e-01  -2.9959460e-03
   8.2943144e-01  -3.1449249e-03
   8.2608696e-01  -3.2959734e-03
   8.2274247e-01  -3.4490229e-03
   8.1939799e-01  -3.6040061e-03
   8.1605351e-01  -3.7608567e-03
   8.1270903e-01  -3.9195092e-03
   8.0936455e-01  -4.0798991e-03
   8.0602007e-01  -4.2419630e-03
   8.0267559e-01  -4.4056381e-03
   7.9933110e-01  -4.5708630e-03
   7.9598662e-01  -4.7375769e-03
   7.9264214e-01  -4.9057201e-03
   7.8929766e-01  -5.0752338e-03
   7.8595318e-01  -5.2460600e-03
   7.8260870e-01  -5.4181419e-03
   7.7926421e-01  -5.5914234e-03
   7.7591973e-01  -5.7658492e-03
   7.7257525e-01  -5.9413652e-03
   7.6923077e-01  -6.1179179e-03
   7.6588629e-01  -6.2954550e-03
   7.6254181e-01  -6.4739247e-03
   7.5919732e-01  -6.6532764e-03
   7.5585284e-01  -6.8334603e-03
   7.5250836e-01  -7.0144273e-03
   7.4916388e-01  -7.1961294e-03
   7.4581940e-01  -7.3785192e-03
   7.4247492e-01  -7.5615502e-03
   7.3913043e-01  -7.7451770e-03
   7.3578595e-01  -7.9293548e-03
   7.3244147e-01  -8.1140395e-03
   7.2909699e-01  -8.2991881e-03
   7.2575251e-01  -8.4847583e-03
   7.2240803e-01  -8.6707086e-03
   7.1906355e-01  -8.8569982e-03
   7.1571906e-01  -9.0435873e-03
   7.1237458e-01  -9.2304368e-03
   7.0903010e-01  -9.4175082e-03
   7.0568562e-01  -9.6047640e-03
   7.0234114e-01  -9.7921675e-03
   6.9899666e-01  -9.9796825e-03
   6.9565217e-01  -1.0167274e-02
   6.9230769e-01  -1.0354907e-02
   6.8896321e-01  -1.0542547e-02
   6.8561873e-01  -1.0730163e-02
   6.8227425e-01  -1.0917721e-02
   6.7892977e-01  -1.1105190e-02
   6.7558528e-01  -1.1292539e-02
   6.7224080e-01  -1.1479737e-02
   6.6889632e-01  -1.1666755e-02
   6.6555184e-01  -1.1853565e-02
   6.6220736e-01  -1.2040137e-02
   6.5886288e-01  -1.2226446e-02
   6.5551839e-01  -1.2412462e-02
   6.5217391e-01  -1.2598162e-02
   6.4882943e-01  -1.2783518e-02
   6.4548495e-01  -1.2968506e-02
   6.4214047e-01  -1.3153102e-02
   6.3879599e-01  -1.3337283e-02
   6.3545151e-01  -1.3521024e-02
   6.3210702e-01  -1.3704304e-02
   6.2876254e-01  -1.3887101e-02
   6.2541806e-01  -1.4069394e-02
   6.2207358e-01  -1.4251161e-02
   6.1872910e-01  -1.4432384e-02
   6.1538462e-01  -1.4613042e-02
   6.1204013e-01  -1.4793117e-02
   6.0869565e-01  -1.4972589e-02
   6.0535117e-01  -1.5151442e-02
   6.0200669e-01  -1.5329658e-02
   5.9866221e-01  -1.5507220e-02
   5.9531773e-01  -1.5684112e-02
   5.9197324e-01  -1.5860318e-02
   5.8862876e-01  -1.6035822e-02
   5.8528428e-01  -1.6210611e-02
   5.8193980e-01  -1.6384669e-02
   5.7859532e-01  -1.6557983e-02
   5.7525084e-01  -1.6730539e-02
   5.7190635e-01  -1.6902325e-02
   5.6856187e-01  -1.7073327e-02
   5.6521739e-01  -1.7243535e-02
   5.6187291e-01  -1.7412935e-02
   5.5852843e-01  -1.7581517e-02
   5.5518395e-01  -1.7749270e-02
   5.5183946e-01  -1.7916184e-02
   5.4849498e-01  -1.8082247e-02
   5.4515050e-01  -1.8247452e-02
   5.4180602e-01  -1.8411787e-02
   5.3846154e-01  -1.8575245e-02
   5.3511706e-01  -1.8737815e-02
   5.3177258e-01  -1.8899491e-02
   5.2842809e-01  -1.9060264e-02
   5.2508361e-01  -1.9220125e-02
   5.2173913e-01  -1.9379068e-02
   5.1839465e-01  -1.9537085e-02
   5.1505017e-01  -1.9694170e-02
   5.1170569e-01  -1.9850314e-02
   5.0836120e-01  -2.0005513e-02
   5.0501672e-01  -2.0159759e-02
   5.0167224e-01  -2.0313047e-02
   4.9832776e-01  -2.0465370e-02
   4.9498328e-01  -2.0616723e-02
   4.9163880e-01  -2.0767101e-02
   4.8829431e-01  -2.0916497e-02
   4.8494983e-01  -2.1064907e-02
   4.8160535e-01  -2.1212326e-02
   4.7826087e-01  -2.1358748e-02
   4.7491639e-01  -2.1504169e-02
   4.7157191e-01  -2.1648583e-02
   4.6822742e-01  -2.1791987e-02
   4.6488294e-01  -2.1934375e-02
   4.6153846e-01  -2.2075742e-02
   4.5819398e-01  -2.2216084e-02
   4.5484950e-01  -2.2355397e-02
   4.5150502e-01  -2.2493674e-02
   4.4816054e-01  -2.2630913e-02
   4.4481605e-01  -2.2767108e-02
   4.4147157e-01  -2.2902253e-02
   4.3812709e-01  -2.3036346e-02
   4.3478261e-01  -2.3169379e-02
   4.3143813e-01  -2.3301348e-02
   4.2809365e-01  -2.3432248e-02
   4.2474916e-01  -2.3562073e-02
   4.2140468e-01  -2.3690818e-02
   4.1806020e-01  -2.3818477e-02
   4.1471572e-01  -2.3945044e-02
   4.1137124e-01  -2.4070512e-02
   4.0802676e-01  -2.4194874e-02
   4.0468227e-01  -2.4318125e-02
   4.0133779e-01  -2.4440256e-02
   3.9799331e-01  -2.4561261e-02
   3.9464883e-01  -2.4681131e-02
   3.9130435e-01  -2.4799858e-02
   3.8795987e-01  -2.4917434e-02
   3.8461538e-01  -2.5033849e-02
   3.8127090e-01  -2.5149093e-02
   3.7792642e-01  -2.5263157e-02
   3.7458194e-01  -2.5376030e-02
   3.7123746e-01  -2.5487701e-02
   3.6789298e-01  -2.5598158e-02
   3.6454849e-01  -2.5707389e-02
   3.6120401e-01  -2.5815381e-02
   3.5785953e-01  -2.5922120e-02
   3.5451505e-01  -2.6027592e-02
   3.5117057e-01  -2.6131781e-02
   3.4782609e-01  -2.6234673e-02
   3.4448161e-01  -2.6336249e-02
   3.4113712e-01  -2.6436494e-02
   3.3779264e-01  -2.6535387e-02
   3.3444816e-01  -2.6632911e-02
   3.3110368e-01  -2.6729044e-02
   3.2775920e-01  -2.6823765e-02
   3.2441472e-01  -2.6917052e-02
   3.2107023e-01  -2.7008881e-02
   3.1772575e-01  -2.7099229e-02
   3.1438127e-01  -2.7188068e-02
   3.1103679e-01  -2.7275372e-02
   3.0769231e-01  -2.7361112e-02
   3.0434783e-01  -2.7445259e-02
   3.0100334e-01  -2.7527781e-02
   2.9765886e-01  -2.7608647e-02
   2.9431438e-01  -2.7687821e-02
   2.9096990e-01  -2.7765268e-02
   2.8762542e-01  -2.7840950e-02
   2.8428094e-01  -2.7914829e-02
   2.8093645e-01  -2.7986863e-02
   2.7759197e-01  -2.8057010e-02
   2.7424749e-01  -2.8125224e-02
   2.7090301e-01  -2.8191459e-02
   2.6755853e-01  -2.8255666e-02
   2.6421405e-01  -2.8317794e-02
   2.6086957e-01  -2.8377789e-02
   2.5752508e-01  -2.8435596e-02
   2.5418060e-01  -2.8491155e-02
   2.5083612e-01  -2.8544406e-02
   2.4749164e-01  -2.8595286e-02
   2.4414716e-01  -2.8643726e-02
   2.4080268e-01  -2.8689659e-02
   2.3745819e-01  -2.8733011e-02
   2.3411371e-01  -2.8773707e-02
   2.3076923e-01  -2.8811666e-02
   2.2742475e-01  -2.8846806e-02
   2.2408027e-01  -2.8879041e-02
   2.2073579e-01  -2.8908281e-02
   2.1739130e-01  -2.8934429e-02
   2.1404682e-01  -2.8957389e-02
   2.1070234e-01  -2.8977056e-02
   2.0735786e-01  -2.8993322e-02
   2.0401338e-01  -2.9006076e-02
   2.0066890e-01  -2.9015198e-02
   1.9732441e-01  -2.9020565e-02
   1.9397993e-01  -2.9022047e-02
   1.9063545e-01  -2.9019511e-02
   1.8729097e-01  -2.9012814e-02
   1.8394649e-01  -2.9001808e-02
   1.8060201e-01  -2.8986337e-02
   1.7725753e-01  -2.8966239e-02
   1.7391304e-01  -2.8941343e-02
   1.7056856e-01  -2.8911470e-02
   1.6722408e-01  -2.8876431e-02
   1.6387960e-01  -2.8836030e-02
   1.6053512e-01  -2.8790059e-02
   1.5719064e-01  -2.8738300e-02
   1.5384615e-01  -2.8680523e-02
   1.5050167e-01  -2.8616487e-02
   1.4715719e-01  -2.8545937e-02
   1.4381271e-01  -2.8468604e-02
   1.4046823e-01  -2.8384205e-02
   1.3712375e-01  -2.8292441e-02
   1.3377926e-01  -2.8192994e-02
   1.3043478e-01  -2.8085530e-02
   1.2709030e-01  -2.7969693e-02
   1.2374582e-01  -2.7845105e-02
   1.2040134e-01  -2.7711366e-02
   1.1705686e-01  -2.7568049e-02
   1.1371237e-01  -2.7414699e-02
   1.1036789e-01  -2.7250830e-02
   1.0702341e-01  -2.7075923e-02
   1.0367893e-01  -2.6889423e-02
   1.0033445e-01  -2.6690730e-02
   9.6989967e-02  -2.6479202e-02
   9.3645485e-02  -2.6254146e-02
   9.0301003e-02  -2.6014811e-02
   8.6956522e-02  -2.5760384e-02
   8.3612040e-02  -2.5489981e-02
   8.0267559e-02  -2.5202634e-02
   7.6923077e-02  -2.4897288e-02
   7.3578595e-02  -2.4572778e-02
   7.0234114e-02  -2.4227822e-02
   6.6889632e-02  -2.3860993e-02
   6.3545151e-02  -2.3470703e-02
   6.0200669e-02  -2.3055169e-02
   5.6856187e-02  -2.2612379e-02
   5.3511706e-02  -2.2140044e-02
   5.0167224e-02  -2.1635541e-02
   4.6822742e-02  -2.1095834e-02
   4.3478261e-02  -2.0517376e-02
   4.0133779e-02  -1.9895969e-02
   3.6789298e-02  -1.9226577e-02
   3.3444816e-02  -1.8503062e-02
   3.0100334e-02  -1.7717792e-02
   2.6755853e-02  -1.6861058e-02
   2.3411371e-02  -1.5920146e-02
   2.0066890e-02  -1.4877793e-02
   1.6722408e-02  -1.3709428e-02
   1.3377926e-02  -1.2377768e-02
   1.0033445e-02  -1.0820754e-02
   6.6889632e-03  -8.9187273e-03
   3.3444816e-03  -6.3662736e-03
   0.0000000e+00  -0.0000000e+00
