   0.0000000e+00   0.0000000e+00
   3.3444816e-03   1.4261638e-02
   6.6889632e-03   2.0137844e-02
   1.0033445e-02   2.4624714e-02
   1.3377926e-02   2.8388163e-02
   1.6722408e-02   3.1686425e-02
   2.0066890e-02   3.4652064e-02
   2.3411371e-02   3.7363894e-02
   2.6755853e-02   3.9873301e-02
   3.0100334e-02   4.2216001e-02
   3.3444816e-02   4.4418011e-02
   3.6789298e-02   4.6498979e-02
   4.0133779e-02   4.8474178e-02
   4.3478261e-02   5.0355755e-02
   4.6822742e-02   5.2153563e-02
   5.0167224e-02   5.3875724e-02
   5.3511706e-02   5.5529029e-02
   5.6856187e-02   5.7119222e-02
   6.0200669e-02   5.8651214e-02
   6.3545151e-02   6.0129245e-02
   6.6889632e-02   6.1557004e-02
   7.0234114e-02   6.2937726e-02
   7.3578595e-02   6.4274264e-02
   7.6923077e-02   6.5569153e-02
   8.0267559e-02   6.6824656e-02
   8.3612040e-02   6.8042802e-02
   8.6956522e-02   6.9225423e-02
   9.0301003e-02   7.0374175e-02
   9.3645485e-02   7.1490564e-02
   9.6989967e-02   7.2575965e-02
   1.0033445e-01   7.3631635e-02
   1.0367893e-01   7.4658730e-02
   1.0702341e-01   7.5658313e-02
   1.1036789e-01   7.6631366e-02
   1.1371237e-01   7.7578801e-02
   1.1705686e-01   7.8501462e-02
   1.2040134e-01   7.9400137e-02
   1.2374582e-01   8.0275557e-02
   1.2709030e-01   8.1128411e-02
   1.3043478e-01   8.1959339e-02
   1.3377926e-01   8.2768945e-02
   1.3712375e-01   8.3557796e-02
   1.4046823e-01   8.4326426e-02
   1.4381271e-01   8.5075339e-02
   1.4715719e-01   8.5805012e-02
   1.5050167e-01   8.6515894e-02
   1.5384615e-01   8.7208413e-02
   1.5719064e-01   8.7882976e-02
   1.6053512e-01   8.8539967e-02
   1.6387960e-01   8.9179754e-02
   1.6722408e-01   8.9802687e-02
   1.7056856e-01   9.0409100e-02
   1.7391304e-01   9.0999312e-02
   1.7725753e-01   9.1573628e-02
   1.8060201e-01   9.2132341e-02
   1.8394649e-01   9.2675732e-02
   1.8729097e-01   9.3204068e-02
   1.9063545e-01   9.3717610e-02
   1.9397993e-01   9.4216605e-02
   1.9732441e-01   9.4701293e-02
   2.0066890e-01   9.5171904e-02
   2.0401338e-01   9.5628661e-02
   2.0735786e-01   9.6071778e-02
   2.1070234e-01   9.6501464e-02
   2.1404682e-01   9.6917918e-02
   2.1739130e-01   9.7321334e-02
   2.2073579e-01   9.7711901e-02
   2.2408027e-01   9.8089801e-02
   2.2742475e-01   9.8455209e-02
   2.3076923e-01   9.8808298e-02
   2.3411371e-01   9.9149234e-02
   2.3745819e-01   9.9478179e-02
   2.4080268e-01   9.9795290e-02
   2.4414716e-01   1.0010072e-01
   2.4749164e-01   1.0039462e-01
   2.5083612e-01   1.0067713e-01
   2.5418060e-01   1.0094840e-01
   2.5752508e-01   1.0120856e-01
   2.6086957e-01   1.0145774e-01
   2.6421405e-01   1.0169609e-01
   2.6755853e-01   1.0192372e-01
   2.7090301e-01   1.0214077e-01
   2.7424749e-01   1.0234735e-01
   2.7759197e-01   1.0254359e-01
   2.8093645e-01   1.0272960e-01
   2.8428094e-01   1.0290551e-01
   2.8762542e-01   1.0307141e-01
   2.9096990e-01   1.0322742e-01
   2.9431438e-01   1.0337366e-01
   2.9765886e-01   1.0351022e-01
   3.0100334e-01   1.0363721e-01
   3.0434783e-01   1.0375473e-01
   3.0769231e-01   1.0386289e-01
   3.1103679e-01   1.0396178e-01
   3.1438127e-01   1.0405149e-01
   3.1772575e-01   1.0413213e-01
   3.2107023e-01   1.0420379e-01
   3.2441472e-01   1.0426655e-01
   3.2775920e-01   1.0432052e-01
   3.3110368e-01   1.0436577e-01
   3.3444816e-01   1.0440239e-01
   3.3779264e-01   1.0443048e-01
   3.4113712e-01   1.0445011e-01
   3.4448161e-01   1.0446137e-01
   3.4782609e-01   1.0446434e-01
   3.5117057e-01   1.0445911e-01
   3.5451505e-01   1.0444574e-01
   3.5785953e-01   1.0442433e-01
   3.6120401e-01   1.0439494e-01
   3.6454849e-01   1.0435765e-01
   3.6789298e-01   1.0431254e-01
   3.7123746e-01   1.0425969e-01
   3.7458194e-01   1.0419916e-01
   3.7792642e-01   1.0413102e-01
   3.8127090e-01   1.0405535e-01
   3.8461538e-01   1.0397223e-01
   3.8795987e-01   1.0388170e-01
   3.9130435e-01   1.0378386e-01
   3.9464883e-01   1.0367875e-01
   3.9799331e-01   1.0356645e-01
   4.0133779e-01   1.0344703e-01
   4.0468227e-01   1.0332054e-01
   4.0802676e-01   1.0318705e-01
   4.1137124e-01   1.0304663e-01
   4.1471572e-01   1.0289934e-01
   4.1806020e-01   1.0274523e-01
   4.2140468e-01   1.0258437e-01
   4.2474916e-01   1.0241681e-01
   4.2809365e-01   1.0224262e-01
   4.3143813e-01   1.0206186e-01
   4.3478261e-01   1.0187457e-01
   4.3812709e-01   1.0168083e-01
   4.4147157e-01   1.0148067e-01
   4.4481605e-01   1.0127416e-01
   4.4816054e-01   1.0106136e-01
   4.5150502e-01   1.0084231e-01
   4.5484950e-01   1.0061707e-01
   4.5819398e-01   1.0038569e-01
   4.6153846e-01   1.0014822e-01
   4.6488294e-01   9.9904717e-02
   4.6822742e-01   9.9655224e-02
   4.7157191e-01   9.9399793e-02
   4.7491639e-01   9.9138473e-02
   4.7826087e-01   9.8871311e-02
   4.8160535e-01   9.8598355e-02
   4.8494983e-01   9.8319652e-02
   4.8829431e-01   9.8035248e-02
   4.9163880e-01   9.7745187e-02
   4.9498328e-01   9.7449515e-02
   4.9832776e-01   9.7148276e-02
   5.0167224e-01   9.6841513e-02
   5.0501672e-01   9.6529268e-02
   5.0836120e-01   9.6211584e-02
   5.1170569e-01   9.5888503e-02
   5.1505017e-01   9.5560064e-02
   5.1839465e-01   9.5226310e-02
   5.2173913e-01   9.4887277e-02
   5.2508361e-01   9.4543007e-02
   5.2842809e-01   9.4193537e-02
   5.3177258e-01   9.3838905e-02
   5.3511706e-01   9.3479147e-02
   5.3846154e-01   9.3114301e-02
   5.4180602e-01   9.2744401e-02
   5.4515050e-01   9.2369484e-02
   5.4849498e-01   9.1989584e-02
   5.5183946e-01   9.1604734e-02
   5.5518395e-01   9.1214968e-02
   5.5852843e-01   9.0820318e-02
   5.6187291e-01   9.0420817e-02
   5.6521739e-01   9.0016496e-02
   5.6856187e-01   8.9607386e-02
   5.7190635e-01   8.9193517e-02
   5.7525084e-01   8.8774918e-02
   5.7859532e-01   8.8351619e-02
   5.8193980e-01   8.7923647e-02
   5.8528428e-01   8.7491031e-02
   5.8862876e-01   8.7053797e-02
   5.9197324e-01   8.6611972e-02
   5.9531773e-01   8.6165582e-02
   5.9866221e-01   8.5714651e-02
   6.0200669e-01   8.5259205e-02
   6.0535117e-01   8.4799267e-02
   6.0869565e-01   8.4334861e-02
   6.1204013e-01   8.3866009e-02
   6.1538462e-01   8.3392733e-02
   6.1872910e-01   8.2915055e-02
   6.2207358e-01   8.2432995e-02
   6.2541806e-01   8.1946573e-02
   6.2876254e-01   8.1455809e-02
   6.3210702e-01   8.0960722e-02
   6.3545151e-01   8.0461330e-02
   6.3879599e-01   7.9957651e-02
   6.4214047e-01   7.9449701e-02
   6.4548495e-01   7.8937496e-02
   6.4882943e-01   7.8421053e-02
   6.5217391e-01   7.7900386e-02
   6.5551839e-01   7.7375509e-02
   6.5886288e-01   7.6846437e-02
   6.6220736e-01   7.6313182e-02
   6.6555184e-01   7.5775756e-02
   6.6889632e-01   7.5234172e-02
   6.7224080e-01   7.4688440e-02
   6.7558528e-01   7.4138571e-02
   6.7892977e-01   7.3584574e-02
   6.8227425e-01   7.3026458e-02
   6.8561873e-01   7.2464233e-02
   6.8896321e-01   7.1897905e-02
   6.9230769e-01   7.1327482e-02
   6.9565217e-01   7.0752969e-02
   6.9899666e-01   7.0174374e-02
   7.0234114e-01   6.9591700e-02
   7.0568562e-01   6.9004952e-02
   7.0903010e-01   6.8414134e-02
   7.1237458e-01   6.7819248e-02
   7.1571906e-01   6.7220298e-02
   7.1906355e-01   6.6617284e-02
   7.2240803e-01   6.6010208e-02
   7.2575251e-01   6.5399069e-02
   7.2909699e-01   6.4783868e-02
   7.3244147e-01   6.4164603e-02
   7.3578595e-01   6.3541272e-02
   7.3913043e-01   6.2913873e-02
   7.4247492e-01   6.2282403e-02
   7.4581940e-01   6.1646857e-02
   7.4916388e-01   6.1007230e-02
   7.5250836e-01   6.0363518e-02
   7.5585284e-01   5.9715715e-02
   7.5919732e-01   5.9063812e-02
   7.6254181e-01   5.8407804e-02
   7.6588629e-01   5.7747682e-02
   7.6923077e-01   5.7083436e-02
   7.7257525e-01   5.6415057e-02
   7.7591973e-01   5.5742535e-02
   7.7926421e-01   5.5065858e-02
   7.8260870e-01   5.4385015e-02
   7.8595318e-01   5.3699992e-02
   7.8929766e-01   5.3010778e-02
   7.9264214e-01   5.2317357e-02
   7.9598662e-01   5.1619714e-02
   7.9933110e-01   5.0917834e-02
   8.0267559e-01   5.0211702e-02
   8.0602007e-01   4.9501298e-02
   8.0936455e-01   4.8786607e-02
   8.1270903e-01   4.8067609e-02
   8.1605351e-01   4.7344285e-02
   8.1939799e-01   4.6616614e-02
   8.2274247e-01   4.5884577e-02
   8.2608696e-01   4.5148151e-02
   8.2943144e-01   4.4407314e-02
   8.3277592e-01   4.3662042e-02
   8.3612040e-01   4.2912313e-02
   8.3946488e-01   4.2158100e-02
   8.4280936e-01   4.1399380e-02
   8.4615385e-01   4.0636124e-02
   8.4949833e-01   3.9868307e-02
   8.5284281e-01   3.9095901e-02
   8.5618729e-01   3.8318876e-02
   8.5953177e-01   3.7537205e-02
   8.6287625e-01   3.6750855e-02
   8.6622074e-01   3.5959797e-02
   8.6956522e-01   3.5163998e-02
   8.7290970e-01   3.4363427e-02
   8.7625418e-01   3.3558049e-02
   8.7959866e-01   3.2747831e-02
   8.8294314e-01   3.1932737e-02
   8.8628763e-01   3.1112732e-02
   8.8963211e-01   3.0287778e-02
   8.9297659e-01   2.9457840e-02
   8.9632107e-01   2.8622878e-02
   8.9966555e-01   2.7782853e-02
   9.0301003e-01   2.6937726e-02
   9.0635452e-01   2.6087455e-02
   9.0969900e-01   2.5232000e-02
   9.1304348e-01   2.4371317e-02
   9.1638796e-01   2.3505364e-02
   9.1973244e-01   2.2634097e-02
   9.2307692e-01   2.1757470e-02
   9.2642140e-01   2.0875439e-02
   9.2976589e-01   1.9987956e-02
   9.3311037e-01   1.9094974e-02
   9.3645485e-01   1.8196445e-02
   9.3979933e-01   1.7292320e-02
   9.4314381e-01   1.6382549e-02
   9.4648829e-01   1.5467080e-02
   9.4983278e-01   1.4545864e-02
   9.5317726e-01   1.3618846e-02
   9.5652174e-01   1.2685973e-02
   9.5986622e-01   1.1747192e-02
   9.6321070e-01   1.0802447e-02
   9.6655518e-01   9.8516818e-03
   9.6989967e-01   8.8948402e-03
   9.7324415e-01   7.9318642e-03
   9.7658863e-01   6.9626952e-03
   9.7993311e-01   5.9872737e-03
   9.8327759e-01   5.0055394e-03
   9.8662207e-01   4.0174309e-03
   9.8996656e-01   3.0228862e-03
   9.9331104e-01   2.0218423e-03
   9.9665552e-01   1.0142351e-03
   1.0000000e+00   0.0000000e+00
   1.0000000e+00   0.0000000e+00
   9.9665552e-01   1.4468435e-04
   9.9331104e-01   2.8811013e-04
   9.8996656e-01   4.3034095e-04
   9.8662207e-01   5.7143918e-04
   9.8327759e-01   7.1146587e-04
   9.7993311e-01   8.5048084e-04
   9.7658863e-01   9.8854260e-04
   9.7324415e-01   1.1257084e-03
   9.6989967e-01   1.2620344e-03
   9.6655518e-01   1.3975752e-03
   9.6321070e-01   1.5323844e-03
   9.5986622e-01   1.6665144e-03
   9.5652174e-01   1.8000161e-03
   9.5317726e-01   1.9329395e-03
   9.4983278e-01   2.0653331e-03
   9.4648829e-01   2.1972444e-03
   9.4314381e-01   2.3287195e-03
   9.3979933e-01   2.4598035e-03
   9.3645485e-01   2.5905403e-03
   9.3311037e-01   2.7209723e-03
   9.2976589e-01   2.8511412e-03
   9.2642140e-01   2.9810871e-03
   9.2307692e-01   3.1108491e-03
   9.1973244e-01   3.2404652e-03
   9.1638796e-01   3.3699721e-03
   9.1304348e-01   3.4994056e-03
   9.0969900e-01   3.6287999e-03
   9.0635452e-01   3.7581886e-03
   9.0301003e-01   3.8876038e-03
   8.9966555e-01   4.0170766e-03
   8.9632107e-01   4.1466370e-03
   8.9297659e-01   4.2763137e-03
   8.8963211e-01   4.4061346e-03
   8.8628763e-01   4.5361262e-03
   8.8294314e-01   4.6663142e-03
   8.7959866e-01   4.7967230e-03
   8.7625418e-01   4.9273759e-03
   8.7290970e-01   5.0582952e-03
   8.6956522e-01   5.1895023e-03
   8.6622074e-01   5.3210172e-03
   8.6287625e-01   5.4528590e-03
   8.5953177e-01   5.5850458e-03
   8.5618729e-01   5.7175947e-03
   8.5284281e-01   5.8505216e-03
   8.4949833e-01   5.9838414e-03
   8.4615385e-01   6.1175682e-03
   8.4280936e-01   6.2517147e-03
   8.3946488e-01   6.3862930e-03
   8.3612040e-01   6.5213139e-03
   8.3277592e-01   6.6567873e-03
   8.2943144e-01   6.7927221e-03
   8.2608696e-01   6.9291263e-03
   8.2274247e-01   7.0660069e-03
   8.1939799e-01   7.2033697e-03
   8.1605351e-01   7.3412199e-03
   8.1270903e-01   7.4795616e-03
   8.0936455e-01   7.6183978e-03
   8.0602007e-01   7.7577308e-03
   8.0267559e-01   7.8975618e-03
   7.9933110e-01   8.0378912e-03
   7.9598662e-01   8.1787183e-03
   7.9264214e-01   8.3200417e-03
   7.8929766e-01   8.4618589e-03
   7.8595318e-01   8.6041668e-03
   7.8260870e-01   8.7469610e-03
   7.7926421e-01   8.8902365e-03
   7.7591973e-01   9.0339874e-03
   7.7257525e-01   9.1782069e-03
   7.6923077e-01   9.3228873e-03
   7.6588629e-01   9.4680201e-03
   7.6254181e-01   9.6135960e-03
   7.5919732e-01   9.7596046e-03
   7.5585284e-01   9.9060351e-03
   7.5250836e-01   1.0052875e-02
   7.4916388e-01   1.0200113e-02
   7.4581940e-01   1.0347735e-02
   7.4247492e-01   1.0495726e-02
   7.3913043e-01   1.0644071e-02
   7.3578595e-01   1.0792756e-02
   7.3244147e-01   1.0941762e-02
   7.2909699e-01   1.1091073e-02
   7.2575251e-01   1.1240670e-02
   7.2240803e-01   1.1390536e-02
   7.1906355e-01   1.1540649e-02
   7.1571906e-01   1.1690990e-02
   7.1237458e-01   1.1841537e-02
   7.0903010e-01   1.1992270e-02
   7.0568562e-01   1.2143164e-02
   7.0234114e-01   1.2294198e-02
   6.9899666e-01   1.2445347e-02
   6.9565217e-01   1.2596587e-02
   6.9230769e-01   1.2747892e-02
   6.8896321e-01   1.2899236e-02
   6.8561873e-01   1.3050593e-02
   6.8227425e-01   1.3201936e-02
   6.7892977e-01   1.3353237e-02
   6.7558528e-01   1.3504467e-02
   6.7224080e-01   1.3655597e-02
   6.6889632e-01   1.3806598e-02
   6.6555184e-01   1.3957439e-02
   6.6220736e-01   1.4108089e-02
   6.5886288e-01   1.4258516e-02
   6.5551839e-01   1.4408690e-02
   6.5217391e-01   1.4558576e-02
   6.4882943e-01   1.4708142e-02
   6.4548495e-01   1.4857354e-02
   6.4214047e-01   1.5006178e-02
   6.3879599e-01   1.5154579e-02
   6.3545151e-01   1.5302521e-02
   6.3210702e-01   1.5449969e-02
   6.2876254e-01   1.5596886e-02
   6.2541806e-01   1.5743236e-02
   6.2207358e-01   1.5888982e-02
   6.1872910e-01   1.6034084e-02
   6.1538462e-01   1.6178506e-02
   6.1204013e-01   1.6322209e-02
   6.0869565e-01   1.6465153e-02
   6.0535117e-01   1.6607299e-02
   6.0200669e-01   1.6748606e-02
   5.9866221e-01   1.6889035e-02
   5.9531773e-01   1.7028545e-02
   5.9197324e-01   1.7167095e-02
   5.8862876e-01   1.7304643e-02
   5.8528428e-01   1.7441146e-02
   5.8193980e-01   1.7576564e-02
   5.7859532e-01   1.7710853e-02
   5.7525084e-01   1.7843970e-02
   5.7190635e-01   1.7975873e-02
   5.6856187e-01   1.8106517e-02
   5.6521739e-01   1.8235859e-02
   5.6187291e-01   1.8363854e-02
   5.5852843e-01   1.8490459e-02
   5.5518395e-01   1.8615629e-02
   5.5183946e-01   1.8739318e-02
   5.4849498e-01   1.8861481e-02
   5.4515050e-01   1.8982074e-02
   5.4180602e-01   1.9101051e-02
   5.3846154e-01   1.9218365e-02
   5.3511706e-01   1.9333971e-02
   5.3177258e-01   1.9447823e-02
   5.2842809e-01   1.9559874e-02
   5.2508361e-01   1.9670078e-02
   5.2173913e-01   1.9778388e-02
   5.1839465e-01   1.9884758e-02
   5.1505017e-01   1.9989141e-02
   5.1170569e-01   2.0091490e-02
   5.0836120e-01   2.0191758e-02
   5.0501672e-01   2.0289897e-02
   5.0167224e-01   2.0385861e-02
   4.9832776e-01   2.0479603e-02
   4.9498328e-01   2.0571075e-02
   4.9163880e-01   2.0660231e-02
   4.8829431e-01   2.0747022e-02
   4.8494983e-01   2.0831403e-02
   4.8160535e-01   2.0913325e-02
   4.7826087e-01   2.0992742e-02
   4.7491639e-01   2.1069606e-02
   4.7157191e-01   2.1143871e-02
   4.6822742e-01   2.1215490e-02
   4.6488294e-01   2.1284415e-02
   4.6153846e-01   2.1350602e-02
   4.5819398e-01   2.1414002e-02
   4.5484950e-01   2.1474570e-02
   4.5150502e-01   2.1532260e-02
   4.4816054e-01   2.1587025e-02
   4.4481605e-01   2.1638821e-02
   4.4147157e-01   2.1687601e-02
   4.3812709e-01   2.1733320e-02
   4.3478261e-01   2.1775933e-02
   4.3143813e-01   2.1815396e-02
   4.2809365e-01   2.1851664e-02
   4.2474916e-01   2.1884693e-02
   4.2140468e-01   2.1914440e-02
   4.1806020e-01   2.1940861e-02
   4.1471572e-01   2.1963913e-02
   4.1137124e-01   2.1983553e-02
   4.0802676e-01   2.1999740e-02
   4.0468227e-01   2.2012432e-02
   4.0133779e-01   2.2021587e-02
   3.9799331e-01   2.2027164e-02
   3.9464883e-01   2.2029124e-02
   3.9130435e-01   2.2027427e-02
   3.8795987e-01   2.2022033e-02
   3.8461538e-01   2.2012904e-02
   3.8127090e-01   2.2000002e-02
   3.7792642e-01   2.1983289e-02
   3.7458194e-01   2.1962729e-02
   3.7123746e-01   2.1938286e-02
   3.6789298e-01   2.1909924e-02
   3.6454849e-01   2.1877609e-02
   3.6120401e-01   2.1841306e-02
   3.5785953e-01   2.1800984e-02
   3.5451505e-01   2.1756608e-02
   3.5117057e-01   2.1708149e-02
   3.4782609e-01   2.1655574e-02
   3.4448161e-01   2.1598855e-02
   3.4113712e-01   2.1537963e-02
   3.3779264e-01   2.1472869e-02
   3.3444816e-01   2.1403548e-02
   3.3110368e-01   2.1329972e-02
   3.2775920e-01   2.1252118e-02
   3.2441472e-01   2.1169961e-02
   3.2107023e-01   2.1083478e-02
   3.1772575e-01   2.0992649e-02
   3.1438127e-01   2.0897453e-02
   3.1103679e-01   2.0797871e-02
   3.0769231e-01   2.0693884e-02
   3.0434783e-01   2.0585477e-02
   3.0100334e-01   2.0472634e-02
   2.9765886e-01   2.0355342e-02
   2.9431438e-01   2.0233587e-02
   2.9096990e-01   2.0107360e-02
   2.8762542e-01   1.9976650e-02
   2.8428094e-01   1.9841449e-02
   2.8093645e-01   1.9701752e-02
   2.7759197e-01   1.9557553e-02
   2.7424749e-01   1.9408850e-02
   2.7090301e-01   1.9255642e-02
   2.6755853e-01   1.9097928e-02
   2.6421405e-01   1.8935712e-02
   2.6086957e-01   1.8768998e-02
   2.5752508e-01   1.8597791e-02
   2.5418060e-01   1.8422101e-02
   2.5083612e-01   1.8241938e-02
   2.4749164e-01   1.8057314e-02
   2.4414716e-01   1.7868245e-02
   2.4080268e-01   1.7674747e-02
   2.3745819e-01   1.7476839e-02
   2.3411371e-01   1.7274544e-02
   2.3076923e-01   1.7067887e-02
   2.2742475e-01   1.6856893e-02
   2.2408027e-01   1.6641593e-02
   2.2073579e-01   1.6422019e-02
   2.1739130e-01   1.6198207e-02
   2.1404682e-01   1.5970195e-02
   2.1070234e-01   1.5738024e-02
   2.0735786e-01   1.5501739e-02
   2.0401338e-01   1.5261387e-02
   2.0066890e-01   1.5017019e-02
   1.9732441e-01   1.4768691e-02
   1.9397993e-01   1.4516460e-02
   1.9063545e-01   1.4260389e-02
   1.8729097e-01   1.4000543e-02
   1.8394649e-01   1.3736993e-02
   1.8060201e-01   1.3469812e-02
   1.7725753e-01   1.3199079e-02
   1.7391304e-01   1.2924877e-02
   1.7056856e-01   1.2647295e-02
   1.6722408e-01   1.2366424e-02
   1.6387960e-01   1.2082362e-02
   1.6053512e-01   1.1795213e-02
   1.5719064e-01   1.1505086e-02
   1.5384615e-01   1.1212094e-02
   1.5050167e-01   1.0916358e-02
   1.4715719e-01   1.0618006e-02
   1.4381271e-01   1.0317171e-02
   1.4046823e-01   1.0013994e-02
   1.3712375e-01   9.7086225e-03
   1.3377926e-01   9.4012122e-03
   1.3043478e-01   9.0919271e-03
   1.2709030e-01   8.7809397e-03
   1.2374582e-01   8.4684316e-03
   1.2040134e-01   8.1545939e-03
   1.1705686e-01   7.8396279e-03
   1.1371237e-01   7.5237459e-03
   1.1036789e-01   7.2071716e-03
   1.0702341e-01   6.8901410e-03
   1.0367893e-01   6.5729032e-03
   1.0033445e-01   6.2557217e-03
   9.6989967e-02   5.9388748e-03
   9.3645485e-02   5.6226576e-03
   9.0301003e-02   5.3073825e-03
   8.6956522e-02   4.9933814e-03
   8.3612040e-02   4.6810072e-03
   8.0267559e-02   4.3706356e-03
   7.6923077e-02   4.0626676e-03
   7.3578595e-02   3.7575320e-03
   7.0234114e-02   3.4556887e-03
   6.6889632e-02   3.1576320e-03
   6.3545151e-02   2.8638952e-03
   6.0200669e-02   2.5750554e-03
   5.6856187e-02   2.2917401e-03
   5.3511706e-02   2.0146345e-03
   5.0167224e-02   1.7444910e-03
   4.6822742e-02   1.4821409e-03
   4.3478261e-02   1.2285098e-03
   4.0133779e-02   9.8463695e-04
   3.6789298e-02   7.5170151e-04
   3.3444816e-02   5.3105797e-04
   3.0100334e-02   3.2428609e-04
   2.6755853e-02   1.3326326e-04
   2.3411371e-02  -3.9725835e-05
   2.0066890e-02  -1.9181404e-04
   1.6722408e-02  -3.1925236e-04
   1.3377926e-02  -4.1685000e-04
   1.0033445e-02  -4.7678534e-04
   6.6889632e-03  -4.8553750e-04
   3.3444816e-03  -4.1260061e-04
   0.0000000e+00  -0.0000000e+00
